     10   0.10513E-02
     20   0.89210E-03
     30   0.78815E-03
     40   0.71435E-03
     50   0.65861E-03
     60   0.61418E-03
     70   0.57658E-03
     80   0.54374E-03
     90   0.51466E-03
    100   0.48832E-03
    110   0.46548E-03
    120   0.44428E-03
    130   0.42451E-03
    140   0.40588E-03
    150   0.38830E-03
    160   0.37177E-03
    170   0.35614E-03
    180   0.34147E-03
    190   0.32759E-03
    200   0.31450E-03
    210   0.30247E-03
    220   0.29112E-03
    230   0.28046E-03
    240   0.27045E-03
    250   0.26107E-03
    260   0.25230E-03
    270   0.24408E-03
    280   0.23641E-03
    290   0.22926E-03
    300   0.22259E-03
    310   0.21648E-03
    320   0.21078E-03
    330   0.20550E-03
    340   0.20063E-03
    350   0.19614E-03
    360   0.19208E-03
    370   0.18843E-03
    380   0.18518E-03
    390   0.18231E-03
    400   0.17982E-03
    410   0.17773E-03
    420   0.17594E-03
    430   0.17440E-03
    440   0.17307E-03
    450   0.17191E-03
    460   0.17085E-03
    470   0.16985E-03
    480   0.16884E-03
    490   0.16781E-03
    500   0.16673E-03
    510   0.16558E-03
    520   0.16437E-03
    530   0.16308E-03
    540   0.16173E-03
    550   0.16034E-03
    560   0.15893E-03
    570   0.15755E-03
    580   0.15620E-03
    590   0.15493E-03
    600   0.15378E-03
    610   0.15275E-03
    620   0.15188E-03
    630   0.15118E-03
    640   0.15063E-03
    650   0.15027E-03
    660   0.15008E-03
    670   0.15006E-03
    680   0.15018E-03
    690   0.15043E-03
    700   0.15080E-03
    710   0.15127E-03
    720   0.15181E-03
    730   0.15242E-03
    740   0.15307E-03
    750   0.15374E-03
    760   0.15441E-03
    770   0.15508E-03
    780   0.15571E-03
    790   0.15631E-03
    800   0.15686E-03
    810   0.15735E-03
    820   0.15777E-03
    830   0.15812E-03
    840   0.15838E-03
    850   0.15855E-03
    860   0.15864E-03
    870   0.15864E-03
    880   0.15855E-03
    890   0.15837E-03
    900   0.15810E-03
    910   0.15774E-03
    920   0.15730E-03
    930   0.15678E-03
    940   0.15619E-03
    950   0.15552E-03
    960   0.15478E-03
    970   0.15399E-03
    980   0.15316E-03
    990   0.15225E-03
   1000   0.15134E-03
   1010   0.15038E-03
   1020   0.14940E-03
   1030   0.14844E-03
   1040   0.14746E-03
   1050   0.14649E-03
   1060   0.14555E-03
   1070   0.14466E-03
   1080   0.14379E-03
   1090   0.14298E-03
   1100   0.14225E-03
   1110   0.14157E-03
   1120   0.14098E-03
   1130   0.14046E-03
   1140   0.14001E-03
   1150   0.13964E-03
   1160   0.13936E-03
   1170   0.13913E-03
   1180   0.13898E-03
   1190   0.13889E-03
   1200   0.13883E-03
   1210   0.13883E-03
   1220   0.13886E-03
   1230   0.13891E-03
   1240   0.13897E-03
   1250   0.13904E-03
   1260   0.13911E-03
   1270   0.13915E-03
   1280   0.13916E-03
   1290   0.13916E-03
   1300   0.13911E-03
   1310   0.13900E-03
   1320   0.13888E-03
   1330   0.13868E-03
   1340   0.13847E-03
   1350   0.13817E-03
   1360   0.13782E-03
   1370   0.13743E-03
   1380   0.13699E-03
   1390   0.13650E-03
   1400   0.13599E-03
   1410   0.13544E-03
   1420   0.13485E-03
   1430   0.13424E-03
   1440   0.13362E-03
   1450   0.13299E-03
   1460   0.13235E-03
   1470   0.13173E-03
   1480   0.13111E-03
   1490   0.13052E-03
   1500   0.12996E-03
   1510   0.12941E-03
   1520   0.12890E-03
   1530   0.12844E-03
   1540   0.12803E-03
   1550   0.12761E-03
   1560   0.12727E-03
   1570   0.12696E-03
   1580   0.12668E-03
   1590   0.12644E-03
   1600   0.12621E-03
   1610   0.12602E-03
   1620   0.12584E-03
   1630   0.12567E-03
   1640   0.12550E-03
   1650   0.12532E-03
   1660   0.12512E-03
   1670   0.12493E-03
   1680   0.12470E-03
   1690   0.12442E-03
   1700   0.12414E-03
   1710   0.12380E-03
   1720   0.12343E-03
   1730   0.12303E-03
   1740   0.12257E-03
   1750   0.12207E-03
   1760   0.12154E-03
   1770   0.12096E-03
   1780   0.12036E-03
   1790   0.11970E-03
   1800   0.11903E-03
   1810   0.11835E-03
   1820   0.11763E-03
   1830   0.11692E-03
   1840   0.11621E-03
   1850   0.11550E-03
   1860   0.11479E-03
   1870   0.11412E-03
   1880   0.11348E-03
   1890   0.11288E-03
   1900   0.11233E-03
   1910   0.11184E-03
   1920   0.11141E-03
   1930   0.11107E-03
   1940   0.11076E-03
   1950   0.11058E-03
   1960   0.11047E-03
   1970   0.11045E-03
   1980   0.11053E-03
   1990   0.11069E-03
   2000   0.11097E-03
   2010   0.11134E-03
   2020   0.11180E-03
   2030   0.11235E-03
   2040   0.11301E-03
   2050   0.11373E-03
   2060   0.11453E-03
   2070   0.11540E-03
   2080   0.11634E-03
   2090   0.11734E-03
   2100   0.11838E-03
   2110   0.11947E-03
   2120   0.12060E-03
   2130   0.12176E-03
   2140   0.12293E-03
   2150   0.12413E-03
   2160   0.12533E-03
   2170   0.12652E-03
   2180   0.12771E-03
   2190   0.12892E-03
   2200   0.13008E-03
   2210   0.13125E-03
   2220   0.13239E-03
   2230   0.13352E-03
   2240   0.13462E-03
   2250   0.13568E-03
   2260   0.13674E-03
   2270   0.13774E-03
   2280   0.13874E-03
   2290   0.13969E-03
   2300   0.14062E-03
   2310   0.14151E-03
   2320   0.14235E-03
   2330   0.14316E-03
   2340   0.14396E-03
   2350   0.14469E-03
   2360   0.14540E-03
   2370   0.14608E-03
   2380   0.14670E-03
   2390   0.14729E-03
   2400   0.14784E-03
   2410   0.14834E-03
   2420   0.14881E-03
   2430   0.14923E-03
   2440   0.14959E-03
   2450   0.14994E-03
   2460   0.15020E-03
   2470   0.15041E-03
   2480   0.15062E-03
   2490   0.15075E-03
   2500   0.15085E-03
   2510   0.15087E-03
   2520   0.15086E-03
   2530   0.15082E-03
   2540   0.15071E-03
   2550   0.15056E-03
   2560   0.15036E-03
   2570   0.15014E-03
   2580   0.14984E-03
   2590   0.14952E-03
   2600   0.14913E-03
   2610   0.14874E-03
   2620   0.14829E-03
   2630   0.14782E-03
   2640   0.14730E-03
   2650   0.14673E-03
   2660   0.14616E-03
   2670   0.14554E-03
   2680   0.14488E-03
   2690   0.14421E-03
   2700   0.14351E-03
   2710   0.14279E-03
   2720   0.14202E-03
   2730   0.14122E-03
   2740   0.14044E-03
   2750   0.13961E-03
   2760   0.13876E-03
   2770   0.13789E-03
   2780   0.13700E-03
   2790   0.13608E-03
   2800   0.13517E-03
   2810   0.13424E-03
   2820   0.13328E-03
   2830   0.13232E-03
   2840   0.13134E-03
   2850   0.13035E-03
   2860   0.12935E-03
   2870   0.12834E-03
   2880   0.12731E-03
   2890   0.12627E-03
   2900   0.12522E-03
   2910   0.12418E-03
   2920   0.12313E-03
   2930   0.12206E-03
   2940   0.12100E-03
   2950   0.11993E-03
   2960   0.11885E-03
   2970   0.11778E-03
   2980   0.11669E-03
   2990   0.11562E-03
   3000   0.11454E-03
   3010   0.11346E-03
   3020   0.11238E-03
   3030   0.11132E-03
   3040   0.11026E-03
   3050   0.10919E-03
   3060   0.10812E-03
   3070   0.10708E-03
   3080   0.10603E-03
   3090   0.10501E-03
   3100   0.10398E-03
   3110   0.10297E-03
   3120   0.10195E-03
   3130   0.10097E-03
   3140   0.99979E-04
   3150   0.99020E-04
   3160   0.98068E-04
   3170   0.97121E-04
   3180   0.96191E-04
   3190   0.95286E-04
   3200   0.94361E-04
   3210   0.93497E-04
   3220   0.92623E-04
   3230   0.91785E-04
   3240   0.90942E-04
   3250   0.90099E-04
   3260   0.89300E-04
   3270   0.88529E-04
   3280   0.87762E-04
   3290   0.86992E-04
   3300   0.86258E-04
   3310   0.85528E-04
   3320   0.84827E-04
   3330   0.84140E-04
   3340   0.83462E-04
   3350   0.82787E-04
   3360   0.82145E-04
   3370   0.81504E-04
   3380   0.80898E-04
   3390   0.80296E-04
   3400   0.79701E-04
   3410   0.79121E-04
   3420   0.78554E-04
   3430   0.78004E-04
   3440   0.77478E-04
   3450   0.76944E-04
   3460   0.76442E-04
   3470   0.75943E-04
   3480   0.75440E-04
   3490   0.74952E-04
   3500   0.74482E-04
   3510   0.74029E-04
   3520   0.73583E-04
   3530   0.73135E-04
   3540   0.72712E-04
   3550   0.72288E-04
   3560   0.71855E-04
   3570   0.71468E-04
   3580   0.71071E-04
   3590   0.70693E-04
   3600   0.70302E-04
   3610   0.69929E-04
   3620   0.69560E-04
   3630   0.69219E-04
   3640   0.68870E-04
   3650   0.68526E-04
   3660   0.68207E-04
   3670   0.67842E-04
   3680   0.67547E-04
   3690   0.67239E-04
   3700   0.66944E-04
   3710   0.66643E-04
   3720   0.66335E-04
   3730   0.66060E-04
   3740   0.65758E-04
   3750   0.65500E-04
   3760   0.65243E-04
   3770   0.64983E-04
   3780   0.64716E-04
   3790   0.64478E-04
   3800   0.64229E-04
   3810   0.63983E-04
   3820   0.63768E-04
   3830   0.63537E-04
   3840   0.63325E-04
   3850   0.63102E-04
   3860   0.62898E-04
   3870   0.62681E-04
   3880   0.62486E-04
   3890   0.62296E-04
   3900   0.62128E-04
   3910   0.61928E-04
   3920   0.61762E-04
   3930   0.61597E-04
   3940   0.61420E-04
   3950   0.61251E-04
   3960   0.61090E-04
   3970   0.60935E-04
   3980   0.60778E-04
   3990   0.60637E-04
   4000   0.60500E-04
   4010   0.60363E-04
   4020   0.60236E-04
   4030   0.60111E-04
   4040   0.59972E-04
   4050   0.59863E-04
   4060   0.59738E-04
   4070   0.59637E-04
   4080   0.59535E-04
   4090   0.59446E-04
   4100   0.59330E-04
   4110   0.59243E-04
   4120   0.59158E-04
   4130   0.59073E-04
   4140   0.58995E-04
   4150   0.58906E-04
   4160   0.58850E-04
   4170   0.58772E-04
   4180   0.58724E-04
   4190   0.58671E-04
   4200   0.58615E-04
   4210   0.58584E-04
   4220   0.58542E-04
   4230   0.58499E-04
   4240   0.58463E-04
   4250   0.58431E-04
   4260   0.58410E-04
   4270   0.58398E-04
   4280   0.58383E-04
   4290   0.58370E-04
   4300   0.58362E-04
   4310   0.58365E-04
   4320   0.58366E-04
   4330   0.58396E-04
   4340   0.58419E-04
   4350   0.58435E-04
   4360   0.58454E-04
   4370   0.58473E-04
   4380   0.58512E-04
   4390   0.58540E-04
   4400   0.58582E-04
   4410   0.58635E-04
   4420   0.58674E-04
   4430   0.58734E-04
   4440   0.58787E-04
   4450   0.58840E-04
   4460   0.58907E-04
   4470   0.58978E-04
   4480   0.59053E-04
   4490   0.59103E-04
   4500   0.59175E-04
   4510   0.59270E-04
   4520   0.59334E-04
   4530   0.59429E-04
   4540   0.59496E-04
   4550   0.59591E-04
   4560   0.59667E-04
   4570   0.59758E-04
   4580   0.59830E-04
   4590   0.59942E-04
   4600   0.60015E-04
   4610   0.60098E-04
   4620   0.60189E-04
   4630   0.60268E-04
   4640   0.60365E-04
   4650   0.60460E-04
   4660   0.60543E-04
   4670   0.60637E-04
   4680   0.60722E-04
   4690   0.60812E-04
   4700   0.60896E-04
   4710   0.60969E-04
   4720   0.61061E-04
   4730   0.61121E-04
   4740   0.61216E-04
   4750   0.61280E-04
   4760   0.61355E-04
   4770   0.61434E-04
   4780   0.61504E-04
   4790   0.61565E-04
   4800   0.61638E-04
   4810   0.61702E-04
   4820   0.61758E-04
   4830   0.61793E-04
   4840   0.61852E-04
   4850   0.61899E-04
   4860   0.61950E-04
   4870   0.62000E-04
   4880   0.62034E-04
   4890   0.62067E-04
   4900   0.62110E-04
   4910   0.62151E-04
   4920   0.62159E-04
   4930   0.62179E-04
   4940   0.62185E-04
   4950   0.62203E-04
   4960   0.62213E-04
   4970   0.62221E-04
   4980   0.62233E-04
   4990   0.62212E-04
   5000   0.62229E-04
   5010   0.62212E-04
   5020   0.62198E-04
   5030   0.62180E-04
   5040   0.62172E-04
   5050   0.62130E-04
   5060   0.62122E-04
   5070   0.62072E-04
   5080   0.62051E-04
   5090   0.61995E-04
   5100   0.61958E-04
   5110   0.61929E-04
   5120   0.61882E-04
   5130   0.61829E-04
   5140   0.61766E-04
   5150   0.61723E-04
   5160   0.61660E-04
   5170   0.61597E-04
   5180   0.61531E-04
   5190   0.61469E-04
   5200   0.61391E-04
   5210   0.61325E-04
   5220   0.61254E-04
   5230   0.61165E-04
   5240   0.61092E-04
   5250   0.61013E-04
   5260   0.60935E-04
   5270   0.60849E-04
   5280   0.60781E-04
   5290   0.60677E-04
   5300   0.60608E-04
   5310   0.60504E-04
   5320   0.60415E-04
   5330   0.60334E-04
   5340   0.60233E-04
   5350   0.60152E-04
   5360   0.60044E-04
   5370   0.59951E-04
   5380   0.59865E-04
   5390   0.59766E-04
   5400   0.59664E-04
   5410   0.59580E-04
   5420   0.59489E-04
   5430   0.59404E-04
   5440   0.59309E-04
   5450   0.59207E-04
   5460   0.59103E-04
   5470   0.59035E-04
   5480   0.58934E-04
   5490   0.58837E-04
   5500   0.58778E-04
   5510   0.58673E-04
   5520   0.58589E-04
   5530   0.58499E-04
   5540   0.58418E-04
   5550   0.58342E-04
   5560   0.58259E-04
   5570   0.58191E-04
   5580   0.58109E-04
   5590   0.58032E-04
   5600   0.57949E-04
   5610   0.57872E-04
   5620   0.57813E-04
   5630   0.57734E-04
   5640   0.57667E-04
   5650   0.57610E-04
   5660   0.57542E-04
   5670   0.57483E-04
   5680   0.57428E-04
   5690   0.57357E-04
   5700   0.57297E-04
   5710   0.57249E-04
   5720   0.57196E-04
   5730   0.57155E-04
   5740   0.57111E-04
   5750   0.57052E-04
   5760   0.57014E-04
   5770   0.56963E-04
   5780   0.56915E-04
   5790   0.56885E-04
   5800   0.56860E-04
   5810   0.56824E-04
   5820   0.56796E-04
   5830   0.56754E-04
   5840   0.56723E-04
   5850   0.56701E-04
   5860   0.56682E-04
   5870   0.56662E-04
   5880   0.56617E-04
   5890   0.56602E-04
   5900   0.56592E-04
   5910   0.56569E-04
   5920   0.56564E-04
   5930   0.56544E-04
   5940   0.56528E-04
   5950   0.56519E-04
   5960   0.56519E-04
   5970   0.56497E-04
   5980   0.56503E-04
   5990   0.56487E-04
   6000   0.56478E-04
   6010   0.56463E-04
   6020   0.56469E-04
   6030   0.56477E-04
   6040   0.56473E-04
   6050   0.56464E-04
   6060   0.56478E-04
   6070   0.56459E-04
   6080   0.56466E-04
   6090   0.56478E-04
   6100   0.56475E-04
   6110   0.56488E-04
   6120   0.56483E-04
   6130   0.56489E-04
   6140   0.56494E-04
   6150   0.56492E-04
   6160   0.56503E-04
   6170   0.56518E-04
   6180   0.56524E-04
   6190   0.56533E-04
   6200   0.56537E-04
   6210   0.56536E-04
   6220   0.56551E-04
   6230   0.56549E-04
   6240   0.56572E-04
   6250   0.56561E-04
   6260   0.56586E-04
   6270   0.56606E-04
   6280   0.56605E-04
   6290   0.56617E-04
   6300   0.56617E-04
   6310   0.56618E-04
   6320   0.56638E-04
   6330   0.56659E-04
   6340   0.56636E-04
   6350   0.56660E-04
   6360   0.56668E-04
   6370   0.56669E-04
   6380   0.56696E-04
   6390   0.56678E-04
   6400   0.56683E-04
   6410   0.56695E-04
   6420   0.56696E-04
   6430   0.56696E-04
   6440   0.56699E-04
   6450   0.56701E-04
   6460   0.56688E-04
   6470   0.56703E-04
   6480   0.56687E-04
   6490   0.56688E-04
   6500   0.56681E-04
   6510   0.56669E-04
   6520   0.56664E-04
   6530   0.56662E-04
   6540   0.56661E-04
   6550   0.56634E-04
   6560   0.56625E-04
   6570   0.56614E-04
   6580   0.56590E-04
   6590   0.56565E-04
   6600   0.56569E-04
   6610   0.56528E-04
   6620   0.56527E-04
   6630   0.56494E-04
   6640   0.56463E-04
   6650   0.56445E-04
   6660   0.56404E-04
   6670   0.56357E-04
   6680   0.56331E-04
   6690   0.56287E-04
   6700   0.56255E-04
   6710   0.56216E-04
   6720   0.56161E-04
   6730   0.56114E-04
   6740   0.56063E-04
   6750   0.56027E-04
   6760   0.55974E-04
   6770   0.55909E-04
   6780   0.55848E-04
   6790   0.55785E-04
   6800   0.55706E-04
   6810   0.55652E-04
   6820   0.55586E-04
   6830   0.55516E-04
   6840   0.55446E-04
   6850   0.55357E-04
   6860   0.55288E-04
   6870   0.55200E-04
   6880   0.55118E-04
   6890   0.55037E-04
   6900   0.54934E-04
   6910   0.54850E-04
   6920   0.54757E-04
   6930   0.54661E-04
   6940   0.54559E-04
   6950   0.54461E-04
   6960   0.54376E-04
   6970   0.54259E-04
   6980   0.54156E-04
   6990   0.54051E-04
   7000   0.53943E-04
   7010   0.53838E-04
   7020   0.53729E-04
   7030   0.53611E-04
   7040   0.53510E-04
   7050   0.53407E-04
   7060   0.53296E-04
   7070   0.53173E-04
   7080   0.53060E-04
   7090   0.52950E-04
   7100   0.52845E-04
   7110   0.52737E-04
   7120   0.52618E-04
   7130   0.52502E-04
   7140   0.52392E-04
   7150   0.52274E-04
   7160   0.52175E-04
   7170   0.52059E-04
   7180   0.51953E-04
   7190   0.51851E-04
   7200   0.51750E-04
   7210   0.51642E-04
   7220   0.51539E-04
   7230   0.51438E-04
   7240   0.51336E-04
   7250   0.51239E-04
   7260   0.51144E-04
   7270   0.51060E-04
   7280   0.50964E-04
   7290   0.50876E-04
   7300   0.50803E-04
   7310   0.50711E-04
   7320   0.50624E-04
   7330   0.50532E-04
   7340   0.50460E-04
   7350   0.50383E-04
   7360   0.50302E-04
   7370   0.50238E-04
   7380   0.50165E-04
   7390   0.50091E-04
   7400   0.50028E-04
   7410   0.49965E-04
   7420   0.49894E-04
   7430   0.49845E-04
   7440   0.49777E-04
   7450   0.49725E-04
   7460   0.49667E-04
   7470   0.49622E-04
   7480   0.49559E-04
   7490   0.49513E-04
   7500   0.49441E-04
   7510   0.49407E-04
   7520   0.49361E-04
   7530   0.49316E-04
   7540   0.49262E-04
   7550   0.49235E-04
   7560   0.49180E-04
   7570   0.49149E-04
   7580   0.49099E-04
   7590   0.49052E-04
   7600   0.49022E-04
   7610   0.48987E-04
   7620   0.48943E-04
   7630   0.48919E-04
   7640   0.48881E-04
   7650   0.48829E-04
   7660   0.48803E-04
   7670   0.48769E-04
   7680   0.48723E-04
   7690   0.48698E-04
   7700   0.48668E-04
   7710   0.48633E-04
   7720   0.48602E-04
   7730   0.48580E-04
   7740   0.48525E-04
   7750   0.48515E-04
   7760   0.48476E-04
   7770   0.48442E-04
   7780   0.48402E-04
   7790   0.48376E-04
   7800   0.48345E-04
   7810   0.48321E-04
   7820   0.48300E-04
   7830   0.48247E-04
   7840   0.48216E-04
   7850   0.48198E-04
   7860   0.48164E-04
   7870   0.48134E-04
   7880   0.48084E-04
   7890   0.48070E-04
   7900   0.48037E-04
   7910   0.47989E-04
   7920   0.47972E-04
   7930   0.47931E-04
   7940   0.47908E-04
   7950   0.47860E-04
   7960   0.47839E-04
   7970   0.47805E-04
   7980   0.47778E-04
   7990   0.47724E-04
   8000   0.47691E-04
   8010   0.47646E-04
   8020   0.47630E-04
   8030   0.47579E-04
   8040   0.47539E-04
   8050   0.47498E-04
   8060   0.47453E-04
   8070   0.47423E-04
   8080   0.47391E-04
   8090   0.47347E-04
   8100   0.47301E-04
   8110   0.47247E-04
   8120   0.47209E-04
   8130   0.47159E-04
   8140   0.47124E-04
   8150   0.47074E-04
   8160   0.47025E-04
   8170   0.46982E-04
   8180   0.46932E-04
   8190   0.46865E-04
   8200   0.46825E-04
   8210   0.46763E-04
   8220   0.46735E-04
   8230   0.46671E-04
   8240   0.46625E-04
   8250   0.46562E-04
   8260   0.46513E-04
   8270   0.46454E-04
   8280   0.46405E-04
   8290   0.46332E-04
   8300   0.46281E-04
   8310   0.46209E-04
   8320   0.46163E-04
   8330   0.46092E-04
   8340   0.46045E-04
   8350   0.45972E-04
   8360   0.45923E-04
   8370   0.45848E-04
   8380   0.45792E-04
   8390   0.45700E-04
   8400   0.45640E-04
   8410   0.45574E-04
   8420   0.45503E-04
   8430   0.45429E-04
   8440   0.45354E-04
   8450   0.45280E-04
   8460   0.45234E-04
   8470   0.45139E-04
   8480   0.45073E-04
   8490   0.44997E-04
   8500   0.44914E-04
   8510   0.44836E-04
   8520   0.44750E-04
   8530   0.44689E-04
   8540   0.44608E-04
   8550   0.44508E-04
   8560   0.44438E-04
   8570   0.44349E-04
   8580   0.44272E-04
   8590   0.44190E-04
   8600   0.44089E-04
   8610   0.44013E-04
   8620   0.43935E-04
   8630   0.43853E-04
   8640   0.43750E-04
   8650   0.43667E-04
   8660   0.43560E-04
   8670   0.43477E-04
   8680   0.43382E-04
   8690   0.43305E-04
   8700   0.43223E-04
   8710   0.43102E-04
   8720   0.43032E-04
   8730   0.42919E-04
   8740   0.42835E-04
   8750   0.42747E-04
   8760   0.42639E-04
   8770   0.42551E-04
   8780   0.42434E-04
   8790   0.42358E-04
   8800   0.42261E-04
   8810   0.42157E-04
   8820   0.42058E-04
   8830   0.41944E-04
   8840   0.41852E-04
   8850   0.41745E-04
   8860   0.41652E-04
   8870   0.41560E-04
   8880   0.41447E-04
   8890   0.41337E-04
   8900   0.41244E-04
   8910   0.41137E-04
   8920   0.41020E-04
   8930   0.40925E-04
   8940   0.40795E-04
   8950   0.40697E-04
   8960   0.40594E-04
   8970   0.40491E-04
   8980   0.40388E-04
   8990   0.40250E-04
   9000   0.40142E-04
   9010   0.40028E-04
   9020   0.39910E-04
   9030   0.39793E-04
   9040   0.39697E-04
   9050   0.39571E-04
   9060   0.39463E-04
   9070   0.39337E-04
   9080   0.39206E-04
   9090   0.39099E-04
   9100   0.38983E-04
   9110   0.38863E-04
   9120   0.38740E-04
   9130   0.38619E-04
   9140   0.38515E-04
   9150   0.38391E-04
   9160   0.38266E-04
   9170   0.38132E-04
   9180   0.38011E-04
   9190   0.37899E-04
   9200   0.37792E-04
   9210   0.37659E-04
   9220   0.37519E-04
   9230   0.37400E-04
   9240   0.37289E-04
   9250   0.37158E-04
   9260   0.37030E-04
   9270   0.36914E-04
   9280   0.36786E-04
   9290   0.36662E-04
   9300   0.36523E-04
   9310   0.36408E-04
   9320   0.36278E-04
   9330   0.36178E-04
   9340   0.36049E-04
   9350   0.35919E-04
   9360   0.35809E-04
   9370   0.35674E-04
   9380   0.35540E-04
   9390   0.35443E-04
   9400   0.35318E-04
   9410   0.35199E-04
   9420   0.35086E-04
   9430   0.34965E-04
   9440   0.34828E-04
   9450   0.34729E-04
   9460   0.34604E-04
   9470   0.34500E-04
   9480   0.34395E-04
   9490   0.34251E-04
   9500   0.34141E-04
   9510   0.34035E-04
   9520   0.33920E-04
   9530   0.33805E-04
   9540   0.33690E-04
   9550   0.33601E-04
   9560   0.33493E-04
   9570   0.33381E-04
   9580   0.33262E-04
   9590   0.33151E-04
   9600   0.33043E-04
   9610   0.32930E-04
   9620   0.32816E-04
   9630   0.32725E-04
   9640   0.32628E-04
   9650   0.32524E-04
   9660   0.32415E-04
   9670   0.32292E-04
   9680   0.32195E-04
   9690   0.32111E-04
   9700   0.31981E-04
   9710   0.31892E-04
   9720   0.31777E-04
   9730   0.31689E-04
   9740   0.31594E-04
   9750   0.31470E-04
   9760   0.31398E-04
   9770   0.31290E-04
   9780   0.31198E-04
   9790   0.31094E-04
   9800   0.31003E-04
   9810   0.30897E-04
   9820   0.30787E-04
   9830   0.30701E-04
   9840   0.30608E-04
   9850   0.30506E-04
   9860   0.30407E-04
   9870   0.30328E-04
   9880   0.30220E-04
   9890   0.30144E-04
   9900   0.30037E-04
   9910   0.29941E-04
   9920   0.29840E-04
   9930   0.29745E-04
   9940   0.29655E-04
   9950   0.29540E-04
   9960   0.29464E-04
   9970   0.29348E-04
   9980   0.29289E-04
   9990   0.29176E-04
  10000   0.29082E-04
  10010   0.28996E-04
  10020   0.28882E-04
  10030   0.28802E-04
  10040   0.28713E-04
  10050   0.28606E-04
  10060   0.28500E-04
  10070   0.28427E-04
  10080   0.28350E-04
  10090   0.28235E-04
  10100   0.28150E-04
  10110   0.28043E-04
  10120   0.27965E-04
  10130   0.27875E-04
  10140   0.27765E-04
  10150   0.27684E-04
  10160   0.27604E-04
  10170   0.27493E-04
  10180   0.27404E-04
  10190   0.27312E-04
  10200   0.27223E-04
  10210   0.27148E-04
  10220   0.27045E-04
  10230   0.26977E-04
  10240   0.26860E-04
  10250   0.26792E-04
  10260   0.26718E-04
  10270   0.26616E-04
  10280   0.26528E-04
  10290   0.26438E-04
  10300   0.26363E-04
  10310   0.26263E-04
  10320   0.26185E-04
  10330   0.26117E-04
  10340   0.26019E-04
  10350   0.25926E-04
  10360   0.25862E-04
  10370   0.25762E-04
  10380   0.25677E-04
  10390   0.25608E-04
  10400   0.25525E-04
  10410   0.25451E-04
  10420   0.25348E-04
  10430   0.25268E-04
  10440   0.25178E-04
  10450   0.25119E-04
  10460   0.25024E-04
  10470   0.24940E-04
  10480   0.24852E-04
  10490   0.24778E-04
  10500   0.24704E-04
  10510   0.24623E-04
  10520   0.24546E-04
  10530   0.24444E-04
  10540   0.24381E-04
  10550   0.24298E-04
  10560   0.24225E-04
  10570   0.24132E-04
  10580   0.24065E-04
  10590   0.23985E-04
  10600   0.23926E-04
  10610   0.23819E-04
  10620   0.23745E-04
  10630   0.23682E-04
  10640   0.23586E-04
  10650   0.23488E-04
  10660   0.23432E-04
  10670   0.23338E-04
  10680   0.23269E-04
  10690   0.23208E-04
  10700   0.23118E-04
  10710   0.23052E-04
  10720   0.22950E-04
  10730   0.22891E-04
  10740   0.22794E-04
  10750   0.22735E-04
  10760   0.22656E-04
  10770   0.22580E-04
  10780   0.22505E-04
  10790   0.22436E-04
  10800   0.22345E-04
  10810   0.22280E-04
  10820   0.22194E-04
  10830   0.22117E-04
  10840   0.22049E-04
  10850   0.21986E-04
  10860   0.21901E-04
  10870   0.21829E-04
  10880   0.21748E-04
  10890   0.21690E-04
  10900   0.21599E-04
  10910   0.21519E-04
  10920   0.21461E-04
  10930   0.21380E-04
  10940   0.21302E-04
  10950   0.21240E-04
  10960   0.21162E-04
  10970   0.21090E-04
  10980   0.21020E-04
  10990   0.20950E-04
  11000   0.20870E-04
  11010   0.20793E-04
  11020   0.20710E-04
  11030   0.20634E-04
  11040   0.20565E-04
  11050   0.20513E-04
  11060   0.20428E-04
  11070   0.20348E-04
  11080   0.20302E-04
  11090   0.20197E-04
  11100   0.20135E-04
  11110   0.20059E-04
  11120   0.20002E-04
  11130   0.19924E-04
  11140   0.19849E-04
  11150   0.19764E-04
  11160   0.19717E-04
  11170   0.19639E-04
  11180   0.19555E-04
  11190   0.19508E-04
  11200   0.19419E-04
  11210   0.19370E-04
  11220   0.19291E-04
  11230   0.19224E-04
  11240   0.19164E-04
  11250   0.19083E-04
  11260   0.19020E-04
  11270   0.18950E-04
  11280   0.18870E-04
  11290   0.18832E-04
  11300   0.18741E-04
  11310   0.18680E-04
  11320   0.18634E-04
  11330   0.18548E-04
  11340   0.18519E-04
  11350   0.18417E-04
  11360   0.18369E-04
  11370   0.18313E-04
  11380   0.18236E-04
  11390   0.18158E-04
  11400   0.18110E-04
  11410   0.18059E-04
  11420   0.17996E-04
  11430   0.17940E-04
  11440   0.17882E-04
  11450   0.17807E-04
  11460   0.17765E-04
  11470   0.17707E-04
  11480   0.17637E-04
  11490   0.17575E-04
  11500   0.17521E-04
  11510   0.17471E-04
  11520   0.17429E-04
  11530   0.17362E-04
  11540   0.17287E-04
  11550   0.17257E-04
  11560   0.17181E-04
  11570   0.17135E-04
  11580   0.17096E-04
  11590   0.17053E-04
  11600   0.16977E-04
  11610   0.16935E-04
  11620   0.16873E-04
  11630   0.16795E-04
  11640   0.16774E-04
  11650   0.16718E-04
  11660   0.16668E-04
  11670   0.16613E-04
  11680   0.16582E-04
  11690   0.16534E-04
  11700   0.16462E-04
  11710   0.16423E-04
  11720   0.16396E-04
  11730   0.16327E-04
  11740   0.16287E-04
  11750   0.16241E-04
  11760   0.16187E-04
  11770   0.16143E-04
  11780   0.16098E-04
  11790   0.16059E-04
  11800   0.15989E-04
  11810   0.15978E-04
  11820   0.15929E-04
  11830   0.15886E-04
  11840   0.15835E-04
  11850   0.15814E-04
  11860   0.15772E-04
  11870   0.15705E-04
  11880   0.15672E-04
  11890   0.15638E-04
  11900   0.15608E-04
  11910   0.15563E-04
  11920   0.15537E-04
  11930   0.15505E-04
  11940   0.15443E-04
  11950   0.15406E-04
  11960   0.15392E-04
  11970   0.15355E-04
  11980   0.15314E-04
  11990   0.15273E-04
  12000   0.15252E-04
  12010   0.15229E-04
  12020   0.15186E-04
  12030   0.15147E-04
  12040   0.15125E-04
  12050   0.15089E-04
  12060   0.15056E-04
  12070   0.15033E-04
  12080   0.14998E-04
  12090   0.14972E-04
  12100   0.14959E-04
  12110   0.14922E-04
  12120   0.14879E-04
  12130   0.14854E-04
  12140   0.14831E-04
  12150   0.14813E-04
  12160   0.14779E-04
  12170   0.14758E-04
  12180   0.14725E-04
  12190   0.14715E-04
  12200   0.14688E-04
  12210   0.14661E-04
  12220   0.14637E-04
  12230   0.14612E-04
  12240   0.14593E-04
  12250   0.14565E-04
  12260   0.14536E-04
  12270   0.14511E-04
  12280   0.14494E-04
  12290   0.14472E-04
  12300   0.14442E-04
  12310   0.14415E-04
  12320   0.14397E-04
  12330   0.14385E-04
  12340   0.14357E-04
  12350   0.14334E-04
  12360   0.14302E-04
  12370   0.14290E-04
  12380   0.14270E-04
  12390   0.14253E-04
  12400   0.14251E-04
  12410   0.14205E-04
  12420   0.14173E-04
  12430   0.14173E-04
  12440   0.14153E-04
  12450   0.14130E-04
  12460   0.14118E-04
  12470   0.14106E-04
  12480   0.14101E-04
  12490   0.14087E-04
  12500   0.14070E-04
  12510   0.14069E-04
  12520   0.14049E-04
  12530   0.14045E-04
  12540   0.14049E-04
  12550   0.14041E-04
  12560   0.14042E-04
  12570   0.14057E-04
  12580   0.14056E-04
  12590   0.14058E-04
  12600   0.14071E-04
  12610   0.14086E-04
  12620   0.14106E-04
  12630   0.14123E-04
  12640   0.14146E-04
  12650   0.14179E-04
  12660   0.14201E-04
  12670   0.14234E-04
  12680   0.14273E-04
  12690   0.14320E-04
  12700   0.14360E-04
  12710   0.14412E-04
  12720   0.14448E-04
  12730   0.14512E-04
  12740   0.14575E-04
  12750   0.14631E-04
  12760   0.14702E-04
  12770   0.14758E-04
  12780   0.14824E-04
  12790   0.14892E-04
  12800   0.14965E-04
  12810   0.15054E-04
  12820   0.15135E-04
  12830   0.15208E-04
  12840   0.15299E-04
  12850   0.15365E-04
  12860   0.15447E-04
  12870   0.15540E-04
  12880   0.15609E-04
  12890   0.15691E-04
  12900   0.15776E-04
  12910   0.15840E-04
  12920   0.15924E-04
  12930   0.15999E-04
  12940   0.16068E-04
  12950   0.16151E-04
  12960   0.16240E-04
  12970   0.16304E-04
  12980   0.16376E-04
  12990   0.16444E-04
  13000   0.16520E-04
  13010   0.16599E-04
  13020   0.16685E-04
  13030   0.16764E-04
  13040   0.16846E-04
  13050   0.16920E-04
  13060   0.17019E-04
  13070   0.17120E-04
  13080   0.17226E-04
  13090   0.17330E-04
  13100   0.17440E-04
  13110   0.17553E-04
  13120   0.17673E-04
  13130   0.17785E-04
  13140   0.17924E-04
  13150   0.18039E-04
  13160   0.18163E-04
  13170   0.18303E-04
  13180   0.18422E-04
  13190   0.18561E-04
  13200   0.18694E-04
  13210   0.18835E-04
  13220   0.18955E-04
  13230   0.19094E-04
  13240   0.19218E-04
  13250   0.19339E-04
  13260   0.19486E-04
  13270   0.19611E-04
  13280   0.19741E-04
  13290   0.19854E-04
  13300   0.19982E-04
  13310   0.20105E-04
  13320   0.20236E-04
  13330   0.20348E-04
  13340   0.20458E-04
  13350   0.20578E-04
  13360   0.20681E-04
  13370   0.20790E-04
  13380   0.20890E-04
  13390   0.20982E-04
  13400   0.21082E-04
  13410   0.21166E-04
  13420   0.21255E-04
  13430   0.21342E-04
  13440   0.21428E-04
  13450   0.21500E-04
  13460   0.21578E-04
  13470   0.21662E-04
  13480   0.21731E-04
  13490   0.21813E-04
  13500   0.21888E-04
  13510   0.21966E-04
  13520   0.22048E-04
  13530   0.22115E-04
  13540   0.22195E-04
  13550   0.22297E-04
  13560   0.22372E-04
  13570   0.22473E-04
  13580   0.22561E-04
  13590   0.22650E-04
  13600   0.22738E-04
  13610   0.22839E-04
  13620   0.22944E-04
  13630   0.23032E-04
  13640   0.23153E-04
  13650   0.23253E-04
  13660   0.23359E-04
  13670   0.23467E-04
  13680   0.23589E-04
  13690   0.23696E-04
  13700   0.23808E-04
  13710   0.23928E-04
  13720   0.24041E-04
  13730   0.24162E-04
  13740   0.24277E-04
  13750   0.24399E-04
  13760   0.24521E-04
  13770   0.24632E-04
  13780   0.24753E-04
  13790   0.24861E-04
  13800   0.24990E-04
  13810   0.25098E-04
  13820   0.25221E-04
  13830   0.25331E-04
  13840   0.25444E-04
  13850   0.25562E-04
  13860   0.25680E-04
  13870   0.25781E-04
  13880   0.25889E-04
  13890   0.26004E-04
  13900   0.26113E-04
  13910   0.26223E-04
  13920   0.26330E-04
  13930   0.26437E-04
  13940   0.26558E-04
  13950   0.26669E-04
  13960   0.26782E-04
  13970   0.26896E-04
  13980   0.27021E-04
  13990   0.27147E-04
  14000   0.27263E-04
  14010   0.27392E-04
  14020   0.27525E-04
  14030   0.27653E-04
  14040   0.27791E-04
  14050   0.27933E-04
  14060   0.28074E-04
  14070   0.28214E-04
  14080   0.28369E-04
  14090   0.28521E-04
  14100   0.28675E-04
  14110   0.28834E-04
  14120   0.28998E-04
  14130   0.29156E-04
  14140   0.29326E-04
  14150   0.29497E-04
  14160   0.29667E-04
  14170   0.29842E-04
  14180   0.30012E-04
  14190   0.30196E-04
  14200   0.30373E-04
  14210   0.30554E-04
  14220   0.30737E-04
  14230   0.30919E-04
  14240   0.31097E-04
  14250   0.31291E-04
  14260   0.31461E-04
  14270   0.31647E-04
  14280   0.31838E-04
  14290   0.32032E-04
  14300   0.32208E-04
  14310   0.32394E-04
  14320   0.32580E-04
  14330   0.32772E-04
  14340   0.32952E-04
  14350   0.33146E-04
  14360   0.33338E-04
  14370   0.33533E-04
  14380   0.33726E-04
  14390   0.33915E-04
  14400   0.34115E-04
  14410   0.34308E-04
  14420   0.34499E-04
  14430   0.34703E-04
  14440   0.34905E-04
  14450   0.35109E-04
  14460   0.35313E-04
  14470   0.35524E-04
  14480   0.35733E-04
  14490   0.35939E-04
  14500   0.36159E-04
  14510   0.36369E-04
  14520   0.36592E-04
  14530   0.36815E-04
  14540   0.37029E-04
  14550   0.37256E-04
  14560   0.37483E-04
  14570   0.37707E-04
  14580   0.37937E-04
  14590   0.38165E-04
  14600   0.38396E-04
  14610   0.38631E-04
  14620   0.38865E-04
  14630   0.39094E-04
  14640   0.39330E-04
  14650   0.39571E-04
  14660   0.39804E-04
  14670   0.40032E-04
  14680   0.40274E-04
  14690   0.40521E-04
  14700   0.40749E-04
  14710   0.40987E-04
  14720   0.41227E-04
  14730   0.41461E-04
  14740   0.41709E-04
  14750   0.41946E-04
  14760   0.42182E-04
  14770   0.42416E-04
  14780   0.42661E-04
  14790   0.42892E-04
  14800   0.43133E-04
  14810   0.43370E-04
  14820   0.43610E-04
  14830   0.43841E-04
  14840   0.44076E-04
  14850   0.44314E-04
  14860   0.44537E-04
  14870   0.44777E-04
  14880   0.45002E-04
  14890   0.45234E-04
  14900   0.45456E-04
  14910   0.45679E-04
  14920   0.45904E-04
  14930   0.46118E-04
  14940   0.46345E-04
  14950   0.46558E-04
  14960   0.46778E-04
  14970   0.46986E-04
  14980   0.47199E-04
  14990   0.47415E-04
  15000   0.47623E-04
  15010   0.47826E-04
  15020   0.48031E-04
  15030   0.48238E-04
  15040   0.48440E-04
  15050   0.48653E-04
  15060   0.48847E-04
  15070   0.49046E-04
  15080   0.49249E-04
  15090   0.49448E-04
  15100   0.49641E-04
  15110   0.49842E-04
  15120   0.50038E-04
  15130   0.50238E-04
  15140   0.50425E-04
  15150   0.50621E-04
  15160   0.50821E-04
  15170   0.51008E-04
  15180   0.51198E-04
  15190   0.51395E-04
  15200   0.51579E-04
  15210   0.51771E-04
  15220   0.51957E-04
  15230   0.52146E-04
  15240   0.52328E-04
  15250   0.52521E-04
  15260   0.52698E-04
  15270   0.52881E-04
  15280   0.53065E-04
  15290   0.53242E-04
  15300   0.53416E-04
  15310   0.53591E-04
  15320   0.53770E-04
  15330   0.53935E-04
  15340   0.54106E-04
  15350   0.54269E-04
  15360   0.54442E-04
  15370   0.54608E-04
  15380   0.54779E-04
  15390   0.54926E-04
  15400   0.55085E-04
  15410   0.55244E-04
  15420   0.55401E-04
  15430   0.55549E-04
  15440   0.55697E-04
  15450   0.55839E-04
  15460   0.55982E-04
  15470   0.56119E-04
  15480   0.56255E-04
  15490   0.56392E-04
  15500   0.56518E-04
  15510   0.56643E-04
  15520   0.56763E-04
  15530   0.56876E-04
  15540   0.56993E-04
  15550   0.57095E-04
  15560   0.57200E-04
  15570   0.57295E-04
  15580   0.57388E-04
  15590   0.57468E-04
  15600   0.57549E-04
  15610   0.57623E-04
  15620   0.57697E-04
  15630   0.57760E-04
  15640   0.57804E-04
  15650   0.57851E-04
  15660   0.57890E-04
  15670   0.57921E-04
  15680   0.57946E-04
  15690   0.57957E-04
  15700   0.57960E-04
  15710   0.57959E-04
  15720   0.57947E-04
  15730   0.57926E-04
  15740   0.57889E-04
  15750   0.57862E-04
  15760   0.57806E-04
  15770   0.57753E-04
  15780   0.57681E-04
  15790   0.57615E-04
  15800   0.57525E-04
  15810   0.57437E-04
  15820   0.57339E-04
  15830   0.57228E-04
  15840   0.57119E-04
  15850   0.56996E-04
  15860   0.56866E-04
  15870   0.56738E-04
  15880   0.56604E-04
  15890   0.56458E-04
  15900   0.56318E-04
  15910   0.56177E-04
  15920   0.56040E-04
  15930   0.55894E-04
  15940   0.55750E-04
  15950   0.55614E-04
  15960   0.55485E-04
  15970   0.55354E-04
  15980   0.55237E-04
  15990   0.55129E-04
  16000   0.55026E-04
  16010   0.54944E-04
  16020   0.54867E-04
  16030   0.54805E-04
  16040   0.54761E-04
  16050   0.54732E-04
  16060   0.54735E-04
  16070   0.54742E-04
  16080   0.54773E-04
  16090   0.54833E-04
  16100   0.54911E-04
  16110   0.55014E-04
  16120   0.55144E-04
  16130   0.55299E-04
  16140   0.55476E-04
  16150   0.55685E-04
  16160   0.55917E-04
  16170   0.56176E-04
  16180   0.56451E-04
  16190   0.56770E-04
  16200   0.57101E-04
  16210   0.57462E-04
  16220   0.57845E-04
  16230   0.58250E-04
  16240   0.58681E-04
  16250   0.59139E-04
  16260   0.59606E-04
  16270   0.60092E-04
  16280   0.60598E-04
  16290   0.61126E-04
  16300   0.61670E-04
  16310   0.62226E-04
  16320   0.62798E-04
  16330   0.63377E-04
  16340   0.63969E-04
  16350   0.64573E-04
  16360   0.65182E-04
  16370   0.65798E-04
  16380   0.66421E-04
  16390   0.67046E-04
  16400   0.67676E-04
  16410   0.68311E-04
  16420   0.68941E-04
  16430   0.69578E-04
  16440   0.70213E-04
  16450   0.70842E-04
  16460   0.71475E-04
  16470   0.72102E-04
  16480   0.72727E-04
  16490   0.73342E-04
  16500   0.73955E-04
  16510   0.74568E-04
  16520   0.75168E-04
  16530   0.75759E-04
  16540   0.76349E-04
  16550   0.76927E-04
  16560   0.77498E-04
  16570   0.78055E-04
  16580   0.78615E-04
  16590   0.79153E-04
  16600   0.79686E-04
  16610   0.80213E-04
  16620   0.80725E-04
  16630   0.81225E-04
  16640   0.81716E-04
  16650   0.82197E-04
  16660   0.82668E-04
  16670   0.83130E-04
  16680   0.83578E-04
  16690   0.84007E-04
  16700   0.84425E-04
  16710   0.84848E-04
  16720   0.85239E-04
  16730   0.85628E-04
  16740   0.86004E-04
  16750   0.86369E-04
  16760   0.86720E-04
  16770   0.87055E-04
  16780   0.87384E-04
  16790   0.87694E-04
  16800   0.87993E-04
  16810   0.88287E-04
  16820   0.88562E-04
  16830   0.88824E-04
  16840   0.89077E-04
  16850   0.89314E-04
  16860   0.89543E-04
  16870   0.89762E-04
  16880   0.89959E-04
  16890   0.90147E-04
  16900   0.90336E-04
  16910   0.90494E-04
  16920   0.90648E-04
  16930   0.90784E-04
  16940   0.90914E-04
  16950   0.91025E-04
  16960   0.91127E-04
  16970   0.91222E-04
  16980   0.91296E-04
  16990   0.91362E-04
  17000   0.91418E-04
  17010   0.91456E-04
  17020   0.91491E-04
  17030   0.91503E-04
  17040   0.91509E-04
  17050   0.91506E-04
  17060   0.91481E-04
  17070   0.91456E-04
  17080   0.91401E-04
  17090   0.91346E-04
  17100   0.91276E-04
  17110   0.91195E-04
  17120   0.91108E-04
  17130   0.91000E-04
  17140   0.90879E-04
  17150   0.90753E-04
  17160   0.90615E-04
  17170   0.90456E-04
  17180   0.90300E-04
  17190   0.90122E-04
  17200   0.89943E-04
  17210   0.89734E-04
  17220   0.89533E-04
  17230   0.89316E-04
  17240   0.89082E-04
  17250   0.88844E-04
  17260   0.88586E-04
  17270   0.88323E-04
  17280   0.88056E-04
  17290   0.87770E-04
  17300   0.87481E-04
  17310   0.87190E-04
  17320   0.86875E-04
  17330   0.86550E-04
  17340   0.86228E-04
  17350   0.85888E-04
  17360   0.85548E-04
  17370   0.85187E-04
  17380   0.84832E-04
  17390   0.84476E-04
  17400   0.84104E-04
  17410   0.83721E-04
  17420   0.83334E-04
  17430   0.82939E-04
  17440   0.82553E-04
  17450   0.82150E-04
  17460   0.81755E-04
  17470   0.81334E-04
  17480   0.80934E-04
  17490   0.80507E-04
  17500   0.80102E-04
  17510   0.79684E-04
  17520   0.79261E-04
  17530   0.78842E-04
  17540   0.78429E-04
  17550   0.78014E-04
  17560   0.77597E-04
  17570   0.77172E-04
  17580   0.76768E-04
  17590   0.76347E-04
  17600   0.75938E-04
  17610   0.75542E-04
  17620   0.75128E-04
  17630   0.74733E-04
  17640   0.74345E-04
  17650   0.73962E-04
  17660   0.73580E-04
  17670   0.73204E-04
  17680   0.72832E-04
  17690   0.72480E-04
  17700   0.72127E-04
  17710   0.71780E-04
  17720   0.71456E-04
  17730   0.71114E-04
  17740   0.70813E-04
  17750   0.70498E-04
  17760   0.70203E-04
  17770   0.69929E-04
  17780   0.69655E-04
  17790   0.69384E-04
  17800   0.69133E-04
  17810   0.68893E-04
  17820   0.68663E-04
  17830   0.68445E-04
  17840   0.68246E-04
  17850   0.68032E-04
  17860   0.67854E-04
  17870   0.67666E-04
  17880   0.67512E-04
  17890   0.67355E-04
  17900   0.67221E-04
  17910   0.67083E-04
  17920   0.66960E-04
  17930   0.66843E-04
  17940   0.66738E-04
  17950   0.66649E-04
  17960   0.66544E-04
  17970   0.66476E-04
  17980   0.66397E-04
  17990   0.66342E-04
  18000   0.66276E-04
  18010   0.66230E-04
  18020   0.66188E-04
  18030   0.66147E-04
  18040   0.66113E-04
  18050   0.66086E-04
  18060   0.66053E-04
  18070   0.66028E-04
  18080   0.66007E-04
  18090   0.65985E-04
  18100   0.65986E-04
  18110   0.65970E-04
  18120   0.65953E-04
  18130   0.65955E-04
  18140   0.65944E-04
  18150   0.65937E-04
  18160   0.65918E-04
  18170   0.65909E-04
  18180   0.65901E-04
  18190   0.65904E-04
  18200   0.65902E-04
  18210   0.65889E-04
  18220   0.65859E-04
  18230   0.65844E-04
  18240   0.65837E-04
  18250   0.65830E-04
  18260   0.65795E-04
  18270   0.65772E-04
  18280   0.65748E-04
  18290   0.65720E-04
  18300   0.65685E-04
  18310   0.65662E-04
  18320   0.65612E-04
  18330   0.65589E-04
  18340   0.65555E-04
  18350   0.65505E-04
  18360   0.65455E-04
  18370   0.65391E-04
  18380   0.65365E-04
  18390   0.65311E-04
  18400   0.65272E-04
  18410   0.65218E-04
  18420   0.65155E-04
  18430   0.65120E-04
  18440   0.65043E-04
  18450   0.64991E-04
  18460   0.64929E-04
  18470   0.64855E-04
  18480   0.64808E-04
  18490   0.64741E-04
  18500   0.64689E-04
  18510   0.64624E-04
  18520   0.64544E-04
  18530   0.64500E-04
  18540   0.64419E-04
  18550   0.64356E-04
  18560   0.64302E-04
  18570   0.64229E-04
  18580   0.64160E-04
  18590   0.64102E-04
  18600   0.64042E-04
  18610   0.63968E-04
  18620   0.63903E-04
  18630   0.63837E-04
  18640   0.63747E-04
  18650   0.63695E-04
  18660   0.63600E-04
  18670   0.63539E-04
  18680   0.63476E-04
  18690   0.63410E-04
  18700   0.63335E-04
  18710   0.63264E-04
  18720   0.63200E-04
  18730   0.63122E-04
  18740   0.63055E-04
  18750   0.62965E-04
  18760   0.62880E-04
  18770   0.62804E-04
  18780   0.62697E-04
  18790   0.62622E-04
  18800   0.62536E-04
  18810   0.62431E-04
  18820   0.62343E-04
  18830   0.62240E-04
  18840   0.62147E-04
  18850   0.62044E-04
  18860   0.61946E-04
  18870   0.61825E-04
  18880   0.61727E-04
  18890   0.61599E-04
  18900   0.61485E-04
  18910   0.61354E-04
  18920   0.61229E-04
  18930   0.61100E-04
  18940   0.60973E-04
  18950   0.60860E-04
  18960   0.60708E-04
  18970   0.60571E-04
  18980   0.60431E-04
  18990   0.60289E-04
  19000   0.60147E-04
  19010   0.59988E-04
  19020   0.59853E-04
  19030   0.59698E-04
  19040   0.59539E-04
  19050   0.59373E-04
  19060   0.59245E-04
  19070   0.59077E-04
  19080   0.58925E-04
  19090   0.58769E-04
  19100   0.58607E-04
  19110   0.58425E-04
  19120   0.58296E-04
  19130   0.58122E-04
  19140   0.57980E-04
  19150   0.57824E-04
  19160   0.57690E-04
  19170   0.57523E-04
  19180   0.57358E-04
  19190   0.57238E-04
  19200   0.57086E-04
  19210   0.56951E-04
  19220   0.56825E-04
  19230   0.56672E-04
  19240   0.56572E-04
  19250   0.56426E-04
  19260   0.56293E-04
  19270   0.56188E-04
  19280   0.56053E-04
  19290   0.55972E-04
  19300   0.55850E-04
  19310   0.55766E-04
  19320   0.55649E-04
  19330   0.55575E-04
  19340   0.55485E-04
  19350   0.55414E-04
  19360   0.55340E-04
  19370   0.55265E-04
  19380   0.55168E-04
  19390   0.55132E-04
  19400   0.55059E-04
  19410   0.55034E-04
  19420   0.54964E-04
  19430   0.54927E-04
  19440   0.54893E-04
  19450   0.54875E-04
  19460   0.54816E-04
  19470   0.54796E-04
  19480   0.54773E-04
  19490   0.54738E-04
  19500   0.54723E-04
  19510   0.54687E-04
  19520   0.54690E-04
  19530   0.54677E-04
  19540   0.54648E-04
  19550   0.54627E-04
  19560   0.54620E-04
  19570   0.54605E-04
  19580   0.54599E-04
  19590   0.54586E-04
  19600   0.54556E-04
  19610   0.54548E-04
  19620   0.54540E-04
  19630   0.54521E-04
  19640   0.54493E-04
  19650   0.54465E-04
  19660   0.54430E-04
  19670   0.54384E-04
  19680   0.54361E-04
  19690   0.54340E-04
  19700   0.54267E-04
  19710   0.54251E-04
  19720   0.54180E-04
  19730   0.54135E-04
  19740   0.54069E-04
  19750   0.53982E-04
  19760   0.53920E-04
  19770   0.53844E-04
  19780   0.53730E-04
  19790   0.53661E-04
  19800   0.53541E-04
  19810   0.53427E-04
  19820   0.53314E-04
  19830   0.53181E-04
  19840   0.53051E-04
  19850   0.52916E-04
  19860   0.52804E-04
  19870   0.52618E-04
  19880   0.52455E-04
  19890   0.52294E-04
  19900   0.52103E-04
  19910   0.51925E-04
  19920   0.51733E-04
  19930   0.51532E-04
  19940   0.51332E-04
  19950   0.51102E-04
  19960   0.50890E-04
  19970   0.50661E-04
  19980   0.50434E-04
  19990   0.50187E-04
  20000   0.49922E-04
