     10   0.13889E-02
     20   0.13390E-02
     30   0.12928E-02
     40   0.12498E-02
     50   0.12103E-02
     60   0.11735E-02
     70   0.11395E-02
     80   0.11077E-02
     90   0.10779E-02
    100   0.10504E-02
    110   0.10229E-02
    120   0.99710E-03
    130   0.97304E-03
    140   0.95060E-03
    150   0.92966E-03
    160   0.90990E-03
    170   0.89116E-03
    180   0.87362E-03
    190   0.85710E-03
    200   0.84144E-03
    210   0.82671E-03
    220   0.81274E-03
    230   0.79937E-03
    240   0.78675E-03
    250   0.77451E-03
    260   0.76302E-03
    270   0.75190E-03
    280   0.74122E-03
    290   0.73090E-03
    300   0.72105E-03
    310   0.71162E-03
    320   0.70272E-03
    330   0.69381E-03
    340   0.68525E-03
    350   0.67707E-03
    360   0.66902E-03
    370   0.66134E-03
    380   0.65383E-03
    390   0.64651E-03
    400   0.63926E-03
    410   0.63226E-03
    420   0.62543E-03
    430   0.61879E-03
    440   0.61229E-03
    450   0.60595E-03
    460   0.59975E-03
    470   0.59362E-03
    480   0.58752E-03
    490   0.58175E-03
    500   0.57603E-03
    510   0.57031E-03
    520   0.56477E-03
    530   0.55944E-03
    540   0.55414E-03
    550   0.54887E-03
    560   0.54359E-03
    570   0.53855E-03
    580   0.53351E-03
    590   0.52861E-03
    600   0.52370E-03
    610   0.51890E-03
    620   0.51415E-03
    630   0.50951E-03
    640   0.50475E-03
    650   0.50029E-03
    660   0.49571E-03
    670   0.49129E-03
    680   0.48691E-03
    690   0.48257E-03
    700   0.47836E-03
    710   0.47420E-03
    720   0.46992E-03
    730   0.46598E-03
    740   0.46189E-03
    750   0.45786E-03
    760   0.45389E-03
    770   0.45003E-03
    780   0.44605E-03
    790   0.44230E-03
    800   0.43844E-03
    810   0.43462E-03
    820   0.43106E-03
    830   0.42730E-03
    840   0.42372E-03
    850   0.42016E-03
    860   0.41648E-03
    870   0.41313E-03
    880   0.40947E-03
    890   0.40612E-03
    900   0.40254E-03
    910   0.39930E-03
    920   0.39595E-03
    930   0.39273E-03
    940   0.38947E-03
    950   0.38627E-03
    960   0.38311E-03
    970   0.37993E-03
    980   0.37680E-03
    990   0.37370E-03
   1000   0.37058E-03
   1010   0.36760E-03
   1020   0.36468E-03
   1030   0.36180E-03
   1040   0.35891E-03
   1050   0.35598E-03
   1060   0.35322E-03
   1070   0.35032E-03
   1080   0.34753E-03
   1090   0.34466E-03
   1100   0.34199E-03
   1110   0.33927E-03
   1120   0.33665E-03
   1130   0.33402E-03
   1140   0.33138E-03
   1150   0.32880E-03
   1160   0.32635E-03
   1170   0.32376E-03
   1180   0.32134E-03
   1190   0.31876E-03
   1200   0.31637E-03
   1210   0.31401E-03
   1220   0.31169E-03
   1230   0.30929E-03
   1240   0.30703E-03
   1250   0.30473E-03
   1260   0.30249E-03
   1270   0.30020E-03
   1280   0.29804E-03
   1290   0.29592E-03
   1300   0.29363E-03
   1310   0.29157E-03
   1320   0.28950E-03
   1330   0.28748E-03
   1340   0.28541E-03
   1350   0.28342E-03
   1360   0.28144E-03
   1370   0.27955E-03
   1380   0.27764E-03
   1390   0.27575E-03
   1400   0.27394E-03
   1410   0.27212E-03
   1420   0.27033E-03
   1430   0.26862E-03
   1440   0.26691E-03
   1450   0.26531E-03
   1460   0.26365E-03
   1470   0.26216E-03
   1480   0.26065E-03
   1490   0.25922E-03
   1500   0.25785E-03
   1510   0.25657E-03
   1520   0.25534E-03
   1530   0.25420E-03
   1540   0.25319E-03
   1550   0.25223E-03
   1560   0.25141E-03
   1570   0.25076E-03
   1580   0.25022E-03
   1590   0.24981E-03
   1600   0.24953E-03
   1610   0.24950E-03
   1620   0.24940E-03
   1630   0.24963E-03
   1640   0.24999E-03
   1650   0.25055E-03
   1660   0.25110E-03
   1670   0.25183E-03
   1680   0.25285E-03
   1690   0.25397E-03
   1700   0.25527E-03
   1710   0.25660E-03
   1720   0.25828E-03
   1730   0.26013E-03
   1740   0.26177E-03
   1750   0.26391E-03
   1760   0.26589E-03
   1770   0.26787E-03
   1780   0.27061E-03
   1790   0.27326E-03
   1800   0.27607E-03
   1810   0.27890E-03
   1820   0.28134E-03
   1830   0.28429E-03
   1840   0.28740E-03
   1850   0.29058E-03
   1860   0.29425E-03
   1870   0.29782E-03
   1880   0.30031E-03
   1890   0.30351E-03
   1900   0.30623E-03
   1910   0.31000E-03
   1920   0.31189E-03
   1930   0.31928E-03
   1940   0.31862E-03
   1950   0.32287E-03
   1960   0.32545E-03
   1970   0.32892E-03
   1980   0.33066E-03
   1990   0.33407E-03
   2000   0.33353E-03
   2010   0.33635E-03
   2020   0.33721E-03
   2030   0.34000E-03
   2040   0.34352E-03
   2050   0.34588E-03
   2060   0.34836E-03
   2070   0.34922E-03
   2080   0.35095E-03
   2090   0.35239E-03
   2100   0.35975E-03
   2110   0.35589E-03
   2120   0.35470E-03
   2130   0.35510E-03
   2140   0.35477E-03
   2150   0.35513E-03
   2160   0.35469E-03
   2170   0.35482E-03
   2180   0.35340E-03
   2190   0.35277E-03
   2200   0.35017E-03
   2210   0.35608E-03
   2220   0.35258E-03
   2230   0.35298E-03
   2240   0.35091E-03
   2250   0.34969E-03
   2260   0.35171E-03
   2270   0.34854E-03
   2280   0.34967E-03
   2290   0.34608E-03
   2300   0.34563E-03
   2310   0.34624E-03
   2320   0.34515E-03
   2330   0.34658E-03
   2340   0.34437E-03
   2350   0.34411E-03
   2360   0.34491E-03
   2370   0.34429E-03
   2380   0.34468E-03
   2390   0.34260E-03
   2400   0.34111E-03
   2410   0.34011E-03
   2420   0.33887E-03
   2430   0.33825E-03
   2440   0.33698E-03
   2450   0.33566E-03
   2460   0.33491E-03
   2470   0.33456E-03
   2480   0.33442E-03
   2490   0.33361E-03
   2500   0.33209E-03
   2510   0.33087E-03
   2520   0.32970E-03
   2530   0.32831E-03
   2540   0.32656E-03
   2550   0.32432E-03
   2560   0.32239E-03
   2570   0.32066E-03
   2580   0.31909E-03
   2590   0.31751E-03
   2600   0.31559E-03
   2610   0.31400E-03
   2620   0.31253E-03
   2630   0.31104E-03
   2640   0.30926E-03
   2650   0.30702E-03
   2660   0.30507E-03
   2670   0.30342E-03
   2680   0.30154E-03
   2690   0.29929E-03
   2700   0.29684E-03
   2710   0.29481E-03
   2720   0.29350E-03
   2730   0.29208E-03
   2740   0.29039E-03
   2750   0.28855E-03
   2760   0.28711E-03
   2770   0.28641E-03
   2780   0.28582E-03
   2790   0.28481E-03
   2800   0.28357E-03
   2810   0.28261E-03
   2820   0.28256E-03
   2830   0.28279E-03
   2840   0.28282E-03
   2850   0.28267E-03
   2860   0.28271E-03
   2870   0.28335E-03
   2880   0.28444E-03
   2890   0.28537E-03
   2900   0.28614E-03
   2910   0.28684E-03
   2920   0.28774E-03
   2930   0.28900E-03
   2940   0.28997E-03
   2950   0.29068E-03
   2960   0.29110E-03
   2970   0.29145E-03
   2980   0.29214E-03
   2990   0.29273E-03
   3000   0.29287E-03
   3010   0.29254E-03
   3020   0.29196E-03
   3030   0.29180E-03
   3040   0.29184E-03
   3050   0.29148E-03
   3060   0.29062E-03
   3070   0.28943E-03
   3080   0.28876E-03
   3090   0.28857E-03
   3100   0.28804E-03
   3110   0.28720E-03
   3120   0.28606E-03
   3130   0.28537E-03
   3140   0.28534E-03
   3150   0.28506E-03
   3160   0.28455E-03
   3170   0.28382E-03
   3180   0.28339E-03
   3190   0.28370E-03
   3200   0.28370E-03
   3210   0.28350E-03
   3220   0.28298E-03
   3230   0.28265E-03
   3240   0.28307E-03
   3250   0.28328E-03
   3260   0.28329E-03
   3270   0.28286E-03
   3280   0.28251E-03
   3290   0.28286E-03
   3300   0.28325E-03
   3310   0.28335E-03
   3320   0.28303E-03
   3330   0.28272E-03
   3340   0.28313E-03
   3350   0.28371E-03
   3360   0.28389E-03
   3370   0.28373E-03
   3380   0.28357E-03
   3390   0.28411E-03
   3400   0.28487E-03
   3410   0.28531E-03
   3420   0.28553E-03
   3430   0.28576E-03
   3440   0.28666E-03
   3450   0.28785E-03
   3460   0.28891E-03
   3470   0.28974E-03
   3480   0.29063E-03
   3490   0.29214E-03
   3500   0.29395E-03
   3510   0.29552E-03
   3520   0.29669E-03
   3530   0.29781E-03
   3540   0.29942E-03
   3550   0.30116E-03
   3560   0.30244E-03
   3570   0.30318E-03
   3580   0.30378E-03
   3590   0.30482E-03
   3600   0.30593E-03
   3610   0.30648E-03
   3620   0.30648E-03
   3630   0.30634E-03
   3640   0.30676E-03
   3650   0.30734E-03
   3660   0.30724E-03
   3670   0.30661E-03
   3680   0.30583E-03
   3690   0.30583E-03
   3700   0.30595E-03
   3710   0.30535E-03
   3720   0.30426E-03
   3730   0.30313E-03
   3740   0.30300E-03
   3750   0.30295E-03
   3760   0.30224E-03
   3770   0.30113E-03
   3780   0.30010E-03
   3790   0.30010E-03
   3800   0.30015E-03
   3810   0.29963E-03
   3820   0.29873E-03
   3830   0.29794E-03
   3840   0.29808E-03
   3850   0.29826E-03
   3860   0.29794E-03
   3870   0.29720E-03
   3880   0.29658E-03
   3890   0.29677E-03
   3900   0.29710E-03
   3910   0.29690E-03
   3920   0.29631E-03
   3930   0.29578E-03
   3940   0.29598E-03
   3950   0.29634E-03
   3960   0.29615E-03
   3970   0.29563E-03
   3980   0.29512E-03
   3990   0.29526E-03
   4000   0.29549E-03
   4010   0.29526E-03
   4020   0.29474E-03
   4030   0.29431E-03
   4040   0.29448E-03
   4050   0.29476E-03
   4060   0.29461E-03
   4070   0.29425E-03
   4080   0.29410E-03
   4090   0.29454E-03
   4100   0.29502E-03
   4110   0.29510E-03
   4120   0.29495E-03
   4130   0.29506E-03
   4140   0.29575E-03
   4150   0.29648E-03
   4160   0.29681E-03
   4170   0.29682E-03
   4180   0.29708E-03
   4190   0.29790E-03
   4200   0.29871E-03
   4210   0.29906E-03
   4220   0.29902E-03
   4230   0.29909E-03
   4240   0.29971E-03
   4250   0.30031E-03
   4260   0.30040E-03
   4270   0.30002E-03
   4280   0.29964E-03
   4290   0.29983E-03
   4300   0.30009E-03
   4310   0.29982E-03
   4320   0.29906E-03
   4330   0.29826E-03
   4340   0.29813E-03
   4350   0.29816E-03
   4360   0.29773E-03
   4370   0.29682E-03
   4380   0.29581E-03
   4390   0.29555E-03
   4400   0.29554E-03
   4410   0.29513E-03
   4420   0.29429E-03
   4430   0.29325E-03
   4440   0.29300E-03
   4450   0.29309E-03
   4460   0.29291E-03
   4470   0.29229E-03
   4480   0.29144E-03
   4490   0.29132E-03
   4500   0.29166E-03
   4510   0.29181E-03
   4520   0.29156E-03
   4530   0.29093E-03
   4540   0.29094E-03
   4550   0.29144E-03
   4560   0.29191E-03
   4570   0.29192E-03
   4580   0.29140E-03
   4590   0.29136E-03
   4600   0.29188E-03
   4610   0.29247E-03
   4620   0.29262E-03
   4630   0.29218E-03
   4640   0.29198E-03
   4650   0.29241E-03
   4660   0.29303E-03
   4670   0.29337E-03
   4680   0.29307E-03
   4690   0.29284E-03
   4700   0.29316E-03
   4710   0.29379E-03
   4720   0.29437E-03
   4730   0.29430E-03
   4740   0.29413E-03
   4750   0.29434E-03
   4760   0.29497E-03
   4770   0.29577E-03
   4780   0.29601E-03
   4790   0.29598E-03
   4800   0.29616E-03
   4810   0.29671E-03
   4820   0.29764E-03
   4830   0.29814E-03
   4840   0.29824E-03
   4850   0.29827E-03
   4860   0.29855E-03
   4870   0.29928E-03
   4880   0.29986E-03
   4890   0.29993E-03
   4900   0.29972E-03
   4910   0.29955E-03
   4920   0.29981E-03
   4930   0.30022E-03
   4940   0.30022E-03
   4950   0.29980E-03
   4960   0.29924E-03
   4970   0.29896E-03
   4980   0.29918E-03
   4990   0.29919E-03
   5000   0.29872E-03
   5010   0.29794E-03
   5020   0.29725E-03
   5030   0.29727E-03
   5040   0.29737E-03
   5050   0.29706E-03
   5060   0.29634E-03
   5070   0.29550E-03
   5080   0.29538E-03
   5090   0.29565E-03
   5100   0.29569E-03
   5110   0.29535E-03
   5120   0.29455E-03
   5130   0.29433E-03
   5140   0.29469E-03
   5150   0.29507E-03
   5160   0.29513E-03
   5170   0.29460E-03
   5180   0.29432E-03
   5190   0.29461E-03
   5200   0.29512E-03
   5210   0.29555E-03
   5220   0.29534E-03
   5230   0.29506E-03
   5240   0.29514E-03
   5250   0.29556E-03
   5260   0.29616E-03
   5270   0.29628E-03
   5280   0.29609E-03
   5290   0.29593E-03
   5300   0.29609E-03
   5310   0.29661E-03
   5320   0.29702E-03
   5330   0.29703E-03
   5340   0.29682E-03
   5350   0.29671E-03
   5360   0.29699E-03
   5370   0.29760E-03
   5380   0.29798E-03
   5390   0.29791E-03
   5400   0.29767E-03
   5410   0.29766E-03
   5420   0.29822E-03
   5430   0.29883E-03
   5440   0.29904E-03
   5450   0.29884E-03
   5460   0.29853E-03
   5470   0.29880E-03
   5480   0.29943E-03
   5490   0.29983E-03
   5500   0.29977E-03
   5510   0.29922E-03
   5520   0.29905E-03
   5530   0.29935E-03
   5540   0.29971E-03
   5550   0.29979E-03
   5560   0.29916E-03
   5570   0.29859E-03
   5580   0.29846E-03
   5590   0.29855E-03
   5600   0.29868E-03
   5610   0.29822E-03
   5620   0.29749E-03
   5630   0.29699E-03
   5640   0.29673E-03
   5650   0.29681E-03
   5660   0.29667E-03
   5670   0.29610E-03
   5680   0.29546E-03
   5690   0.29496E-03
   5700   0.29491E-03
   5710   0.29510E-03
   5720   0.29495E-03
   5730   0.29450E-03
   5740   0.29395E-03
   5750   0.29375E-03
   5760   0.29412E-03
   5770   0.29442E-03
   5780   0.29436E-03
   5790   0.29392E-03
   5800   0.29354E-03
   5810   0.29386E-03
   5820   0.29450E-03
   5830   0.29484E-03
   5840   0.29470E-03
   5850   0.29424E-03
   5860   0.29436E-03
   5870   0.29499E-03
   5880   0.29559E-03
   5890   0.29576E-03
   5900   0.29534E-03
   5910   0.29521E-03
   5920   0.29563E-03
   5930   0.29630E-03
   5940   0.29676E-03
   5950   0.29652E-03
   5960   0.29625E-03
   5970   0.29635E-03
   5980   0.29686E-03
   5990   0.29750E-03
   6000   0.29755E-03
   6010   0.29730E-03
   6020   0.29718E-03
   6030   0.29741E-03
   6040   0.29806E-03
   6050   0.29843E-03
   6060   0.29831E-03
   6070   0.29806E-03
   6080   0.29796E-03
   6090   0.29840E-03
   6100   0.29893E-03
   6110   0.29903E-03
   6120   0.29876E-03
   6130   0.29840E-03
   6140   0.29849E-03
   6150   0.29901E-03
   6160   0.29927E-03
   6170   0.29902E-03
   6180   0.29848E-03
   6190   0.29811E-03
   6200   0.29843E-03
   6210   0.29881E-03
   6220   0.29870E-03
   6230   0.29812E-03
   6240   0.29744E-03
   6250   0.29753E-03
   6260   0.29796E-03
   6270   0.29802E-03
   6280   0.29754E-03
   6290   0.29672E-03
   6300   0.29658E-03
   6310   0.29701E-03
   6320   0.29731E-03
   6330   0.29713E-03
   6340   0.29637E-03
   6350   0.29609E-03
   6360   0.29649E-03
   6370   0.29701E-03
   6380   0.29714E-03
   6390   0.29660E-03
   6400   0.29629E-03
   6410   0.29663E-03
   6420   0.29730E-03
   6430   0.29775E-03
   6440   0.29748E-03
   6450   0.29721E-03
   6460   0.29744E-03
   6470   0.29809E-03
   6480   0.29880E-03
   6490   0.29879E-03
   6500   0.29856E-03
   6510   0.29866E-03
   6520   0.29919E-03
   6530   0.29999E-03
   6540   0.30024E-03
   6550   0.30008E-03
   6560   0.30002E-03
   6570   0.30035E-03
   6580   0.30110E-03
   6590   0.30155E-03
   6600   0.30149E-03
   6610   0.30131E-03
   6620   0.30141E-03
   6630   0.30204E-03
   6640   0.30261E-03
   6650   0.30266E-03
   6660   0.30243E-03
   6670   0.30232E-03
   6680   0.30276E-03
   6690   0.30340E-03
   6700   0.30356E-03
   6710   0.30332E-03
   6720   0.30302E-03
   6730   0.30321E-03
   6740   0.30383E-03
   6750   0.30412E-03
   6760   0.30391E-03
   6770   0.30347E-03
   6780   0.30341E-03
   6790   0.30393E-03
   6800   0.30432E-03
   6810   0.30413E-03
   6820   0.30360E-03
   6830   0.30330E-03
   6840   0.30370E-03
   6850   0.30416E-03
   6860   0.30406E-03
   6870   0.30351E-03
   6880   0.30305E-03
   6890   0.30331E-03
   6900   0.30381E-03
   6910   0.30384E-03
   6920   0.30333E-03
   6930   0.30275E-03
   6940   0.30292E-03
   6950   0.30348E-03
   6960   0.30367E-03
   6970   0.30332E-03
   6980   0.30270E-03
   6990   0.30281E-03
   7000   0.30344E-03
   7010   0.30382E-03
   7020   0.30363E-03
   7030   0.30307E-03
   7040   0.30315E-03
   7050   0.30381E-03
   7060   0.30435E-03
   7070   0.30438E-03
   7080   0.30386E-03
   7090   0.30387E-03
   7100   0.30451E-03
   7110   0.30520E-03
   7120   0.30540E-03
   7130   0.30498E-03
   7140   0.30490E-03
   7150   0.30544E-03
   7160   0.30617E-03
   7170   0.30650E-03
   7180   0.30612E-03
   7190   0.30596E-03
   7200   0.30638E-03
   7210   0.30707E-03
   7220   0.30750E-03
   7230   0.30718E-03
   7240   0.30689E-03
   7250   0.30713E-03
   7260   0.30772E-03
   7270   0.30821E-03
   7280   0.30794E-03
   7290   0.30757E-03
   7300   0.30766E-03
   7310   0.30812E-03
   7320   0.30861E-03
   7330   0.30840E-03
   7340   0.30798E-03
   7350   0.30790E-03
   7360   0.30824E-03
   7370   0.30873E-03
   7380   0.30859E-03
   7390   0.30814E-03
   7400   0.30791E-03
   7410   0.30809E-03
   7420   0.30856E-03
   7430   0.30851E-03
   7440   0.30805E-03
   7450   0.30772E-03
   7460   0.30776E-03
   7470   0.30819E-03
   7480   0.30824E-03
   7490   0.30784E-03
   7500   0.30742E-03
   7510   0.30732E-03
   7520   0.30768E-03
   7530   0.30785E-03
   7540   0.30753E-03
   7550   0.30711E-03
   7560   0.30692E-03
   7570   0.30723E-03
   7580   0.30751E-03
   7590   0.30734E-03
   7600   0.30694E-03
   7610   0.30669E-03
   7620   0.30695E-03
   7630   0.30738E-03
   7640   0.30740E-03
   7650   0.30707E-03
   7660   0.30677E-03
   7670   0.30697E-03
   7680   0.30751E-03
   7690   0.30772E-03
   7700   0.30752E-03
   7710   0.30720E-03
   7720   0.30732E-03
   7730   0.30792E-03
   7740   0.30832E-03
   7750   0.30823E-03
   7760   0.30793E-03
   7770   0.30795E-03
   7780   0.30855E-03
   7790   0.30907E-03
   7800   0.30908E-03
   7810   0.30876E-03
   7820   0.30864E-03
   7830   0.30916E-03
   7840   0.30978E-03
   7850   0.30989E-03
   7860   0.30958E-03
   7870   0.30928E-03
   7880   0.30969E-03
   7890   0.31034E-03
   7900   0.31053E-03
   7910   0.31021E-03
   7920   0.30975E-03
   7930   0.30999E-03
   7940   0.31063E-03
   7950   0.31093E-03
   7960   0.31066E-03
   7970   0.31005E-03
   7980   0.31012E-03
   7990   0.31070E-03
   8000   0.31106E-03
   8010   0.31087E-03
   8020   0.31020E-03
   8030   0.31008E-03
   8040   0.31059E-03
   8050   0.31098E-03
   8060   0.31089E-03
   8070   0.31021E-03
   8080   0.30995E-03
   8090   0.31034E-03
   8100   0.31084E-03
   8110   0.31088E-03
   8120   0.31025E-03
   8130   0.30987E-03
   8140   0.31013E-03
   8150   0.31063E-03
   8160   0.31084E-03
   8170   0.31030E-03
   8180   0.30986E-03
   8190   0.31002E-03
   8200   0.31054E-03
   8210   0.31092E-03
   8220   0.31053E-03
   8230   0.31006E-03
   8240   0.31010E-03
   8250   0.31061E-03
   8260   0.31114E-03
   8270   0.31093E-03
   8280   0.31053E-03
   8290   0.31051E-03
   8300   0.31094E-03
   8310   0.31157E-03
   8320   0.31161E-03
   8330   0.31128E-03
   8340   0.31117E-03
   8350   0.31152E-03
   8360   0.31225E-03
   8370   0.31250E-03
   8380   0.31228E-03
   8390   0.31211E-03
   8400   0.31235E-03
   8410   0.31304E-03
   8420   0.31347E-03
   8430   0.31341E-03
   8440   0.31320E-03
   8450   0.31327E-03
   8460   0.31386E-03
   8470   0.31444E-03
   8480   0.31451E-03
   8490   0.31427E-03
   8500   0.31421E-03
   8510   0.31465E-03
   8520   0.31530E-03
   8530   0.31547E-03
   8540   0.31524E-03
   8550   0.31499E-03
   8560   0.31524E-03
   8570   0.31592E-03
   8580   0.31622E-03
   8590   0.31600E-03
   8600   0.31567E-03
   8610   0.31574E-03
   8620   0.31635E-03
   8630   0.31676E-03
   8640   0.31662E-03
   8650   0.31623E-03
   8660   0.31606E-03
   8670   0.31659E-03
   8680   0.31712E-03
   8690   0.31710E-03
   8700   0.31668E-03
   8710   0.31638E-03
   8720   0.31679E-03
   8730   0.31739E-03
   8740   0.31753E-03
   8750   0.31715E-03
   8760   0.31669E-03
   8770   0.31697E-03
   8780   0.31765E-03
   8790   0.31792E-03
   8800   0.31764E-03
   8810   0.31711E-03
   8820   0.31728E-03
   8830   0.31796E-03
   8840   0.31838E-03
   8850   0.31824E-03
   8860   0.31769E-03
   8870   0.31770E-03
   8880   0.31837E-03
   8890   0.31892E-03
   8900   0.31895E-03
   8910   0.31839E-03
   8920   0.31829E-03
   8930   0.31889E-03
   8940   0.31956E-03
   8950   0.31976E-03
   8960   0.31926E-03
   8970   0.31906E-03
   8980   0.31957E-03
   8990   0.32030E-03
   9000   0.32067E-03
   9010   0.32028E-03
   9020   0.31999E-03
   9030   0.32039E-03
   9040   0.32114E-03
   9050   0.32161E-03
   9060   0.32130E-03
   9070   0.32097E-03
   9080   0.32122E-03
   9090   0.32190E-03
   9100   0.32250E-03
   9110   0.32231E-03
   9120   0.32193E-03
   9130   0.32202E-03
   9140   0.32259E-03
   9150   0.32323E-03
   9160   0.32315E-03
   9170   0.32274E-03
   9180   0.32267E-03
   9190   0.32309E-03
   9200   0.32377E-03
   9210   0.32382E-03
   9220   0.32340E-03
   9230   0.32320E-03
   9240   0.32349E-03
   9250   0.32413E-03
   9260   0.32428E-03
   9270   0.32389E-03
   9280   0.32360E-03
   9290   0.32374E-03
   9300   0.32433E-03
   9310   0.32461E-03
   9320   0.32431E-03
   9330   0.32392E-03
   9340   0.32392E-03
   9350   0.32445E-03
   9360   0.32483E-03
   9370   0.32462E-03
   9380   0.32422E-03
   9390   0.32412E-03
   9400   0.32456E-03
   9410   0.32501E-03
   9420   0.32492E-03
   9430   0.32451E-03
   9440   0.32435E-03
   9450   0.32470E-03
   9460   0.32523E-03
   9470   0.32525E-03
   9480   0.32486E-03
   9490   0.32462E-03
   9500   0.32488E-03
   9510   0.32548E-03
   9520   0.32563E-03
   9530   0.32528E-03
   9540   0.32497E-03
   9550   0.32514E-03
   9560   0.32577E-03
   9570   0.32605E-03
   9580   0.32576E-03
   9590   0.32539E-03
   9600   0.32547E-03
   9610   0.32611E-03
   9620   0.32650E-03
   9630   0.32627E-03
   9640   0.32589E-03
   9650   0.32587E-03
   9660   0.32649E-03
   9670   0.32696E-03
   9680   0.32681E-03
   9690   0.32640E-03
   9700   0.32626E-03
   9710   0.32687E-03
   9720   0.32740E-03
   9730   0.32729E-03
   9740   0.32687E-03
   9750   0.32665E-03
   9760   0.32720E-03
   9770   0.32775E-03
   9780   0.32769E-03
   9790   0.32724E-03
   9800   0.32692E-03
   9810   0.32742E-03
   9820   0.32801E-03
   9830   0.32797E-03
   9840   0.32751E-03
   9850   0.32714E-03
   9860   0.32756E-03
   9870   0.32817E-03
   9880   0.32816E-03
   9890   0.32766E-03
   9900   0.32722E-03
   9910   0.32759E-03
   9920   0.32822E-03
   9930   0.32824E-03
   9940   0.32777E-03
   9950   0.32727E-03
   9960   0.32760E-03
   9970   0.32824E-03
   9980   0.32828E-03
   9990   0.32778E-03
  10000   0.32724E-03
  10010   0.32758E-03
  10020   0.32821E-03
  10030   0.32830E-03
  10040   0.32781E-03
  10050   0.32728E-03
  10060   0.32759E-03
  10070   0.32823E-03
  10080   0.32833E-03
  10090   0.32784E-03
  10100   0.32734E-03
  10110   0.32766E-03
  10120   0.32832E-03
  10130   0.32842E-03
  10140   0.32794E-03
  10150   0.32746E-03
  10160   0.32780E-03
  10170   0.32845E-03
  10180   0.32853E-03
  10190   0.32805E-03
  10200   0.32760E-03
  10210   0.32797E-03
  10220   0.32864E-03
  10230   0.32869E-03
  10240   0.32823E-03
  10250   0.32780E-03
  10260   0.32820E-03
  10270   0.32887E-03
  10280   0.32889E-03
  10290   0.32841E-03
  10300   0.32801E-03
  10310   0.32847E-03
  10320   0.32912E-03
  10330   0.32911E-03
  10340   0.32862E-03
  10350   0.32826E-03
  10360   0.32874E-03
  10370   0.32936E-03
  10380   0.32927E-03
  10390   0.32878E-03
  10400   0.32847E-03
  10410   0.32899E-03
  10420   0.32957E-03
  10430   0.32945E-03
  10440   0.32894E-03
  10450   0.32868E-03
  10460   0.32924E-03
  10470   0.32975E-03
  10480   0.32955E-03
  10490   0.32902E-03
  10500   0.32882E-03
  10510   0.32941E-03
  10520   0.32987E-03
  10530   0.32962E-03
  10540   0.32911E-03
  10550   0.32897E-03
  10560   0.32956E-03
  10570   0.32995E-03
  10580   0.32963E-03
  10590   0.32911E-03
  10600   0.32911E-03
  10610   0.32971E-03
  10620   0.33002E-03
  10630   0.32964E-03
  10640   0.32917E-03
  10650   0.32923E-03
  10660   0.32984E-03
  10670   0.33006E-03
  10680   0.32964E-03
  10690   0.32922E-03
  10700   0.32940E-03
  10710   0.33004E-03
  10720   0.33015E-03
  10730   0.32971E-03
  10740   0.32937E-03
  10750   0.32963E-03
  10760   0.33024E-03
  10770   0.33028E-03
  10780   0.32980E-03
  10790   0.32951E-03
  10800   0.32990E-03
  10810   0.33049E-03
  10820   0.33045E-03
  10830   0.32996E-03
  10840   0.32976E-03
  10850   0.33023E-03
  10860   0.33078E-03
  10870   0.33064E-03
  10880   0.33017E-03
  10890   0.33006E-03
  10900   0.33060E-03
  10910   0.33110E-03
  10920   0.33090E-03
  10930   0.33042E-03
  10940   0.33036E-03
  10950   0.33100E-03
  10960   0.33143E-03
  10970   0.33116E-03
  10980   0.33069E-03
  10990   0.33078E-03
  11000   0.33142E-03
  11010   0.33179E-03
  11020   0.33145E-03
  11030   0.33100E-03
  11040   0.33116E-03
  11050   0.33184E-03
  11060   0.33215E-03
  11070   0.33174E-03
  11080   0.33133E-03
  11090   0.33157E-03
  11100   0.33228E-03
  11110   0.33249E-03
  11120   0.33204E-03
  11130   0.33167E-03
  11140   0.33198E-03
  11150   0.33268E-03
  11160   0.33283E-03
  11170   0.33233E-03
  11180   0.33200E-03
  11190   0.33238E-03
  11200   0.33308E-03
  11210   0.33313E-03
  11220   0.33258E-03
  11230   0.33234E-03
  11240   0.33280E-03
  11250   0.33352E-03
  11260   0.33343E-03
  11270   0.33285E-03
  11280   0.33269E-03
  11290   0.33321E-03
  11300   0.33390E-03
  11310   0.33378E-03
  11320   0.33321E-03
  11330   0.33306E-03
  11340   0.33366E-03
  11350   0.33430E-03
  11360   0.33415E-03
  11370   0.33355E-03
  11380   0.33350E-03
  11390   0.33412E-03
  11400   0.33479E-03
  11410   0.33451E-03
  11420   0.33392E-03
  11430   0.33395E-03
  11440   0.33467E-03
  11450   0.33523E-03
  11460   0.33490E-03
  11470   0.33437E-03
  11480   0.33449E-03
  11490   0.33518E-03
  11500   0.33571E-03
  11510   0.33534E-03
  11520   0.33483E-03
  11530   0.33498E-03
  11540   0.33575E-03
  11550   0.33622E-03
  11560   0.33579E-03
  11570   0.33529E-03
  11580   0.33552E-03
  11590   0.33631E-03
  11600   0.33673E-03
  11610   0.33624E-03
  11620   0.33578E-03
  11630   0.33609E-03
  11640   0.33685E-03
  11650   0.33725E-03
  11660   0.33669E-03
  11670   0.33625E-03
  11680   0.33664E-03
  11690   0.33741E-03
  11700   0.33772E-03
  11710   0.33714E-03
  11720   0.33675E-03
  11730   0.33717E-03
  11740   0.33792E-03
  11750   0.33819E-03
  11760   0.33762E-03
  11770   0.33726E-03
  11780   0.33771E-03
  11790   0.33845E-03
  11800   0.33866E-03
  11810   0.33802E-03
  11820   0.33773E-03
  11830   0.33822E-03
  11840   0.33897E-03
  11850   0.33909E-03
  11860   0.33843E-03
  11870   0.33817E-03
  11880   0.33870E-03
  11890   0.33945E-03
  11900   0.33951E-03
  11910   0.33882E-03
  11920   0.33862E-03
  11930   0.33920E-03
  11940   0.33985E-03
  11950   0.33988E-03
  11960   0.33925E-03
  11970   0.33906E-03
  11980   0.33970E-03
  11990   0.34033E-03
  12000   0.34026E-03
  12010   0.33957E-03
  12020   0.33949E-03
  12030   0.34012E-03
  12040   0.34071E-03
  12050   0.34062E-03
  12060   0.33995E-03
  12070   0.33993E-03
  12080   0.34063E-03
  12090   0.34114E-03
  12100   0.34103E-03
  12110   0.34036E-03
  12120   0.34034E-03
  12130   0.34103E-03
  12140   0.34151E-03
  12150   0.34135E-03
  12160   0.34072E-03
  12170   0.34073E-03
  12180   0.34147E-03
  12190   0.34192E-03
  12200   0.34168E-03
  12210   0.34108E-03
  12220   0.34115E-03
  12230   0.34185E-03
  12240   0.34229E-03
  12250   0.34200E-03
  12260   0.34141E-03
  12270   0.34155E-03
  12280   0.34226E-03
  12290   0.34264E-03
  12300   0.34229E-03
  12310   0.34170E-03
  12320   0.34187E-03
  12330   0.34255E-03
  12340   0.34292E-03
  12350   0.34261E-03
  12360   0.34204E-03
  12370   0.34226E-03
  12380   0.34294E-03
  12390   0.34327E-03
  12400   0.34287E-03
  12410   0.34234E-03
  12420   0.34253E-03
  12430   0.34324E-03
  12440   0.34350E-03
  12450   0.34313E-03
  12460   0.34258E-03
  12470   0.34279E-03
  12480   0.34353E-03
  12490   0.34373E-03
  12500   0.34334E-03
  12510   0.34278E-03
  12520   0.34306E-03
  12530   0.34372E-03
  12540   0.34399E-03
  12550   0.34352E-03
  12560   0.34302E-03
  12570   0.34329E-03
  12580   0.34399E-03
  12590   0.34410E-03
  12600   0.34370E-03
  12610   0.34317E-03
  12620   0.34347E-03
  12630   0.34417E-03
  12640   0.34428E-03
  12650   0.34388E-03
  12660   0.34338E-03
  12670   0.34368E-03
  12680   0.34430E-03
  12690   0.34448E-03
  12700   0.34399E-03
  12710   0.34349E-03
  12720   0.34386E-03
  12730   0.34447E-03
  12740   0.34456E-03
  12750   0.34420E-03
  12760   0.34365E-03
  12770   0.34399E-03
  12780   0.34464E-03
  12790   0.34470E-03
  12800   0.34428E-03
  12810   0.34375E-03
  12820   0.34410E-03
  12830   0.34471E-03
  12840   0.34478E-03
  12850   0.34439E-03
  12860   0.34390E-03
  12870   0.34421E-03
  12880   0.34477E-03
  12890   0.34492E-03
  12900   0.34448E-03
  12910   0.34397E-03
  12920   0.34427E-03
  12930   0.34489E-03
  12940   0.34503E-03
  12950   0.34450E-03
  12960   0.34400E-03
  12970   0.34430E-03
  12980   0.34492E-03
  12990   0.34505E-03
  13000   0.34463E-03
  13010   0.34404E-03
  13020   0.34434E-03
  13030   0.34494E-03
  13040   0.34505E-03
  13050   0.34463E-03
  13060   0.34409E-03
  13070   0.34440E-03
  13080   0.34499E-03
  13090   0.34510E-03
  13100   0.34464E-03
  13110   0.34412E-03
  13120   0.34433E-03
  13130   0.34500E-03
  13140   0.34506E-03
  13150   0.34464E-03
  13160   0.34402E-03
  13170   0.34426E-03
  13180   0.34488E-03
  13190   0.34507E-03
  13200   0.34465E-03
  13210   0.34403E-03
  13220   0.34426E-03
  13230   0.34488E-03
  13240   0.34503E-03
  13250   0.34466E-03
  13260   0.34404E-03
  13270   0.34421E-03
  13280   0.34482E-03
  13290   0.34495E-03
  13300   0.34462E-03
  13310   0.34397E-03
  13320   0.34407E-03
  13330   0.34464E-03
  13340   0.34492E-03
  13350   0.34452E-03
  13360   0.34386E-03
  13370   0.34395E-03
  13380   0.34452E-03
  13390   0.34479E-03
  13400   0.34447E-03
  13410   0.34383E-03
  13420   0.34385E-03
  13430   0.34447E-03
  13440   0.34471E-03
  13450   0.34439E-03
  13460   0.34371E-03
  13470   0.34372E-03
  13480   0.34435E-03
  13490   0.34461E-03
  13500   0.34433E-03
  13510   0.34362E-03
  13520   0.34354E-03
  13530   0.34413E-03
  13540   0.34451E-03
  13550   0.34419E-03
  13560   0.34351E-03
  13570   0.34343E-03
  13580   0.34396E-03
  13590   0.34433E-03
  13600   0.34408E-03
  13610   0.34333E-03
  13620   0.34323E-03
  13630   0.34374E-03
  13640   0.34414E-03
  13650   0.34388E-03
  13660   0.34315E-03
  13670   0.34306E-03
  13680   0.34351E-03
  13690   0.34398E-03
  13700   0.34383E-03
  13710   0.34306E-03
  13720   0.34286E-03
  13730   0.34333E-03
  13740   0.34382E-03
  13750   0.34364E-03
  13760   0.34291E-03
  13770   0.34257E-03
  13780   0.34304E-03
  13790   0.34357E-03
  13800   0.34352E-03
  13810   0.34279E-03
  13820   0.34238E-03
  13830   0.34279E-03
  13840   0.34333E-03
  13850   0.34339E-03
  13860   0.34256E-03
  13870   0.34217E-03
  13880   0.34251E-03
  13890   0.34306E-03
  13900   0.34313E-03
  13910   0.34239E-03
  13920   0.34196E-03
  13930   0.34221E-03
  13940   0.34277E-03
  13950   0.34291E-03
  13960   0.34225E-03
  13970   0.34174E-03
  13980   0.34190E-03
  13990   0.34249E-03
  14000   0.34269E-03
  14010   0.34207E-03
  14020   0.34151E-03
  14030   0.34165E-03
  14040   0.34225E-03
  14050   0.34247E-03
  14060   0.34194E-03
  14070   0.34131E-03
  14080   0.34135E-03
  14090   0.34187E-03
  14100   0.34220E-03
  14110   0.34169E-03
  14120   0.34105E-03
  14130   0.34104E-03
  14140   0.34161E-03
  14150   0.34197E-03
  14160   0.34149E-03
  14170   0.34088E-03
  14180   0.34079E-03
  14190   0.34126E-03
  14200   0.34165E-03
  14210   0.34126E-03
  14220   0.34065E-03
  14230   0.34050E-03
  14240   0.34087E-03
  14250   0.34137E-03
  14260   0.34108E-03
  14270   0.34046E-03
  14280   0.34022E-03
  14290   0.34056E-03
  14300   0.34106E-03
  14310   0.34085E-03
  14320   0.34018E-03
  14330   0.33989E-03
  14340   0.34024E-03
  14350   0.34073E-03
  14360   0.34063E-03
  14370   0.34004E-03
  14380   0.33964E-03
  14390   0.33988E-03
  14400   0.34036E-03
  14410   0.34038E-03
  14420   0.33983E-03
  14430   0.33937E-03
  14440   0.33947E-03
  14450   0.33999E-03
  14460   0.34006E-03
  14470   0.33960E-03
  14480   0.33908E-03
  14490   0.33913E-03
  14500   0.33968E-03
  14510   0.33990E-03
  14520   0.33943E-03
  14530   0.33888E-03
  14540   0.33881E-03
  14550   0.33926E-03
  14560   0.33957E-03
  14570   0.33915E-03
  14580   0.33867E-03
  14590   0.33850E-03
  14600   0.33892E-03
  14610   0.33928E-03
  14620   0.33902E-03
  14630   0.33844E-03
  14640   0.33821E-03
  14650   0.33850E-03
  14660   0.33895E-03
  14670   0.33880E-03
  14680   0.33825E-03
  14690   0.33788E-03
  14700   0.33808E-03
  14710   0.33859E-03
  14720   0.33852E-03
  14730   0.33803E-03
  14740   0.33761E-03
  14750   0.33771E-03
  14760   0.33819E-03
  14770   0.33827E-03
  14780   0.33778E-03
  14790   0.33740E-03
  14800   0.33733E-03
  14810   0.33787E-03
  14820   0.33801E-03
  14830   0.33765E-03
  14840   0.33714E-03
  14850   0.33695E-03
  14860   0.33747E-03
  14870   0.33782E-03
  14880   0.33743E-03
  14890   0.33689E-03
  14900   0.33666E-03
  14910   0.33706E-03
  14920   0.33750E-03
  14930   0.33724E-03
  14940   0.33663E-03
  14950   0.33628E-03
  14960   0.33665E-03
  14970   0.33713E-03
  14980   0.33706E-03
  14990   0.33650E-03
  15000   0.33601E-03
  15010   0.33627E-03
  15020   0.33676E-03
  15030   0.33686E-03
  15040   0.33632E-03
  15050   0.33571E-03
  15060   0.33588E-03
  15070   0.33646E-03
  15080   0.33663E-03
  15090   0.33615E-03
  15100   0.33547E-03
  15110   0.33552E-03
  15120   0.33609E-03
  15130   0.33637E-03
  15140   0.33599E-03
  15150   0.33520E-03
  15160   0.33514E-03
  15170   0.33569E-03
  15180   0.33607E-03
  15190   0.33584E-03
  15200   0.33506E-03
  15210   0.33477E-03
  15220   0.33528E-03
  15230   0.33575E-03
  15240   0.33561E-03
  15250   0.33483E-03
  15260   0.33445E-03
  15270   0.33486E-03
  15280   0.33538E-03
  15290   0.33537E-03
  15300   0.33464E-03
  15310   0.33419E-03
  15320   0.33447E-03
  15330   0.33505E-03
  15340   0.33520E-03
  15350   0.33449E-03
  15360   0.33393E-03
  15370   0.33404E-03
  15380   0.33466E-03
  15390   0.33496E-03
  15400   0.33441E-03
  15410   0.33371E-03
  15420   0.33364E-03
  15430   0.33425E-03
  15440   0.33466E-03
  15450   0.33419E-03
  15460   0.33349E-03
  15470   0.33331E-03
  15480   0.33375E-03
  15490   0.33431E-03
  15500   0.33401E-03
  15510   0.33334E-03
  15520   0.33304E-03
  15530   0.33338E-03
  15540   0.33394E-03
  15550   0.33383E-03
  15560   0.33316E-03
  15570   0.33274E-03
  15580   0.33291E-03
  15590   0.33355E-03
  15600   0.33359E-03
  15610   0.33301E-03
  15620   0.33247E-03
  15630   0.33251E-03
  15640   0.33301E-03
  15650   0.33330E-03
  15660   0.33291E-03
  15670   0.33226E-03
  15680   0.33215E-03
  15690   0.33264E-03
  15700   0.33295E-03
  15710   0.33269E-03
  15720   0.33211E-03
  15730   0.33183E-03
  15740   0.33215E-03
  15750   0.33258E-03
  15760   0.33248E-03
  15770   0.33194E-03
  15780   0.33150E-03
  15790   0.33164E-03
  15800   0.33216E-03
  15810   0.33225E-03
  15820   0.33177E-03
  15830   0.33129E-03
  15840   0.33123E-03
  15850   0.33171E-03
  15860   0.33198E-03
  15870   0.33164E-03
  15880   0.33108E-03
  15890   0.33082E-03
  15900   0.33124E-03
  15910   0.33165E-03
  15920   0.33142E-03
  15930   0.33086E-03
  15940   0.33039E-03
  15950   0.33071E-03
  15960   0.33131E-03
  15970   0.33126E-03
  15980   0.33073E-03
  15990   0.33011E-03
  16000   0.33025E-03
  16010   0.33084E-03
  16020   0.33103E-03
  16030   0.33059E-03
  16040   0.32989E-03
  16050   0.32979E-03
  16060   0.33039E-03
  16070   0.33073E-03
  16080   0.33045E-03
  16090   0.32964E-03
  16100   0.32939E-03
  16110   0.32986E-03
  16120   0.33036E-03
  16130   0.33027E-03
  16140   0.32949E-03
  16150   0.32898E-03
  16160   0.32936E-03
  16170   0.32995E-03
  16180   0.33006E-03
  16190   0.32935E-03
  16200   0.32870E-03
  16210   0.32884E-03
  16220   0.32947E-03
  16230   0.32974E-03
  16240   0.32915E-03
  16250   0.32848E-03
  16260   0.32844E-03
  16270   0.32897E-03
  16280   0.32944E-03
  16290   0.32904E-03
  16300   0.32831E-03
  16310   0.32805E-03
  16320   0.32845E-03
  16330   0.32903E-03
  16340   0.32884E-03
  16350   0.32815E-03
  16360   0.32772E-03
  16370   0.32797E-03
  16380   0.32851E-03
  16390   0.32857E-03
  16400   0.32800E-03
  16410   0.32747E-03
  16420   0.32746E-03
  16430   0.32800E-03
  16440   0.32828E-03
  16450   0.32789E-03
  16460   0.32729E-03
  16470   0.32707E-03
  16480   0.32747E-03
  16490   0.32789E-03
  16500   0.32774E-03
  16510   0.32712E-03
  16520   0.32673E-03
  16530   0.32694E-03
  16540   0.32747E-03
  16550   0.32751E-03
  16560   0.32702E-03
  16570   0.32651E-03
  16580   0.32647E-03
  16590   0.32692E-03
  16600   0.32724E-03
  16610   0.32689E-03
  16620   0.32631E-03
  16630   0.32602E-03
  16640   0.32642E-03
  16650   0.32687E-03
  16660   0.32672E-03
  16670   0.32616E-03
  16680   0.32562E-03
  16690   0.32589E-03
  16700   0.32644E-03
  16710   0.32652E-03
  16720   0.32605E-03
  16730   0.32539E-03
  16740   0.32536E-03
  16750   0.32598E-03
  16760   0.32632E-03
  16770   0.32599E-03
  16780   0.32522E-03
  16790   0.32495E-03
  16800   0.32547E-03
  16810   0.32602E-03
  16820   0.32586E-03
  16830   0.32508E-03
  16840   0.32462E-03
  16850   0.32491E-03
  16860   0.32557E-03
  16870   0.32568E-03
  16880   0.32498E-03
  16890   0.32440E-03
  16900   0.32447E-03
  16910   0.32506E-03
  16920   0.32542E-03
  16930   0.32490E-03
  16940   0.32421E-03
  16950   0.32407E-03
  16960   0.32459E-03
  16970   0.32511E-03
  16980   0.32483E-03
  16990   0.32413E-03
  17000   0.32376E-03
  17010   0.32407E-03
  17020   0.32468E-03
  17030   0.32468E-03
  17040   0.32406E-03
  17050   0.32351E-03
  17060   0.32365E-03
  17070   0.32421E-03
  17080   0.32443E-03
  17090   0.32403E-03
  17100   0.32345E-03
  17110   0.32328E-03
  17120   0.32371E-03
  17130   0.32413E-03
  17140   0.32396E-03
  17150   0.32339E-03
  17160   0.32301E-03
  17170   0.32323E-03
  17180   0.32374E-03
  17190   0.32381E-03
  17200   0.32333E-03
  17210   0.32281E-03
  17220   0.32277E-03
  17230   0.32329E-03
  17240   0.32365E-03
  17250   0.32335E-03
  17260   0.32276E-03
  17270   0.32239E-03
  17280   0.32283E-03
  17290   0.32337E-03
  17300   0.32328E-03
  17310   0.32274E-03
  17320   0.32218E-03
  17330   0.32237E-03
  17340   0.32299E-03
  17350   0.32320E-03
  17360   0.32278E-03
  17370   0.32206E-03
  17380   0.32200E-03
  17390   0.32259E-03
  17400   0.32302E-03
  17410   0.32278E-03
  17420   0.32197E-03
  17430   0.32167E-03
  17440   0.32215E-03
  17450   0.32277E-03
  17460   0.32278E-03
  17470   0.32203E-03
  17480   0.32147E-03
  17490   0.32173E-03
  17500   0.32241E-03
  17510   0.32269E-03
  17520   0.32209E-03
  17530   0.32143E-03
  17540   0.32138E-03
  17550   0.32201E-03
  17560   0.32251E-03
  17570   0.32213E-03
  17580   0.32143E-03
  17590   0.32112E-03
  17600   0.32155E-03
  17610   0.32218E-03
  17620   0.32212E-03
  17630   0.32151E-03
  17640   0.32102E-03
  17650   0.32122E-03
  17660   0.32184E-03
  17670   0.32204E-03
  17680   0.32158E-03
  17690   0.32098E-03
  17700   0.32091E-03
  17710   0.32142E-03
  17720   0.32186E-03
  17730   0.32166E-03
  17740   0.32106E-03
  17750   0.32074E-03
  17760   0.32103E-03
  17770   0.32158E-03
  17780   0.32167E-03
  17790   0.32116E-03
  17800   0.32067E-03
  17810   0.32068E-03
  17820   0.32123E-03
  17830   0.32159E-03
  17840   0.32128E-03
  17850   0.32072E-03
  17860   0.32044E-03
  17870   0.32088E-03
  17880   0.32142E-03
  17890   0.32138E-03
  17900   0.32084E-03
  17910   0.32029E-03
  17920   0.32054E-03
  17930   0.32120E-03
  17940   0.32141E-03
  17950   0.32098E-03
  17960   0.32030E-03
  17970   0.32025E-03
  17980   0.32086E-03
  17990   0.32133E-03
  18000   0.32112E-03
  18010   0.32037E-03
  18020   0.32005E-03
  18030   0.32056E-03
  18040   0.32122E-03
  18050   0.32125E-03
  18060   0.32054E-03
  18070   0.32000E-03
  18080   0.32024E-03
  18090   0.32098E-03
  18100   0.32130E-03
  18110   0.32071E-03
  18120   0.32004E-03
  18130   0.32001E-03
  18140   0.32065E-03
  18150   0.32120E-03
  18160   0.32084E-03
  18170   0.32013E-03
  18180   0.31987E-03
  18190   0.32036E-03
  18200   0.32103E-03
  18210   0.32098E-03
  18220   0.32034E-03
  18230   0.31987E-03
  18240   0.32011E-03
  18250   0.32078E-03
  18260   0.32101E-03
  18270   0.32056E-03
  18280   0.31997E-03
  18290   0.31992E-03
  18300   0.32048E-03
  18310   0.32095E-03
  18320   0.32074E-03
  18330   0.32015E-03
  18340   0.31985E-03
  18350   0.32019E-03
  18360   0.32079E-03
  18370   0.32087E-03
  18380   0.32037E-03
  18390   0.31992E-03
  18400   0.31998E-03
  18410   0.32058E-03
  18420   0.32094E-03
  18430   0.32061E-03
  18440   0.32006E-03
  18450   0.31983E-03
  18460   0.32033E-03
  18470   0.32091E-03
  18480   0.32083E-03
  18490   0.32028E-03
  18500   0.31981E-03
  18510   0.32008E-03
  18520   0.32076E-03
  18530   0.32098E-03
  18540   0.32055E-03
  18550   0.31989E-03
  18560   0.31992E-03
  18570   0.32059E-03
  18580   0.32108E-03
  18590   0.32083E-03
  18600   0.32007E-03
  18610   0.31984E-03
  18620   0.32038E-03
  18630   0.32105E-03
  18640   0.32105E-03
  18650   0.32031E-03
  18660   0.31983E-03
  18670   0.32016E-03
  18680   0.32094E-03
  18690   0.32119E-03
  18700   0.32060E-03
  18710   0.31997E-03
  18720   0.32004E-03
  18730   0.32074E-03
  18740   0.32124E-03
  18750   0.32083E-03
  18760   0.32013E-03
  18770   0.31996E-03
  18780   0.32054E-03
  18790   0.32122E-03
  18800   0.32107E-03
  18810   0.32043E-03
  18820   0.32002E-03
  18830   0.32036E-03
  18840   0.32109E-03
  18850   0.32122E-03
  18860   0.32071E-03
  18870   0.32017E-03
  18880   0.32027E-03
  18890   0.32094E-03
  18900   0.32131E-03
  18910   0.32099E-03
  18920   0.32040E-03
  18930   0.32023E-03
  18940   0.32074E-03
  18950   0.32129E-03
  18960   0.32123E-03
  18970   0.32069E-03
  18980   0.32033E-03
  18990   0.32058E-03
  19000   0.32122E-03
  19010   0.32143E-03
  19020   0.32101E-03
  19030   0.32051E-03
  19040   0.32049E-03
  19050   0.32108E-03
  19060   0.32153E-03
  19070   0.32131E-03
  19080   0.32076E-03
  19090   0.32046E-03
  19100   0.32093E-03
  19110   0.32156E-03
  19120   0.32157E-03
  19130   0.32106E-03
  19140   0.32053E-03
  19150   0.32079E-03
  19160   0.32150E-03
  19170   0.32177E-03
  19180   0.32138E-03
  19190   0.32072E-03
  19200   0.32071E-03
  19210   0.32141E-03
  19220   0.32194E-03
  19230   0.32172E-03
  19240   0.32097E-03
  19250   0.32072E-03
  19260   0.32128E-03
  19270   0.32199E-03
  19280   0.32198E-03
  19290   0.32126E-03
  19300   0.32081E-03
  19310   0.32118E-03
  19320   0.32196E-03
  19330   0.32221E-03
  19340   0.32159E-03
  19350   0.32098E-03
  19360   0.32111E-03
  19370   0.32188E-03
  19380   0.32236E-03
  19390   0.32191E-03
  19400   0.32123E-03
  19410   0.32111E-03
  19420   0.32177E-03
  19430   0.32243E-03
  19440   0.32221E-03
  19450   0.32154E-03
  19460   0.32121E-03
  19470   0.32167E-03
  19480   0.32244E-03
  19490   0.32246E-03
  19500   0.32186E-03
  19510   0.32138E-03
  19520   0.32162E-03
  19530   0.32237E-03
  19540   0.32264E-03
  19550   0.32222E-03
  19560   0.32164E-03
  19570   0.32165E-03
  19580   0.32228E-03
  19590   0.32275E-03
  19600   0.32253E-03
  19610   0.32195E-03
  19620   0.32174E-03
  19630   0.32221E-03
  19640   0.32280E-03
  19650   0.32282E-03
  19660   0.32227E-03
  19670   0.32188E-03
  19680   0.32213E-03
  19690   0.32280E-03
  19700   0.32305E-03
  19710   0.32264E-03
  19720   0.32213E-03
  19730   0.32212E-03
  19740   0.32275E-03
  19750   0.32322E-03
  19760   0.32298E-03
  19770   0.32242E-03
  19780   0.32218E-03
  19790   0.32269E-03
  19800   0.32334E-03
  19810   0.32331E-03
  19820   0.32277E-03
  19830   0.32232E-03
  19840   0.32265E-03
  19850   0.32339E-03
  19860   0.32356E-03
  19870   0.32312E-03
  19880   0.32249E-03
  19890   0.32263E-03
  19900   0.32337E-03
  19910   0.32379E-03
  19920   0.32347E-03
  19930   0.32275E-03
  19940   0.32267E-03
  19950   0.32336E-03
  19960   0.32397E-03
  19970   0.32380E-03
  19980   0.32308E-03
  19990   0.32276E-03
  20000   0.32332E-03
