     10   0.10758E-02
     20   0.91580E-03
     30   0.80962E-03
     40   0.73375E-03
     50   0.67626E-03
     60   0.63033E-03
     70   0.59174E-03
     80   0.55824E-03
     90   0.52857E-03
    100   0.50176E-03
    110   0.47710E-03
    120   0.45424E-03
    130   0.43300E-03
    140   0.41307E-03
    150   0.39426E-03
    160   0.37657E-03
    170   0.35992E-03
    180   0.34421E-03
    190   0.32939E-03
    200   0.31539E-03
    210   0.30207E-03
    220   0.28955E-03
    230   0.27780E-03
    240   0.26678E-03
    250   0.25644E-03
    260   0.24679E-03
    270   0.23779E-03
    280   0.22938E-03
    290   0.22152E-03
    300   0.21421E-03
    310   0.20736E-03
    320   0.20100E-03
    330   0.19509E-03
    340   0.18967E-03
    350   0.18471E-03
    360   0.18024E-03
    370   0.17624E-03
    380   0.17271E-03
    390   0.16962E-03
    400   0.16696E-03
    410   0.16466E-03
    420   0.16268E-03
    430   0.16095E-03
    440   0.15939E-03
    450   0.15794E-03
    460   0.15651E-03
    470   0.15508E-03
    480   0.15359E-03
    490   0.15204E-03
    500   0.15038E-03
    510   0.14871E-03
    520   0.14697E-03
    530   0.14520E-03
    540   0.14342E-03
    550   0.14169E-03
    560   0.14004E-03
    570   0.13853E-03
    580   0.13717E-03
    590   0.13599E-03
    600   0.13502E-03
    610   0.13428E-03
    620   0.13374E-03
    630   0.13344E-03
    640   0.13333E-03
    650   0.13341E-03
    660   0.13366E-03
    670   0.13405E-03
    680   0.13456E-03
    690   0.13516E-03
    700   0.13583E-03
    710   0.13653E-03
    720   0.13724E-03
    730   0.13794E-03
    740   0.13859E-03
    750   0.13920E-03
    760   0.13972E-03
    770   0.14015E-03
    780   0.14048E-03
    790   0.14070E-03
    800   0.14078E-03
    810   0.14076E-03
    820   0.14061E-03
    830   0.14033E-03
    840   0.13993E-03
    850   0.13942E-03
    860   0.13880E-03
    870   0.13807E-03
    880   0.13725E-03
    890   0.13634E-03
    900   0.13536E-03
    910   0.13430E-03
    920   0.13320E-03
    930   0.13204E-03
    940   0.13086E-03
    950   0.12965E-03
    960   0.12844E-03
    970   0.12723E-03
    980   0.12604E-03
    990   0.12491E-03
   1000   0.12383E-03
   1010   0.12281E-03
   1020   0.12189E-03
   1030   0.12106E-03
   1040   0.12033E-03
   1050   0.11973E-03
   1060   0.11925E-03
   1070   0.11888E-03
   1080   0.11867E-03
   1090   0.11855E-03
   1100   0.11855E-03
   1110   0.11864E-03
   1120   0.11882E-03
   1130   0.11908E-03
   1140   0.11941E-03
   1150   0.11979E-03
   1160   0.12018E-03
   1170   0.12061E-03
   1180   0.12104E-03
   1190   0.12145E-03
   1200   0.12184E-03
   1210   0.12219E-03
   1220   0.12249E-03
   1230   0.12275E-03
   1240   0.12296E-03
   1250   0.12309E-03
   1260   0.12317E-03
   1270   0.12319E-03
   1280   0.12314E-03
   1290   0.12304E-03
   1300   0.12287E-03
   1310   0.12267E-03
   1320   0.12242E-03
   1330   0.12215E-03
   1340   0.12184E-03
   1350   0.12153E-03
   1360   0.12121E-03
   1370   0.12091E-03
   1380   0.12061E-03
   1390   0.12033E-03
   1400   0.12010E-03
   1410   0.11990E-03
   1420   0.11973E-03
   1430   0.11963E-03
   1440   0.11957E-03
   1450   0.11953E-03
   1460   0.11956E-03
   1470   0.11960E-03
   1480   0.11970E-03
   1490   0.11980E-03
   1500   0.11993E-03
   1510   0.12004E-03
   1520   0.12016E-03
   1530   0.12027E-03
   1540   0.12037E-03
   1550   0.12042E-03
   1560   0.12044E-03
   1570   0.12040E-03
   1580   0.12032E-03
   1590   0.12018E-03
   1600   0.11999E-03
   1610   0.11972E-03
   1620   0.11941E-03
   1630   0.11902E-03
   1640   0.11858E-03
   1650   0.11808E-03
   1660   0.11754E-03
   1670   0.11695E-03
   1680   0.11632E-03
   1690   0.11565E-03
   1700   0.11498E-03
   1710   0.11430E-03
   1720   0.11360E-03
   1730   0.11293E-03
   1740   0.11227E-03
   1750   0.11164E-03
   1760   0.11107E-03
   1770   0.11055E-03
   1780   0.11010E-03
   1790   0.10972E-03
   1800   0.10943E-03
   1810   0.10923E-03
   1820   0.10912E-03
   1830   0.10914E-03
   1840   0.10925E-03
   1850   0.10949E-03
   1860   0.10984E-03
   1870   0.11029E-03
   1880   0.11088E-03
   1890   0.11156E-03
   1900   0.11235E-03
   1910   0.11325E-03
   1920   0.11423E-03
   1930   0.11529E-03
   1940   0.11642E-03
   1950   0.11763E-03
   1960   0.11889E-03
   1970   0.12019E-03
   1980   0.12153E-03
   1990   0.12290E-03
   2000   0.12428E-03
   2010   0.12568E-03
   2020   0.12708E-03
   2030   0.12846E-03
   2040   0.12985E-03
   2050   0.13121E-03
   2060   0.13255E-03
   2070   0.13385E-03
   2080   0.13513E-03
   2090   0.13640E-03
   2100   0.13760E-03
   2110   0.13876E-03
   2120   0.13987E-03
   2130   0.14095E-03
   2140   0.14197E-03
   2150   0.14295E-03
   2160   0.14389E-03
   2170   0.14476E-03
   2180   0.14559E-03
   2190   0.14637E-03
   2200   0.14709E-03
   2210   0.14776E-03
   2220   0.14837E-03
   2230   0.14892E-03
   2240   0.14941E-03
   2250   0.14988E-03
   2260   0.15027E-03
   2270   0.15061E-03
   2280   0.15090E-03
   2290   0.15112E-03
   2300   0.15128E-03
   2310   0.15140E-03
   2320   0.15147E-03
   2330   0.15149E-03
   2340   0.15142E-03
   2350   0.15133E-03
   2360   0.15117E-03
   2370   0.15099E-03
   2380   0.15073E-03
   2390   0.15045E-03
   2400   0.15009E-03
   2410   0.14972E-03
   2420   0.14927E-03
   2430   0.14880E-03
   2440   0.14829E-03
   2450   0.14773E-03
   2460   0.14714E-03
   2470   0.14650E-03
   2480   0.14582E-03
   2490   0.14514E-03
   2500   0.14441E-03
   2510   0.14363E-03
   2520   0.14285E-03
   2530   0.14202E-03
   2540   0.14119E-03
   2550   0.14032E-03
   2560   0.13944E-03
   2570   0.13852E-03
   2580   0.13758E-03
   2590   0.13662E-03
   2600   0.13566E-03
   2610   0.13464E-03
   2620   0.13362E-03
   2630   0.13260E-03
   2640   0.13155E-03
   2650   0.13049E-03
   2660   0.12940E-03
   2670   0.12833E-03
   2680   0.12720E-03
   2690   0.12609E-03
   2700   0.12495E-03
   2710   0.12381E-03
   2720   0.12268E-03
   2730   0.12149E-03
   2740   0.12032E-03
   2750   0.11916E-03
   2760   0.11796E-03
   2770   0.11677E-03
   2780   0.11558E-03
   2790   0.11437E-03
   2800   0.11316E-03
   2810   0.11197E-03
   2820   0.11077E-03
   2830   0.10957E-03
   2840   0.10836E-03
   2850   0.10719E-03
   2860   0.10601E-03
   2870   0.10481E-03
   2880   0.10366E-03
   2890   0.10252E-03
   2900   0.10134E-03
   2910   0.10023E-03
   2920   0.99115E-04
   2930   0.98014E-04
   2940   0.96928E-04
   2950   0.95851E-04
   2960   0.94826E-04
   2970   0.93782E-04
   2980   0.92789E-04
   2990   0.91795E-04
   3000   0.90825E-04
   3010   0.89881E-04
   3020   0.88956E-04
   3030   0.88046E-04
   3040   0.87175E-04
   3050   0.86310E-04
   3060   0.85478E-04
   3070   0.84670E-04
   3080   0.83863E-04
   3090   0.83087E-04
   3100   0.82334E-04
   3110   0.81606E-04
   3120   0.80878E-04
   3130   0.80174E-04
   3140   0.79509E-04
   3150   0.78831E-04
   3160   0.78211E-04
   3170   0.77562E-04
   3180   0.76960E-04
   3190   0.76353E-04
   3200   0.75781E-04
   3210   0.75206E-04
   3220   0.74666E-04
   3230   0.74092E-04
   3240   0.73583E-04
   3250   0.73071E-04
   3260   0.72552E-04
   3270   0.72076E-04
   3280   0.71609E-04
   3290   0.71141E-04
   3300   0.70681E-04
   3310   0.70233E-04
   3320   0.69801E-04
   3330   0.69372E-04
   3340   0.68950E-04
   3350   0.68562E-04
   3360   0.68165E-04
   3370   0.67769E-04
   3380   0.67398E-04
   3390   0.67029E-04
   3400   0.66670E-04
   3410   0.66337E-04
   3420   0.65991E-04
   3430   0.65636E-04
   3440   0.65330E-04
   3450   0.65026E-04
   3460   0.64716E-04
   3470   0.64407E-04
   3480   0.64135E-04
   3490   0.63849E-04
   3500   0.63590E-04
   3510   0.63318E-04
   3520   0.63074E-04
   3530   0.62831E-04
   3540   0.62588E-04
   3550   0.62361E-04
   3560   0.62126E-04
   3570   0.61923E-04
   3580   0.61718E-04
   3590   0.61517E-04
   3600   0.61346E-04
   3610   0.61148E-04
   3620   0.60963E-04
   3630   0.60787E-04
   3640   0.60646E-04
   3650   0.60476E-04
   3660   0.60333E-04
   3670   0.60181E-04
   3680   0.60031E-04
   3690   0.59915E-04
   3700   0.59813E-04
   3710   0.59656E-04
   3720   0.59542E-04
   3730   0.59435E-04
   3740   0.59331E-04
   3750   0.59234E-04
   3760   0.59130E-04
   3770   0.59049E-04
   3780   0.58957E-04
   3790   0.58883E-04
   3800   0.58807E-04
   3810   0.58744E-04
   3820   0.58675E-04
   3830   0.58620E-04
   3840   0.58572E-04
   3850   0.58528E-04
   3860   0.58482E-04
   3870   0.58431E-04
   3880   0.58402E-04
   3890   0.58367E-04
   3900   0.58356E-04
   3910   0.58314E-04
   3920   0.58311E-04
   3930   0.58300E-04
   3940   0.58295E-04
   3950   0.58300E-04
   3960   0.58300E-04
   3970   0.58310E-04
   3980   0.58331E-04
   3990   0.58346E-04
   4000   0.58363E-04
   4010   0.58390E-04
   4020   0.58422E-04
   4030   0.58445E-04
   4040   0.58489E-04
   4050   0.58523E-04
   4060   0.58580E-04
   4070   0.58645E-04
   4080   0.58686E-04
   4090   0.58735E-04
   4100   0.58796E-04
   4110   0.58850E-04
   4120   0.58901E-04
   4130   0.58994E-04
   4140   0.59065E-04
   4150   0.59139E-04
   4160   0.59212E-04
   4170   0.59273E-04
   4180   0.59374E-04
   4190   0.59442E-04
   4200   0.59537E-04
   4210   0.59629E-04
   4220   0.59704E-04
   4230   0.59803E-04
   4240   0.59877E-04
   4250   0.59981E-04
   4260   0.60069E-04
   4270   0.60160E-04
   4280   0.60246E-04
   4290   0.60340E-04
   4300   0.60441E-04
   4310   0.60514E-04
   4320   0.60609E-04
   4330   0.60691E-04
   4340   0.60782E-04
   4350   0.60871E-04
   4360   0.60949E-04
   4370   0.61033E-04
   4380   0.61119E-04
   4390   0.61192E-04
   4400   0.61273E-04
   4410   0.61345E-04
   4420   0.61418E-04
   4430   0.61481E-04
   4440   0.61541E-04
   4450   0.61609E-04
   4460   0.61669E-04
   4470   0.61717E-04
   4480   0.61774E-04
   4490   0.61820E-04
   4500   0.61864E-04
   4510   0.61904E-04
   4520   0.61945E-04
   4530   0.61976E-04
   4540   0.61994E-04
   4550   0.62027E-04
   4560   0.62046E-04
   4570   0.62057E-04
   4580   0.62074E-04
   4590   0.62085E-04
   4600   0.62083E-04
   4610   0.62081E-04
   4620   0.62076E-04
   4630   0.62074E-04
   4640   0.62046E-04
   4650   0.62035E-04
   4660   0.62012E-04
   4670   0.61986E-04
   4680   0.61956E-04
   4690   0.61927E-04
   4700   0.61883E-04
   4710   0.61833E-04
   4720   0.61790E-04
   4730   0.61735E-04
   4740   0.61674E-04
   4750   0.61606E-04
   4760   0.61564E-04
   4770   0.61494E-04
   4780   0.61418E-04
   4790   0.61336E-04
   4800   0.61268E-04
   4810   0.61190E-04
   4820   0.61111E-04
   4830   0.61031E-04
   4840   0.60946E-04
   4850   0.60857E-04
   4860   0.60767E-04
   4870   0.60670E-04
   4880   0.60579E-04
   4890   0.60477E-04
   4900   0.60387E-04
   4910   0.60290E-04
   4920   0.60187E-04
   4930   0.60085E-04
   4940   0.59989E-04
   4950   0.59888E-04
   4960   0.59785E-04
   4970   0.59696E-04
   4980   0.59568E-04
   4990   0.59499E-04
   5000   0.59386E-04
   5010   0.59294E-04
   5020   0.59190E-04
   5030   0.59097E-04
   5040   0.58997E-04
   5050   0.58891E-04
   5060   0.58815E-04
   5070   0.58710E-04
   5080   0.58611E-04
   5090   0.58513E-04
   5100   0.58439E-04
   5110   0.58346E-04
   5120   0.58270E-04
   5130   0.58163E-04
   5140   0.58086E-04
   5150   0.58021E-04
   5160   0.57934E-04
   5170   0.57866E-04
   5180   0.57802E-04
   5190   0.57729E-04
   5200   0.57656E-04
   5210   0.57588E-04
   5220   0.57535E-04
   5230   0.57463E-04
   5240   0.57418E-04
   5250   0.57368E-04
   5260   0.57311E-04
   5270   0.57256E-04
   5280   0.57201E-04
   5290   0.57166E-04
   5300   0.57124E-04
   5310   0.57081E-04
   5320   0.57050E-04
   5330   0.57010E-04
   5340   0.56971E-04
   5350   0.56941E-04
   5360   0.56907E-04
   5370   0.56895E-04
   5380   0.56863E-04
   5390   0.56844E-04
   5400   0.56823E-04
   5410   0.56798E-04
   5420   0.56786E-04
   5430   0.56779E-04
   5440   0.56744E-04
   5450   0.56736E-04
   5460   0.56730E-04
   5470   0.56723E-04
   5480   0.56728E-04
   5490   0.56712E-04
   5500   0.56698E-04
   5510   0.56691E-04
   5520   0.56687E-04
   5530   0.56694E-04
   5540   0.56692E-04
   5550   0.56690E-04
   5560   0.56696E-04
   5570   0.56695E-04
   5580   0.56687E-04
   5590   0.56709E-04
   5600   0.56712E-04
   5610   0.56711E-04
   5620   0.56716E-04
   5630   0.56723E-04
   5640   0.56732E-04
   5650   0.56728E-04
   5660   0.56736E-04
   5670   0.56734E-04
   5680   0.56748E-04
   5690   0.56751E-04
   5700   0.56757E-04
   5710   0.56761E-04
   5720   0.56788E-04
   5730   0.56784E-04
   5740   0.56796E-04
   5750   0.56802E-04
   5760   0.56788E-04
   5770   0.56794E-04
   5780   0.56804E-04
   5790   0.56818E-04
   5800   0.56815E-04
   5810   0.56810E-04
   5820   0.56824E-04
   5830   0.56826E-04
   5840   0.56830E-04
   5850   0.56829E-04
   5860   0.56830E-04
   5870   0.56825E-04
   5880   0.56819E-04
   5890   0.56818E-04
   5900   0.56819E-04
   5910   0.56814E-04
   5920   0.56815E-04
   5930   0.56805E-04
   5940   0.56793E-04
   5950   0.56784E-04
   5960   0.56791E-04
   5970   0.56767E-04
   5980   0.56768E-04
   5990   0.56761E-04
   6000   0.56749E-04
   6010   0.56718E-04
   6020   0.56724E-04
   6030   0.56702E-04
   6040   0.56689E-04
   6050   0.56661E-04
   6060   0.56647E-04
   6070   0.56622E-04
   6080   0.56610E-04
   6090   0.56586E-04
   6100   0.56564E-04
   6110   0.56540E-04
   6120   0.56514E-04
   6130   0.56477E-04
   6140   0.56436E-04
   6150   0.56402E-04
   6160   0.56376E-04
   6170   0.56343E-04
   6180   0.56292E-04
   6190   0.56255E-04
   6200   0.56219E-04
   6210   0.56160E-04
   6220   0.56123E-04
   6230   0.56072E-04
   6240   0.56021E-04
   6250   0.55959E-04
   6260   0.55893E-04
   6270   0.55845E-04
   6280   0.55785E-04
   6290   0.55705E-04
   6300   0.55648E-04
   6310   0.55577E-04
   6320   0.55508E-04
   6330   0.55439E-04
   6340   0.55348E-04
   6350   0.55265E-04
   6360   0.55173E-04
   6370   0.55090E-04
   6380   0.55000E-04
   6390   0.54927E-04
   6400   0.54817E-04
   6410   0.54715E-04
   6420   0.54628E-04
   6430   0.54524E-04
   6440   0.54415E-04
   6450   0.54314E-04
   6460   0.54207E-04
   6470   0.54086E-04
   6480   0.53970E-04
   6490   0.53861E-04
   6500   0.53748E-04
   6510   0.53631E-04
   6520   0.53495E-04
   6530   0.53359E-04
   6540   0.53241E-04
   6550   0.53118E-04
   6560   0.52999E-04
   6570   0.52864E-04
   6580   0.52734E-04
   6590   0.52597E-04
   6600   0.52467E-04
   6610   0.52332E-04
   6620   0.52200E-04
   6630   0.52069E-04
   6640   0.51950E-04
   6650   0.51805E-04
   6660   0.51673E-04
   6670   0.51536E-04
   6680   0.51408E-04
   6690   0.51270E-04
   6700   0.51143E-04
   6710   0.51016E-04
   6720   0.50880E-04
   6730   0.50754E-04
   6740   0.50626E-04
   6750   0.50497E-04
   6760   0.50385E-04
   6770   0.50253E-04
   6780   0.50131E-04
   6790   0.50001E-04
   6800   0.49885E-04
   6810   0.49780E-04
   6820   0.49656E-04
   6830   0.49545E-04
   6840   0.49440E-04
   6850   0.49330E-04
   6860   0.49222E-04
   6870   0.49112E-04
   6880   0.49010E-04
   6890   0.48904E-04
   6900   0.48807E-04
   6910   0.48717E-04
   6920   0.48614E-04
   6930   0.48515E-04
   6940   0.48428E-04
   6950   0.48331E-04
   6960   0.48246E-04
   6970   0.48149E-04
   6980   0.48055E-04
   6990   0.47976E-04
   7000   0.47892E-04
   7010   0.47814E-04
   7020   0.47715E-04
   7030   0.47649E-04
   7040   0.47560E-04
   7050   0.47472E-04
   7060   0.47407E-04
   7070   0.47340E-04
   7080   0.47254E-04
   7090   0.47177E-04
   7100   0.47111E-04
   7110   0.47050E-04
   7120   0.46983E-04
   7130   0.46905E-04
   7140   0.46835E-04
   7150   0.46764E-04
   7160   0.46701E-04
   7170   0.46639E-04
   7180   0.46564E-04
   7190   0.46490E-04
   7200   0.46429E-04
   7210   0.46360E-04
   7220   0.46299E-04
   7230   0.46231E-04
   7240   0.46171E-04
   7250   0.46113E-04
   7260   0.46053E-04
   7270   0.45984E-04
   7280   0.45924E-04
   7290   0.45871E-04
   7300   0.45806E-04
   7310   0.45750E-04
   7320   0.45692E-04
   7330   0.45636E-04
   7340   0.45569E-04
   7350   0.45528E-04
   7360   0.45454E-04
   7370   0.45400E-04
   7380   0.45331E-04
   7390   0.45284E-04
   7400   0.45218E-04
   7410   0.45176E-04
   7420   0.45104E-04
   7430   0.45038E-04
   7440   0.44994E-04
   7450   0.44941E-04
   7460   0.44890E-04
   7470   0.44826E-04
   7480   0.44764E-04
   7490   0.44708E-04
   7500   0.44650E-04
   7510   0.44584E-04
   7520   0.44515E-04
   7530   0.44470E-04
   7540   0.44407E-04
   7550   0.44361E-04
   7560   0.44282E-04
   7570   0.44218E-04
   7580   0.44164E-04
   7590   0.44088E-04
   7600   0.44025E-04
   7610   0.43955E-04
   7620   0.43903E-04
   7630   0.43825E-04
   7640   0.43763E-04
   7650   0.43705E-04
   7660   0.43638E-04
   7670   0.43558E-04
   7680   0.43495E-04
   7690   0.43428E-04
   7700   0.43349E-04
   7710   0.43289E-04
   7720   0.43211E-04
   7730   0.43143E-04
   7740   0.43070E-04
   7750   0.43006E-04
   7760   0.42913E-04
   7770   0.42842E-04
   7780   0.42766E-04
   7790   0.42678E-04
   7800   0.42621E-04
   7810   0.42538E-04
   7820   0.42465E-04
   7830   0.42373E-04
   7840   0.42284E-04
   7850   0.42209E-04
   7860   0.42150E-04
   7870   0.42050E-04
   7880   0.41959E-04
   7890   0.41878E-04
   7900   0.41807E-04
   7910   0.41727E-04
   7920   0.41630E-04
   7930   0.41545E-04
   7940   0.41474E-04
   7950   0.41374E-04
   7960   0.41298E-04
   7970   0.41206E-04
   7980   0.41119E-04
   7990   0.41016E-04
   8000   0.40933E-04
   8010   0.40832E-04
   8020   0.40742E-04
   8030   0.40649E-04
   8040   0.40563E-04
   8050   0.40476E-04
   8060   0.40379E-04
   8070   0.40278E-04
   8080   0.40186E-04
   8090   0.40088E-04
   8100   0.39988E-04
   8110   0.39910E-04
   8120   0.39810E-04
   8130   0.39709E-04
   8140   0.39599E-04
   8150   0.39512E-04
   8160   0.39424E-04
   8170   0.39323E-04
   8180   0.39229E-04
   8190   0.39121E-04
   8200   0.39012E-04
   8210   0.38917E-04
   8220   0.38810E-04
   8230   0.38712E-04
   8240   0.38618E-04
   8250   0.38510E-04
   8260   0.38412E-04
   8270   0.38316E-04
   8280   0.38203E-04
   8290   0.38113E-04
   8300   0.38013E-04
   8310   0.37915E-04
   8320   0.37807E-04
   8330   0.37694E-04
   8340   0.37607E-04
   8350   0.37506E-04
   8360   0.37378E-04
   8370   0.37285E-04
   8380   0.37208E-04
   8390   0.37091E-04
   8400   0.36984E-04
   8410   0.36861E-04
   8420   0.36768E-04
   8430   0.36658E-04
   8440   0.36561E-04
   8450   0.36465E-04
   8460   0.36349E-04
   8470   0.36254E-04
   8480   0.36147E-04
   8490   0.36065E-04
   8500   0.35953E-04
   8510   0.35826E-04
   8520   0.35731E-04
   8530   0.35632E-04
   8540   0.35528E-04
   8550   0.35422E-04
   8560   0.35317E-04
   8570   0.35211E-04
   8580   0.35099E-04
   8590   0.35003E-04
   8600   0.34904E-04
   8610   0.34803E-04
   8620   0.34702E-04
   8630   0.34596E-04
   8640   0.34482E-04
   8650   0.34385E-04
   8660   0.34281E-04
   8670   0.34188E-04
   8680   0.34081E-04
   8690   0.33958E-04
   8700   0.33865E-04
   8710   0.33762E-04
   8720   0.33649E-04
   8730   0.33555E-04
   8740   0.33450E-04
   8750   0.33367E-04
   8760   0.33256E-04
   8770   0.33159E-04
   8780   0.33054E-04
   8790   0.32935E-04
   8800   0.32846E-04
   8810   0.32751E-04
   8820   0.32629E-04
   8830   0.32534E-04
   8840   0.32438E-04
   8850   0.32332E-04
   8860   0.32222E-04
   8870   0.32128E-04
   8880   0.32007E-04
   8890   0.31921E-04
   8900   0.31837E-04
   8910   0.31706E-04
   8920   0.31597E-04
   8930   0.31494E-04
   8940   0.31398E-04
   8950   0.31315E-04
   8960   0.31199E-04
   8970   0.31104E-04
   8980   0.30979E-04
   8990   0.30867E-04
   9000   0.30766E-04
   9010   0.30675E-04
   9020   0.30569E-04
   9030   0.30472E-04
   9040   0.30371E-04
   9050   0.30235E-04
   9060   0.30146E-04
   9070   0.30042E-04
   9080   0.29926E-04
   9090   0.29841E-04
   9100   0.29731E-04
   9110   0.29622E-04
   9120   0.29510E-04
   9130   0.29408E-04
   9140   0.29304E-04
   9150   0.29200E-04
   9160   0.29091E-04
   9170   0.28980E-04
   9180   0.28887E-04
   9190   0.28791E-04
   9200   0.28675E-04
   9210   0.28575E-04
   9220   0.28472E-04
   9230   0.28331E-04
   9240   0.28245E-04
   9250   0.28127E-04
   9260   0.28048E-04
   9270   0.27943E-04
   9280   0.27847E-04
   9290   0.27734E-04
   9300   0.27625E-04
   9310   0.27503E-04
   9320   0.27419E-04
   9330   0.27312E-04
   9340   0.27209E-04
   9350   0.27097E-04
   9360   0.26990E-04
   9370   0.26884E-04
   9380   0.26798E-04
   9390   0.26684E-04
   9400   0.26578E-04
   9410   0.26479E-04
   9420   0.26384E-04
   9430   0.26274E-04
   9440   0.26181E-04
   9450   0.26065E-04
   9460   0.25964E-04
   9470   0.25841E-04
   9480   0.25768E-04
   9490   0.25665E-04
   9500   0.25566E-04
   9510   0.25454E-04
   9520   0.25352E-04
   9530   0.25274E-04
   9540   0.25145E-04
   9550   0.25069E-04
   9560   0.24987E-04
   9570   0.24855E-04
   9580   0.24771E-04
   9590   0.24673E-04
   9600   0.24578E-04
   9610   0.24465E-04
   9620   0.24390E-04
   9630   0.24297E-04
   9640   0.24190E-04
   9650   0.24098E-04
   9660   0.24002E-04
   9670   0.23917E-04
   9680   0.23811E-04
   9690   0.23731E-04
   9700   0.23619E-04
   9710   0.23537E-04
   9720   0.23455E-04
   9730   0.23350E-04
   9740   0.23261E-04
   9750   0.23164E-04
   9760   0.23087E-04
   9770   0.23008E-04
   9780   0.22911E-04
   9790   0.22829E-04
   9800   0.22731E-04
   9810   0.22650E-04
   9820   0.22564E-04
   9830   0.22466E-04
   9840   0.22374E-04
   9850   0.22293E-04
   9860   0.22200E-04
   9870   0.22129E-04
   9880   0.22041E-04
   9890   0.21944E-04
   9900   0.21861E-04
   9910   0.21774E-04
   9920   0.21676E-04
   9930   0.21604E-04
   9940   0.21522E-04
   9950   0.21438E-04
   9960   0.21366E-04
   9970   0.21276E-04
   9980   0.21182E-04
   9990   0.21101E-04
  10000   0.21003E-04
  10010   0.20936E-04
  10020   0.20859E-04
  10030   0.20762E-04
  10040   0.20689E-04
  10050   0.20589E-04
  10060   0.20522E-04
  10070   0.20418E-04
  10080   0.20343E-04
  10090   0.20283E-04
  10100   0.20182E-04
  10110   0.20107E-04
  10120   0.20018E-04
  10130   0.19905E-04
  10140   0.19842E-04
  10150   0.19772E-04
  10160   0.19683E-04
  10170   0.19596E-04
  10180   0.19509E-04
  10190   0.19431E-04
  10200   0.19345E-04
  10210   0.19260E-04
  10220   0.19171E-04
  10230   0.19105E-04
  10240   0.19017E-04
  10250   0.18920E-04
  10260   0.18835E-04
  10270   0.18751E-04
  10280   0.18668E-04
  10290   0.18589E-04
  10300   0.18488E-04
  10310   0.18391E-04
  10320   0.18336E-04
  10330   0.18237E-04
  10340   0.18147E-04
  10350   0.18058E-04
  10360   0.17968E-04
  10370   0.17893E-04
  10380   0.17789E-04
  10390   0.17709E-04
  10400   0.17628E-04
  10410   0.17544E-04
  10420   0.17452E-04
  10430   0.17346E-04
  10440   0.17277E-04
  10450   0.17171E-04
  10460   0.17089E-04
  10470   0.17005E-04
  10480   0.16922E-04
  10490   0.16829E-04
  10500   0.16732E-04
  10510   0.16648E-04
  10520   0.16566E-04
  10530   0.16462E-04
  10540   0.16374E-04
  10550   0.16283E-04
  10560   0.16207E-04
  10570   0.16100E-04
  10580   0.16016E-04
  10590   0.15930E-04
  10600   0.15833E-04
  10610   0.15731E-04
  10620   0.15633E-04
  10630   0.15548E-04
  10640   0.15471E-04
  10650   0.15355E-04
  10660   0.15275E-04
  10670   0.15177E-04
  10680   0.15098E-04
  10690   0.15013E-04
  10700   0.14909E-04
  10710   0.14831E-04
  10720   0.14724E-04
  10730   0.14628E-04
  10740   0.14538E-04
  10750   0.14448E-04
  10760   0.14357E-04
  10770   0.14257E-04
  10780   0.14178E-04
  10790   0.14065E-04
  10800   0.13994E-04
  10810   0.13900E-04
  10820   0.13808E-04
  10830   0.13720E-04
  10840   0.13622E-04
  10850   0.13542E-04
  10860   0.13460E-04
  10870   0.13359E-04
  10880   0.13285E-04
  10890   0.13193E-04
  10900   0.13114E-04
  10910   0.13017E-04
  10920   0.12929E-04
  10930   0.12837E-04
  10940   0.12734E-04
  10950   0.12679E-04
  10960   0.12579E-04
  10970   0.12496E-04
  10980   0.12397E-04
  10990   0.12319E-04
  11000   0.12239E-04
  11010   0.12158E-04
  11020   0.12060E-04
  11030   0.11999E-04
  11040   0.11892E-04
  11050   0.11827E-04
  11060   0.11740E-04
  11070   0.11652E-04
  11080   0.11578E-04
  11090   0.11501E-04
  11100   0.11417E-04
  11110   0.11341E-04
  11120   0.11240E-04
  11130   0.11184E-04
  11140   0.11096E-04
  11150   0.11014E-04
  11160   0.10938E-04
  11170   0.10865E-04
  11180   0.10790E-04
  11190   0.10713E-04
  11200   0.10634E-04
  11210   0.10558E-04
  11220   0.10493E-04
  11230   0.10410E-04
  11240   0.10341E-04
  11250   0.10256E-04
  11260   0.10184E-04
  11270   0.10107E-04
  11280   0.10040E-04
  11290   0.99643E-05
  11300   0.99002E-05
  11310   0.98264E-05
  11320   0.97549E-05
  11330   0.96804E-05
  11340   0.96049E-05
  11350   0.95532E-05
  11360   0.94732E-05
  11370   0.93927E-05
  11380   0.93259E-05
  11390   0.92605E-05
  11400   0.91740E-05
  11410   0.91186E-05
  11420   0.90412E-05
  11430   0.89607E-05
  11440   0.89112E-05
  11450   0.88248E-05
  11460   0.87683E-05
  11470   0.87027E-05
  11480   0.86418E-05
  11490   0.85841E-05
  11500   0.85021E-05
  11510   0.84295E-05
  11520   0.83621E-05
  11530   0.82965E-05
  11540   0.82459E-05
  11550   0.81779E-05
  11560   0.81113E-05
  11570   0.80408E-05
  11580   0.79764E-05
  11590   0.79027E-05
  11600   0.78448E-05
  11610   0.77841E-05
  11620   0.77358E-05
  11630   0.76741E-05
  11640   0.76175E-05
  11650   0.75379E-05
  11660   0.74693E-05
  11670   0.74130E-05
  11680   0.73701E-05
  11690   0.73102E-05
  11700   0.72325E-05
  11710   0.71922E-05
  11720   0.71323E-05
  11730   0.70742E-05
  11740   0.70092E-05
  11750   0.69426E-05
  11760   0.68901E-05
  11770   0.68289E-05
  11780   0.67794E-05
  11790   0.67251E-05
  11800   0.66794E-05
  11810   0.66215E-05
  11820   0.65638E-05
  11830   0.65199E-05
  11840   0.64540E-05
  11850   0.64033E-05
  11860   0.63450E-05
  11870   0.62965E-05
  11880   0.62365E-05
  11890   0.61888E-05
  11900   0.61349E-05
  11910   0.60918E-05
  11920   0.60288E-05
  11930   0.59839E-05
  11940   0.59492E-05
  11950   0.59014E-05
  11960   0.58370E-05
  11970   0.57823E-05
  11980   0.57268E-05
  11990   0.56864E-05
  12000   0.56513E-05
  12010   0.55992E-05
  12020   0.55531E-05
  12030   0.55057E-05
  12040   0.54606E-05
  12050   0.54190E-05
  12060   0.53708E-05
  12070   0.53210E-05
  12080   0.52763E-05
  12090   0.52343E-05
  12100   0.51995E-05
  12110   0.51524E-05
  12120   0.51195E-05
  12130   0.50683E-05
  12140   0.50338E-05
  12150   0.49904E-05
  12160   0.49491E-05
  12170   0.49105E-05
  12180   0.48655E-05
  12190   0.48357E-05
  12200   0.48044E-05
  12210   0.47591E-05
  12220   0.47150E-05
  12230   0.46772E-05
  12240   0.46529E-05
  12250   0.46230E-05
  12260   0.45781E-05
  12270   0.45512E-05
  12280   0.45117E-05
  12290   0.44744E-05
  12300   0.44439E-05
  12310   0.44146E-05
  12320   0.43795E-05
  12330   0.43625E-05
  12340   0.43203E-05
  12350   0.42939E-05
  12360   0.42571E-05
  12370   0.42385E-05
  12380   0.42083E-05
  12390   0.41691E-05
  12400   0.41274E-05
  12410   0.41160E-05
  12420   0.40908E-05
  12430   0.40585E-05
  12440   0.40312E-05
  12450   0.40021E-05
  12460   0.39742E-05
  12470   0.39519E-05
  12480   0.39127E-05
  12490   0.39016E-05
  12500   0.38759E-05
  12510   0.38553E-05
  12520   0.38261E-05
  12530   0.38195E-05
  12540   0.37838E-05
  12550   0.37620E-05
  12560   0.37361E-05
  12570   0.37116E-05
  12580   0.36982E-05
  12590   0.36700E-05
  12600   0.36479E-05
  12610   0.36357E-05
  12620   0.36171E-05
  12630   0.36011E-05
  12640   0.35814E-05
  12650   0.35623E-05
  12660   0.35338E-05
  12670   0.35122E-05
  12680   0.35028E-05
  12690   0.34910E-05
  12700   0.34638E-05
  12710   0.34524E-05
  12720   0.34351E-05
  12730   0.34138E-05
  12740   0.33984E-05
  12750   0.33861E-05
  12760   0.33715E-05
  12770   0.33584E-05
  12780   0.33427E-05
  12790   0.33404E-05
  12800   0.33226E-05
  12810   0.33096E-05
  12820   0.32927E-05
  12830   0.32845E-05
  12840   0.32795E-05
  12850   0.32750E-05
  12860   0.32683E-05
  12870   0.32491E-05
  12880   0.32331E-05
  12890   0.32192E-05
  12900   0.32174E-05
  12910   0.32148E-05
  12920   0.32018E-05
  12930   0.31880E-05
  12940   0.31850E-05
  12950   0.31775E-05
  12960   0.31596E-05
  12970   0.31550E-05
  12980   0.31428E-05
  12990   0.31420E-05
  13000   0.31440E-05
  13010   0.31346E-05
  13020   0.31249E-05
  13030   0.31306E-05
  13040   0.31365E-05
  13050   0.31298E-05
  13060   0.31260E-05
  13070   0.31180E-05
  13080   0.31144E-05
  13090   0.31049E-05
  13100   0.30951E-05
  13110   0.30895E-05
  13120   0.30938E-05
  13130   0.30888E-05
  13140   0.30834E-05
  13150   0.30903E-05
  13160   0.30951E-05
  13170   0.30906E-05
  13180   0.30898E-05
  13190   0.30929E-05
  13200   0.30914E-05
  13210   0.30911E-05
  13220   0.30813E-05
  13230   0.30840E-05
  13240   0.30848E-05
  13250   0.30918E-05
  13260   0.30896E-05
  13270   0.30888E-05
  13280   0.30971E-05
  13290   0.30983E-05
  13300   0.30980E-05
  13310   0.30974E-05
  13320   0.31072E-05
  13330   0.31032E-05
  13340   0.31093E-05
  13350   0.31066E-05
  13360   0.31158E-05
  13370   0.31166E-05
  13380   0.31115E-05
  13390   0.31196E-05
  13400   0.31153E-05
  13410   0.31246E-05
  13420   0.31358E-05
  13430   0.31507E-05
  13440   0.31551E-05
  13450   0.31517E-05
  13460   0.31614E-05
  13470   0.31765E-05
  13480   0.31781E-05
  13490   0.31789E-05
  13500   0.32004E-05
  13510   0.31898E-05
  13520   0.32047E-05
  13530   0.32062E-05
  13540   0.32245E-05
  13550   0.32429E-05
  13560   0.32449E-05
  13570   0.32421E-05
  13580   0.32505E-05
  13590   0.32578E-05
  13600   0.32684E-05
  13610   0.32803E-05
  13620   0.32865E-05
  13630   0.32885E-05
  13640   0.32976E-05
  13650   0.32915E-05
  13660   0.32923E-05
  13670   0.32997E-05
  13680   0.33104E-05
  13690   0.33223E-05
  13700   0.33349E-05
  13710   0.33641E-05
  13720   0.33642E-05
  13730   0.33748E-05
  13740   0.33730E-05
  13750   0.33948E-05
  13760   0.33959E-05
  13770   0.34005E-05
  13780   0.34049E-05
  13790   0.34068E-05
  13800   0.34240E-05
  13810   0.34369E-05
  13820   0.34516E-05
  13830   0.34581E-05
  13840   0.34664E-05
  13850   0.34852E-05
  13860   0.34849E-05
  13870   0.35015E-05
  13880   0.35061E-05
  13890   0.35173E-05
  13900   0.35225E-05
  13910   0.35369E-05
  13920   0.35413E-05
  13930   0.35455E-05
  13940   0.35506E-05
  13950   0.35740E-05
  13960   0.35840E-05
  13970   0.36116E-05
  13980   0.36110E-05
  13990   0.36106E-05
  14000   0.36305E-05
  14010   0.36250E-05
  14020   0.36438E-05
  14030   0.36575E-05
  14040   0.36450E-05
  14050   0.36628E-05
  14060   0.36691E-05
  14070   0.36803E-05
  14080   0.37039E-05
  14090   0.37064E-05
  14100   0.37224E-05
  14110   0.37257E-05
  14120   0.37326E-05
  14130   0.37402E-05
  14140   0.37592E-05
  14150   0.37710E-05
  14160   0.37827E-05
  14170   0.37881E-05
  14180   0.37902E-05
  14190   0.38138E-05
  14200   0.38186E-05
  14210   0.38283E-05
  14220   0.38390E-05
  14230   0.38428E-05
  14240   0.38604E-05
  14250   0.38785E-05
  14260   0.38834E-05
  14270   0.38847E-05
  14280   0.39123E-05
  14290   0.39142E-05
  14300   0.39212E-05
  14310   0.39277E-05
  14320   0.39447E-05
  14330   0.39502E-05
  14340   0.39636E-05
  14350   0.39946E-05
  14360   0.40013E-05
  14370   0.40121E-05
  14380   0.40163E-05
  14390   0.40282E-05
  14400   0.40332E-05
  14410   0.40444E-05
  14420   0.40527E-05
  14430   0.40771E-05
  14440   0.40880E-05
  14450   0.40839E-05
  14460   0.40814E-05
  14470   0.40897E-05
  14480   0.41029E-05
  14490   0.41339E-05
  14500   0.41258E-05
  14510   0.41644E-05
  14520   0.41683E-05
  14530   0.41793E-05
  14540   0.41689E-05
  14550   0.41791E-05
  14560   0.41933E-05
  14570   0.42013E-05
  14580   0.42177E-05
  14590   0.42209E-05
  14600   0.42371E-05
  14610   0.42334E-05
  14620   0.42482E-05
  14630   0.42712E-05
  14640   0.42826E-05
  14650   0.42874E-05
  14660   0.42912E-05
  14670   0.43036E-05
  14680   0.43146E-05
  14690   0.43185E-05
  14700   0.43387E-05
  14710   0.43320E-05
  14720   0.43292E-05
  14730   0.43595E-05
  14740   0.43797E-05
  14750   0.43661E-05
  14760   0.43665E-05
  14770   0.43867E-05
  14780   0.43956E-05
  14790   0.43931E-05
  14800   0.44104E-05
  14810   0.44126E-05
  14820   0.44217E-05
  14830   0.44304E-05
  14840   0.44353E-05
  14850   0.44491E-05
  14860   0.44486E-05
  14870   0.44746E-05
  14880   0.44781E-05
  14890   0.44739E-05
  14900   0.44848E-05
  14910   0.44801E-05
  14920   0.44917E-05
  14930   0.45047E-05
  14940   0.45204E-05
  14950   0.45313E-05
  14960   0.45361E-05
  14970   0.45445E-05
  14980   0.45515E-05
  14990   0.45458E-05
  15000   0.45490E-05
  15010   0.45755E-05
  15020   0.45821E-05
  15030   0.45899E-05
  15040   0.45898E-05
  15050   0.45992E-05
  15060   0.46059E-05
  15070   0.46024E-05
  15080   0.46266E-05
  15090   0.46250E-05
  15100   0.46434E-05
  15110   0.46451E-05
  15120   0.46357E-05
  15130   0.46399E-05
  15140   0.46556E-05
  15150   0.46790E-05
  15160   0.46741E-05
  15170   0.46813E-05
  15180   0.46847E-05
  15190   0.46965E-05
  15200   0.46877E-05
  15210   0.47153E-05
  15220   0.47029E-05
  15230   0.47118E-05
  15240   0.47324E-05
  15250   0.47300E-05
  15260   0.47367E-05
  15270   0.47584E-05
  15280   0.47728E-05
  15290   0.47721E-05
  15300   0.47819E-05
  15310   0.47761E-05
  15320   0.47724E-05
  15330   0.47776E-05
  15340   0.48061E-05
  15350   0.48026E-05
  15360   0.48129E-05
  15370   0.48227E-05
  15380   0.48257E-05
  15390   0.48439E-05
  15400   0.48434E-05
  15410   0.48704E-05
  15420   0.48517E-05
  15430   0.48604E-05
  15440   0.48832E-05
  15450   0.49009E-05
  15460   0.49008E-05
  15470   0.48989E-05
  15480   0.49130E-05
  15490   0.49180E-05
  15500   0.49281E-05
  15510   0.49444E-05
  15520   0.49475E-05
  15530   0.49522E-05
  15540   0.49721E-05
  15550   0.49959E-05
  15560   0.49911E-05
  15570   0.50032E-05
  15580   0.50289E-05
  15590   0.50302E-05
  15600   0.50371E-05
  15610   0.50444E-05
  15620   0.50441E-05
  15630   0.50644E-05
  15640   0.50929E-05
  15650   0.51022E-05
  15660   0.51136E-05
  15670   0.51214E-05
  15680   0.51369E-05
  15690   0.51533E-05
  15700   0.51612E-05
  15710   0.51737E-05
  15720   0.51972E-05
  15730   0.52065E-05
  15740   0.52350E-05
  15750   0.52495E-05
  15760   0.52642E-05
  15770   0.52862E-05
  15780   0.53045E-05
  15790   0.52994E-05
  15800   0.53236E-05
  15810   0.53396E-05
  15820   0.53741E-05
  15830   0.53889E-05
  15840   0.54049E-05
  15850   0.54196E-05
  15860   0.54511E-05
  15870   0.54836E-05
  15880   0.55080E-05
  15890   0.55180E-05
  15900   0.55411E-05
  15910   0.55607E-05
  15920   0.55864E-05
  15930   0.56203E-05
  15940   0.56367E-05
  15950   0.56527E-05
  15960   0.56784E-05
  15970   0.57189E-05
  15980   0.57384E-05
  15990   0.57740E-05
  16000   0.58037E-05
  16010   0.58183E-05
  16020   0.58681E-05
  16030   0.59015E-05
  16040   0.59235E-05
  16050   0.59541E-05
  16060   0.59831E-05
  16070   0.60190E-05
  16080   0.60563E-05
  16090   0.60848E-05
  16100   0.61253E-05
  16110   0.61340E-05
  16120   0.61751E-05
  16130   0.62238E-05
  16140   0.62547E-05
  16150   0.63015E-05
  16160   0.63082E-05
  16170   0.63604E-05
  16180   0.64006E-05
  16190   0.64229E-05
  16200   0.64707E-05
  16210   0.65135E-05
  16220   0.65483E-05
  16230   0.65826E-05
  16240   0.66340E-05
  16250   0.66678E-05
  16260   0.67096E-05
  16270   0.67488E-05
  16280   0.67967E-05
  16290   0.68428E-05
  16300   0.68829E-05
  16310   0.69178E-05
  16320   0.69747E-05
  16330   0.70174E-05
  16340   0.70661E-05
  16350   0.71127E-05
  16360   0.71651E-05
  16370   0.72053E-05
  16380   0.72532E-05
  16390   0.73083E-05
  16400   0.73539E-05
  16410   0.74038E-05
  16420   0.74449E-05
  16430   0.74944E-05
  16440   0.75580E-05
  16450   0.76133E-05
  16460   0.76604E-05
  16470   0.77194E-05
  16480   0.77726E-05
  16490   0.78271E-05
  16500   0.78731E-05
  16510   0.79325E-05
  16520   0.79908E-05
  16530   0.80440E-05
  16540   0.80904E-05
  16550   0.81703E-05
  16560   0.82301E-05
  16570   0.82933E-05
  16580   0.83327E-05
  16590   0.83850E-05
  16600   0.84382E-05
  16610   0.85038E-05
  16620   0.85775E-05
  16630   0.86333E-05
  16640   0.86956E-05
  16650   0.87343E-05
  16660   0.87931E-05
  16670   0.88626E-05
  16680   0.89205E-05
  16690   0.89747E-05
  16700   0.90337E-05
  16710   0.91199E-05
  16720   0.91610E-05
  16730   0.92014E-05
  16740   0.92692E-05
  16750   0.93276E-05
  16760   0.93764E-05
  16770   0.94443E-05
  16780   0.95013E-05
  16790   0.95669E-05
  16800   0.96210E-05
  16810   0.96949E-05
  16820   0.97468E-05
  16830   0.98060E-05
  16840   0.98731E-05
  16850   0.99420E-05
  16860   0.99977E-05
  16870   0.10057E-04
  16880   0.10121E-04
  16890   0.10166E-04
  16900   0.10241E-04
  16910   0.10289E-04
  16920   0.10377E-04
  16930   0.10430E-04
  16940   0.10493E-04
  16950   0.10558E-04
  16960   0.10604E-04
  16970   0.10676E-04
  16980   0.10729E-04
  16990   0.10781E-04
  17000   0.10861E-04
  17010   0.10913E-04
  17020   0.10996E-04
  17030   0.11043E-04
  17040   0.11091E-04
  17050   0.11160E-04
  17060   0.11224E-04
  17070   0.11276E-04
  17080   0.11339E-04
  17090   0.11396E-04
  17100   0.11456E-04
  17110   0.11510E-04
  17120   0.11581E-04
  17130   0.11646E-04
  17140   0.11696E-04
  17150   0.11755E-04
  17160   0.11822E-04
  17170   0.11877E-04
  17180   0.11957E-04
  17190   0.12016E-04
  17200   0.12052E-04
  17210   0.12124E-04
  17220   0.12164E-04
  17230   0.12228E-04
  17240   0.12290E-04
  17250   0.12353E-04
  17260   0.12409E-04
  17270   0.12459E-04
  17280   0.12525E-04
  17290   0.12588E-04
  17300   0.12637E-04
  17310   0.12691E-04
  17320   0.12745E-04
  17330   0.12817E-04
  17340   0.12877E-04
  17350   0.12932E-04
  17360   0.12990E-04
  17370   0.13053E-04
  17380   0.13101E-04
  17390   0.13169E-04
  17400   0.13233E-04
  17410   0.13284E-04
  17420   0.13358E-04
  17430   0.13428E-04
  17440   0.13478E-04
  17450   0.13534E-04
  17460   0.13604E-04
  17470   0.13670E-04
  17480   0.13741E-04
  17490   0.13776E-04
  17500   0.13850E-04
  17510   0.13912E-04
  17520   0.13974E-04
  17530   0.14046E-04
  17540   0.14106E-04
  17550   0.14186E-04
  17560   0.14238E-04
  17570   0.14294E-04
  17580   0.14378E-04
  17590   0.14433E-04
  17600   0.14508E-04
  17610   0.14567E-04
  17620   0.14643E-04
  17630   0.14713E-04
  17640   0.14777E-04
  17650   0.14849E-04
  17660   0.14907E-04
  17670   0.14979E-04
  17680   0.15057E-04
  17690   0.15130E-04
  17700   0.15207E-04
  17710   0.15279E-04
  17720   0.15335E-04
  17730   0.15408E-04
  17740   0.15490E-04
  17750   0.15559E-04
  17760   0.15639E-04
  17770   0.15704E-04
  17780   0.15772E-04
  17790   0.15857E-04
  17800   0.15929E-04
  17810   0.16006E-04
  17820   0.16087E-04
  17830   0.16164E-04
  17840   0.16248E-04
  17850   0.16324E-04
  17860   0.16403E-04
  17870   0.16475E-04
  17880   0.16557E-04
  17890   0.16649E-04
  17900   0.16726E-04
  17910   0.16807E-04
  17920   0.16895E-04
  17930   0.16979E-04
  17940   0.17068E-04
  17950   0.17155E-04
  17960   0.17241E-04
  17970   0.17330E-04
  17980   0.17421E-04
  17990   0.17509E-04
  18000   0.17604E-04
  18010   0.17689E-04
  18020   0.17788E-04
  18030   0.17879E-04
  18040   0.17980E-04
  18050   0.18067E-04
  18060   0.18170E-04
  18070   0.18265E-04
  18080   0.18370E-04
  18090   0.18471E-04
  18100   0.18564E-04
  18110   0.18662E-04
  18120   0.18777E-04
  18130   0.18868E-04
  18140   0.18980E-04
  18150   0.19094E-04
  18160   0.19199E-04
  18170   0.19310E-04
  18180   0.19417E-04
  18190   0.19532E-04
  18200   0.19643E-04
  18210   0.19752E-04
  18220   0.19871E-04
  18230   0.19983E-04
  18240   0.20099E-04
  18250   0.20216E-04
  18260   0.20331E-04
  18270   0.20452E-04
  18280   0.20566E-04
  18290   0.20680E-04
  18300   0.20796E-04
  18310   0.20912E-04
  18320   0.21024E-04
  18330   0.21136E-04
  18340   0.21249E-04
  18350   0.21359E-04
  18360   0.21470E-04
  18370   0.21583E-04
  18380   0.21689E-04
  18390   0.21806E-04
  18400   0.21906E-04
  18410   0.22016E-04
  18420   0.22122E-04
  18430   0.22230E-04
  18440   0.22343E-04
  18450   0.22444E-04
  18460   0.22560E-04
  18470   0.22659E-04
  18480   0.22767E-04
  18490   0.22884E-04
  18500   0.22988E-04
  18510   0.23095E-04
  18520   0.23218E-04
  18530   0.23330E-04
  18540   0.23441E-04
  18550   0.23563E-04
  18560   0.23684E-04
  18570   0.23793E-04
  18580   0.23913E-04
  18590   0.24028E-04
  18600   0.24142E-04
  18610   0.24258E-04
  18620   0.24368E-04
  18630   0.24481E-04
  18640   0.24603E-04
  18650   0.24706E-04
  18660   0.24827E-04
  18670   0.24936E-04
  18680   0.25049E-04
  18690   0.25165E-04
  18700   0.25275E-04
  18710   0.25385E-04
  18720   0.25495E-04
  18730   0.25608E-04
  18740   0.25722E-04
  18750   0.25836E-04
  18760   0.25945E-04
  18770   0.26056E-04
  18780   0.26173E-04
  18790   0.26284E-04
  18800   0.26387E-04
  18810   0.26492E-04
  18820   0.26615E-04
  18830   0.26720E-04
  18840   0.26837E-04
  18850   0.26943E-04
  18860   0.27071E-04
  18870   0.27168E-04
  18880   0.27281E-04
  18890   0.27401E-04
  18900   0.27515E-04
  18910   0.27622E-04
  18920   0.27725E-04
  18930   0.27828E-04
  18940   0.27936E-04
  18950   0.28027E-04
  18960   0.28129E-04
  18970   0.28232E-04
  18980   0.28330E-04
  18990   0.28418E-04
  19000   0.28506E-04
  19010   0.28589E-04
  19020   0.28677E-04
  19030   0.28751E-04
  19040   0.28829E-04
  19050   0.28890E-04
  19060   0.28975E-04
  19070   0.29029E-04
  19080   0.29083E-04
  19090   0.29133E-04
  19100   0.29186E-04
  19110   0.29217E-04
  19120   0.29261E-04
  19130   0.29300E-04
  19140   0.29316E-04
  19150   0.29342E-04
  19160   0.29357E-04
  19170   0.29375E-04
  19180   0.29369E-04
  19190   0.29371E-04
  19200   0.29377E-04
  19210   0.29370E-04
  19220   0.29357E-04
  19230   0.29326E-04
  19240   0.29303E-04
  19250   0.29277E-04
  19260   0.29242E-04
  19270   0.29202E-04
  19280   0.29175E-04
  19290   0.29117E-04
  19300   0.29072E-04
  19310   0.29020E-04
  19320   0.28975E-04
  19330   0.28910E-04
  19340   0.28861E-04
  19350   0.28791E-04
  19360   0.28726E-04
  19370   0.28658E-04
  19380   0.28593E-04
  19390   0.28528E-04
  19400   0.28460E-04
  19410   0.28388E-04
  19420   0.28320E-04
  19430   0.28249E-04
  19440   0.28176E-04
  19450   0.28106E-04
  19460   0.28025E-04
  19470   0.27953E-04
  19480   0.27885E-04
  19490   0.27804E-04
  19500   0.27735E-04
  19510   0.27662E-04
  19520   0.27579E-04
  19530   0.27502E-04
  19540   0.27435E-04
  19550   0.27355E-04
  19560   0.27278E-04
  19570   0.27194E-04
  19580   0.27122E-04
  19590   0.27037E-04
  19600   0.26965E-04
  19610   0.26870E-04
  19620   0.26782E-04
  19630   0.26693E-04
  19640   0.26606E-04
  19650   0.26515E-04
  19660   0.26439E-04
  19670   0.26340E-04
  19680   0.26254E-04
  19690   0.26146E-04
  19700   0.26050E-04
  19710   0.25941E-04
  19720   0.25867E-04
  19730   0.25755E-04
  19740   0.25634E-04
  19750   0.25529E-04
  19760   0.25414E-04
  19770   0.25310E-04
  19780   0.25195E-04
  19790   0.25073E-04
  19800   0.24950E-04
  19810   0.24818E-04
  19820   0.24712E-04
  19830   0.24585E-04
  19840   0.24464E-04
  19850   0.24319E-04
  19860   0.24205E-04
  19870   0.24059E-04
  19880   0.23934E-04
  19890   0.23806E-04
  19900   0.23655E-04
  19910   0.23528E-04
  19920   0.23402E-04
  19930   0.23279E-04
  19940   0.23127E-04
  19950   0.22989E-04
  19960   0.22851E-04
  19970   0.22716E-04
  19980   0.22589E-04
  19990   0.22455E-04
  20000   0.22320E-04
