     10   0.13898E-02
     20   0.13406E-02
     30   0.12951E-02
     40   0.12527E-02
     50   0.12135E-02
     60   0.11770E-02
     70   0.11431E-02
     80   0.11116E-02
     90   0.10820E-02
    100   0.10547E-02
    110   0.10272E-02
    120   0.10014E-02
    130   0.97739E-03
    140   0.95493E-03
    150   0.93382E-03
    160   0.91414E-03
    170   0.89566E-03
    180   0.87778E-03
    190   0.86122E-03
    200   0.84560E-03
    210   0.83073E-03
    220   0.81672E-03
    230   0.80344E-03
    240   0.79075E-03
    250   0.77867E-03
    260   0.76700E-03
    270   0.75591E-03
    280   0.74524E-03
    290   0.73483E-03
    300   0.72504E-03
    310   0.71563E-03
    320   0.70654E-03
    330   0.69783E-03
    340   0.68939E-03
    350   0.68122E-03
    360   0.67321E-03
    370   0.66537E-03
    380   0.65790E-03
    390   0.65071E-03
    400   0.64345E-03
    410   0.63662E-03
    420   0.62978E-03
    430   0.62315E-03
    440   0.61672E-03
    450   0.61034E-03
    460   0.60418E-03
    470   0.59818E-03
    480   0.59208E-03
    490   0.58623E-03
    500   0.58072E-03
    510   0.57505E-03
    520   0.56954E-03
    530   0.56412E-03
    540   0.55886E-03
    550   0.55360E-03
    560   0.54837E-03
    570   0.54344E-03
    580   0.53841E-03
    590   0.53351E-03
    600   0.52858E-03
    610   0.52389E-03
    620   0.51910E-03
    630   0.51459E-03
    640   0.50992E-03
    650   0.50546E-03
    660   0.50096E-03
    670   0.49649E-03
    680   0.49226E-03
    690   0.48784E-03
    700   0.48356E-03
    710   0.47942E-03
    720   0.47541E-03
    730   0.47143E-03
    740   0.46733E-03
    750   0.46338E-03
    760   0.45947E-03
    770   0.45554E-03
    780   0.45168E-03
    790   0.44786E-03
    800   0.44408E-03
    810   0.44030E-03
    820   0.43671E-03
    830   0.43304E-03
    840   0.42948E-03
    850   0.42591E-03
    860   0.42238E-03
    870   0.41893E-03
    880   0.41537E-03
    890   0.41201E-03
    900   0.40860E-03
    910   0.40521E-03
    920   0.40192E-03
    930   0.39866E-03
    940   0.39539E-03
    950   0.39239E-03
    960   0.38919E-03
    970   0.38602E-03
    980   0.38288E-03
    990   0.37984E-03
   1000   0.37691E-03
   1010   0.37389E-03
   1020   0.37097E-03
   1030   0.36802E-03
   1040   0.36517E-03
   1050   0.36223E-03
   1060   0.35951E-03
   1070   0.35670E-03
   1080   0.35392E-03
   1090   0.35109E-03
   1100   0.34845E-03
   1110   0.34567E-03
   1120   0.34299E-03
   1130   0.34047E-03
   1140   0.33788E-03
   1150   0.33524E-03
   1160   0.33284E-03
   1170   0.33029E-03
   1180   0.32798E-03
   1190   0.32544E-03
   1200   0.32302E-03
   1210   0.32065E-03
   1220   0.31829E-03
   1230   0.31596E-03
   1240   0.31371E-03
   1250   0.31146E-03
   1260   0.30922E-03
   1270   0.30697E-03
   1280   0.30484E-03
   1290   0.30272E-03
   1300   0.30049E-03
   1310   0.29857E-03
   1320   0.29646E-03
   1330   0.29431E-03
   1340   0.29252E-03
   1350   0.29045E-03
   1360   0.28847E-03
   1370   0.28667E-03
   1380   0.28478E-03
   1390   0.28291E-03
   1400   0.28112E-03
   1410   0.27927E-03
   1420   0.27755E-03
   1430   0.27586E-03
   1440   0.27421E-03
   1450   0.27257E-03
   1460   0.27105E-03
   1470   0.26952E-03
   1480   0.26806E-03
   1490   0.26667E-03
   1500   0.26529E-03
   1510   0.26410E-03
   1520   0.26293E-03
   1530   0.26184E-03
   1540   0.26090E-03
   1550   0.26005E-03
   1560   0.25922E-03
   1570   0.25870E-03
   1580   0.25831E-03
   1590   0.25790E-03
   1600   0.25785E-03
   1610   0.25802E-03
   1620   0.25816E-03
   1630   0.25847E-03
   1640   0.25915E-03
   1650   0.25994E-03
   1660   0.26083E-03
   1670   0.26190E-03
   1680   0.26308E-03
   1690   0.26461E-03
   1700   0.26647E-03
   1710   0.26823E-03
   1720   0.27017E-03
   1730   0.27217E-03
   1740   0.27419E-03
   1750   0.27673E-03
   1760   0.27943E-03
   1770   0.28201E-03
   1780   0.28494E-03
   1790   0.28748E-03
   1800   0.29012E-03
   1810   0.29322E-03
   1820   0.29617E-03
   1830   0.29956E-03
   1840   0.30291E-03
   1850   0.30571E-03
   1860   0.30855E-03
   1870   0.31125E-03
   1880   0.31407E-03
   1890   0.31742E-03
   1900   0.32227E-03
   1910   0.32263E-03
   1920   0.32686E-03
   1930   0.32723E-03
   1940   0.33221E-03
   1950   0.33479E-03
   1960   0.33707E-03
   1970   0.33932E-03
   1980   0.34145E-03
   1990   0.36128E-03
   2000   0.38500E-03
   2010   0.34399E-03
   2020   0.37089E-03
   2030   0.32213E-03
   2040   0.35321E-03
   2050   0.30955E-03
   2060   0.32031E-03
   2070   0.31585E-03
   2080   0.29741E-03
   2090   0.33243E-03
   2100   0.32006E-03
   2110   0.35119E-03
   2120   0.35152E-03
   2130   0.37237E-03
   2140   0.38136E-03
   2150   0.36894E-03
   2160   0.39999E-03
   2170   0.38268E-03
   2180   0.38608E-03
   2190   0.40100E-03
   2200   0.38455E-03
   2210   0.39056E-03
   2220   0.38992E-03
   2230   0.38453E-03
   2240   0.38261E-03
   2250   0.38011E-03
   2260   0.38266E-03
   2270   0.37475E-03
   2280   0.37685E-03
   2290   0.37768E-03
   2300   0.37377E-03
   2310   0.37379E-03
   2320   0.36806E-03
   2330   0.36815E-03
   2340   0.36432E-03
   2350   0.36182E-03
   2360   0.35842E-03
   2370   0.35502E-03
   2380   0.34952E-03
   2390   0.34566E-03
   2400   0.34058E-03
   2410   0.33731E-03
   2420   0.33291E-03
   2430   0.32935E-03
   2440   0.32333E-03
   2450   0.32017E-03
   2460   0.31543E-03
   2470   0.31113E-03
   2480   0.30731E-03
   2490   0.30212E-03
   2500   0.30118E-03
   2510   0.29984E-03
   2520   0.30039E-03
   2530   0.30247E-03
   2540   0.30410E-03
   2550   0.30822E-03
   2560   0.31109E-03
   2570   0.31484E-03
   2580   0.31745E-03
   2590   0.31883E-03
   2600   0.32000E-03
   2610   0.32346E-03
   2620   0.32328E-03
   2630   0.32300E-03
   2640   0.32103E-03
   2650   0.31880E-03
   2660   0.31645E-03
   2670   0.31588E-03
   2680   0.31482E-03
   2690   0.31367E-03
   2700   0.31408E-03
   2710   0.31716E-03
   2720   0.32089E-03
   2730   0.32546E-03
   2740   0.32401E-03
   2750   0.33813E-03
   2760   0.33600E-03
   2770   0.34536E-03
   2780   0.34838E-03
   2790   0.36233E-03
   2800   0.36142E-03
   2810   0.36988E-03
   2820   0.37447E-03
   2830   0.37813E-03
   2840   0.38256E-03
   2850   0.38394E-03
   2860   0.38809E-03
   2870   0.38908E-03
   2880   0.38823E-03
   2890   0.39067E-03
   2900   0.38647E-03
   2910   0.38687E-03
   2920   0.38046E-03
   2930   0.37426E-03
   2940   0.37094E-03
   2950   0.36265E-03
   2960   0.35869E-03
   2970   0.35325E-03
   2980   0.34527E-03
   2990   0.34353E-03
   3000   0.34543E-03
   3010   0.34005E-03
   3020   0.33830E-03
   3030   0.33298E-03
   3040   0.33399E-03
   3050   0.33083E-03
   3060   0.32881E-03
   3070   0.33026E-03
   3080   0.32681E-03
   3090   0.32859E-03
   3100   0.32728E-03
   3110   0.32956E-03
   3120   0.33085E-03
   3130   0.32940E-03
   3140   0.33146E-03
   3150   0.33116E-03
   3160   0.33233E-03
   3170   0.33261E-03
   3180   0.33111E-03
   3190   0.33156E-03
   3200   0.32942E-03
   3210   0.32936E-03
   3220   0.32858E-03
   3230   0.32770E-03
   3240   0.32782E-03
   3250   0.32724E-03
   3260   0.32753E-03
   3270   0.32724E-03
   3280   0.32652E-03
   3290   0.32630E-03
   3300   0.32562E-03
   3310   0.32429E-03
   3320   0.32274E-03
   3330   0.32155E-03
   3340   0.32062E-03
   3350   0.32007E-03
   3360   0.31905E-03
   3370   0.31858E-03
   3380   0.31880E-03
   3390   0.32012E-03
   3400   0.32194E-03
   3410   0.32287E-03
   3420   0.32378E-03
   3430   0.32499E-03
   3440   0.32720E-03
   3450   0.32888E-03
   3460   0.32945E-03
   3470   0.32949E-03
   3480   0.32983E-03
   3490   0.33002E-03
   3500   0.32963E-03
   3510   0.32850E-03
   3520   0.32732E-03
   3530   0.32656E-03
   3540   0.32565E-03
   3550   0.32401E-03
   3560   0.32194E-03
   3570   0.31979E-03
   3580   0.31847E-03
   3590   0.31669E-03
   3600   0.31467E-03
   3610   0.31199E-03
   3620   0.30994E-03
   3630   0.30832E-03
   3640   0.30662E-03
   3650   0.30446E-03
   3660   0.30262E-03
   3670   0.30155E-03
   3680   0.30065E-03
   3690   0.29909E-03
   3700   0.29761E-03
   3710   0.29712E-03
   3720   0.29752E-03
   3730   0.29724E-03
   3740   0.29671E-03
   3750   0.29643E-03
   3760   0.29745E-03
   3770   0.29872E-03
   3780   0.29967E-03
   3790   0.30039E-03
   3800   0.30129E-03
   3810   0.30299E-03
   3820   0.30470E-03
   3830   0.30607E-03
   3840   0.30697E-03
   3850   0.30797E-03
   3860   0.30950E-03
   3870   0.31105E-03
   3880   0.31202E-03
   3890   0.31252E-03
   3900   0.31313E-03
   3910   0.31434E-03
   3920   0.31554E-03
   3930   0.31599E-03
   3940   0.31606E-03
   3950   0.31616E-03
   3960   0.31684E-03
   3970   0.31723E-03
   3980   0.31719E-03
   3990   0.31726E-03
   4000   0.31740E-03
   4010   0.31791E-03
   4020   0.31802E-03
   4030   0.31792E-03
   4040   0.31845E-03
   4050   0.31925E-03
   4060   0.32011E-03
   4070   0.32007E-03
   4080   0.31978E-03
   4090   0.32033E-03
   4100   0.32115E-03
   4110   0.32157E-03
   4120   0.32084E-03
   4130   0.31998E-03
   4140   0.31991E-03
   4150   0.32016E-03
   4160   0.31990E-03
   4170   0.31875E-03
   4180   0.31757E-03
   4190   0.31734E-03
   4200   0.31719E-03
   4210   0.31650E-03
   4220   0.31488E-03
   4230   0.31348E-03
   4240   0.31299E-03
   4250   0.31240E-03
   4260   0.31134E-03
   4270   0.30948E-03
   4280   0.30808E-03
   4290   0.30766E-03
   4300   0.30712E-03
   4310   0.30614E-03
   4320   0.30456E-03
   4330   0.30367E-03
   4340   0.30362E-03
   4350   0.30337E-03
   4360   0.30265E-03
   4370   0.30166E-03
   4380   0.30135E-03
   4390   0.30154E-03
   4400   0.30164E-03
   4410   0.30143E-03
   4420   0.30137E-03
   4430   0.30191E-03
   4440   0.30278E-03
   4450   0.30349E-03
   4460   0.30401E-03
   4470   0.30489E-03
   4480   0.30620E-03
   4490   0.30753E-03
   4500   0.30851E-03
   4510   0.30923E-03
   4520   0.31034E-03
   4530   0.31179E-03
   4540   0.31309E-03
   4550   0.31396E-03
   4560   0.31447E-03
   4570   0.31530E-03
   4580   0.31670E-03
   4590   0.31798E-03
   4600   0.31856E-03
   4610   0.31860E-03
   4620   0.31886E-03
   4630   0.32000E-03
   4640   0.32094E-03
   4650   0.32101E-03
   4660   0.32039E-03
   4670   0.31995E-03
   4680   0.32055E-03
   4690   0.32108E-03
   4700   0.32076E-03
   4710   0.31983E-03
   4720   0.31901E-03
   4730   0.31931E-03
   4740   0.31963E-03
   4750   0.31919E-03
   4760   0.31823E-03
   4770   0.31730E-03
   4780   0.31734E-03
   4790   0.31738E-03
   4800   0.31677E-03
   4810   0.31572E-03
   4820   0.31459E-03
   4830   0.31435E-03
   4840   0.31418E-03
   4850   0.31350E-03
   4860   0.31243E-03
   4870   0.31124E-03
   4880   0.31093E-03
   4890   0.31081E-03
   4900   0.31019E-03
   4910   0.30916E-03
   4920   0.30798E-03
   4930   0.30762E-03
   4940   0.30750E-03
   4950   0.30690E-03
   4960   0.30591E-03
   4970   0.30476E-03
   4980   0.30437E-03
   4990   0.30436E-03
   5000   0.30398E-03
   5010   0.30329E-03
   5020   0.30247E-03
   5030   0.30230E-03
   5040   0.30266E-03
   5050   0.30279E-03
   5060   0.30261E-03
   5070   0.30235E-03
   5080   0.30264E-03
   5090   0.30342E-03
   5100   0.30417E-03
   5110   0.30457E-03
   5120   0.30493E-03
   5130   0.30572E-03
   5140   0.30689E-03
   5150   0.30813E-03
   5160   0.30903E-03
   5170   0.30981E-03
   5180   0.31093E-03
   5190   0.31230E-03
   5200   0.31372E-03
   5210   0.31476E-03
   5220   0.31544E-03
   5230   0.31635E-03
   5240   0.31744E-03
   5250   0.31857E-03
   5260   0.31927E-03
   5270   0.31936E-03
   5280   0.31963E-03
   5290   0.32015E-03
   5300   0.32066E-03
   5310   0.32082E-03
   5320   0.32026E-03
   5330   0.31976E-03
   5340   0.31971E-03
   5350   0.31966E-03
   5360   0.31942E-03
   5370   0.31841E-03
   5380   0.31743E-03
   5390   0.31701E-03
   5400   0.31664E-03
   5410   0.31629E-03
   5420   0.31525E-03
   5430   0.31407E-03
   5440   0.31351E-03
   5450   0.31312E-03
   5460   0.31287E-03
   5470   0.31207E-03
   5480   0.31099E-03
   5490   0.31041E-03
   5500   0.31009E-03
   5510   0.31002E-03
   5520   0.30948E-03
   5530   0.30858E-03
   5540   0.30798E-03
   5550   0.30769E-03
   5560   0.30767E-03
   5570   0.30733E-03
   5580   0.30663E-03
   5590   0.30604E-03
   5600   0.30574E-03
   5610   0.30572E-03
   5620   0.30557E-03
   5630   0.30507E-03
   5640   0.30453E-03
   5650   0.30430E-03
   5660   0.30439E-03
   5670   0.30447E-03
   5680   0.30428E-03
   5690   0.30393E-03
   5700   0.30388E-03
   5710   0.30427E-03
   5720   0.30477E-03
   5730   0.30504E-03
   5740   0.30504E-03
   5750   0.30528E-03
   5760   0.30610E-03
   5770   0.30716E-03
   5780   0.30804E-03
   5790   0.30857E-03
   5800   0.30907E-03
   5810   0.31008E-03
   5820   0.31149E-03
   5830   0.31276E-03
   5840   0.31356E-03
   5850   0.31401E-03
   5860   0.31474E-03
   5870   0.31599E-03
   5880   0.31720E-03
   5890   0.31784E-03
   5900   0.31790E-03
   5910   0.31790E-03
   5920   0.31852E-03
   5930   0.31934E-03
   5940   0.31957E-03
   5950   0.31909E-03
   5960   0.31830E-03
   5970   0.31819E-03
   5980   0.31851E-03
   5990   0.31832E-03
   6000   0.31746E-03
   6010   0.31610E-03
   6020   0.31550E-03
   6030   0.31559E-03
   6040   0.31529E-03
   6050   0.31437E-03
   6060   0.31285E-03
   6070   0.31210E-03
   6080   0.31218E-03
   6090   0.31204E-03
   6100   0.31137E-03
   6110   0.30998E-03
   6120   0.30931E-03
   6130   0.30949E-03
   6140   0.30967E-03
   6150   0.30930E-03
   6160   0.30814E-03
   6170   0.30755E-03
   6180   0.30785E-03
   6190   0.30828E-03
   6200   0.30815E-03
   6210   0.30722E-03
   6220   0.30665E-03
   6230   0.30702E-03
   6240   0.30763E-03
   6250   0.30767E-03
   6260   0.30682E-03
   6270   0.30623E-03
   6280   0.30656E-03
   6290   0.30725E-03
   6300   0.30746E-03
   6310   0.30681E-03
   6320   0.30630E-03
   6330   0.30662E-03
   6340   0.30749E-03
   6350   0.30802E-03
   6360   0.30770E-03
   6370   0.30744E-03
   6380   0.30788E-03
   6390   0.30898E-03
   6400   0.30989E-03
   6410   0.31001E-03
   6420   0.31012E-03
   6430   0.31079E-03
   6440   0.31207E-03
   6450   0.31329E-03
   6460   0.31372E-03
   6470   0.31411E-03
   6480   0.31487E-03
   6490   0.31612E-03
   6500   0.31731E-03
   6510   0.31768E-03
   6520   0.31794E-03
   6530   0.31856E-03
   6540   0.31948E-03
   6550   0.32028E-03
   6560   0.32022E-03
   6570   0.31999E-03
   6580   0.32015E-03
   6590   0.32063E-03
   6600   0.32091E-03
   6610   0.32037E-03
   6620   0.31968E-03
   6630   0.31952E-03
   6640   0.31965E-03
   6650   0.31962E-03
   6660   0.31870E-03
   6670   0.31773E-03
   6680   0.31748E-03
   6690   0.31752E-03
   6700   0.31735E-03
   6710   0.31631E-03
   6720   0.31535E-03
   6730   0.31520E-03
   6740   0.31539E-03
   6750   0.31530E-03
   6760   0.31433E-03
   6770   0.31354E-03
   6780   0.31361E-03
   6790   0.31409E-03
   6800   0.31422E-03
   6810   0.31340E-03
   6820   0.31280E-03
   6830   0.31309E-03
   6840   0.31377E-03
   6850   0.31401E-03
   6860   0.31329E-03
   6870   0.31281E-03
   6880   0.31318E-03
   6890   0.31395E-03
   6900   0.31421E-03
   6910   0.31359E-03
   6920   0.31316E-03
   6930   0.31361E-03
   6940   0.31446E-03
   6950   0.31476E-03
   6960   0.31421E-03
   6970   0.31390E-03
   6980   0.31441E-03
   6990   0.31530E-03
   7000   0.31569E-03
   7010   0.31534E-03
   7020   0.31527E-03
   7030   0.31592E-03
   7040   0.31689E-03
   7050   0.31742E-03
   7060   0.31731E-03
   7070   0.31756E-03
   7080   0.31844E-03
   7090   0.31951E-03
   7100   0.32010E-03
   7110   0.32012E-03
   7120   0.32056E-03
   7130   0.32156E-03
   7140   0.32262E-03
   7150   0.32308E-03
   7160   0.32297E-03
   7170   0.32332E-03
   7180   0.32421E-03
   7190   0.32501E-03
   7200   0.32510E-03
   7210   0.32461E-03
   7220   0.32466E-03
   7230   0.32532E-03
   7240   0.32576E-03
   7250   0.32543E-03
   7260   0.32454E-03
   7270   0.32428E-03
   7280   0.32472E-03
   7290   0.32484E-03
   7300   0.32423E-03
   7310   0.32307E-03
   7320   0.32271E-03
   7330   0.32305E-03
   7340   0.32301E-03
   7350   0.32227E-03
   7360   0.32107E-03
   7370   0.32078E-03
   7380   0.32118E-03
   7390   0.32119E-03
   7400   0.32049E-03
   7410   0.31945E-03
   7420   0.31937E-03
   7430   0.31987E-03
   7440   0.31995E-03
   7450   0.31937E-03
   7460   0.31859E-03
   7470   0.31869E-03
   7480   0.31929E-03
   7490   0.31947E-03
   7500   0.31902E-03
   7510   0.31845E-03
   7520   0.31868E-03
   7530   0.31930E-03
   7540   0.31948E-03
   7550   0.31912E-03
   7560   0.31872E-03
   7570   0.31904E-03
   7580   0.31968E-03
   7590   0.31981E-03
   7600   0.31949E-03
   7610   0.31924E-03
   7620   0.31972E-03
   7630   0.32035E-03
   7640   0.32043E-03
   7650   0.32018E-03
   7660   0.32018E-03
   7670   0.32083E-03
   7680   0.32153E-03
   7690   0.32167E-03
   7700   0.32150E-03
   7710   0.32169E-03
   7720   0.32258E-03
   7730   0.32337E-03
   7740   0.32353E-03
   7750   0.32340E-03
   7760   0.32369E-03
   7770   0.32469E-03
   7780   0.32552E-03
   7790   0.32566E-03
   7800   0.32543E-03
   7810   0.32562E-03
   7820   0.32651E-03
   7830   0.32723E-03
   7840   0.32719E-03
   7850   0.32676E-03
   7860   0.32668E-03
   7870   0.32734E-03
   7880   0.32779E-03
   7890   0.32748E-03
   7900   0.32679E-03
   7910   0.32649E-03
   7920   0.32688E-03
   7930   0.32705E-03
   7940   0.32653E-03
   7950   0.32572E-03
   7960   0.32533E-03
   7970   0.32559E-03
   7980   0.32557E-03
   7990   0.32495E-03
   8000   0.32414E-03
   8010   0.32380E-03
   8020   0.32404E-03
   8030   0.32397E-03
   8040   0.32336E-03
   8050   0.32271E-03
   8060   0.32255E-03
   8070   0.32286E-03
   8080   0.32281E-03
   8090   0.32233E-03
   8100   0.32185E-03
   8110   0.32193E-03
   8120   0.32234E-03
   8130   0.32236E-03
   8140   0.32196E-03
   8150   0.32167E-03
   8160   0.32193E-03
   8170   0.32239E-03
   8180   0.32246E-03
   8190   0.32212E-03
   8200   0.32197E-03
   8210   0.32239E-03
   8220   0.32294E-03
   8230   0.32300E-03
   8240   0.32268E-03
   8250   0.32262E-03
   8260   0.32318E-03
   8270   0.32381E-03
   8280   0.32389E-03
   8290   0.32358E-03
   8300   0.32361E-03
   8310   0.32433E-03
   8320   0.32507E-03
   8330   0.32522E-03
   8340   0.32500E-03
   8350   0.32505E-03
   8360   0.32586E-03
   8370   0.32673E-03
   8380   0.32697E-03
   8390   0.32681E-03
   8400   0.32691E-03
   8410   0.32774E-03
   8420   0.32861E-03
   8430   0.32886E-03
   8440   0.32869E-03
   8450   0.32876E-03
   8460   0.32950E-03
   8470   0.33026E-03
   8480   0.33038E-03
   8490   0.33008E-03
   8500   0.33002E-03
   8510   0.33057E-03
   8520   0.33111E-03
   8530   0.33102E-03
   8540   0.33060E-03
   8550   0.33039E-03
   8560   0.33077E-03
   8570   0.33111E-03
   8580   0.33081E-03
   8590   0.33025E-03
   8600   0.32999E-03
   8610   0.33030E-03
   8620   0.33049E-03
   8630   0.33003E-03
   8640   0.32944E-03
   8650   0.32924E-03
   8660   0.32957E-03
   8670   0.32971E-03
   8680   0.32920E-03
   8690   0.32868E-03
   8700   0.32863E-03
   8710   0.32906E-03
   8720   0.32921E-03
   8730   0.32877E-03
   8740   0.32834E-03
   8750   0.32846E-03
   8760   0.32906E-03
   8770   0.32923E-03
   8780   0.32884E-03
   8790   0.32853E-03
   8800   0.32882E-03
   8810   0.32953E-03
   8820   0.32974E-03
   8830   0.32938E-03
   8840   0.32911E-03
   8850   0.32954E-03
   8860   0.33034E-03
   8870   0.33058E-03
   8880   0.33023E-03
   8890   0.33003E-03
   8900   0.33055E-03
   8910   0.33143E-03
   8920   0.33167E-03
   8930   0.33138E-03
   8940   0.33122E-03
   8950   0.33179E-03
   8960   0.33273E-03
   8970   0.33297E-03
   8980   0.33271E-03
   8990   0.33265E-03
   9000   0.33329E-03
   9010   0.33428E-03
   9020   0.33453E-03
   9030   0.33431E-03
   9040   0.33433E-03
   9050   0.33500E-03
   9060   0.33594E-03
   9070   0.33611E-03
   9080   0.33585E-03
   9090   0.33592E-03
   9100   0.33663E-03
   9110   0.33746E-03
   9120   0.33747E-03
   9130   0.33712E-03
   9140   0.33718E-03
   9150   0.33786E-03
   9160   0.33851E-03
   9170   0.33828E-03
   9180   0.33776E-03
   9190   0.33783E-03
   9200   0.33845E-03
   9210   0.33890E-03
   9220   0.33843E-03
   9230   0.33782E-03
   9240   0.33793E-03
   9250   0.33854E-03
   9260   0.33882E-03
   9270   0.33814E-03
   9280   0.33749E-03
   9290   0.33770E-03
   9300   0.33831E-03
   9310   0.33847E-03
   9320   0.33770E-03
   9330   0.33711E-03
   9340   0.33748E-03
   9350   0.33816E-03
   9360   0.33822E-03
   9370   0.33741E-03
   9380   0.33700E-03
   9390   0.33753E-03
   9400   0.33822E-03
   9410   0.33820E-03
   9420   0.33746E-03
   9430   0.33727E-03
   9440   0.33797E-03
   9450   0.33864E-03
   9460   0.33850E-03
   9470   0.33784E-03
   9480   0.33787E-03
   9490   0.33866E-03
   9500   0.33916E-03
   9510   0.33892E-03
   9520   0.33843E-03
   9530   0.33870E-03
   9540   0.33950E-03
   9550   0.33984E-03
   9560   0.33951E-03
   9570   0.33916E-03
   9580   0.33967E-03
   9590   0.34046E-03
   9600   0.34053E-03
   9610   0.34013E-03
   9620   0.34006E-03
   9630   0.34076E-03
   9640   0.34145E-03
   9650   0.34132E-03
   9660   0.34093E-03
   9670   0.34110E-03
   9680   0.34193E-03
   9690   0.34240E-03
   9700   0.34211E-03
   9710   0.34180E-03
   9720   0.34221E-03
   9730   0.34305E-03
   9740   0.34326E-03
   9750   0.34284E-03
   9760   0.34269E-03
   9770   0.34328E-03
   9780   0.34392E-03
   9790   0.34381E-03
   9800   0.34334E-03
   9810   0.34337E-03
   9820   0.34407E-03
   9830   0.34439E-03
   9840   0.34394E-03
   9850   0.34349E-03
   9860   0.34379E-03
   9870   0.34447E-03
   9880   0.34436E-03
   9890   0.34367E-03
   9900   0.34339E-03
   9910   0.34392E-03
   9920   0.34447E-03
   9930   0.34395E-03
   9940   0.34318E-03
   9950   0.34319E-03
   9960   0.34388E-03
   9970   0.34414E-03
   9980   0.34334E-03
   9990   0.34270E-03
  10000   0.34306E-03
  10010   0.34375E-03
  10020   0.34370E-03
  10030   0.34279E-03
  10040   0.34246E-03
  10050   0.34311E-03
  10060   0.34363E-03
  10070   0.34327E-03
  10080   0.34248E-03
  10090   0.34255E-03
  10100   0.34330E-03
  10110   0.34350E-03
  10120   0.34296E-03
  10130   0.34247E-03
  10140   0.34290E-03
  10150   0.34353E-03
  10160   0.34338E-03
  10170   0.34283E-03
  10180   0.34274E-03
  10190   0.34339E-03
  10200   0.34374E-03
  10210   0.34330E-03
  10220   0.34287E-03
  10230   0.34320E-03
  10240   0.34388E-03
  10250   0.34385E-03
  10260   0.34326E-03
  10270   0.34310E-03
  10280   0.34378E-03
  10290   0.34425E-03
  10300   0.34389E-03
  10310   0.34334E-03
  10320   0.34357E-03
  10330   0.34441E-03
  10340   0.34452E-03
  10350   0.34393E-03
  10360   0.34360E-03
  10370   0.34419E-03
  10380   0.34491E-03
  10390   0.34462E-03
  10400   0.34398E-03
  10410   0.34404E-03
  10420   0.34485E-03
  10430   0.34526E-03
  10440   0.34464E-03
  10450   0.34412E-03
  10460   0.34454E-03
  10470   0.34534E-03
  10480   0.34535E-03
  10490   0.34454E-03
  10500   0.34426E-03
  10510   0.34494E-03
  10520   0.34551E-03
  10530   0.34513E-03
  10540   0.34431E-03
  10550   0.34437E-03
  10560   0.34513E-03
  10570   0.34531E-03
  10580   0.34468E-03
  10590   0.34408E-03
  10600   0.34445E-03
  10610   0.34507E-03
  10620   0.34486E-03
  10630   0.34418E-03
  10640   0.34394E-03
  10650   0.34453E-03
  10660   0.34480E-03
  10670   0.34430E-03
  10680   0.34378E-03
  10690   0.34399E-03
  10700   0.34456E-03
  10710   0.34444E-03
  10720   0.34379E-03
  10730   0.34360E-03
  10740   0.34419E-03
  10750   0.34457E-03
  10760   0.34412E-03
  10770   0.34351E-03
  10780   0.34373E-03
  10790   0.34450E-03
  10800   0.34455E-03
  10810   0.34388E-03
  10820   0.34351E-03
  10830   0.34409E-03
  10840   0.34482E-03
  10850   0.34448E-03
  10860   0.34376E-03
  10870   0.34374E-03
  10880   0.34457E-03
  10890   0.34504E-03
  10900   0.34443E-03
  10910   0.34385E-03
  10920   0.34423E-03
  10930   0.34506E-03
  10940   0.34516E-03
  10950   0.34442E-03
  10960   0.34415E-03
  10970   0.34482E-03
  10980   0.34548E-03
  10990   0.34527E-03
  11000   0.34455E-03
  11010   0.34467E-03
  11020   0.34552E-03
  11030   0.34584E-03
  11040   0.34539E-03
  11050   0.34486E-03
  11060   0.34537E-03
  11070   0.34613E-03
  11080   0.34610E-03
  11090   0.34556E-03
  11100   0.34538E-03
  11110   0.34611E-03
  11120   0.34663E-03
  11130   0.34631E-03
  11140   0.34582E-03
  11150   0.34607E-03
  11160   0.34681E-03
  11170   0.34695E-03
  11180   0.34642E-03
  11190   0.34616E-03
  11200   0.34672E-03
  11210   0.34731E-03
  11220   0.34704E-03
  11230   0.34649E-03
  11240   0.34657E-03
  11250   0.34737E-03
  11260   0.34756E-03
  11270   0.34701E-03
  11280   0.34656E-03
  11290   0.34702E-03
  11300   0.34783E-03
  11310   0.34763E-03
  11320   0.34693E-03
  11330   0.34680E-03
  11340   0.34755E-03
  11350   0.34812E-03
  11360   0.34759E-03
  11370   0.34694E-03
  11380   0.34717E-03
  11390   0.34805E-03
  11400   0.34829E-03
  11410   0.34755E-03
  11420   0.34709E-03
  11430   0.34769E-03
  11440   0.34842E-03
  11450   0.34839E-03
  11460   0.34757E-03
  11470   0.34751E-03
  11480   0.34832E-03
  11490   0.34881E-03
  11500   0.34845E-03
  11510   0.34784E-03
  11520   0.34812E-03
  11530   0.34890E-03
  11540   0.34907E-03
  11550   0.34853E-03
  11560   0.34817E-03
  11570   0.34876E-03
  11580   0.34944E-03
  11590   0.34925E-03
  11600   0.34872E-03
  11610   0.34877E-03
  11620   0.34951E-03
  11630   0.34986E-03
  11640   0.34942E-03
  11650   0.34906E-03
  11660   0.34946E-03
  11670   0.35021E-03
  11680   0.35019E-03
  11690   0.34964E-03
  11700   0.34956E-03
  11710   0.35032E-03
  11720   0.35081E-03
  11730   0.35050E-03
  11740   0.35000E-03
  11750   0.35026E-03
  11760   0.35111E-03
  11770   0.35127E-03
  11780   0.35076E-03
  11790   0.35043E-03
  11800   0.35104E-03
  11810   0.35185E-03
  11820   0.35168E-03
  11830   0.35101E-03
  11840   0.35099E-03
  11850   0.35180E-03
  11860   0.35240E-03
  11870   0.35190E-03
  11880   0.35134E-03
  11890   0.35162E-03
  11900   0.35254E-03
  11910   0.35278E-03
  11920   0.35210E-03
  11930   0.35169E-03
  11940   0.35229E-03
  11950   0.35308E-03
  11960   0.35299E-03
  11970   0.35223E-03
  11980   0.35210E-03
  11990   0.35292E-03
  12000   0.35341E-03
  12010   0.35309E-03
  12020   0.35241E-03
  12030   0.35261E-03
  12040   0.35340E-03
  12050   0.35361E-03
  12060   0.35312E-03
  12070   0.35264E-03
  12080   0.35313E-03
  12090   0.35380E-03
  12100   0.35377E-03
  12110   0.35317E-03
  12120   0.35303E-03
  12130   0.35369E-03
  12140   0.35415E-03
  12150   0.35380E-03
  12160   0.35329E-03
  12170   0.35351E-03
  12180   0.35422E-03
  12190   0.35437E-03
  12200   0.35384E-03
  12210   0.35354E-03
  12220   0.35408E-03
  12230   0.35467E-03
  12240   0.35454E-03
  12250   0.35394E-03
  12260   0.35394E-03
  12270   0.35464E-03
  12280   0.35504E-03
  12290   0.35464E-03
  12300   0.35409E-03
  12310   0.35439E-03
  12320   0.35520E-03
  12330   0.35532E-03
  12340   0.35476E-03
  12350   0.35439E-03
  12360   0.35493E-03
  12370   0.35572E-03
  12380   0.35557E-03
  12390   0.35492E-03
  12400   0.35480E-03
  12410   0.35554E-03
  12420   0.35614E-03
  12430   0.35571E-03
  12440   0.35511E-03
  12450   0.35525E-03
  12460   0.35612E-03
  12470   0.35648E-03
  12480   0.35589E-03
  12490   0.35539E-03
  12500   0.35580E-03
  12510   0.35661E-03
  12520   0.35676E-03
  12530   0.35602E-03
  12540   0.35567E-03
  12550   0.35635E-03
  12560   0.35705E-03
  12570   0.35686E-03
  12580   0.35611E-03
  12590   0.35608E-03
  12600   0.35681E-03
  12610   0.35732E-03
  12620   0.35694E-03
  12630   0.35625E-03
  12640   0.35641E-03
  12650   0.35717E-03
  12660   0.35746E-03
  12670   0.35697E-03
  12680   0.35644E-03
  12690   0.35681E-03
  12700   0.35747E-03
  12710   0.35749E-03
  12720   0.35695E-03
  12730   0.35658E-03
  12740   0.35712E-03
  12750   0.35770E-03
  12760   0.35744E-03
  12770   0.35690E-03
  12780   0.35681E-03
  12790   0.35743E-03
  12800   0.35779E-03
  12810   0.35736E-03
  12820   0.35687E-03
  12830   0.35700E-03
  12840   0.35774E-03
  12850   0.35782E-03
  12860   0.35731E-03
  12870   0.35693E-03
  12880   0.35733E-03
  12890   0.35790E-03
  12900   0.35773E-03
  12910   0.35714E-03
  12920   0.35702E-03
  12930   0.35761E-03
  12940   0.35804E-03
  12950   0.35770E-03
  12960   0.35717E-03
  12970   0.35719E-03
  12980   0.35787E-03
  12990   0.35811E-03
  13000   0.35762E-03
  13010   0.35709E-03
  13020   0.35740E-03
  13030   0.35815E-03
  13040   0.35814E-03
  13050   0.35754E-03
  13060   0.35714E-03
  13070   0.35760E-03
  13080   0.35830E-03
  13090   0.35812E-03
  13100   0.35748E-03
  13110   0.35726E-03
  13120   0.35787E-03
  13130   0.35844E-03
  13140   0.35803E-03
  13150   0.35743E-03
  13160   0.35744E-03
  13170   0.35810E-03
  13180   0.35857E-03
  13190   0.35799E-03
  13200   0.35741E-03
  13210   0.35762E-03
  13220   0.35835E-03
  13230   0.35856E-03
  13240   0.35792E-03
  13250   0.35737E-03
  13260   0.35777E-03
  13270   0.35848E-03
  13280   0.35849E-03
  13290   0.35773E-03
  13300   0.35739E-03
  13310   0.35787E-03
  13320   0.35851E-03
  13330   0.35841E-03
  13340   0.35760E-03
  13350   0.35735E-03
  13360   0.35799E-03
  13370   0.35853E-03
  13380   0.35820E-03
  13390   0.35744E-03
  13400   0.35733E-03
  13410   0.35800E-03
  13420   0.35838E-03
  13430   0.35796E-03
  13440   0.35722E-03
  13450   0.35738E-03
  13460   0.35808E-03
  13470   0.35825E-03
  13480   0.35769E-03
  13490   0.35709E-03
  13500   0.35736E-03
  13510   0.35800E-03
  13520   0.35800E-03
  13530   0.35747E-03
  13540   0.35699E-03
  13550   0.35732E-03
  13560   0.35791E-03
  13570   0.35774E-03
  13580   0.35722E-03
  13590   0.35688E-03
  13600   0.35735E-03
  13610   0.35777E-03
  13620   0.35750E-03
  13630   0.35693E-03
  13640   0.35676E-03
  13650   0.35734E-03
  13660   0.35764E-03
  13670   0.35723E-03
  13680   0.35669E-03
  13690   0.35669E-03
  13700   0.35731E-03
  13710   0.35750E-03
  13720   0.35697E-03
  13730   0.35648E-03
  13740   0.35666E-03
  13750   0.35730E-03
  13760   0.35729E-03
  13770   0.35669E-03
  13780   0.35637E-03
  13790   0.35667E-03
  13800   0.35714E-03
  13810   0.35704E-03
  13820   0.35645E-03
  13830   0.35619E-03
  13840   0.35660E-03
  13850   0.35715E-03
  13860   0.35681E-03
  13870   0.35622E-03
  13880   0.35604E-03
  13890   0.35659E-03
  13900   0.35700E-03
  13910   0.35659E-03
  13920   0.35600E-03
  13930   0.35594E-03
  13940   0.35659E-03
  13950   0.35682E-03
  13960   0.35634E-03
  13970   0.35571E-03
  13980   0.35584E-03
  13990   0.35649E-03
  14000   0.35661E-03
  14010   0.35605E-03
  14020   0.35551E-03
  14030   0.35574E-03
  14040   0.35635E-03
  14050   0.35636E-03
  14060   0.35568E-03
  14070   0.35528E-03
  14080   0.35558E-03
  14090   0.35620E-03
  14100   0.35605E-03
  14110   0.35534E-03
  14120   0.35501E-03
  14130   0.35546E-03
  14140   0.35605E-03
  14150   0.35579E-03
  14160   0.35507E-03
  14170   0.35478E-03
  14180   0.35531E-03
  14190   0.35584E-03
  14200   0.35547E-03
  14210   0.35472E-03
  14220   0.35448E-03
  14230   0.35514E-03
  14240   0.35562E-03
  14250   0.35511E-03
  14260   0.35437E-03
  14270   0.35427E-03
  14280   0.35497E-03
  14290   0.35537E-03
  14300   0.35478E-03
  14310   0.35405E-03
  14320   0.35403E-03
  14330   0.35472E-03
  14340   0.35505E-03
  14350   0.35438E-03
  14360   0.35377E-03
  14370   0.35387E-03
  14380   0.35460E-03
  14390   0.35481E-03
  14400   0.35412E-03
  14410   0.35350E-03
  14420   0.35368E-03
  14430   0.35436E-03
  14440   0.35452E-03
  14450   0.35379E-03
  14460   0.35322E-03
  14470   0.35356E-03
  14480   0.35421E-03
  14490   0.35427E-03
  14500   0.35344E-03
  14510   0.35295E-03
  14520   0.35337E-03
  14530   0.35398E-03
  14540   0.35395E-03
  14550   0.35319E-03
  14560   0.35277E-03
  14570   0.35325E-03
  14580   0.35386E-03
  14590   0.35365E-03
  14600   0.35283E-03
  14610   0.35250E-03
  14620   0.35305E-03
  14630   0.35363E-03
  14640   0.35339E-03
  14650   0.35251E-03
  14660   0.35228E-03
  14670   0.35290E-03
  14680   0.35337E-03
  14690   0.35307E-03
  14700   0.35223E-03
  14710   0.35207E-03
  14720   0.35274E-03
  14730   0.35314E-03
  14740   0.35278E-03
  14750   0.35195E-03
  14760   0.35187E-03
  14770   0.35251E-03
  14780   0.35287E-03
  14790   0.35243E-03
  14800   0.35166E-03
  14810   0.35167E-03
  14820   0.35232E-03
  14830   0.35256E-03
  14840   0.35212E-03
  14850   0.35141E-03
  14860   0.35142E-03
  14870   0.35205E-03
  14880   0.35232E-03
  14890   0.35180E-03
  14900   0.35107E-03
  14910   0.35123E-03
  14920   0.35188E-03
  14930   0.35199E-03
  14940   0.35150E-03
  14950   0.35081E-03
  14960   0.35104E-03
  14970   0.35166E-03
  14980   0.35169E-03
  14990   0.35111E-03
  15000   0.35054E-03
  15010   0.35078E-03
  15020   0.35139E-03
  15030   0.35142E-03
  15040   0.35085E-03
  15050   0.35030E-03
  15060   0.35057E-03
  15070   0.35117E-03
  15080   0.35118E-03
  15090   0.35054E-03
  15100   0.35002E-03
  15110   0.35035E-03
  15120   0.35097E-03
  15130   0.35087E-03
  15140   0.35024E-03
  15150   0.34975E-03
  15160   0.35015E-03
  15170   0.35071E-03
  15180   0.35061E-03
  15190   0.34996E-03
  15200   0.34956E-03
  15210   0.35000E-03
  15220   0.35052E-03
  15230   0.35033E-03
  15240   0.34971E-03
  15250   0.34936E-03
  15260   0.34980E-03
  15270   0.35028E-03
  15280   0.35005E-03
  15290   0.34941E-03
  15300   0.34913E-03
  15310   0.34962E-03
  15320   0.35003E-03
  15330   0.34977E-03
  15340   0.34916E-03
  15350   0.34892E-03
  15360   0.34941E-03
  15370   0.34982E-03
  15380   0.34950E-03
  15390   0.34890E-03
  15400   0.34869E-03
  15410   0.34927E-03
  15420   0.34962E-03
  15430   0.34923E-03
  15440   0.34865E-03
  15450   0.34850E-03
  15460   0.34901E-03
  15470   0.34934E-03
  15480   0.34895E-03
  15490   0.34840E-03
  15500   0.34825E-03
  15510   0.34880E-03
  15520   0.34910E-03
  15530   0.34869E-03
  15540   0.34816E-03
  15550   0.34808E-03
  15560   0.34859E-03
  15570   0.34891E-03
  15580   0.34843E-03
  15590   0.34784E-03
  15600   0.34782E-03
  15610   0.34836E-03
  15620   0.34861E-03
  15630   0.34815E-03
  15640   0.34762E-03
  15650   0.34764E-03
  15660   0.34817E-03
  15670   0.34839E-03
  15680   0.34786E-03
  15690   0.34730E-03
  15700   0.34738E-03
  15710   0.34796E-03
  15720   0.34811E-03
  15730   0.34761E-03
  15740   0.34705E-03
  15750   0.34715E-03
  15760   0.34774E-03
  15770   0.34787E-03
  15780   0.34731E-03
  15790   0.34685E-03
  15800   0.34695E-03
  15810   0.34751E-03
  15820   0.34766E-03
  15830   0.34706E-03
  15840   0.34652E-03
  15850   0.34669E-03
  15860   0.34728E-03
  15870   0.34739E-03
  15880   0.34685E-03
  15890   0.34636E-03
  15900   0.34651E-03
  15910   0.34709E-03
  15920   0.34714E-03
  15930   0.34651E-03
  15940   0.34604E-03
  15950   0.34630E-03
  15960   0.34691E-03
  15970   0.34691E-03
  15980   0.34629E-03
  15990   0.34585E-03
  16000   0.34612E-03
  16010   0.34665E-03
  16020   0.34666E-03
  16030   0.34606E-03
  16040   0.34559E-03
  16050   0.34589E-03
  16060   0.34645E-03
  16070   0.34641E-03
  16080   0.34584E-03
  16090   0.34535E-03
  16100   0.34562E-03
  16110   0.34620E-03
  16120   0.34619E-03
  16130   0.34559E-03
  16140   0.34513E-03
  16150   0.34542E-03
  16160   0.34602E-03
  16170   0.34598E-03
  16180   0.34533E-03
  16190   0.34490E-03
  16200   0.34521E-03
  16210   0.34576E-03
  16220   0.34569E-03
  16230   0.34504E-03
  16240   0.34463E-03
  16250   0.34492E-03
  16260   0.34550E-03
  16270   0.34546E-03
  16280   0.34479E-03
  16290   0.34440E-03
  16300   0.34477E-03
  16310   0.34533E-03
  16320   0.34523E-03
  16330   0.34453E-03
  16340   0.34417E-03
  16350   0.34452E-03
  16360   0.34507E-03
  16370   0.34492E-03
  16380   0.34427E-03
  16390   0.34390E-03
  16400   0.34426E-03
  16410   0.34483E-03
  16420   0.34470E-03
  16430   0.34405E-03
  16440   0.34367E-03
  16450   0.34406E-03
  16460   0.34459E-03
  16470   0.34445E-03
  16480   0.34377E-03
  16490   0.34342E-03
  16500   0.34386E-03
  16510   0.34444E-03
  16520   0.34424E-03
  16530   0.34356E-03
  16540   0.34321E-03
  16550   0.34365E-03
  16560   0.34413E-03
  16570   0.34402E-03
  16580   0.34332E-03
  16590   0.34300E-03
  16600   0.34343E-03
  16610   0.34393E-03
  16620   0.34377E-03
  16630   0.34309E-03
  16640   0.34276E-03
  16650   0.34319E-03
  16660   0.34372E-03
  16670   0.34352E-03
  16680   0.34282E-03
  16690   0.34252E-03
  16700   0.34299E-03
  16710   0.34353E-03
  16720   0.34329E-03
  16730   0.34260E-03
  16740   0.34231E-03
  16750   0.34283E-03
  16760   0.34331E-03
  16770   0.34306E-03
  16780   0.34236E-03
  16790   0.34211E-03
  16800   0.34261E-03
  16810   0.34308E-03
  16820   0.34285E-03
  16830   0.34217E-03
  16840   0.34190E-03
  16850   0.34240E-03
  16860   0.34289E-03
  16870   0.34265E-03
  16880   0.34196E-03
  16890   0.34169E-03
  16900   0.34225E-03
  16910   0.34269E-03
  16920   0.34243E-03
  16930   0.34175E-03
  16940   0.34147E-03
  16950   0.34204E-03
  16960   0.34255E-03
  16970   0.34222E-03
  16980   0.34154E-03
  16990   0.34132E-03
  17000   0.34187E-03
  17010   0.34235E-03
  17020   0.34205E-03
  17030   0.34131E-03
  17040   0.34112E-03
  17050   0.34172E-03
  17060   0.34217E-03
  17070   0.34184E-03
  17080   0.34115E-03
  17090   0.34096E-03
  17100   0.34151E-03
  17110   0.34198E-03
  17120   0.34166E-03
  17130   0.34094E-03
  17140   0.34076E-03
  17150   0.34136E-03
  17160   0.34180E-03
  17170   0.34147E-03
  17180   0.34076E-03
  17190   0.34059E-03
  17200   0.34122E-03
  17210   0.34164E-03
  17220   0.34128E-03
  17230   0.34058E-03
  17240   0.34042E-03
  17250   0.34106E-03
  17260   0.34149E-03
  17270   0.34112E-03
  17280   0.34040E-03
  17290   0.34029E-03
  17300   0.34096E-03
  17310   0.34136E-03
  17320   0.34094E-03
  17330   0.34023E-03
  17340   0.34013E-03
  17350   0.34084E-03
  17360   0.34123E-03
  17370   0.34081E-03
  17380   0.34011E-03
  17390   0.34004E-03
  17400   0.34072E-03
  17410   0.34109E-03
  17420   0.34062E-03
  17430   0.33995E-03
  17440   0.33992E-03
  17450   0.34059E-03
  17460   0.34096E-03
  17470   0.34052E-03
  17480   0.33979E-03
  17490   0.33979E-03
  17500   0.34053E-03
  17510   0.34085E-03
  17520   0.34039E-03
  17530   0.33966E-03
  17540   0.33970E-03
  17550   0.34042E-03
  17560   0.34072E-03
  17570   0.34025E-03
  17580   0.33956E-03
  17590   0.33961E-03
  17600   0.34038E-03
  17610   0.34065E-03
  17620   0.34011E-03
  17630   0.33943E-03
  17640   0.33951E-03
  17650   0.34032E-03
  17660   0.34055E-03
  17670   0.34002E-03
  17680   0.33935E-03
  17690   0.33946E-03
  17700   0.34024E-03
  17710   0.34048E-03
  17720   0.33991E-03
  17730   0.33925E-03
  17740   0.33939E-03
  17750   0.34018E-03
  17760   0.34038E-03
  17770   0.33982E-03
  17780   0.33917E-03
  17790   0.33933E-03
  17800   0.34014E-03
  17810   0.34030E-03
  17820   0.33971E-03
  17830   0.33907E-03
  17840   0.33930E-03
  17850   0.34010E-03
  17860   0.34024E-03
  17870   0.33960E-03
  17880   0.33899E-03
  17890   0.33927E-03
  17900   0.34010E-03
  17910   0.34020E-03
  17920   0.33955E-03
  17930   0.33893E-03
  17940   0.33924E-03
  17950   0.34006E-03
  17960   0.34012E-03
  17970   0.33947E-03
  17980   0.33888E-03
  17990   0.33924E-03
  18000   0.34007E-03
  18010   0.34007E-03
  18020   0.33939E-03
  18030   0.33884E-03
  18040   0.33923E-03
  18050   0.34006E-03
  18060   0.34004E-03
  18070   0.33934E-03
  18080   0.33882E-03
  18090   0.33926E-03
  18100   0.34008E-03
  18110   0.34000E-03
  18120   0.33930E-03
  18130   0.33880E-03
  18140   0.33931E-03
  18150   0.34014E-03
  18160   0.33997E-03
  18170   0.33925E-03
  18180   0.33880E-03
  18190   0.33933E-03
  18200   0.34014E-03
  18210   0.33995E-03
  18220   0.33920E-03
  18230   0.33880E-03
  18240   0.33938E-03
  18250   0.34016E-03
  18260   0.33994E-03
  18270   0.33917E-03
  18280   0.33880E-03
  18290   0.33943E-03
  18300   0.34021E-03
  18310   0.33994E-03
  18320   0.33916E-03
  18330   0.33884E-03
  18340   0.33952E-03
  18350   0.34024E-03
  18360   0.33989E-03
  18370   0.33911E-03
  18380   0.33885E-03
  18390   0.33959E-03
  18400   0.34029E-03
  18410   0.33988E-03
  18420   0.33912E-03
  18430   0.33892E-03
  18440   0.33966E-03
  18450   0.34032E-03
  18460   0.33988E-03
  18470   0.33910E-03
  18480   0.33895E-03
  18490   0.33976E-03
  18500   0.34036E-03
  18510   0.33986E-03
  18520   0.33910E-03
  18530   0.33901E-03
  18540   0.33986E-03
  18550   0.34040E-03
  18560   0.33985E-03
  18570   0.33910E-03
  18580   0.33908E-03
  18590   0.33996E-03
  18600   0.34045E-03
  18610   0.33986E-03
  18620   0.33913E-03
  18630   0.33918E-03
  18640   0.34007E-03
  18650   0.34050E-03
  18660   0.33984E-03
  18670   0.33915E-03
  18680   0.33929E-03
  18690   0.34021E-03
  18700   0.34054E-03
  18710   0.33984E-03
  18720   0.33916E-03
  18730   0.33939E-03
  18740   0.34032E-03
  18750   0.34057E-03
  18760   0.33986E-03
  18770   0.33922E-03
  18780   0.33953E-03
  18790   0.34044E-03
  18800   0.34063E-03
  18810   0.33989E-03
  18820   0.33930E-03
  18830   0.33968E-03
  18840   0.34056E-03
  18850   0.34067E-03
  18860   0.33989E-03
  18870   0.33937E-03
  18880   0.33983E-03
  18890   0.34069E-03
  18900   0.34070E-03
  18910   0.33990E-03
  18920   0.33945E-03
  18930   0.33998E-03
  18940   0.34082E-03
  18950   0.34073E-03
  18960   0.33992E-03
  18970   0.33954E-03
  18980   0.34016E-03
  18990   0.34095E-03
  19000   0.34078E-03
  19010   0.33995E-03
  19020   0.33966E-03
  19030   0.34034E-03
  19040   0.34105E-03
  19050   0.34081E-03
  19060   0.34000E-03
  19070   0.33979E-03
  19080   0.34056E-03
  19090   0.34116E-03
  19100   0.34083E-03
  19110   0.34004E-03
  19120   0.33994E-03
  19130   0.34074E-03
  19140   0.34125E-03
  19150   0.34085E-03
  19160   0.34009E-03
  19170   0.34008E-03
  19180   0.34089E-03
  19190   0.34133E-03
  19200   0.34089E-03
  19210   0.34019E-03
  19220   0.34030E-03
  19230   0.34113E-03
  19240   0.34142E-03
  19250   0.34090E-03
  19260   0.34027E-03
  19270   0.34048E-03
  19280   0.34131E-03
  19290   0.34149E-03
  19300   0.34092E-03
  19310   0.34036E-03
  19320   0.34067E-03
  19330   0.34150E-03
  19340   0.34157E-03
  19350   0.34096E-03
  19360   0.34048E-03
  19370   0.34091E-03
  19380   0.34167E-03
  19390   0.34162E-03
  19400   0.34097E-03
  19410   0.34061E-03
  19420   0.34112E-03
  19430   0.34184E-03
  19440   0.34168E-03
  19450   0.34099E-03
  19460   0.34077E-03
  19470   0.34138E-03
  19480   0.34200E-03
  19490   0.34173E-03
  19500   0.34107E-03
  19510   0.34099E-03
  19520   0.34165E-03
  19530   0.34215E-03
  19540   0.34175E-03
  19550   0.34112E-03
  19560   0.34117E-03
  19570   0.34188E-03
  19580   0.34227E-03
  19590   0.34181E-03
  19600   0.34122E-03
  19610   0.34143E-03
  19620   0.34218E-03
  19630   0.34242E-03
  19640   0.34186E-03
  19650   0.34133E-03
  19660   0.34168E-03
  19670   0.34239E-03
  19680   0.34248E-03
  19690   0.34187E-03
  19700   0.34145E-03
  19710   0.34195E-03
  19720   0.34263E-03
  19730   0.34259E-03
  19740   0.34191E-03
  19750   0.34162E-03
  19760   0.34227E-03
  19770   0.34290E-03
  19780   0.34269E-03
  19790   0.34198E-03
  19800   0.34180E-03
  19810   0.34256E-03
  19820   0.34306E-03
  19830   0.34272E-03
  19840   0.34200E-03
  19850   0.34199E-03
  19860   0.34285E-03
  19870   0.34327E-03
  19880   0.34279E-03
  19890   0.34210E-03
  19900   0.34227E-03
  19910   0.34318E-03
  19920   0.34342E-03
  19930   0.34283E-03
  19940   0.34220E-03
  19950   0.34253E-03
  19960   0.34345E-03
  19970   0.34352E-03
  19980   0.34284E-03
  19990   0.34230E-03
  20000   0.34282E-03
