     10   0.10500E-02
     20   0.89030E-03
     30   0.78612E-03
     40   0.71223E-03
     50   0.65646E-03
     60   0.61190E-03
     70   0.57422E-03
     80   0.54135E-03
     90   0.51218E-03
    100   0.48575E-03
    110   0.46283E-03
    120   0.44158E-03
    130   0.42171E-03
    140   0.40299E-03
    150   0.38536E-03
    160   0.36875E-03
    170   0.35304E-03
    180   0.33825E-03
    190   0.32430E-03
    200   0.31112E-03
    210   0.29899E-03
    220   0.28755E-03
    230   0.27678E-03
    240   0.26667E-03
    250   0.25717E-03
    260   0.24827E-03
    270   0.23994E-03
    280   0.23215E-03
    290   0.22486E-03
    300   0.21808E-03
    310   0.21184E-03
    320   0.20602E-03
    330   0.20060E-03
    340   0.19559E-03
    350   0.19101E-03
    360   0.18683E-03
    370   0.18308E-03
    380   0.17974E-03
    390   0.17678E-03
    400   0.17421E-03
    410   0.17204E-03
    420   0.17017E-03
    430   0.16856E-03
    440   0.16717E-03
    450   0.16593E-03
    460   0.16477E-03
    470   0.16365E-03
    480   0.16255E-03
    490   0.16140E-03
    500   0.16018E-03
    510   0.15892E-03
    520   0.15758E-03
    530   0.15618E-03
    540   0.15472E-03
    550   0.15322E-03
    560   0.15173E-03
    570   0.15027E-03
    580   0.14887E-03
    590   0.14757E-03
    600   0.14639E-03
    610   0.14537E-03
    620   0.14451E-03
    630   0.14383E-03
    640   0.14333E-03
    650   0.14301E-03
    660   0.14287E-03
    670   0.14291E-03
    680   0.14309E-03
    690   0.14341E-03
    700   0.14385E-03
    710   0.14438E-03
    720   0.14497E-03
    730   0.14564E-03
    740   0.14633E-03
    750   0.14704E-03
    760   0.14774E-03
    770   0.14843E-03
    780   0.14908E-03
    790   0.14969E-03
    800   0.15024E-03
    810   0.15072E-03
    820   0.15112E-03
    830   0.15144E-03
    840   0.15167E-03
    850   0.15180E-03
    860   0.15184E-03
    870   0.15178E-03
    880   0.15162E-03
    890   0.15137E-03
    900   0.15102E-03
    910   0.15059E-03
    920   0.15008E-03
    930   0.14948E-03
    940   0.14880E-03
    950   0.14805E-03
    960   0.14724E-03
    970   0.14637E-03
    980   0.14545E-03
    990   0.14449E-03
   1000   0.14350E-03
   1010   0.14250E-03
   1020   0.14148E-03
   1030   0.14047E-03
   1040   0.13948E-03
   1050   0.13851E-03
   1060   0.13758E-03
   1070   0.13669E-03
   1080   0.13586E-03
   1090   0.13511E-03
   1100   0.13443E-03
   1110   0.13382E-03
   1120   0.13331E-03
   1130   0.13288E-03
   1140   0.13254E-03
   1150   0.13229E-03
   1160   0.13212E-03
   1170   0.13201E-03
   1180   0.13200E-03
   1190   0.13202E-03
   1200   0.13209E-03
   1210   0.13222E-03
   1220   0.13236E-03
   1230   0.13254E-03
   1240   0.13271E-03
   1250   0.13288E-03
   1260   0.13305E-03
   1270   0.13319E-03
   1280   0.13329E-03
   1290   0.13337E-03
   1300   0.13339E-03
   1310   0.13339E-03
   1320   0.13334E-03
   1330   0.13322E-03
   1340   0.13303E-03
   1350   0.13281E-03
   1360   0.13255E-03
   1370   0.13222E-03
   1380   0.13187E-03
   1390   0.13145E-03
   1400   0.13100E-03
   1410   0.13053E-03
   1420   0.13004E-03
   1430   0.12953E-03
   1440   0.12901E-03
   1450   0.12848E-03
   1460   0.12796E-03
   1470   0.12746E-03
   1480   0.12698E-03
   1490   0.12652E-03
   1500   0.12609E-03
   1510   0.12570E-03
   1520   0.12535E-03
   1530   0.12502E-03
   1540   0.12475E-03
   1550   0.12450E-03
   1560   0.12432E-03
   1570   0.12413E-03
   1580   0.12400E-03
   1590   0.12388E-03
   1600   0.12379E-03
   1610   0.12370E-03
   1620   0.12363E-03
   1630   0.12357E-03
   1640   0.12346E-03
   1650   0.12335E-03
   1660   0.12323E-03
   1670   0.12307E-03
   1680   0.12287E-03
   1690   0.12266E-03
   1700   0.12239E-03
   1710   0.12207E-03
   1720   0.12172E-03
   1730   0.12130E-03
   1740   0.12085E-03
   1750   0.12035E-03
   1760   0.11981E-03
   1770   0.11924E-03
   1780   0.11862E-03
   1790   0.11798E-03
   1800   0.11732E-03
   1810   0.11663E-03
   1820   0.11595E-03
   1830   0.11525E-03
   1840   0.11455E-03
   1850   0.11389E-03
   1860   0.11324E-03
   1870   0.11262E-03
   1880   0.11205E-03
   1890   0.11153E-03
   1900   0.11107E-03
   1910   0.11067E-03
   1920   0.11035E-03
   1930   0.11009E-03
   1940   0.10995E-03
   1950   0.10987E-03
   1960   0.10990E-03
   1970   0.11002E-03
   1980   0.11024E-03
   1990   0.11055E-03
   2000   0.11099E-03
   2010   0.11148E-03
   2020   0.11208E-03
   2030   0.11278E-03
   2040   0.11357E-03
   2050   0.11440E-03
   2060   0.11533E-03
   2070   0.11633E-03
   2080   0.11738E-03
   2090   0.11845E-03
   2100   0.11959E-03
   2110   0.12076E-03
   2120   0.12195E-03
   2130   0.12316E-03
   2140   0.12438E-03
   2150   0.12562E-03
   2160   0.12684E-03
   2170   0.12807E-03
   2180   0.12927E-03
   2190   0.13050E-03
   2200   0.13167E-03
   2210   0.13285E-03
   2220   0.13398E-03
   2230   0.13507E-03
   2240   0.13616E-03
   2250   0.13721E-03
   2260   0.13823E-03
   2270   0.13922E-03
   2280   0.14015E-03
   2290   0.14110E-03
   2300   0.14195E-03
   2310   0.14279E-03
   2320   0.14360E-03
   2330   0.14436E-03
   2340   0.14510E-03
   2350   0.14577E-03
   2360   0.14640E-03
   2370   0.14703E-03
   2380   0.14758E-03
   2390   0.14809E-03
   2400   0.14855E-03
   2410   0.14897E-03
   2420   0.14936E-03
   2430   0.14968E-03
   2440   0.14997E-03
   2450   0.15021E-03
   2460   0.15040E-03
   2470   0.15054E-03
   2480   0.15065E-03
   2490   0.15068E-03
   2500   0.15071E-03
   2510   0.15065E-03
   2520   0.15053E-03
   2530   0.15041E-03
   2540   0.15023E-03
   2550   0.15000E-03
   2560   0.14974E-03
   2570   0.14942E-03
   2580   0.14908E-03
   2590   0.14867E-03
   2600   0.14825E-03
   2610   0.14778E-03
   2620   0.14726E-03
   2630   0.14673E-03
   2640   0.14616E-03
   2650   0.14557E-03
   2660   0.14493E-03
   2670   0.14427E-03
   2680   0.14358E-03
   2690   0.14286E-03
   2700   0.14209E-03
   2710   0.14134E-03
   2720   0.14055E-03
   2730   0.13975E-03
   2740   0.13888E-03
   2750   0.13803E-03
   2760   0.13713E-03
   2770   0.13624E-03
   2780   0.13533E-03
   2790   0.13440E-03
   2800   0.13346E-03
   2810   0.13250E-03
   2820   0.13151E-03
   2830   0.13053E-03
   2840   0.12952E-03
   2850   0.12852E-03
   2860   0.12748E-03
   2870   0.12645E-03
   2880   0.12542E-03
   2890   0.12435E-03
   2900   0.12329E-03
   2910   0.12221E-03
   2920   0.12115E-03
   2930   0.12008E-03
   2940   0.11898E-03
   2950   0.11790E-03
   2960   0.11681E-03
   2970   0.11575E-03
   2980   0.11466E-03
   2990   0.11354E-03
   3000   0.11246E-03
   3010   0.11139E-03
   3020   0.11031E-03
   3030   0.10923E-03
   3040   0.10817E-03
   3050   0.10708E-03
   3060   0.10602E-03
   3070   0.10500E-03
   3080   0.10394E-03
   3090   0.10291E-03
   3100   0.10188E-03
   3110   0.10090E-03
   3120   0.99885E-04
   3130   0.98914E-04
   3140   0.97928E-04
   3150   0.97010E-04
   3160   0.96068E-04
   3170   0.95116E-04
   3180   0.94234E-04
   3190   0.93319E-04
   3200   0.92458E-04
   3210   0.91582E-04
   3220   0.90760E-04
   3230   0.89909E-04
   3240   0.89111E-04
   3250   0.88310E-04
   3260   0.87549E-04
   3270   0.86766E-04
   3280   0.86043E-04
   3290   0.85286E-04
   3300   0.84588E-04
   3310   0.83896E-04
   3320   0.83237E-04
   3330   0.82554E-04
   3340   0.81908E-04
   3350   0.81256E-04
   3360   0.80652E-04
   3370   0.80052E-04
   3380   0.79433E-04
   3390   0.78866E-04
   3400   0.78307E-04
   3410   0.77744E-04
   3420   0.77202E-04
   3430   0.76702E-04
   3440   0.76161E-04
   3450   0.75660E-04
   3460   0.75160E-04
   3470   0.74674E-04
   3480   0.74190E-04
   3490   0.73736E-04
   3500   0.73279E-04
   3510   0.72830E-04
   3520   0.72400E-04
   3530   0.71962E-04
   3540   0.71560E-04
   3550   0.71130E-04
   3560   0.70730E-04
   3570   0.70346E-04
   3580   0.69964E-04
   3590   0.69576E-04
   3600   0.69211E-04
   3610   0.68851E-04
   3620   0.68491E-04
   3630   0.68135E-04
   3640   0.67813E-04
   3650   0.67475E-04
   3660   0.67152E-04
   3670   0.66817E-04
   3680   0.66513E-04
   3690   0.66218E-04
   3700   0.65909E-04
   3710   0.65625E-04
   3720   0.65357E-04
   3730   0.65100E-04
   3740   0.64811E-04
   3750   0.64543E-04
   3760   0.64297E-04
   3770   0.64051E-04
   3780   0.63805E-04
   3790   0.63563E-04
   3800   0.63359E-04
   3810   0.63127E-04
   3820   0.62897E-04
   3830   0.62691E-04
   3840   0.62477E-04
   3850   0.62281E-04
   3860   0.62090E-04
   3870   0.61908E-04
   3880   0.61725E-04
   3890   0.61538E-04
   3900   0.61373E-04
   3910   0.61208E-04
   3920   0.61051E-04
   3930   0.60887E-04
   3940   0.60721E-04
   3950   0.60572E-04
   3960   0.60437E-04
   3970   0.60295E-04
   3980   0.60164E-04
   3990   0.60062E-04
   4000   0.59929E-04
   4010   0.59801E-04
   4020   0.59687E-04
   4030   0.59585E-04
   4040   0.59480E-04
   4050   0.59392E-04
   4060   0.59274E-04
   4070   0.59185E-04
   4080   0.59087E-04
   4090   0.59020E-04
   4100   0.58950E-04
   4110   0.58869E-04
   4120   0.58793E-04
   4130   0.58727E-04
   4140   0.58679E-04
   4150   0.58612E-04
   4160   0.58582E-04
   4170   0.58520E-04
   4180   0.58482E-04
   4190   0.58435E-04
   4200   0.58415E-04
   4210   0.58388E-04
   4220   0.58365E-04
   4230   0.58359E-04
   4240   0.58321E-04
   4250   0.58328E-04
   4260   0.58324E-04
   4270   0.58324E-04
   4280   0.58331E-04
   4290   0.58341E-04
   4300   0.58353E-04
   4310   0.58360E-04
   4320   0.58396E-04
   4330   0.58407E-04
   4340   0.58445E-04
   4350   0.58486E-04
   4360   0.58518E-04
   4370   0.58549E-04
   4380   0.58604E-04
   4390   0.58662E-04
   4400   0.58705E-04
   4410   0.58770E-04
   4420   0.58836E-04
   4430   0.58902E-04
   4440   0.58964E-04
   4450   0.59029E-04
   4460   0.59089E-04
   4470   0.59180E-04
   4480   0.59245E-04
   4490   0.59328E-04
   4500   0.59405E-04
   4510   0.59478E-04
   4520   0.59567E-04
   4530   0.59663E-04
   4540   0.59730E-04
   4550   0.59823E-04
   4560   0.59907E-04
   4570   0.60004E-04
   4580   0.60102E-04
   4590   0.60168E-04
   4600   0.60261E-04
   4610   0.60337E-04
   4620   0.60433E-04
   4630   0.60524E-04
   4640   0.60617E-04
   4650   0.60707E-04
   4660   0.60781E-04
   4670   0.60871E-04
   4680   0.60952E-04
   4690   0.61038E-04
   4700   0.61120E-04
   4710   0.61188E-04
   4720   0.61269E-04
   4730   0.61350E-04
   4740   0.61414E-04
   4750   0.61485E-04
   4760   0.61540E-04
   4770   0.61624E-04
   4780   0.61669E-04
   4790   0.61721E-04
   4800   0.61790E-04
   4810   0.61845E-04
   4820   0.61894E-04
   4830   0.61932E-04
   4840   0.61986E-04
   4850   0.62023E-04
   4860   0.62049E-04
   4870   0.62085E-04
   4880   0.62108E-04
   4890   0.62112E-04
   4900   0.62152E-04
   4910   0.62181E-04
   4920   0.62191E-04
   4930   0.62195E-04
   4940   0.62183E-04
   4950   0.62200E-04
   4960   0.62196E-04
   4970   0.62190E-04
   4980   0.62186E-04
   4990   0.62163E-04
   5000   0.62147E-04
   5010   0.62129E-04
   5020   0.62104E-04
   5030   0.62070E-04
   5040   0.62043E-04
   5050   0.62008E-04
   5060   0.61958E-04
   5070   0.61922E-04
   5080   0.61865E-04
   5090   0.61829E-04
   5100   0.61785E-04
   5110   0.61719E-04
   5120   0.61661E-04
   5130   0.61592E-04
   5140   0.61533E-04
   5150   0.61462E-04
   5160   0.61408E-04
   5170   0.61326E-04
   5180   0.61260E-04
   5190   0.61182E-04
   5200   0.61083E-04
   5210   0.61021E-04
   5220   0.60943E-04
   5230   0.60866E-04
   5240   0.60769E-04
   5250   0.60684E-04
   5260   0.60591E-04
   5270   0.60502E-04
   5280   0.60411E-04
   5290   0.60318E-04
   5300   0.60237E-04
   5310   0.60139E-04
   5320   0.60036E-04
   5330   0.59952E-04
   5340   0.59849E-04
   5350   0.59763E-04
   5360   0.59661E-04
   5370   0.59574E-04
   5380   0.59488E-04
   5390   0.59397E-04
   5400   0.59291E-04
   5410   0.59209E-04
   5420   0.59114E-04
   5430   0.59028E-04
   5440   0.58917E-04
   5450   0.58832E-04
   5460   0.58748E-04
   5470   0.58666E-04
   5480   0.58578E-04
   5490   0.58494E-04
   5500   0.58417E-04
   5510   0.58334E-04
   5520   0.58259E-04
   5530   0.58171E-04
   5540   0.58090E-04
   5550   0.58029E-04
   5560   0.57945E-04
   5570   0.57870E-04
   5580   0.57808E-04
   5590   0.57741E-04
   5600   0.57671E-04
   5610   0.57602E-04
   5620   0.57555E-04
   5630   0.57505E-04
   5640   0.57441E-04
   5650   0.57380E-04
   5660   0.57331E-04
   5670   0.57292E-04
   5680   0.57223E-04
   5690   0.57179E-04
   5700   0.57137E-04
   5710   0.57101E-04
   5720   0.57049E-04
   5730   0.57009E-04
   5740   0.56987E-04
   5750   0.56950E-04
   5760   0.56898E-04
   5770   0.56880E-04
   5780   0.56855E-04
   5790   0.56823E-04
   5800   0.56807E-04
   5810   0.56781E-04
   5820   0.56752E-04
   5830   0.56736E-04
   5840   0.56715E-04
   5850   0.56699E-04
   5860   0.56685E-04
   5870   0.56654E-04
   5880   0.56651E-04
   5890   0.56649E-04
   5900   0.56633E-04
   5910   0.56619E-04
   5920   0.56605E-04
   5930   0.56610E-04
   5940   0.56606E-04
   5950   0.56598E-04
   5960   0.56589E-04
   5970   0.56580E-04
   5980   0.56574E-04
   5990   0.56585E-04
   6000   0.56591E-04
   6010   0.56593E-04
   6020   0.56582E-04
   6030   0.56590E-04
   6040   0.56586E-04
   6050   0.56594E-04
   6060   0.56601E-04
   6070   0.56600E-04
   6080   0.56612E-04
   6090   0.56604E-04
   6100   0.56622E-04
   6110   0.56623E-04
   6120   0.56628E-04
   6130   0.56637E-04
   6140   0.56645E-04
   6150   0.56652E-04
   6160   0.56647E-04
   6170   0.56661E-04
   6180   0.56669E-04
   6190   0.56674E-04
   6200   0.56688E-04
   6210   0.56686E-04
   6220   0.56696E-04
   6230   0.56693E-04
   6240   0.56704E-04
   6250   0.56709E-04
   6260   0.56718E-04
   6270   0.56712E-04
   6280   0.56718E-04
   6290   0.56724E-04
   6300   0.56735E-04
   6310   0.56734E-04
   6320   0.56742E-04
   6330   0.56736E-04
   6340   0.56745E-04
   6350   0.56741E-04
   6360   0.56744E-04
   6370   0.56746E-04
   6380   0.56743E-04
   6390   0.56745E-04
   6400   0.56742E-04
   6410   0.56731E-04
   6420   0.56733E-04
   6430   0.56726E-04
   6440   0.56705E-04
   6450   0.56700E-04
   6460   0.56704E-04
   6470   0.56683E-04
   6480   0.56673E-04
   6490   0.56673E-04
   6500   0.56658E-04
   6510   0.56634E-04
   6520   0.56632E-04
   6530   0.56597E-04
   6540   0.56594E-04
   6550   0.56573E-04
   6560   0.56557E-04
   6570   0.56524E-04
   6580   0.56496E-04
   6590   0.56471E-04
   6600   0.56428E-04
   6610   0.56406E-04
   6620   0.56378E-04
   6630   0.56338E-04
   6640   0.56307E-04
   6650   0.56280E-04
   6660   0.56237E-04
   6670   0.56195E-04
   6680   0.56151E-04
   6690   0.56099E-04
   6700   0.56054E-04
   6710   0.56012E-04
   6720   0.55944E-04
   6730   0.55891E-04
   6740   0.55829E-04
   6750   0.55778E-04
   6760   0.55722E-04
   6770   0.55650E-04
   6780   0.55579E-04
   6790   0.55519E-04
   6800   0.55452E-04
   6810   0.55350E-04
   6820   0.55298E-04
   6830   0.55209E-04
   6840   0.55112E-04
   6850   0.55020E-04
   6860   0.54941E-04
   6870   0.54863E-04
   6880   0.54774E-04
   6890   0.54688E-04
   6900   0.54586E-04
   6910   0.54487E-04
   6920   0.54392E-04
   6930   0.54285E-04
   6940   0.54187E-04
   6950   0.54080E-04
   6960   0.53968E-04
   6970   0.53882E-04
   6980   0.53753E-04
   6990   0.53646E-04
   7000   0.53534E-04
   7010   0.53436E-04
   7020   0.53316E-04
   7030   0.53204E-04
   7040   0.53069E-04
   7050   0.52960E-04
   7060   0.52849E-04
   7070   0.52728E-04
   7080   0.52597E-04
   7090   0.52490E-04
   7100   0.52376E-04
   7110   0.52264E-04
   7120   0.52132E-04
   7130   0.52024E-04
   7140   0.51907E-04
   7150   0.51805E-04
   7160   0.51675E-04
   7170   0.51563E-04
   7180   0.51450E-04
   7190   0.51349E-04
   7200   0.51222E-04
   7210   0.51123E-04
   7220   0.51003E-04
   7230   0.50898E-04
   7240   0.50803E-04
   7250   0.50696E-04
   7260   0.50590E-04
   7270   0.50496E-04
   7280   0.50373E-04
   7290   0.50294E-04
   7300   0.50200E-04
   7310   0.50099E-04
   7320   0.50015E-04
   7330   0.49915E-04
   7340   0.49840E-04
   7350   0.49734E-04
   7360   0.49651E-04
   7370   0.49583E-04
   7380   0.49490E-04
   7390   0.49417E-04
   7400   0.49333E-04
   7410   0.49254E-04
   7420   0.49181E-04
   7430   0.49107E-04
   7440   0.49033E-04
   7450   0.48961E-04
   7460   0.48890E-04
   7470   0.48831E-04
   7480   0.48748E-04
   7490   0.48685E-04
   7500   0.48641E-04
   7510   0.48556E-04
   7520   0.48508E-04
   7530   0.48447E-04
   7540   0.48391E-04
   7550   0.48321E-04
   7560   0.48271E-04
   7570   0.48217E-04
   7580   0.48158E-04
   7590   0.48096E-04
   7600   0.48049E-04
   7610   0.47982E-04
   7620   0.47937E-04
   7630   0.47903E-04
   7640   0.47848E-04
   7650   0.47796E-04
   7660   0.47726E-04
   7670   0.47675E-04
   7680   0.47653E-04
   7690   0.47569E-04
   7700   0.47549E-04
   7710   0.47495E-04
   7720   0.47467E-04
   7730   0.47402E-04
   7740   0.47357E-04
   7750   0.47306E-04
   7760   0.47268E-04
   7770   0.47226E-04
   7780   0.47173E-04
   7790   0.47129E-04
   7800   0.47088E-04
   7810   0.47034E-04
   7820   0.47005E-04
   7830   0.46948E-04
   7840   0.46909E-04
   7850   0.46855E-04
   7860   0.46818E-04
   7870   0.46780E-04
   7880   0.46732E-04
   7890   0.46685E-04
   7900   0.46644E-04
   7910   0.46597E-04
   7920   0.46567E-04
   7930   0.46511E-04
   7940   0.46474E-04
   7950   0.46422E-04
   7960   0.46361E-04
   7970   0.46342E-04
   7980   0.46298E-04
   7990   0.46241E-04
   8000   0.46207E-04
   8010   0.46154E-04
   8020   0.46096E-04
   8030   0.46060E-04
   8040   0.46005E-04
   8050   0.45953E-04
   8060   0.45913E-04
   8070   0.45853E-04
   8080   0.45799E-04
   8090   0.45765E-04
   8100   0.45691E-04
   8110   0.45649E-04
   8120   0.45604E-04
   8130   0.45549E-04
   8140   0.45497E-04
   8150   0.45443E-04
   8160   0.45384E-04
   8170   0.45330E-04
   8180   0.45275E-04
   8190   0.45221E-04
   8200   0.45162E-04
   8210   0.45095E-04
   8220   0.45048E-04
   8230   0.44987E-04
   8240   0.44914E-04
   8250   0.44858E-04
   8260   0.44804E-04
   8270   0.44730E-04
   8280   0.44676E-04
   8290   0.44612E-04
   8300   0.44534E-04
   8310   0.44476E-04
   8320   0.44406E-04
   8330   0.44353E-04
   8340   0.44273E-04
   8350   0.44206E-04
   8360   0.44128E-04
   8370   0.44065E-04
   8380   0.43994E-04
   8390   0.43920E-04
   8400   0.43844E-04
   8410   0.43791E-04
   8420   0.43704E-04
   8430   0.43639E-04
   8440   0.43562E-04
   8450   0.43479E-04
   8460   0.43398E-04
   8470   0.43338E-04
   8480   0.43253E-04
   8490   0.43168E-04
   8500   0.43099E-04
   8510   0.43026E-04
   8520   0.42933E-04
   8530   0.42854E-04
   8540   0.42785E-04
   8550   0.42698E-04
   8560   0.42624E-04
   8570   0.42537E-04
   8580   0.42444E-04
   8590   0.42377E-04
   8600   0.42280E-04
   8610   0.42199E-04
   8620   0.42117E-04
   8630   0.42048E-04
   8640   0.41953E-04
   8650   0.41839E-04
   8660   0.41775E-04
   8670   0.41688E-04
   8680   0.41613E-04
   8690   0.41533E-04
   8700   0.41430E-04
   8710   0.41349E-04
   8720   0.41250E-04
   8730   0.41151E-04
   8740   0.41075E-04
   8750   0.40980E-04
   8760   0.40888E-04
   8770   0.40785E-04
   8780   0.40708E-04
   8790   0.40617E-04
   8800   0.40527E-04
   8810   0.40438E-04
   8820   0.40343E-04
   8830   0.40246E-04
   8840   0.40143E-04
   8850   0.40062E-04
   8860   0.39975E-04
   8870   0.39897E-04
   8880   0.39795E-04
   8890   0.39698E-04
   8900   0.39606E-04
   8910   0.39517E-04
   8920   0.39421E-04
   8930   0.39315E-04
   8940   0.39232E-04
   8950   0.39131E-04
   8960   0.39052E-04
   8970   0.38958E-04
   8980   0.38855E-04
   8990   0.38764E-04
   9000   0.38672E-04
   9010   0.38572E-04
   9020   0.38497E-04
   9030   0.38384E-04
   9040   0.38300E-04
   9050   0.38222E-04
   9060   0.38113E-04
   9070   0.38019E-04
   9080   0.37914E-04
   9090   0.37837E-04
   9100   0.37745E-04
   9110   0.37647E-04
   9120   0.37539E-04
   9130   0.37459E-04
   9140   0.37355E-04
   9150   0.37263E-04
   9160   0.37172E-04
   9170   0.37078E-04
   9180   0.36985E-04
   9190   0.36886E-04
   9200   0.36802E-04
   9210   0.36705E-04
   9220   0.36600E-04
   9230   0.36524E-04
   9240   0.36420E-04
   9250   0.36339E-04
   9260   0.36231E-04
   9270   0.36130E-04
   9280   0.36042E-04
   9290   0.35954E-04
   9300   0.35853E-04
   9310   0.35766E-04
   9320   0.35656E-04
   9330   0.35573E-04
   9340   0.35467E-04
   9350   0.35382E-04
   9360   0.35280E-04
   9370   0.35202E-04
   9380   0.35085E-04
   9390   0.35006E-04
   9400   0.34894E-04
   9410   0.34814E-04
   9420   0.34711E-04
   9430   0.34616E-04
   9440   0.34516E-04
   9450   0.34430E-04
   9460   0.34324E-04
   9470   0.34237E-04
   9480   0.34130E-04
   9490   0.34049E-04
   9500   0.33949E-04
   9510   0.33846E-04
   9520   0.33741E-04
   9530   0.33633E-04
   9540   0.33536E-04
   9550   0.33448E-04
   9560   0.33336E-04
   9570   0.33236E-04
   9580   0.33140E-04
   9590   0.33041E-04
   9600   0.32959E-04
   9610   0.32835E-04
   9620   0.32755E-04
   9630   0.32644E-04
   9640   0.32536E-04
   9650   0.32458E-04
   9660   0.32337E-04
   9670   0.32237E-04
   9680   0.32125E-04
   9690   0.32037E-04
   9700   0.31929E-04
   9710   0.31838E-04
   9720   0.31718E-04
   9730   0.31605E-04
   9740   0.31516E-04
   9750   0.31408E-04
   9760   0.31304E-04
   9770   0.31195E-04
   9780   0.31076E-04
   9790   0.30984E-04
   9800   0.30873E-04
   9810   0.30767E-04
   9820   0.30652E-04
   9830   0.30558E-04
   9840   0.30455E-04
   9850   0.30329E-04
   9860   0.30244E-04
   9870   0.30125E-04
   9880   0.30016E-04
   9890   0.29912E-04
   9900   0.29818E-04
   9910   0.29706E-04
   9920   0.29588E-04
   9930   0.29468E-04
   9940   0.29383E-04
   9950   0.29274E-04
   9960   0.29156E-04
   9970   0.29048E-04
   9980   0.28947E-04
   9990   0.28840E-04
  10000   0.28729E-04
  10010   0.28628E-04
  10020   0.28511E-04
  10030   0.28413E-04
  10040   0.28300E-04
  10050   0.28183E-04
  10060   0.28075E-04
  10070   0.27979E-04
  10080   0.27849E-04
  10090   0.27758E-04
  10100   0.27645E-04
  10110   0.27534E-04
  10120   0.27421E-04
  10130   0.27305E-04
  10140   0.27206E-04
  10150   0.27097E-04
  10160   0.26971E-04
  10170   0.26884E-04
  10180   0.26751E-04
  10190   0.26661E-04
  10200   0.26552E-04
  10210   0.26430E-04
  10220   0.26326E-04
  10230   0.26202E-04
  10240   0.26099E-04
  10250   0.25984E-04
  10260   0.25863E-04
  10270   0.25766E-04
  10280   0.25657E-04
  10290   0.25557E-04
  10300   0.25427E-04
  10310   0.25312E-04
  10320   0.25239E-04
  10330   0.25121E-04
  10340   0.24991E-04
  10350   0.24885E-04
  10360   0.24776E-04
  10370   0.24676E-04
  10380   0.24549E-04
  10390   0.24450E-04
  10400   0.24339E-04
  10410   0.24218E-04
  10420   0.24120E-04
  10430   0.24022E-04
  10440   0.23923E-04
  10450   0.23809E-04
  10460   0.23690E-04
  10470   0.23592E-04
  10480   0.23474E-04
  10490   0.23380E-04
  10500   0.23287E-04
  10510   0.23160E-04
  10520   0.23054E-04
  10530   0.22952E-04
  10540   0.22866E-04
  10550   0.22743E-04
  10560   0.22640E-04
  10570   0.22543E-04
  10580   0.22441E-04
  10590   0.22352E-04
  10600   0.22244E-04
  10610   0.22149E-04
  10620   0.22047E-04
  10630   0.21944E-04
  10640   0.21845E-04
  10650   0.21739E-04
  10660   0.21651E-04
  10670   0.21547E-04
  10680   0.21451E-04
  10690   0.21377E-04
  10700   0.21265E-04
  10710   0.21178E-04
  10720   0.21069E-04
  10730   0.21003E-04
  10740   0.20902E-04
  10750   0.20790E-04
  10760   0.20728E-04
  10770   0.20616E-04
  10780   0.20523E-04
  10790   0.20449E-04
  10800   0.20362E-04
  10810   0.20279E-04
  10820   0.20187E-04
  10830   0.20110E-04
  10840   0.20025E-04
  10850   0.19921E-04
  10860   0.19855E-04
  10870   0.19765E-04
  10880   0.19679E-04
  10890   0.19605E-04
  10900   0.19515E-04
  10910   0.19424E-04
  10920   0.19354E-04
  10930   0.19254E-04
  10940   0.19189E-04
  10950   0.19115E-04
  10960   0.19034E-04
  10970   0.18947E-04
  10980   0.18869E-04
  10990   0.18791E-04
  11000   0.18696E-04
  11010   0.18639E-04
  11020   0.18550E-04
  11030   0.18471E-04
  11040   0.18372E-04
  11050   0.18325E-04
  11060   0.18244E-04
  11070   0.18152E-04
  11080   0.18088E-04
  11090   0.18007E-04
  11100   0.17937E-04
  11110   0.17853E-04
  11120   0.17774E-04
  11130   0.17695E-04
  11140   0.17631E-04
  11150   0.17558E-04
  11160   0.17485E-04
  11170   0.17400E-04
  11180   0.17324E-04
  11190   0.17233E-04
  11200   0.17184E-04
  11210   0.17103E-04
  11220   0.17024E-04
  11230   0.16952E-04
  11240   0.16886E-04
  11250   0.16815E-04
  11260   0.16733E-04
  11270   0.16666E-04
  11280   0.16613E-04
  11290   0.16530E-04
  11300   0.16460E-04
  11310   0.16384E-04
  11320   0.16332E-04
  11330   0.16239E-04
  11340   0.16192E-04
  11350   0.16123E-04
  11360   0.16051E-04
  11370   0.15996E-04
  11380   0.15913E-04
  11390   0.15863E-04
  11400   0.15781E-04
  11410   0.15704E-04
  11420   0.15653E-04
  11430   0.15592E-04
  11440   0.15525E-04
  11450   0.15468E-04
  11460   0.15394E-04
  11470   0.15328E-04
  11480   0.15270E-04
  11490   0.15186E-04
  11500   0.15147E-04
  11510   0.15069E-04
  11520   0.15008E-04
  11530   0.14956E-04
  11540   0.14894E-04
  11550   0.14835E-04
  11560   0.14767E-04
  11570   0.14713E-04
  11580   0.14661E-04
  11590   0.14587E-04
  11600   0.14553E-04
  11610   0.14476E-04
  11620   0.14419E-04
  11630   0.14365E-04
  11640   0.14311E-04
  11650   0.14252E-04
  11660   0.14203E-04
  11670   0.14142E-04
  11680   0.14094E-04
  11690   0.14039E-04
  11700   0.13970E-04
  11710   0.13933E-04
  11720   0.13885E-04
  11730   0.13825E-04
  11740   0.13768E-04
  11750   0.13744E-04
  11760   0.13686E-04
  11770   0.13631E-04
  11780   0.13581E-04
  11790   0.13524E-04
  11800   0.13481E-04
  11810   0.13434E-04
  11820   0.13389E-04
  11830   0.13344E-04
  11840   0.13303E-04
  11850   0.13252E-04
  11860   0.13208E-04
  11870   0.13164E-04
  11880   0.13121E-04
  11890   0.13077E-04
  11900   0.13038E-04
  11910   0.13007E-04
  11920   0.12976E-04
  11930   0.12903E-04
  11940   0.12871E-04
  11950   0.12821E-04
  11960   0.12794E-04
  11970   0.12750E-04
  11980   0.12717E-04
  11990   0.12665E-04
  12000   0.12626E-04
  12010   0.12598E-04
  12020   0.12576E-04
  12030   0.12527E-04
  12040   0.12499E-04
  12050   0.12475E-04
  12060   0.12434E-04
  12070   0.12390E-04
  12080   0.12365E-04
  12090   0.12337E-04
  12100   0.12307E-04
  12110   0.12274E-04
  12120   0.12244E-04
  12130   0.12220E-04
  12140   0.12193E-04
  12150   0.12154E-04
  12160   0.12129E-04
  12170   0.12111E-04
  12180   0.12077E-04
  12190   0.12067E-04
  12200   0.12034E-04
  12210   0.12006E-04
  12220   0.11975E-04
  12230   0.11969E-04
  12240   0.11934E-04
  12250   0.11916E-04
  12260   0.11881E-04
  12270   0.11875E-04
  12280   0.11850E-04
  12290   0.11819E-04
  12300   0.11806E-04
  12310   0.11794E-04
  12320   0.11774E-04
  12330   0.11757E-04
  12340   0.11746E-04
  12350   0.11726E-04
  12360   0.11716E-04
  12370   0.11693E-04
  12380   0.11676E-04
  12390   0.11658E-04
  12400   0.11653E-04
  12410   0.11620E-04
  12420   0.11601E-04
  12430   0.11611E-04
  12440   0.11611E-04
  12450   0.11590E-04
  12460   0.11570E-04
  12470   0.11563E-04
  12480   0.11553E-04
  12490   0.11544E-04
  12500   0.11527E-04
  12510   0.11516E-04
  12520   0.11513E-04
  12530   0.11495E-04
  12540   0.11502E-04
  12550   0.11492E-04
  12560   0.11483E-04
  12570   0.11480E-04
  12580   0.11480E-04
  12590   0.11460E-04
  12600   0.11453E-04
  12610   0.11454E-04
  12620   0.11452E-04
  12630   0.11445E-04
  12640   0.11436E-04
  12650   0.11434E-04
  12660   0.11434E-04
  12670   0.11442E-04
  12680   0.11422E-04
  12690   0.11417E-04
  12700   0.11405E-04
  12710   0.11413E-04
  12720   0.11428E-04
  12730   0.11423E-04
  12740   0.11409E-04
  12750   0.11418E-04
  12760   0.11414E-04
  12770   0.11415E-04
  12780   0.11401E-04
  12790   0.11393E-04
  12800   0.11401E-04
  12810   0.11399E-04
  12820   0.11398E-04
  12830   0.11405E-04
  12840   0.11399E-04
  12850   0.11402E-04
  12860   0.11407E-04
  12870   0.11404E-04
  12880   0.11425E-04
  12890   0.11409E-04
  12900   0.11410E-04
  12910   0.11419E-04
  12920   0.11415E-04
  12930   0.11406E-04
  12940   0.11409E-04
  12950   0.11415E-04
  12960   0.11418E-04
  12970   0.11414E-04
  12980   0.11421E-04
  12990   0.11432E-04
  13000   0.11428E-04
  13010   0.11444E-04
  13020   0.11443E-04
  13030   0.11432E-04
  13040   0.11444E-04
  13050   0.11453E-04
  13060   0.11453E-04
  13070   0.11450E-04
  13080   0.11459E-04
  13090   0.11466E-04
  13100   0.11466E-04
  13110   0.11477E-04
  13120   0.11484E-04
  13130   0.11489E-04
  13140   0.11494E-04
  13150   0.11508E-04
  13160   0.11514E-04
  13170   0.11524E-04
  13180   0.11530E-04
  13190   0.11538E-04
  13200   0.11539E-04
  13210   0.11550E-04
  13220   0.11559E-04
  13230   0.11583E-04
  13240   0.11580E-04
  13250   0.11581E-04
  13260   0.11590E-04
  13270   0.11612E-04
  13280   0.11631E-04
  13290   0.11645E-04
  13300   0.11640E-04
  13310   0.11644E-04
  13320   0.11669E-04
  13330   0.11680E-04
  13340   0.11704E-04
  13350   0.11709E-04
  13360   0.11728E-04
  13370   0.11727E-04
  13380   0.11742E-04
  13390   0.11752E-04
  13400   0.11754E-04
  13410   0.11785E-04
  13420   0.11795E-04
  13430   0.11803E-04
  13440   0.11826E-04
  13450   0.11828E-04
  13460   0.11855E-04
  13470   0.11860E-04
  13480   0.11882E-04
  13490   0.11895E-04
  13500   0.11910E-04
  13510   0.11916E-04
  13520   0.11942E-04
  13530   0.11951E-04
  13540   0.11962E-04
  13550   0.11976E-04
  13560   0.11988E-04
  13570   0.12003E-04
  13580   0.12024E-04
  13590   0.12025E-04
  13600   0.12041E-04
  13610   0.12061E-04
  13620   0.12059E-04
  13630   0.12086E-04
  13640   0.12095E-04
  13650   0.12102E-04
  13660   0.12112E-04
  13670   0.12134E-04
  13680   0.12150E-04
  13690   0.12167E-04
  13700   0.12176E-04
  13710   0.12199E-04
  13720   0.12209E-04
  13730   0.12237E-04
  13740   0.12250E-04
  13750   0.12264E-04
  13760   0.12289E-04
  13770   0.12305E-04
  13780   0.12328E-04
  13790   0.12353E-04
  13800   0.12363E-04
  13810   0.12400E-04
  13820   0.12428E-04
  13830   0.12446E-04
  13840   0.12475E-04
  13850   0.12504E-04
  13860   0.12557E-04
  13870   0.12582E-04
  13880   0.12631E-04
  13890   0.12669E-04
  13900   0.12718E-04
  13910   0.12760E-04
  13920   0.12820E-04
  13930   0.12867E-04
  13940   0.12923E-04
  13950   0.12991E-04
  13960   0.13051E-04
  13970   0.13121E-04
  13980   0.13184E-04
  13990   0.13259E-04
  14000   0.13326E-04
  14010   0.13407E-04
  14020   0.13496E-04
  14030   0.13559E-04
  14040   0.13657E-04
  14050   0.13731E-04
  14060   0.13831E-04
  14070   0.13935E-04
  14080   0.14020E-04
  14090   0.14129E-04
  14100   0.14220E-04
  14110   0.14321E-04
  14120   0.14422E-04
  14130   0.14525E-04
  14140   0.14632E-04
  14150   0.14739E-04
  14160   0.14837E-04
  14170   0.14934E-04
  14180   0.15057E-04
  14190   0.15132E-04
  14200   0.15236E-04
  14210   0.15334E-04
  14220   0.15423E-04
  14230   0.15522E-04
  14240   0.15612E-04
  14250   0.15703E-04
  14260   0.15777E-04
  14270   0.15860E-04
  14280   0.15933E-04
  14290   0.16026E-04
  14300   0.16098E-04
  14310   0.16191E-04
  14320   0.16272E-04
  14330   0.16364E-04
  14340   0.16468E-04
  14350   0.16540E-04
  14360   0.16643E-04
  14370   0.16751E-04
  14380   0.16852E-04
  14390   0.16978E-04
  14400   0.17095E-04
  14410   0.17214E-04
  14420   0.17338E-04
  14430   0.17466E-04
  14440   0.17585E-04
  14450   0.17710E-04
  14460   0.17850E-04
  14470   0.17986E-04
  14480   0.18107E-04
  14490   0.18233E-04
  14500   0.18366E-04
  14510   0.18505E-04
  14520   0.18626E-04
  14530   0.18757E-04
  14540   0.18881E-04
  14550   0.19001E-04
  14560   0.19144E-04
  14570   0.19248E-04
  14580   0.19364E-04
  14590   0.19478E-04
  14600   0.19591E-04
  14610   0.19714E-04
  14620   0.19816E-04
  14630   0.19909E-04
  14640   0.20015E-04
  14650   0.20099E-04
  14660   0.20199E-04
  14670   0.20284E-04
  14680   0.20364E-04
  14690   0.20445E-04
  14700   0.20529E-04
  14710   0.20598E-04
  14720   0.20664E-04
  14730   0.20722E-04
  14740   0.20788E-04
  14750   0.20848E-04
  14760   0.20895E-04
  14770   0.20961E-04
  14780   0.21021E-04
  14790   0.21077E-04
  14800   0.21127E-04
  14810   0.21194E-04
  14820   0.21247E-04
  14830   0.21316E-04
  14840   0.21372E-04
  14850   0.21438E-04
  14860   0.21505E-04
  14870   0.21580E-04
  14880   0.21654E-04
  14890   0.21718E-04
  14900   0.21802E-04
  14910   0.21891E-04
  14920   0.21960E-04
  14930   0.22047E-04
  14940   0.22141E-04
  14950   0.22227E-04
  14960   0.22325E-04
  14970   0.22418E-04
  14980   0.22518E-04
  14990   0.22619E-04
  15000   0.22724E-04
  15010   0.22826E-04
  15020   0.22918E-04
  15030   0.23031E-04
  15040   0.23148E-04
  15050   0.23245E-04
  15060   0.23356E-04
  15070   0.23466E-04
  15080   0.23568E-04
  15090   0.23682E-04
  15100   0.23780E-04
  15110   0.23895E-04
  15120   0.23999E-04
  15130   0.24114E-04
  15140   0.24216E-04
  15150   0.24335E-04
  15160   0.24436E-04
  15170   0.24544E-04
  15180   0.24639E-04
  15190   0.24751E-04
  15200   0.24871E-04
  15210   0.24978E-04
  15220   0.25093E-04
  15230   0.25202E-04
  15240   0.25311E-04
  15250   0.25444E-04
  15260   0.25546E-04
  15270   0.25668E-04
  15280   0.25804E-04
  15290   0.25930E-04
  15300   0.26050E-04
  15310   0.26190E-04
  15320   0.26313E-04
  15330   0.26457E-04
  15340   0.26601E-04
  15350   0.26752E-04
  15360   0.26896E-04
  15370   0.27048E-04
  15380   0.27191E-04
  15390   0.27348E-04
  15400   0.27509E-04
  15410   0.27668E-04
  15420   0.27829E-04
  15430   0.28000E-04
  15440   0.28160E-04
  15450   0.28335E-04
  15460   0.28510E-04
  15470   0.28662E-04
  15480   0.28844E-04
  15490   0.29018E-04
  15500   0.29192E-04
  15510   0.29359E-04
  15520   0.29541E-04
  15530   0.29713E-04
  15540   0.29897E-04
  15550   0.30072E-04
  15560   0.30248E-04
  15570   0.30419E-04
  15580   0.30609E-04
  15590   0.30778E-04
  15600   0.30962E-04
  15610   0.31145E-04
  15620   0.31317E-04
  15630   0.31500E-04
  15640   0.31679E-04
  15650   0.31864E-04
  15660   0.32049E-04
  15670   0.32237E-04
  15680   0.32429E-04
  15690   0.32610E-04
  15700   0.32806E-04
  15710   0.33005E-04
  15720   0.33195E-04
  15730   0.33396E-04
  15740   0.33598E-04
  15750   0.33804E-04
  15760   0.34007E-04
  15770   0.34214E-04
  15780   0.34422E-04
  15790   0.34634E-04
  15800   0.34848E-04
  15810   0.35070E-04
  15820   0.35290E-04
  15830   0.35507E-04
  15840   0.35729E-04
  15850   0.35948E-04
  15860   0.36170E-04
  15870   0.36400E-04
  15880   0.36627E-04
  15890   0.36856E-04
  15900   0.37083E-04
  15910   0.37311E-04
  15920   0.37535E-04
  15930   0.37763E-04
  15940   0.37996E-04
  15950   0.38227E-04
  15960   0.38458E-04
  15970   0.38689E-04
  15980   0.38921E-04
  15990   0.39149E-04
  16000   0.39382E-04
  16010   0.39613E-04
  16020   0.39843E-04
  16030   0.40078E-04
  16040   0.40299E-04
  16050   0.40537E-04
  16060   0.40766E-04
  16070   0.40993E-04
  16080   0.41224E-04
  16090   0.41453E-04
  16100   0.41673E-04
  16110   0.41899E-04
  16120   0.42122E-04
  16130   0.42338E-04
  16140   0.42564E-04
  16150   0.42783E-04
  16160   0.42995E-04
  16170   0.43216E-04
  16180   0.43429E-04
  16190   0.43647E-04
  16200   0.43849E-04
  16210   0.44059E-04
  16220   0.44269E-04
  16230   0.44470E-04
  16240   0.44675E-04
  16250   0.44876E-04
  16260   0.45085E-04
  16270   0.45283E-04
  16280   0.45485E-04
  16290   0.45685E-04
  16300   0.45886E-04
  16310   0.46091E-04
  16320   0.46282E-04
  16330   0.46490E-04
  16340   0.46679E-04
  16350   0.46877E-04
  16360   0.47085E-04
  16370   0.47271E-04
  16380   0.47476E-04
  16390   0.47671E-04
  16400   0.47868E-04
  16410   0.48067E-04
  16420   0.48258E-04
  16430   0.48456E-04
  16440   0.48645E-04
  16450   0.48837E-04
  16460   0.49034E-04
  16470   0.49217E-04
  16480   0.49410E-04
  16490   0.49597E-04
  16500   0.49783E-04
  16510   0.49965E-04
  16520   0.50144E-04
  16530   0.50321E-04
  16540   0.50495E-04
  16550   0.50670E-04
  16560   0.50831E-04
  16570   0.51008E-04
  16580   0.51166E-04
  16590   0.51315E-04
  16600   0.51479E-04
  16610   0.51628E-04
  16620   0.51773E-04
  16630   0.51914E-04
  16640   0.52048E-04
  16650   0.52185E-04
  16660   0.52306E-04
  16670   0.52432E-04
  16680   0.52544E-04
  16690   0.52653E-04
  16700   0.52762E-04
  16710   0.52862E-04
  16720   0.52959E-04
  16730   0.53035E-04
  16740   0.53118E-04
  16750   0.53194E-04
  16760   0.53260E-04
  16770   0.53319E-04
  16780   0.53378E-04
  16790   0.53429E-04
  16800   0.53464E-04
  16810   0.53494E-04
  16820   0.53521E-04
  16830   0.53545E-04
  16840   0.53551E-04
  16850   0.53553E-04
  16860   0.53555E-04
  16870   0.53547E-04
  16880   0.53520E-04
  16890   0.53499E-04
  16900   0.53464E-04
  16910   0.53425E-04
  16920   0.53377E-04
  16930   0.53318E-04
  16940   0.53258E-04
  16950   0.53187E-04
  16960   0.53117E-04
  16970   0.53030E-04
  16980   0.52944E-04
  16990   0.52847E-04
  17000   0.52754E-04
  17010   0.52649E-04
  17020   0.52549E-04
  17030   0.52435E-04
  17040   0.52322E-04
  17050   0.52205E-04
  17060   0.52092E-04
  17070   0.51973E-04
  17080   0.51857E-04
  17090   0.51734E-04
  17100   0.51625E-04
  17110   0.51517E-04
  17120   0.51405E-04
  17130   0.51305E-04
  17140   0.51205E-04
  17150   0.51115E-04
  17160   0.51031E-04
  17170   0.50959E-04
  17180   0.50895E-04
  17190   0.50841E-04
  17200   0.50799E-04
  17210   0.50778E-04
  17220   0.50763E-04
  17230   0.50758E-04
  17240   0.50779E-04
  17250   0.50812E-04
  17260   0.50865E-04
  17270   0.50936E-04
  17280   0.51023E-04
  17290   0.51131E-04
  17300   0.51262E-04
  17310   0.51404E-04
  17320   0.51581E-04
  17330   0.51772E-04
  17340   0.51987E-04
  17350   0.52218E-04
  17360   0.52475E-04
  17370   0.52752E-04
  17380   0.53051E-04
  17390   0.53371E-04
  17400   0.53705E-04
  17410   0.54067E-04
  17420   0.54450E-04
  17430   0.54846E-04
  17440   0.55267E-04
  17450   0.55697E-04
  17460   0.56149E-04
  17470   0.56620E-04
  17480   0.57102E-04
  17490   0.57599E-04
  17500   0.58111E-04
  17510   0.58639E-04
  17520   0.59178E-04
  17530   0.59726E-04
  17540   0.60287E-04
  17550   0.60859E-04
  17560   0.61431E-04
  17570   0.62021E-04
  17580   0.62615E-04
  17590   0.63213E-04
  17600   0.63814E-04
  17610   0.64422E-04
  17620   0.65031E-04
  17630   0.65647E-04
  17640   0.66258E-04
  17650   0.66879E-04
  17660   0.67494E-04
  17670   0.68113E-04
  17680   0.68720E-04
  17690   0.69340E-04
  17700   0.69952E-04
  17710   0.70558E-04
  17720   0.71163E-04
  17730   0.71764E-04
  17740   0.72362E-04
  17750   0.72955E-04
  17760   0.73544E-04
  17770   0.74125E-04
  17780   0.74698E-04
  17790   0.75267E-04
  17800   0.75832E-04
  17810   0.76389E-04
  17820   0.76941E-04
  17830   0.77481E-04
  17840   0.78019E-04
  17850   0.78540E-04
  17860   0.79057E-04
  17870   0.79569E-04
  17880   0.80069E-04
  17890   0.80562E-04
  17900   0.81043E-04
  17910   0.81516E-04
  17920   0.81989E-04
  17930   0.82434E-04
  17940   0.82886E-04
  17950   0.83321E-04
  17960   0.83744E-04
  17970   0.84164E-04
  17980   0.84572E-04
  17990   0.84962E-04
  18000   0.85348E-04
  18010   0.85725E-04
  18020   0.86089E-04
  18030   0.86440E-04
  18040   0.86786E-04
  18050   0.87119E-04
  18060   0.87438E-04
  18070   0.87745E-04
  18080   0.88048E-04
  18090   0.88343E-04
  18100   0.88619E-04
  18110   0.88887E-04
  18120   0.89140E-04
  18130   0.89380E-04
  18140   0.89617E-04
  18150   0.89833E-04
  18160   0.90042E-04
  18170   0.90242E-04
  18180   0.90425E-04
  18190   0.90589E-04
  18200   0.90753E-04
  18210   0.90905E-04
  18220   0.91035E-04
  18230   0.91162E-04
  18240   0.91278E-04
  18250   0.91377E-04
  18260   0.91465E-04
  18270   0.91534E-04
  18280   0.91594E-04
  18290   0.91651E-04
  18300   0.91685E-04
  18310   0.91711E-04
  18320   0.91718E-04
  18330   0.91723E-04
  18340   0.91717E-04
  18350   0.91691E-04
  18360   0.91650E-04
  18370   0.91601E-04
  18380   0.91543E-04
  18390   0.91469E-04
  18400   0.91379E-04
  18410   0.91279E-04
  18420   0.91163E-04
  18430   0.91046E-04
  18440   0.90919E-04
  18450   0.90770E-04
  18460   0.90609E-04
  18470   0.90438E-04
  18480   0.90261E-04
  18490   0.90067E-04
  18500   0.89864E-04
  18510   0.89645E-04
  18520   0.89427E-04
  18530   0.89195E-04
  18540   0.88942E-04
  18550   0.88685E-04
  18560   0.88414E-04
  18570   0.88138E-04
  18580   0.87855E-04
  18590   0.87558E-04
  18600   0.87250E-04
  18610   0.86934E-04
  18620   0.86614E-04
  18630   0.86280E-04
  18640   0.85937E-04
  18650   0.85583E-04
  18660   0.85235E-04
  18670   0.84867E-04
  18680   0.84507E-04
  18690   0.84132E-04
  18700   0.83747E-04
  18710   0.83351E-04
  18720   0.82956E-04
  18730   0.82552E-04
  18740   0.82156E-04
  18750   0.81737E-04
  18760   0.81323E-04
  18770   0.80907E-04
  18780   0.80487E-04
  18790   0.80063E-04
  18800   0.79639E-04
  18810   0.79214E-04
  18820   0.78772E-04
  18830   0.78350E-04
  18840   0.77918E-04
  18850   0.77483E-04
  18860   0.77045E-04
  18870   0.76624E-04
  18880   0.76197E-04
  18890   0.75772E-04
  18900   0.75348E-04
  18910   0.74922E-04
  18920   0.74506E-04
  18930   0.74089E-04
  18940   0.73673E-04
  18950   0.73277E-04
  18960   0.72867E-04
  18970   0.72466E-04
  18980   0.72077E-04
  18990   0.71693E-04
  19000   0.71320E-04
  19010   0.70940E-04
  19020   0.70577E-04
  19030   0.70210E-04
  19040   0.69869E-04
  19050   0.69530E-04
  19060   0.69186E-04
  19070   0.68859E-04
  19080   0.68536E-04
  19090   0.68235E-04
  19100   0.67926E-04
  19110   0.67636E-04
  19120   0.67351E-04
  19130   0.67072E-04
  19140   0.66802E-04
  19150   0.66551E-04
  19160   0.66293E-04
  19170   0.66057E-04
  19180   0.65821E-04
  19190   0.65593E-04
  19200   0.65374E-04
  19210   0.65167E-04
  19220   0.64968E-04
  19230   0.64775E-04
  19240   0.64572E-04
  19250   0.64405E-04
  19260   0.64246E-04
  19270   0.64078E-04
  19280   0.63916E-04
  19290   0.63773E-04
  19300   0.63629E-04
  19310   0.63486E-04
  19320   0.63344E-04
  19330   0.63219E-04
  19340   0.63090E-04
  19350   0.62962E-04
  19360   0.62845E-04
  19370   0.62728E-04
  19380   0.62617E-04
  19390   0.62528E-04
  19400   0.62408E-04
  19410   0.62324E-04
  19420   0.62220E-04
  19430   0.62143E-04
  19440   0.62042E-04
  19450   0.61936E-04
  19460   0.61859E-04
  19470   0.61769E-04
  19480   0.61681E-04
  19490   0.61598E-04
  19500   0.61516E-04
  19510   0.61438E-04
  19520   0.61338E-04
  19530   0.61266E-04
  19540   0.61189E-04
  19550   0.61123E-04
  19560   0.61044E-04
  19570   0.60949E-04
  19580   0.60887E-04
  19590   0.60806E-04
  19600   0.60737E-04
  19610   0.60658E-04
  19620   0.60583E-04
  19630   0.60505E-04
  19640   0.60437E-04
  19650   0.60381E-04
  19660   0.60288E-04
  19670   0.60222E-04
  19680   0.60160E-04
  19690   0.60093E-04
  19700   0.60025E-04
  19710   0.59952E-04
  19720   0.59885E-04
  19730   0.59820E-04
  19740   0.59748E-04
  19750   0.59698E-04
  19760   0.59636E-04
  19770   0.59570E-04
  19780   0.59485E-04
  19790   0.59433E-04
  19800   0.59375E-04
  19810   0.59320E-04
  19820   0.59260E-04
  19830   0.59205E-04
  19840   0.59159E-04
  19850   0.59084E-04
  19860   0.59036E-04
  19870   0.58969E-04
  19880   0.58915E-04
  19890   0.58862E-04
  19900   0.58803E-04
  19910   0.58736E-04
  19920   0.58692E-04
  19930   0.58626E-04
  19940   0.58573E-04
  19950   0.58506E-04
  19960   0.58454E-04
  19970   0.58393E-04
  19980   0.58327E-04
  19990   0.58247E-04
  20000   0.58195E-04
