     10   0.10519E-02
     20   0.89275E-03
     30   0.78849E-03
     40   0.71450E-03
     50   0.65859E-03
     60   0.61395E-03
     70   0.57626E-03
     80   0.54339E-03
     90   0.51425E-03
    100   0.48785E-03
    110   0.46541E-03
    120   0.44456E-03
    130   0.42506E-03
    140   0.40668E-03
    150   0.38933E-03
    160   0.37297E-03
    170   0.35743E-03
    180   0.34277E-03
    190   0.32887E-03
    200   0.31573E-03
    210   0.30359E-03
    220   0.29206E-03
    230   0.28119E-03
    240   0.27090E-03
    250   0.26123E-03
    260   0.25212E-03
    270   0.24355E-03
    280   0.23546E-03
    290   0.22789E-03
    300   0.22078E-03
    310   0.21420E-03
    320   0.20800E-03
    330   0.20220E-03
    340   0.19679E-03
    350   0.19176E-03
    360   0.18712E-03
    370   0.18285E-03
    380   0.17901E-03
    390   0.17554E-03
    400   0.17247E-03
    410   0.16982E-03
    420   0.16752E-03
    430   0.16551E-03
    440   0.16380E-03
    450   0.16229E-03
    460   0.16096E-03
    470   0.15973E-03
    480   0.15856E-03
    490   0.15740E-03
    500   0.15622E-03
    510   0.15500E-03
    520   0.15370E-03
    530   0.15231E-03
    540   0.15085E-03
    550   0.14930E-03
    560   0.14772E-03
    570   0.14610E-03
    580   0.14449E-03
    590   0.14292E-03
    600   0.14141E-03
    610   0.14004E-03
    620   0.13878E-03
    630   0.13769E-03
    640   0.13677E-03
    650   0.13604E-03
    660   0.13551E-03
    670   0.13518E-03
    680   0.13504E-03
    690   0.13509E-03
    700   0.13530E-03
    710   0.13566E-03
    720   0.13615E-03
    730   0.13675E-03
    740   0.13743E-03
    750   0.13818E-03
    760   0.13898E-03
    770   0.13979E-03
    780   0.14061E-03
    790   0.14142E-03
    800   0.14220E-03
    810   0.14294E-03
    820   0.14362E-03
    830   0.14423E-03
    840   0.14476E-03
    850   0.14520E-03
    860   0.14555E-03
    870   0.14580E-03
    880   0.14593E-03
    890   0.14597E-03
    900   0.14590E-03
    910   0.14573E-03
    920   0.14544E-03
    930   0.14507E-03
    940   0.14459E-03
    950   0.14402E-03
    960   0.14336E-03
    970   0.14261E-03
    980   0.14180E-03
    990   0.14091E-03
   1000   0.13997E-03
   1010   0.13899E-03
   1020   0.13795E-03
   1030   0.13689E-03
   1040   0.13580E-03
   1050   0.13470E-03
   1060   0.13362E-03
   1070   0.13256E-03
   1080   0.13152E-03
   1090   0.13051E-03
   1100   0.12958E-03
   1110   0.12870E-03
   1120   0.12790E-03
   1130   0.12717E-03
   1140   0.12655E-03
   1150   0.12600E-03
   1160   0.12557E-03
   1170   0.12523E-03
   1180   0.12497E-03
   1190   0.12483E-03
   1200   0.12479E-03
   1210   0.12479E-03
   1220   0.12490E-03
   1230   0.12505E-03
   1240   0.12528E-03
   1250   0.12554E-03
   1260   0.12584E-03
   1270   0.12616E-03
   1280   0.12649E-03
   1290   0.12683E-03
   1300   0.12715E-03
   1310   0.12746E-03
   1320   0.12776E-03
   1330   0.12800E-03
   1340   0.12822E-03
   1350   0.12841E-03
   1360   0.12851E-03
   1370   0.12859E-03
   1380   0.12861E-03
   1390   0.12859E-03
   1400   0.12852E-03
   1410   0.12839E-03
   1420   0.12822E-03
   1430   0.12800E-03
   1440   0.12777E-03
   1450   0.12750E-03
   1460   0.12720E-03
   1470   0.12687E-03
   1480   0.12654E-03
   1490   0.12622E-03
   1500   0.12588E-03
   1510   0.12557E-03
   1520   0.12527E-03
   1530   0.12498E-03
   1540   0.12474E-03
   1550   0.12450E-03
   1560   0.12431E-03
   1570   0.12417E-03
   1580   0.12404E-03
   1590   0.12396E-03
   1600   0.12391E-03
   1610   0.12387E-03
   1620   0.12388E-03
   1630   0.12391E-03
   1640   0.12393E-03
   1650   0.12397E-03
   1660   0.12402E-03
   1670   0.12405E-03
   1680   0.12408E-03
   1690   0.12410E-03
   1700   0.12406E-03
   1710   0.12402E-03
   1720   0.12392E-03
   1730   0.12379E-03
   1740   0.12360E-03
   1750   0.12337E-03
   1760   0.12310E-03
   1770   0.12276E-03
   1780   0.12238E-03
   1790   0.12195E-03
   1800   0.12146E-03
   1810   0.12092E-03
   1820   0.12035E-03
   1830   0.11972E-03
   1840   0.11907E-03
   1850   0.11838E-03
   1860   0.11768E-03
   1870   0.11695E-03
   1880   0.11622E-03
   1890   0.11548E-03
   1900   0.11475E-03
   1910   0.11404E-03
   1920   0.11334E-03
   1930   0.11269E-03
   1940   0.11206E-03
   1950   0.11150E-03
   1960   0.11099E-03
   1970   0.11054E-03
   1980   0.11016E-03
   1990   0.10985E-03
   2000   0.10963E-03
   2010   0.10951E-03
   2020   0.10947E-03
   2030   0.10952E-03
   2040   0.10967E-03
   2050   0.10992E-03
   2060   0.11025E-03
   2070   0.11068E-03
   2080   0.11121E-03
   2090   0.11181E-03
   2100   0.11250E-03
   2110   0.11327E-03
   2120   0.11413E-03
   2130   0.11503E-03
   2140   0.11599E-03
   2150   0.11701E-03
   2160   0.11807E-03
   2170   0.11918E-03
   2180   0.12030E-03
   2190   0.12146E-03
   2200   0.12263E-03
   2210   0.12382E-03
   2220   0.12502E-03
   2230   0.12623E-03
   2240   0.12742E-03
   2250   0.12861E-03
   2260   0.12979E-03
   2270   0.13096E-03
   2280   0.13212E-03
   2290   0.13324E-03
   2300   0.13437E-03
   2310   0.13543E-03
   2320   0.13650E-03
   2330   0.13753E-03
   2340   0.13853E-03
   2350   0.13949E-03
   2360   0.14042E-03
   2370   0.14133E-03
   2380   0.14220E-03
   2390   0.14303E-03
   2400   0.14381E-03
   2410   0.14455E-03
   2420   0.14528E-03
   2430   0.14593E-03
   2440   0.14658E-03
   2450   0.14717E-03
   2460   0.14771E-03
   2470   0.14821E-03
   2480   0.14865E-03
   2490   0.14906E-03
   2500   0.14943E-03
   2510   0.14975E-03
   2520   0.15004E-03
   2530   0.15027E-03
   2540   0.15042E-03
   2550   0.15055E-03
   2560   0.15064E-03
   2570   0.15070E-03
   2580   0.15067E-03
   2590   0.15061E-03
   2600   0.15052E-03
   2610   0.15036E-03
   2620   0.15017E-03
   2630   0.14994E-03
   2640   0.14967E-03
   2650   0.14936E-03
   2660   0.14898E-03
   2670   0.14861E-03
   2680   0.14817E-03
   2690   0.14769E-03
   2700   0.14717E-03
   2710   0.14664E-03
   2720   0.14606E-03
   2730   0.14547E-03
   2740   0.14483E-03
   2750   0.14418E-03
   2760   0.14347E-03
   2770   0.14272E-03
   2780   0.14199E-03
   2790   0.14120E-03
   2800   0.14041E-03
   2810   0.13958E-03
   2820   0.13875E-03
   2830   0.13786E-03
   2840   0.13698E-03
   2850   0.13608E-03
   2860   0.13514E-03
   2870   0.13420E-03
   2880   0.13324E-03
   2890   0.13227E-03
   2900   0.13129E-03
   2910   0.13028E-03
   2920   0.12927E-03
   2930   0.12826E-03
   2940   0.12723E-03
   2950   0.12617E-03
   2960   0.12512E-03
   2970   0.12405E-03
   2980   0.12299E-03
   2990   0.12191E-03
   3000   0.12084E-03
   3010   0.11975E-03
   3020   0.11866E-03
   3030   0.11756E-03
   3040   0.11647E-03
   3050   0.11539E-03
   3060   0.11431E-03
   3070   0.11323E-03
   3080   0.11212E-03
   3090   0.11107E-03
   3100   0.10997E-03
   3110   0.10891E-03
   3120   0.10786E-03
   3130   0.10678E-03
   3140   0.10574E-03
   3150   0.10470E-03
   3160   0.10369E-03
   3170   0.10264E-03
   3180   0.10164E-03
   3190   0.10065E-03
   3200   0.99674E-04
   3210   0.98729E-04
   3220   0.97755E-04
   3230   0.96821E-04
   3240   0.95912E-04
   3250   0.94977E-04
   3260   0.94097E-04
   3270   0.93226E-04
   3280   0.92369E-04
   3290   0.91527E-04
   3300   0.90699E-04
   3310   0.89889E-04
   3320   0.89085E-04
   3330   0.88320E-04
   3340   0.87578E-04
   3350   0.86821E-04
   3360   0.86091E-04
   3370   0.85370E-04
   3380   0.84691E-04
   3390   0.84019E-04
   3400   0.83330E-04
   3410   0.82693E-04
   3420   0.82065E-04
   3430   0.81443E-04
   3440   0.80824E-04
   3450   0.80242E-04
   3460   0.79659E-04
   3470   0.79084E-04
   3480   0.78511E-04
   3490   0.77975E-04
   3500   0.77452E-04
   3510   0.76919E-04
   3520   0.76432E-04
   3530   0.75913E-04
   3540   0.75413E-04
   3550   0.74927E-04
   3560   0.74445E-04
   3570   0.73999E-04
   3580   0.73527E-04
   3590   0.73087E-04
   3600   0.72643E-04
   3610   0.72219E-04
   3620   0.71780E-04
   3630   0.71384E-04
   3640   0.70955E-04
   3650   0.70567E-04
   3660   0.70179E-04
   3670   0.69778E-04
   3680   0.69398E-04
   3690   0.69013E-04
   3700   0.68659E-04
   3710   0.68295E-04
   3720   0.67943E-04
   3730   0.67609E-04
   3740   0.67271E-04
   3750   0.66946E-04
   3760   0.66620E-04
   3770   0.66319E-04
   3780   0.65993E-04
   3790   0.65711E-04
   3800   0.65419E-04
   3810   0.65132E-04
   3820   0.64858E-04
   3830   0.64602E-04
   3840   0.64327E-04
   3850   0.64070E-04
   3860   0.63833E-04
   3870   0.63606E-04
   3880   0.63359E-04
   3890   0.63139E-04
   3900   0.62926E-04
   3910   0.62737E-04
   3920   0.62522E-04
   3930   0.62353E-04
   3940   0.62159E-04
   3950   0.61975E-04
   3960   0.61823E-04
   3970   0.61671E-04
   3980   0.61505E-04
   3990   0.61345E-04
   4000   0.61225E-04
   4010   0.61083E-04
   4020   0.60952E-04
   4030   0.60837E-04
   4040   0.60726E-04
   4050   0.60633E-04
   4060   0.60522E-04
   4070   0.60428E-04
   4080   0.60348E-04
   4090   0.60266E-04
   4100   0.60198E-04
   4110   0.60118E-04
   4120   0.60088E-04
   4130   0.60007E-04
   4140   0.59945E-04
   4150   0.59901E-04
   4160   0.59847E-04
   4170   0.59809E-04
   4180   0.59772E-04
   4190   0.59743E-04
   4200   0.59726E-04
   4210   0.59686E-04
   4220   0.59675E-04
   4230   0.59654E-04
   4240   0.59647E-04
   4250   0.59635E-04
   4260   0.59648E-04
   4270   0.59654E-04
   4280   0.59639E-04
   4290   0.59670E-04
   4300   0.59667E-04
   4310   0.59684E-04
   4320   0.59697E-04
   4330   0.59729E-04
   4340   0.59755E-04
   4350   0.59770E-04
   4360   0.59795E-04
   4370   0.59841E-04
   4380   0.59880E-04
   4390   0.59903E-04
   4400   0.59962E-04
   4410   0.59992E-04
   4420   0.60054E-04
   4430   0.60100E-04
   4440   0.60145E-04
   4450   0.60215E-04
   4460   0.60259E-04
   4470   0.60306E-04
   4480   0.60364E-04
   4490   0.60430E-04
   4500   0.60498E-04
   4510   0.60580E-04
   4520   0.60625E-04
   4530   0.60704E-04
   4540   0.60772E-04
   4550   0.60847E-04
   4560   0.60921E-04
   4570   0.60999E-04
   4580   0.61077E-04
   4590   0.61157E-04
   4600   0.61208E-04
   4610   0.61307E-04
   4620   0.61370E-04
   4630   0.61447E-04
   4640   0.61527E-04
   4650   0.61622E-04
   4660   0.61681E-04
   4670   0.61776E-04
   4680   0.61858E-04
   4690   0.61931E-04
   4700   0.62015E-04
   4710   0.62097E-04
   4720   0.62175E-04
   4730   0.62250E-04
   4740   0.62325E-04
   4750   0.62400E-04
   4760   0.62474E-04
   4770   0.62550E-04
   4780   0.62610E-04
   4790   0.62681E-04
   4800   0.62766E-04
   4810   0.62835E-04
   4820   0.62886E-04
   4830   0.62934E-04
   4840   0.63014E-04
   4850   0.63073E-04
   4860   0.63120E-04
   4870   0.63174E-04
   4880   0.63233E-04
   4890   0.63282E-04
   4900   0.63339E-04
   4910   0.63374E-04
   4920   0.63407E-04
   4930   0.63443E-04
   4940   0.63476E-04
   4950   0.63521E-04
   4960   0.63543E-04
   4970   0.63566E-04
   4980   0.63577E-04
   4990   0.63600E-04
   5000   0.63610E-04
   5010   0.63627E-04
   5020   0.63631E-04
   5030   0.63632E-04
   5040   0.63641E-04
   5050   0.63645E-04
   5060   0.63624E-04
   5070   0.63629E-04
   5080   0.63598E-04
   5090   0.63582E-04
   5100   0.63555E-04
   5110   0.63547E-04
   5120   0.63513E-04
   5130   0.63487E-04
   5140   0.63449E-04
   5150   0.63407E-04
   5160   0.63366E-04
   5170   0.63339E-04
   5180   0.63275E-04
   5190   0.63237E-04
   5200   0.63170E-04
   5210   0.63113E-04
   5220   0.63068E-04
   5230   0.63000E-04
   5240   0.62937E-04
   5250   0.62877E-04
   5260   0.62793E-04
   5270   0.62726E-04
   5280   0.62658E-04
   5290   0.62599E-04
   5300   0.62508E-04
   5310   0.62425E-04
   5320   0.62349E-04
   5330   0.62273E-04
   5340   0.62193E-04
   5350   0.62090E-04
   5360   0.62022E-04
   5370   0.61920E-04
   5380   0.61836E-04
   5390   0.61760E-04
   5400   0.61668E-04
   5410   0.61575E-04
   5420   0.61472E-04
   5430   0.61401E-04
   5440   0.61307E-04
   5450   0.61203E-04
   5460   0.61123E-04
   5470   0.61028E-04
   5480   0.60949E-04
   5490   0.60863E-04
   5500   0.60789E-04
   5510   0.60679E-04
   5520   0.60596E-04
   5530   0.60516E-04
   5540   0.60433E-04
   5550   0.60348E-04
   5560   0.60255E-04
   5570   0.60164E-04
   5580   0.60108E-04
   5590   0.60019E-04
   5600   0.59942E-04
   5610   0.59870E-04
   5620   0.59792E-04
   5630   0.59726E-04
   5640   0.59634E-04
   5650   0.59571E-04
   5660   0.59503E-04
   5670   0.59417E-04
   5680   0.59380E-04
   5690   0.59310E-04
   5700   0.59250E-04
   5710   0.59191E-04
   5720   0.59114E-04
   5730   0.59065E-04
   5740   0.59011E-04
   5750   0.58956E-04
   5760   0.58897E-04
   5770   0.58846E-04
   5780   0.58824E-04
   5790   0.58764E-04
   5800   0.58714E-04
   5810   0.58671E-04
   5820   0.58631E-04
   5830   0.58586E-04
   5840   0.58545E-04
   5850   0.58516E-04
   5860   0.58472E-04
   5870   0.58447E-04
   5880   0.58423E-04
   5890   0.58387E-04
   5900   0.58353E-04
   5910   0.58332E-04
   5920   0.58297E-04
   5930   0.58274E-04
   5940   0.58252E-04
   5950   0.58234E-04
   5960   0.58211E-04
   5970   0.58181E-04
   5980   0.58165E-04
   5990   0.58163E-04
   6000   0.58125E-04
   6010   0.58119E-04
   6020   0.58110E-04
   6030   0.58091E-04
   6040   0.58074E-04
   6050   0.58072E-04
   6060   0.58054E-04
   6070   0.58042E-04
   6080   0.58044E-04
   6090   0.58021E-04
   6100   0.58007E-04
   6110   0.58017E-04
   6120   0.57988E-04
   6130   0.57995E-04
   6140   0.57983E-04
   6150   0.57973E-04
   6160   0.57972E-04
   6170   0.57949E-04
   6180   0.57964E-04
   6190   0.57940E-04
   6200   0.57938E-04
   6210   0.57936E-04
   6220   0.57933E-04
   6230   0.57920E-04
   6240   0.57915E-04
   6250   0.57897E-04
   6260   0.57898E-04
   6270   0.57887E-04
   6280   0.57893E-04
   6290   0.57868E-04
   6300   0.57879E-04
   6310   0.57865E-04
   6320   0.57851E-04
   6330   0.57856E-04
   6340   0.57847E-04
   6350   0.57820E-04
   6360   0.57831E-04
   6370   0.57814E-04
   6380   0.57807E-04
   6390   0.57812E-04
   6400   0.57779E-04
   6410   0.57777E-04
   6420   0.57766E-04
   6430   0.57759E-04
   6440   0.57730E-04
   6450   0.57721E-04
   6460   0.57719E-04
   6470   0.57702E-04
   6480   0.57695E-04
   6490   0.57677E-04
   6500   0.57660E-04
   6510   0.57663E-04
   6520   0.57631E-04
   6530   0.57627E-04
   6540   0.57599E-04
   6550   0.57582E-04
   6560   0.57582E-04
   6570   0.57556E-04
   6580   0.57529E-04
   6590   0.57519E-04
   6600   0.57493E-04
   6610   0.57472E-04
   6620   0.57459E-04
   6630   0.57429E-04
   6640   0.57402E-04
   6650   0.57377E-04
   6660   0.57364E-04
   6670   0.57330E-04
   6680   0.57304E-04
   6690   0.57270E-04
   6700   0.57249E-04
   6710   0.57222E-04
   6720   0.57210E-04
   6730   0.57168E-04
   6740   0.57135E-04
   6750   0.57087E-04
   6760   0.57074E-04
   6770   0.57030E-04
   6780   0.56998E-04
   6790   0.56960E-04
   6800   0.56906E-04
   6810   0.56885E-04
   6820   0.56827E-04
   6830   0.56786E-04
   6840   0.56765E-04
   6850   0.56707E-04
   6860   0.56668E-04
   6870   0.56612E-04
   6880   0.56550E-04
   6890   0.56506E-04
   6900   0.56466E-04
   6910   0.56400E-04
   6920   0.56346E-04
   6930   0.56281E-04
   6940   0.56230E-04
   6950   0.56163E-04
   6960   0.56111E-04
   6970   0.56035E-04
   6980   0.55972E-04
   6990   0.55911E-04
   7000   0.55827E-04
   7010   0.55758E-04
   7020   0.55684E-04
   7030   0.55622E-04
   7040   0.55526E-04
   7050   0.55451E-04
   7060   0.55373E-04
   7070   0.55275E-04
   7080   0.55192E-04
   7090   0.55113E-04
   7100   0.55019E-04
   7110   0.54928E-04
   7120   0.54821E-04
   7130   0.54719E-04
   7140   0.54624E-04
   7150   0.54531E-04
   7160   0.54419E-04
   7170   0.54330E-04
   7180   0.54209E-04
   7190   0.54118E-04
   7200   0.53990E-04
   7210   0.53881E-04
   7220   0.53762E-04
   7230   0.53643E-04
   7240   0.53537E-04
   7250   0.53412E-04
   7260   0.53289E-04
   7270   0.53165E-04
   7280   0.53033E-04
   7290   0.52910E-04
   7300   0.52784E-04
   7310   0.52663E-04
   7320   0.52531E-04
   7330   0.52389E-04
   7340   0.52264E-04
   7350   0.52130E-04
   7360   0.51994E-04
   7370   0.51854E-04
   7380   0.51711E-04
   7390   0.51590E-04
   7400   0.51448E-04
   7410   0.51308E-04
   7420   0.51179E-04
   7430   0.51035E-04
   7440   0.50902E-04
   7450   0.50775E-04
   7460   0.50634E-04
   7470   0.50504E-04
   7480   0.50372E-04
   7490   0.50213E-04
   7500   0.50079E-04
   7510   0.49939E-04
   7520   0.49817E-04
   7530   0.49685E-04
   7540   0.49551E-04
   7550   0.49411E-04
   7560   0.49279E-04
   7570   0.49154E-04
   7580   0.49025E-04
   7590   0.48897E-04
   7600   0.48766E-04
   7610   0.48639E-04
   7620   0.48519E-04
   7630   0.48398E-04
   7640   0.48262E-04
   7650   0.48147E-04
   7660   0.48031E-04
   7670   0.47914E-04
   7680   0.47809E-04
   7690   0.47676E-04
   7700   0.47572E-04
   7710   0.47458E-04
   7720   0.47359E-04
   7730   0.47227E-04
   7740   0.47132E-04
   7750   0.47014E-04
   7760   0.46925E-04
   7770   0.46794E-04
   7780   0.46708E-04
   7790   0.46601E-04
   7800   0.46498E-04
   7810   0.46384E-04
   7820   0.46294E-04
   7830   0.46202E-04
   7840   0.46091E-04
   7850   0.46005E-04
   7860   0.45908E-04
   7870   0.45814E-04
   7880   0.45705E-04
   7890   0.45615E-04
   7900   0.45534E-04
   7910   0.45429E-04
   7920   0.45338E-04
   7930   0.45250E-04
   7940   0.45159E-04
   7950   0.45068E-04
   7960   0.44971E-04
   7970   0.44885E-04
   7980   0.44782E-04
   7990   0.44726E-04
   8000   0.44629E-04
   8010   0.44514E-04
   8020   0.44440E-04
   8030   0.44349E-04
   8040   0.44278E-04
   8050   0.44180E-04
   8060   0.44109E-04
   8070   0.44012E-04
   8080   0.43917E-04
   8090   0.43827E-04
   8100   0.43752E-04
   8110   0.43665E-04
   8120   0.43585E-04
   8130   0.43488E-04
   8140   0.43406E-04
   8150   0.43334E-04
   8160   0.43227E-04
   8170   0.43137E-04
   8180   0.43075E-04
   8190   0.42977E-04
   8200   0.42896E-04
   8210   0.42807E-04
   8220   0.42729E-04
   8230   0.42642E-04
   8240   0.42572E-04
   8250   0.42464E-04
   8260   0.42394E-04
   8270   0.42308E-04
   8280   0.42233E-04
   8290   0.42136E-04
   8300   0.42062E-04
   8310   0.41952E-04
   8320   0.41868E-04
   8330   0.41788E-04
   8340   0.41709E-04
   8350   0.41603E-04
   8360   0.41549E-04
   8370   0.41433E-04
   8380   0.41358E-04
   8390   0.41275E-04
   8400   0.41170E-04
   8410   0.41101E-04
   8420   0.40999E-04
   8430   0.40913E-04
   8440   0.40816E-04
   8450   0.40734E-04
   8460   0.40642E-04
   8470   0.40549E-04
   8480   0.40469E-04
   8490   0.40373E-04
   8500   0.40277E-04
   8510   0.40190E-04
   8520   0.40100E-04
   8530   0.39989E-04
   8540   0.39908E-04
   8550   0.39796E-04
   8560   0.39708E-04
   8570   0.39601E-04
   8580   0.39511E-04
   8590   0.39434E-04
   8600   0.39314E-04
   8610   0.39220E-04
   8620   0.39123E-04
   8630   0.39021E-04
   8640   0.38919E-04
   8650   0.38819E-04
   8660   0.38718E-04
   8670   0.38627E-04
   8680   0.38521E-04
   8690   0.38415E-04
   8700   0.38310E-04
   8710   0.38219E-04
   8720   0.38125E-04
   8730   0.38004E-04
   8740   0.37884E-04
   8750   0.37797E-04
   8760   0.37686E-04
   8770   0.37584E-04
   8780   0.37465E-04
   8790   0.37370E-04
   8800   0.37275E-04
   8810   0.37147E-04
   8820   0.37045E-04
   8830   0.36939E-04
   8840   0.36820E-04
   8850   0.36727E-04
   8860   0.36607E-04
   8870   0.36503E-04
   8880   0.36384E-04
   8890   0.36275E-04
   8900   0.36171E-04
   8910   0.36075E-04
   8920   0.35947E-04
   8930   0.35856E-04
   8940   0.35755E-04
   8950   0.35639E-04
   8960   0.35510E-04
   8970   0.35397E-04
   8980   0.35291E-04
   8990   0.35197E-04
   9000   0.35071E-04
   9010   0.34953E-04
   9020   0.34841E-04
   9030   0.34744E-04
   9040   0.34631E-04
   9050   0.34523E-04
   9060   0.34409E-04
   9070   0.34305E-04
   9080   0.34175E-04
   9090   0.34073E-04
   9100   0.33947E-04
   9110   0.33849E-04
   9120   0.33721E-04
   9130   0.33616E-04
   9140   0.33526E-04
   9150   0.33421E-04
   9160   0.33300E-04
   9170   0.33199E-04
   9180   0.33087E-04
   9190   0.32971E-04
   9200   0.32864E-04
   9210   0.32757E-04
   9220   0.32646E-04
   9230   0.32531E-04
   9240   0.32426E-04
   9250   0.32320E-04
   9260   0.32191E-04
   9270   0.32078E-04
   9280   0.31967E-04
   9290   0.31860E-04
   9300   0.31773E-04
   9310   0.31680E-04
   9320   0.31562E-04
   9330   0.31452E-04
   9340   0.31354E-04
   9350   0.31243E-04
   9360   0.31145E-04
   9370   0.31040E-04
   9380   0.30919E-04
   9390   0.30819E-04
   9400   0.30700E-04
   9410   0.30592E-04
   9420   0.30491E-04
   9430   0.30383E-04
   9440   0.30282E-04
   9450   0.30182E-04
   9460   0.30067E-04
   9470   0.29957E-04
   9480   0.29861E-04
   9490   0.29778E-04
   9500   0.29658E-04
   9510   0.29532E-04
   9520   0.29452E-04
   9530   0.29340E-04
   9540   0.29238E-04
   9550   0.29118E-04
   9560   0.29020E-04
   9570   0.28920E-04
   9580   0.28823E-04
   9590   0.28707E-04
   9600   0.28615E-04
   9610   0.28517E-04
   9620   0.28408E-04
   9630   0.28299E-04
   9640   0.28184E-04
   9650   0.28095E-04
   9660   0.27992E-04
   9670   0.27902E-04
   9680   0.27807E-04
   9690   0.27693E-04
   9700   0.27579E-04
   9710   0.27489E-04
   9720   0.27381E-04
   9730   0.27295E-04
   9740   0.27168E-04
   9750   0.27101E-04
   9760   0.26993E-04
   9770   0.26895E-04
   9780   0.26779E-04
   9790   0.26673E-04
   9800   0.26576E-04
   9810   0.26480E-04
   9820   0.26377E-04
   9830   0.26281E-04
   9840   0.26176E-04
   9850   0.26088E-04
   9860   0.25965E-04
   9870   0.25888E-04
   9880   0.25764E-04
   9890   0.25680E-04
   9900   0.25568E-04
   9910   0.25466E-04
   9920   0.25382E-04
   9930   0.25270E-04
   9940   0.25174E-04
   9950   0.25079E-04
   9960   0.24984E-04
   9970   0.24876E-04
   9980   0.24776E-04
   9990   0.24678E-04
  10000   0.24568E-04
  10010   0.24466E-04
  10020   0.24361E-04
  10030   0.24255E-04
  10040   0.24149E-04
  10050   0.24051E-04
  10060   0.23973E-04
  10070   0.23861E-04
  10080   0.23758E-04
  10090   0.23650E-04
  10100   0.23577E-04
  10110   0.23456E-04
  10120   0.23342E-04
  10130   0.23252E-04
  10140   0.23157E-04
  10150   0.23039E-04
  10160   0.22947E-04
  10170   0.22839E-04
  10180   0.22759E-04
  10190   0.22645E-04
  10200   0.22542E-04
  10210   0.22443E-04
  10220   0.22339E-04
  10230   0.22250E-04
  10240   0.22140E-04
  10250   0.22051E-04
  10260   0.21956E-04
  10270   0.21870E-04
  10280   0.21749E-04
  10290   0.21651E-04
  10300   0.21550E-04
  10310   0.21454E-04
  10320   0.21352E-04
  10330   0.21291E-04
  10340   0.21156E-04
  10350   0.21070E-04
  10360   0.20984E-04
  10370   0.20877E-04
  10380   0.20773E-04
  10390   0.20691E-04
  10400   0.20600E-04
  10410   0.20501E-04
  10420   0.20396E-04
  10430   0.20316E-04
  10440   0.20207E-04
  10450   0.20129E-04
  10460   0.20037E-04
  10470   0.19954E-04
  10480   0.19846E-04
  10490   0.19765E-04
  10500   0.19680E-04
  10510   0.19591E-04
  10520   0.19500E-04
  10530   0.19395E-04
  10540   0.19312E-04
  10550   0.19230E-04
  10560   0.19149E-04
  10570   0.19058E-04
  10580   0.18967E-04
  10590   0.18896E-04
  10600   0.18803E-04
  10610   0.18725E-04
  10620   0.18617E-04
  10630   0.18549E-04
  10640   0.18464E-04
  10650   0.18374E-04
  10660   0.18291E-04
  10670   0.18218E-04
  10680   0.18136E-04
  10690   0.18043E-04
  10700   0.17963E-04
  10710   0.17892E-04
  10720   0.17793E-04
  10730   0.17708E-04
  10740   0.17630E-04
  10750   0.17558E-04
  10760   0.17482E-04
  10770   0.17400E-04
  10780   0.17333E-04
  10790   0.17246E-04
  10800   0.17183E-04
  10810   0.17094E-04
  10820   0.17017E-04
  10830   0.16931E-04
  10840   0.16871E-04
  10850   0.16782E-04
  10860   0.16711E-04
  10870   0.16652E-04
  10880   0.16572E-04
  10890   0.16483E-04
  10900   0.16436E-04
  10910   0.16340E-04
  10920   0.16268E-04
  10930   0.16189E-04
  10940   0.16132E-04
  10950   0.16064E-04
  10960   0.15998E-04
  10970   0.15918E-04
  10980   0.15851E-04
  10990   0.15774E-04
  11000   0.15712E-04
  11010   0.15645E-04
  11020   0.15577E-04
  11030   0.15509E-04
  11040   0.15425E-04
  11050   0.15367E-04
  11060   0.15305E-04
  11070   0.15229E-04
  11080   0.15168E-04
  11090   0.15080E-04
  11100   0.15016E-04
  11110   0.14950E-04
  11120   0.14903E-04
  11130   0.14820E-04
  11140   0.14754E-04
  11150   0.14695E-04
  11160   0.14623E-04
  11170   0.14564E-04
  11180   0.14489E-04
  11190   0.14429E-04
  11200   0.14350E-04
  11210   0.14293E-04
  11220   0.14238E-04
  11230   0.14172E-04
  11240   0.14111E-04
  11250   0.14059E-04
  11260   0.13985E-04
  11270   0.13914E-04
  11280   0.13836E-04
  11290   0.13781E-04
  11300   0.13717E-04
  11310   0.13658E-04
  11320   0.13589E-04
  11330   0.13528E-04
  11340   0.13451E-04
  11350   0.13420E-04
  11360   0.13358E-04
  11370   0.13290E-04
  11380   0.13241E-04
  11390   0.13158E-04
  11400   0.13099E-04
  11410   0.13034E-04
  11420   0.12977E-04
  11430   0.12921E-04
  11440   0.12833E-04
  11450   0.12798E-04
  11460   0.12737E-04
  11470   0.12669E-04
  11480   0.12599E-04
  11490   0.12545E-04
  11500   0.12502E-04
  11510   0.12405E-04
  11520   0.12369E-04
  11530   0.12282E-04
  11540   0.12229E-04
  11550   0.12164E-04
  11560   0.12123E-04
  11570   0.12055E-04
  11580   0.12003E-04
  11590   0.11937E-04
  11600   0.11864E-04
  11610   0.11820E-04
  11620   0.11768E-04
  11630   0.11694E-04
  11640   0.11616E-04
  11650   0.11590E-04
  11660   0.11524E-04
  11670   0.11461E-04
  11680   0.11418E-04
  11690   0.11343E-04
  11700   0.11277E-04
  11710   0.11222E-04
  11720   0.11159E-04
  11730   0.11108E-04
  11740   0.11059E-04
  11750   0.10996E-04
  11760   0.10923E-04
  11770   0.10875E-04
  11780   0.10824E-04
  11790   0.10756E-04
  11800   0.10711E-04
  11810   0.10644E-04
  11820   0.10591E-04
  11830   0.10533E-04
  11840   0.10489E-04
  11850   0.10415E-04
  11860   0.10369E-04
  11870   0.10316E-04
  11880   0.10241E-04
  11890   0.10185E-04
  11900   0.10136E-04
  11910   0.10092E-04
  11920   0.10030E-04
  11930   0.99646E-05
  11940   0.99121E-05
  11950   0.98605E-05
  11960   0.98018E-05
  11970   0.97587E-05
  11980   0.96963E-05
  11990   0.96515E-05
  12000   0.95929E-05
  12010   0.95263E-05
  12020   0.94837E-05
  12030   0.94115E-05
  12040   0.93647E-05
  12050   0.93359E-05
  12060   0.92794E-05
  12070   0.92118E-05
  12080   0.91559E-05
  12090   0.90878E-05
  12100   0.90425E-05
  12110   0.89872E-05
  12120   0.89362E-05
  12130   0.88961E-05
  12140   0.88355E-05
  12150   0.87653E-05
  12160   0.87229E-05
  12170   0.86647E-05
  12180   0.86223E-05
  12190   0.85774E-05
  12200   0.85178E-05
  12210   0.84748E-05
  12220   0.84195E-05
  12230   0.83655E-05
  12240   0.83284E-05
  12250   0.82899E-05
  12260   0.82430E-05
  12270   0.81889E-05
  12280   0.81331E-05
  12290   0.80910E-05
  12300   0.80273E-05
  12310   0.79855E-05
  12320   0.79369E-05
  12330   0.78900E-05
  12340   0.78344E-05
  12350   0.78002E-05
  12360   0.77637E-05
  12370   0.77245E-05
  12380   0.76789E-05
  12390   0.76302E-05
  12400   0.75958E-05
  12410   0.75626E-05
  12420   0.75121E-05
  12430   0.74761E-05
  12440   0.74215E-05
  12450   0.74102E-05
  12460   0.73780E-05
  12470   0.73294E-05
  12480   0.72939E-05
  12490   0.72722E-05
  12500   0.72324E-05
  12510   0.72021E-05
  12520   0.71758E-05
  12530   0.71501E-05
  12540   0.71139E-05
  12550   0.71028E-05
  12560   0.70640E-05
  12570   0.70482E-05
  12580   0.70328E-05
  12590   0.70132E-05
  12600   0.70033E-05
  12610   0.69744E-05
  12620   0.69649E-05
  12630   0.69520E-05
  12640   0.69422E-05
  12650   0.69242E-05
  12660   0.69194E-05
  12670   0.69081E-05
  12680   0.69091E-05
  12690   0.69049E-05
  12700   0.68953E-05
  12710   0.68905E-05
  12720   0.68993E-05
  12730   0.68978E-05
  12740   0.69010E-05
  12750   0.69053E-05
  12760   0.69173E-05
  12770   0.69142E-05
  12780   0.69323E-05
  12790   0.69471E-05
  12800   0.69510E-05
  12810   0.69578E-05
  12820   0.69711E-05
  12830   0.69956E-05
  12840   0.70088E-05
  12850   0.70379E-05
  12860   0.70495E-05
  12870   0.70690E-05
  12880   0.70961E-05
  12890   0.71250E-05
  12900   0.71387E-05
  12910   0.71669E-05
  12920   0.71985E-05
  12930   0.72206E-05
  12940   0.72448E-05
  12950   0.72736E-05
  12960   0.73065E-05
  12970   0.73313E-05
  12980   0.73583E-05
  12990   0.73774E-05
  13000   0.74227E-05
  13010   0.74442E-05
  13020   0.74697E-05
  13030   0.75023E-05
  13040   0.75398E-05
  13050   0.75768E-05
  13060   0.76241E-05
  13070   0.76734E-05
  13080   0.76901E-05
  13090   0.77235E-05
  13100   0.77618E-05
  13110   0.78116E-05
  13120   0.78276E-05
  13130   0.78610E-05
  13140   0.79040E-05
  13150   0.79553E-05
  13160   0.79878E-05
  13170   0.80266E-05
  13180   0.80843E-05
  13190   0.81384E-05
  13200   0.81556E-05
  13210   0.81989E-05
  13220   0.82477E-05
  13230   0.82899E-05
  13240   0.83029E-05
  13250   0.83741E-05
  13260   0.84195E-05
  13270   0.84444E-05
  13280   0.84871E-05
  13290   0.85300E-05
  13300   0.85787E-05
  13310   0.86170E-05
  13320   0.86690E-05
  13330   0.87169E-05
  13340   0.87340E-05
  13350   0.87789E-05
  13360   0.88457E-05
  13370   0.88857E-05
  13380   0.89115E-05
  13390   0.89511E-05
  13400   0.89913E-05
  13410   0.90381E-05
  13420   0.90842E-05
  13430   0.91134E-05
  13440   0.91680E-05
  13450   0.92039E-05
  13460   0.92336E-05
  13470   0.92736E-05
  13480   0.93155E-05
  13490   0.93531E-05
  13500   0.94034E-05
  13510   0.94372E-05
  13520   0.94775E-05
  13530   0.95156E-05
  13540   0.95416E-05
  13550   0.95815E-05
  13560   0.96263E-05
  13570   0.96569E-05
  13580   0.96983E-05
  13590   0.97304E-05
  13600   0.97486E-05
  13610   0.97858E-05
  13620   0.98278E-05
  13630   0.98550E-05
  13640   0.98889E-05
  13650   0.99406E-05
  13660   0.99576E-05
  13670   0.99773E-05
  13680   0.10024E-04
  13690   0.10072E-04
  13700   0.10082E-04
  13710   0.10109E-04
  13720   0.10146E-04
  13730   0.10158E-04
  13740   0.10188E-04
  13750   0.10222E-04
  13760   0.10214E-04
  13770   0.10247E-04
  13780   0.10292E-04
  13790   0.10316E-04
  13800   0.10334E-04
  13810   0.10359E-04
  13820   0.10390E-04
  13830   0.10408E-04
  13840   0.10430E-04
  13850   0.10460E-04
  13860   0.10469E-04
  13870   0.10485E-04
  13880   0.10510E-04
  13890   0.10518E-04
  13900   0.10539E-04
  13910   0.10546E-04
  13920   0.10566E-04
  13930   0.10584E-04
  13940   0.10605E-04
  13950   0.10598E-04
  13960   0.10629E-04
  13970   0.10644E-04
  13980   0.10650E-04
  13990   0.10665E-04
  14000   0.10684E-04
  14010   0.10690E-04
  14020   0.10692E-04
  14030   0.10717E-04
  14040   0.10733E-04
  14050   0.10744E-04
  14060   0.10749E-04
  14070   0.10768E-04
  14080   0.10776E-04
  14090   0.10775E-04
  14100   0.10800E-04
  14110   0.10803E-04
  14120   0.10811E-04
  14130   0.10828E-04
  14140   0.10809E-04
  14150   0.10838E-04
  14160   0.10827E-04
  14170   0.10851E-04
  14180   0.10863E-04
  14190   0.10874E-04
  14200   0.10874E-04
  14210   0.10888E-04
  14220   0.10890E-04
  14230   0.10909E-04
  14240   0.10916E-04
  14250   0.10912E-04
  14260   0.10931E-04
  14270   0.10942E-04
  14280   0.10941E-04
  14290   0.10958E-04
  14300   0.10974E-04
  14310   0.10978E-04
  14320   0.10980E-04
  14330   0.10981E-04
  14340   0.10999E-04
  14350   0.11011E-04
  14360   0.11019E-04
  14370   0.11044E-04
  14380   0.11046E-04
  14390   0.11062E-04
  14400   0.11071E-04
  14410   0.11064E-04
  14420   0.11094E-04
  14430   0.11104E-04
  14440   0.11110E-04
  14450   0.11126E-04
  14460   0.11120E-04
  14470   0.11140E-04
  14480   0.11126E-04
  14490   0.11157E-04
  14500   0.11186E-04
  14510   0.11196E-04
  14520   0.11211E-04
  14530   0.11220E-04
  14540   0.11241E-04
  14550   0.11228E-04
  14560   0.11270E-04
  14570   0.11273E-04
  14580   0.11283E-04
  14590   0.11327E-04
  14600   0.11308E-04
  14610   0.11333E-04
  14620   0.11340E-04
  14630   0.11383E-04
  14640   0.11387E-04
  14650   0.11403E-04
  14660   0.11413E-04
  14670   0.11453E-04
  14680   0.11448E-04
  14690   0.11472E-04
  14700   0.11493E-04
  14710   0.11490E-04
  14720   0.11505E-04
  14730   0.11526E-04
  14740   0.11532E-04
  14750   0.11557E-04
  14760   0.11579E-04
  14770   0.11589E-04
  14780   0.11605E-04
  14790   0.11619E-04
  14800   0.11648E-04
  14810   0.11649E-04
  14820   0.11676E-04
  14830   0.11686E-04
  14840   0.11708E-04
  14850   0.11741E-04
  14860   0.11760E-04
  14870   0.11756E-04
  14880   0.11766E-04
  14890   0.11798E-04
  14900   0.11815E-04
  14910   0.11820E-04
  14920   0.11846E-04
  14930   0.11853E-04
  14940   0.11886E-04
  14950   0.11894E-04
  14960   0.11909E-04
  14970   0.11934E-04
  14980   0.11937E-04
  14990   0.11934E-04
  15000   0.11966E-04
  15010   0.11989E-04
  15020   0.12001E-04
  15030   0.12007E-04
  15040   0.12034E-04
  15050   0.12035E-04
  15060   0.12041E-04
  15070   0.12059E-04
  15080   0.12080E-04
  15090   0.12078E-04
  15100   0.12101E-04
  15110   0.12121E-04
  15120   0.12150E-04
  15130   0.12155E-04
  15140   0.12158E-04
  15150   0.12168E-04
  15160   0.12190E-04
  15170   0.12202E-04
  15180   0.12204E-04
  15190   0.12220E-04
  15200   0.12226E-04
  15210   0.12254E-04
  15220   0.12243E-04
  15230   0.12283E-04
  15240   0.12291E-04
  15250   0.12292E-04
  15260   0.12292E-04
  15270   0.12312E-04
  15280   0.12336E-04
  15290   0.12339E-04
  15300   0.12341E-04
  15310   0.12361E-04
  15320   0.12380E-04
  15330   0.12373E-04
  15340   0.12391E-04
  15350   0.12396E-04
  15360   0.12420E-04
  15370   0.12411E-04
  15380   0.12423E-04
  15390   0.12420E-04
  15400   0.12447E-04
  15410   0.12442E-04
  15420   0.12460E-04
  15430   0.12463E-04
  15440   0.12472E-04
  15450   0.12484E-04
  15460   0.12491E-04
  15470   0.12510E-04
  15480   0.12511E-04
  15490   0.12515E-04
  15500   0.12523E-04
  15510   0.12534E-04
  15520   0.12544E-04
  15530   0.12547E-04
  15540   0.12560E-04
  15550   0.12570E-04
  15560   0.12578E-04
  15570   0.12570E-04
  15580   0.12586E-04
  15590   0.12595E-04
  15600   0.12607E-04
  15610   0.12621E-04
  15620   0.12633E-04
  15630   0.12655E-04
  15640   0.12643E-04
  15650   0.12643E-04
  15660   0.12663E-04
  15670   0.12672E-04
  15680   0.12677E-04
  15690   0.12678E-04
  15700   0.12699E-04
  15710   0.12710E-04
  15720   0.12727E-04
  15730   0.12738E-04
  15740   0.12747E-04
  15750   0.12751E-04
  15760   0.12768E-04
  15770   0.12784E-04
  15780   0.12805E-04
  15790   0.12802E-04
  15800   0.12809E-04
  15810   0.12845E-04
  15820   0.12848E-04
  15830   0.12866E-04
  15840   0.12882E-04
  15850   0.12898E-04
  15860   0.12915E-04
  15870   0.12920E-04
  15880   0.12948E-04
  15890   0.12960E-04
  15900   0.12966E-04
  15910   0.12989E-04
  15920   0.13009E-04
  15930   0.13047E-04
  15940   0.13059E-04
  15950   0.13096E-04
  15960   0.13100E-04
  15970   0.13114E-04
  15980   0.13158E-04
  15990   0.13149E-04
  16000   0.13188E-04
  16010   0.13218E-04
  16020   0.13252E-04
  16030   0.13290E-04
  16040   0.13304E-04
  16050   0.13339E-04
  16060   0.13374E-04
  16070   0.13412E-04
  16080   0.13450E-04
  16090   0.13486E-04
  16100   0.13532E-04
  16110   0.13574E-04
  16120   0.13599E-04
  16130   0.13654E-04
  16140   0.13696E-04
  16150   0.13745E-04
  16160   0.13791E-04
  16170   0.13858E-04
  16180   0.13919E-04
  16190   0.13975E-04
  16200   0.14037E-04
  16210   0.14099E-04
  16220   0.14166E-04
  16230   0.14230E-04
  16240   0.14303E-04
  16250   0.14370E-04
  16260   0.14456E-04
  16270   0.14527E-04
  16280   0.14604E-04
  16290   0.14691E-04
  16300   0.14773E-04
  16310   0.14863E-04
  16320   0.14975E-04
  16330   0.15063E-04
  16340   0.15156E-04
  16350   0.15255E-04
  16360   0.15343E-04
  16370   0.15444E-04
  16380   0.15553E-04
  16390   0.15658E-04
  16400   0.15739E-04
  16410   0.15843E-04
  16420   0.15931E-04
  16430   0.16017E-04
  16440   0.16098E-04
  16450   0.16193E-04
  16460   0.16284E-04
  16470   0.16351E-04
  16480   0.16429E-04
  16490   0.16496E-04
  16500   0.16574E-04
  16510   0.16646E-04
  16520   0.16716E-04
  16530   0.16794E-04
  16540   0.16861E-04
  16550   0.16941E-04
  16560   0.17019E-04
  16570   0.17115E-04
  16580   0.17209E-04
  16590   0.17311E-04
  16600   0.17415E-04
  16610   0.17528E-04
  16620   0.17646E-04
  16630   0.17766E-04
  16640   0.17886E-04
  16650   0.18018E-04
  16660   0.18138E-04
  16670   0.18254E-04
  16680   0.18370E-04
  16690   0.18479E-04
  16700   0.18592E-04
  16710   0.18706E-04
  16720   0.18799E-04
  16730   0.18905E-04
  16740   0.18996E-04
  16750   0.19093E-04
  16760   0.19187E-04
  16770   0.19260E-04
  16780   0.19349E-04
  16790   0.19430E-04
  16800   0.19502E-04
  16810   0.19572E-04
  16820   0.19649E-04
  16830   0.19703E-04
  16840   0.19785E-04
  16850   0.19851E-04
  16860   0.19926E-04
  16870   0.19976E-04
  16880   0.20051E-04
  16890   0.20112E-04
  16900   0.20190E-04
  16910   0.20248E-04
  16920   0.20325E-04
  16930   0.20389E-04
  16940   0.20465E-04
  16950   0.20520E-04
  16960   0.20586E-04
  16970   0.20649E-04
  16980   0.20717E-04
  16990   0.20783E-04
  17000   0.20839E-04
  17010   0.20884E-04
  17020   0.20948E-04
  17030   0.21022E-04
  17040   0.21053E-04
  17050   0.21119E-04
  17060   0.21161E-04
  17070   0.21212E-04
  17080   0.21257E-04
  17090   0.21314E-04
  17100   0.21358E-04
  17110   0.21396E-04
  17120   0.21418E-04
  17130   0.21472E-04
  17140   0.21499E-04
  17150   0.21537E-04
  17160   0.21551E-04
  17170   0.21589E-04
  17180   0.21609E-04
  17190   0.21631E-04
  17200   0.21647E-04
  17210   0.21684E-04
  17220   0.21696E-04
  17230   0.21728E-04
  17240   0.21749E-04
  17250   0.21772E-04
  17260   0.21800E-04
  17270   0.21830E-04
  17280   0.21840E-04
  17290   0.21883E-04
  17300   0.21914E-04
  17310   0.21964E-04
  17320   0.21993E-04
  17330   0.22051E-04
  17340   0.22096E-04
  17350   0.22146E-04
  17360   0.22215E-04
  17370   0.22273E-04
  17380   0.22328E-04
  17390   0.22399E-04
  17400   0.22489E-04
  17410   0.22546E-04
  17420   0.22644E-04
  17430   0.22731E-04
  17440   0.22823E-04
  17450   0.22924E-04
  17460   0.23035E-04
  17470   0.23138E-04
  17480   0.23259E-04
  17490   0.23388E-04
  17500   0.23515E-04
  17510   0.23644E-04
  17520   0.23796E-04
  17530   0.23947E-04
  17540   0.24107E-04
  17550   0.24270E-04
  17560   0.24417E-04
  17570   0.24598E-04
  17580   0.24763E-04
  17590   0.24944E-04
  17600   0.25119E-04
  17610   0.25300E-04
  17620   0.25473E-04
  17630   0.25660E-04
  17640   0.25835E-04
  17650   0.26015E-04
  17660   0.26189E-04
  17670   0.26385E-04
  17680   0.26554E-04
  17690   0.26738E-04
  17700   0.26912E-04
  17710   0.27071E-04
  17720   0.27250E-04
  17730   0.27411E-04
  17740   0.27574E-04
  17750   0.27742E-04
  17760   0.27891E-04
  17770   0.28043E-04
  17780   0.28197E-04
  17790   0.28350E-04
  17800   0.28494E-04
  17810   0.28644E-04
  17820   0.28788E-04
  17830   0.28942E-04
  17840   0.29071E-04
  17850   0.29228E-04
  17860   0.29368E-04
  17870   0.29514E-04
  17880   0.29667E-04
  17890   0.29818E-04
  17900   0.29983E-04
  17910   0.30140E-04
  17920   0.30307E-04
  17930   0.30476E-04
  17940   0.30661E-04
  17950   0.30845E-04
  17960   0.31040E-04
  17970   0.31234E-04
  17980   0.31440E-04
  17990   0.31646E-04
  18000   0.31863E-04
  18010   0.32089E-04
  18020   0.32318E-04
  18030   0.32542E-04
  18040   0.32786E-04
  18050   0.33028E-04
  18060   0.33269E-04
  18070   0.33518E-04
  18080   0.33766E-04
  18090   0.34017E-04
  18100   0.34266E-04
  18110   0.34518E-04
  18120   0.34770E-04
  18130   0.35015E-04
  18140   0.35275E-04
  18150   0.35512E-04
  18160   0.35759E-04
  18170   0.35996E-04
  18180   0.36236E-04
  18190   0.36465E-04
  18200   0.36696E-04
  18210   0.36920E-04
  18220   0.37136E-04
  18230   0.37342E-04
  18240   0.37555E-04
  18250   0.37755E-04
  18260   0.37957E-04
  18270   0.38138E-04
  18280   0.38327E-04
  18290   0.38505E-04
  18300   0.38681E-04
  18310   0.38845E-04
  18320   0.39009E-04
  18330   0.39171E-04
  18340   0.39322E-04
  18350   0.39469E-04
  18360   0.39615E-04
  18370   0.39748E-04
  18380   0.39886E-04
  18390   0.40012E-04
  18400   0.40137E-04
  18410   0.40256E-04
  18420   0.40382E-04
  18430   0.40501E-04
  18440   0.40617E-04
  18450   0.40726E-04
  18460   0.40838E-04
  18470   0.40946E-04
  18480   0.41058E-04
  18490   0.41172E-04
  18500   0.41281E-04
  18510   0.41390E-04
  18520   0.41500E-04
  18530   0.41613E-04
  18540   0.41723E-04
  18550   0.41836E-04
  18560   0.41955E-04
  18570   0.42068E-04
  18580   0.42188E-04
  18590   0.42313E-04
  18600   0.42427E-04
  18610   0.42555E-04
  18620   0.42681E-04
  18630   0.42809E-04
  18640   0.42941E-04
  18650   0.43072E-04
  18660   0.43204E-04
  18670   0.43341E-04
  18680   0.43477E-04
  18690   0.43618E-04
  18700   0.43751E-04
  18710   0.43897E-04
  18720   0.44041E-04
  18730   0.44181E-04
  18740   0.44318E-04
  18750   0.44460E-04
  18760   0.44602E-04
  18770   0.44740E-04
  18780   0.44873E-04
  18790   0.45014E-04
  18800   0.45146E-04
  18810   0.45277E-04
  18820   0.45404E-04
  18830   0.45532E-04
  18840   0.45655E-04
  18850   0.45771E-04
  18860   0.45889E-04
  18870   0.45999E-04
  18880   0.46115E-04
  18890   0.46218E-04
  18900   0.46321E-04
  18910   0.46414E-04
  18920   0.46518E-04
  18930   0.46603E-04
  18940   0.46694E-04
  18950   0.46775E-04
  18960   0.46850E-04
  18970   0.46923E-04
  18980   0.46992E-04
  18990   0.47058E-04
  19000   0.47117E-04
  19010   0.47166E-04
  19020   0.47227E-04
  19030   0.47273E-04
  19040   0.47321E-04
  19050   0.47358E-04
  19060   0.47397E-04
  19070   0.47432E-04
  19080   0.47466E-04
  19090   0.47493E-04
  19100   0.47513E-04
  19110   0.47535E-04
  19120   0.47561E-04
  19130   0.47573E-04
  19140   0.47596E-04
  19150   0.47608E-04
  19160   0.47614E-04
  19170   0.47632E-04
  19180   0.47647E-04
  19190   0.47658E-04
  19200   0.47660E-04
  19210   0.47675E-04
  19220   0.47686E-04
  19230   0.47703E-04
  19240   0.47715E-04
  19250   0.47732E-04
  19260   0.47756E-04
  19270   0.47779E-04
  19280   0.47795E-04
  19290   0.47820E-04
  19300   0.47853E-04
  19310   0.47891E-04
  19320   0.47937E-04
  19330   0.47982E-04
  19340   0.48038E-04
  19350   0.48097E-04
  19360   0.48159E-04
  19370   0.48239E-04
  19380   0.48320E-04
  19390   0.48407E-04
  19400   0.48511E-04
  19410   0.48616E-04
  19420   0.48735E-04
  19430   0.48865E-04
  19440   0.49001E-04
  19450   0.49146E-04
  19460   0.49311E-04
  19470   0.49476E-04
  19480   0.49673E-04
  19490   0.49866E-04
  19500   0.50082E-04
  19510   0.50304E-04
  19520   0.50543E-04
  19530   0.50793E-04
  19540   0.51058E-04
  19550   0.51341E-04
  19560   0.51639E-04
  19570   0.51947E-04
  19580   0.52263E-04
  19590   0.52600E-04
  19600   0.52951E-04
  19610   0.53318E-04
  19620   0.53701E-04
  19630   0.54095E-04
  19640   0.54499E-04
  19650   0.54920E-04
  19660   0.55358E-04
  19670   0.55810E-04
  19680   0.56270E-04
  19690   0.56747E-04
  19700   0.57236E-04
  19710   0.57735E-04
  19720   0.58243E-04
  19730   0.58760E-04
  19740   0.59293E-04
  19750   0.59833E-04
  19760   0.60384E-04
  19770   0.60944E-04
  19780   0.61518E-04
  19790   0.62087E-04
  19800   0.62674E-04
  19810   0.63268E-04
  19820   0.63861E-04
  19830   0.64466E-04
  19840   0.65075E-04
  19850   0.65689E-04
  19860   0.66303E-04
  19870   0.66914E-04
  19880   0.67543E-04
  19890   0.68164E-04
  19900   0.68791E-04
  19910   0.69421E-04
  19920   0.70044E-04
  19930   0.70665E-04
  19940   0.71291E-04
  19950   0.71912E-04
  19960   0.72541E-04
  19970   0.73157E-04
  19980   0.73772E-04
  19990   0.74386E-04
  20000   0.74992E-04
