     10   0.10487E-02
     20   0.88860E-03
     30   0.78420E-03
     40   0.71018E-03
     50   0.65426E-03
     60   0.60950E-03
     70   0.57167E-03
     80   0.53865E-03
     90   0.50930E-03
    100   0.48272E-03
    110   0.45949E-03
    120   0.43791E-03
    130   0.41775E-03
    140   0.39875E-03
    150   0.38085E-03
    160   0.36399E-03
    170   0.34807E-03
    180   0.33306E-03
    190   0.31887E-03
    200   0.30546E-03
    210   0.29313E-03
    220   0.28147E-03
    230   0.27051E-03
    240   0.26018E-03
    250   0.25049E-03
    260   0.24141E-03
    270   0.23288E-03
    280   0.22489E-03
    290   0.21744E-03
    300   0.21046E-03
    310   0.20404E-03
    320   0.19805E-03
    330   0.19248E-03
    340   0.18732E-03
    350   0.18260E-03
    360   0.17830E-03
    370   0.17445E-03
    380   0.17099E-03
    390   0.16795E-03
    400   0.16529E-03
    410   0.16305E-03
    420   0.16108E-03
    430   0.15938E-03
    440   0.15784E-03
    450   0.15646E-03
    460   0.15515E-03
    470   0.15388E-03
    480   0.15258E-03
    490   0.15126E-03
    500   0.14987E-03
    510   0.14844E-03
    520   0.14694E-03
    530   0.14540E-03
    540   0.14383E-03
    550   0.14226E-03
    560   0.14072E-03
    570   0.13924E-03
    580   0.13787E-03
    590   0.13663E-03
    600   0.13553E-03
    610   0.13462E-03
    620   0.13390E-03
    630   0.13338E-03
    640   0.13303E-03
    650   0.13288E-03
    660   0.13291E-03
    670   0.13309E-03
    680   0.13341E-03
    690   0.13386E-03
    700   0.13440E-03
    710   0.13501E-03
    720   0.13569E-03
    730   0.13640E-03
    740   0.13712E-03
    750   0.13784E-03
    760   0.13853E-03
    770   0.13920E-03
    780   0.13981E-03
    790   0.14036E-03
    800   0.14083E-03
    810   0.14123E-03
    820   0.14155E-03
    830   0.14177E-03
    840   0.14189E-03
    850   0.14191E-03
    860   0.14184E-03
    870   0.14167E-03
    880   0.14140E-03
    890   0.14105E-03
    900   0.14059E-03
    910   0.14005E-03
    920   0.13943E-03
    930   0.13874E-03
    940   0.13798E-03
    950   0.13716E-03
    960   0.13629E-03
    970   0.13536E-03
    980   0.13440E-03
    990   0.13341E-03
   1000   0.13242E-03
   1010   0.13142E-03
   1020   0.13043E-03
   1030   0.12947E-03
   1040   0.12855E-03
   1050   0.12766E-03
   1060   0.12685E-03
   1070   0.12609E-03
   1080   0.12543E-03
   1090   0.12484E-03
   1100   0.12435E-03
   1110   0.12396E-03
   1120   0.12366E-03
   1130   0.12345E-03
   1140   0.12334E-03
   1150   0.12330E-03
   1160   0.12336E-03
   1170   0.12345E-03
   1180   0.12362E-03
   1190   0.12382E-03
   1200   0.12407E-03
   1210   0.12433E-03
   1220   0.12460E-03
   1230   0.12486E-03
   1240   0.12513E-03
   1250   0.12535E-03
   1260   0.12555E-03
   1270   0.12571E-03
   1280   0.12583E-03
   1290   0.12592E-03
   1300   0.12592E-03
   1310   0.12587E-03
   1320   0.12578E-03
   1330   0.12564E-03
   1340   0.12545E-03
   1350   0.12518E-03
   1360   0.12489E-03
   1370   0.12456E-03
   1380   0.12418E-03
   1390   0.12376E-03
   1400   0.12335E-03
   1410   0.12291E-03
   1420   0.12246E-03
   1430   0.12201E-03
   1440   0.12157E-03
   1450   0.12115E-03
   1460   0.12075E-03
   1470   0.12036E-03
   1480   0.12004E-03
   1490   0.11971E-03
   1500   0.11945E-03
   1510   0.11923E-03
   1520   0.11906E-03
   1530   0.11892E-03
   1540   0.11881E-03
   1550   0.11876E-03
   1560   0.11872E-03
   1570   0.11872E-03
   1580   0.11873E-03
   1590   0.11875E-03
   1600   0.11879E-03
   1610   0.11882E-03
   1620   0.11885E-03
   1630   0.11883E-03
   1640   0.11883E-03
   1650   0.11879E-03
   1660   0.11869E-03
   1670   0.11858E-03
   1680   0.11842E-03
   1690   0.11822E-03
   1700   0.11796E-03
   1710   0.11766E-03
   1720   0.11730E-03
   1730   0.11691E-03
   1740   0.11648E-03
   1750   0.11599E-03
   1760   0.11549E-03
   1770   0.11494E-03
   1780   0.11439E-03
   1790   0.11382E-03
   1800   0.11325E-03
   1810   0.11266E-03
   1820   0.11210E-03
   1830   0.11156E-03
   1840   0.11104E-03
   1850   0.11057E-03
   1860   0.11013E-03
   1870   0.10977E-03
   1880   0.10946E-03
   1890   0.10921E-03
   1900   0.10906E-03
   1910   0.10899E-03
   1920   0.10902E-03
   1930   0.10914E-03
   1940   0.10935E-03
   1950   0.10967E-03
   1960   0.11008E-03
   1970   0.11059E-03
   1980   0.11121E-03
   1990   0.11191E-03
   2000   0.11270E-03
   2010   0.11358E-03
   2020   0.11452E-03
   2030   0.11554E-03
   2040   0.11662E-03
   2050   0.11777E-03
   2060   0.11895E-03
   2070   0.12019E-03
   2080   0.12143E-03
   2090   0.12271E-03
   2100   0.12401E-03
   2110   0.12531E-03
   2120   0.12661E-03
   2130   0.12789E-03
   2140   0.12918E-03
   2150   0.13045E-03
   2160   0.13170E-03
   2170   0.13291E-03
   2180   0.13410E-03
   2190   0.13525E-03
   2200   0.13637E-03
   2210   0.13744E-03
   2220   0.13848E-03
   2230   0.13949E-03
   2240   0.14044E-03
   2250   0.14135E-03
   2260   0.14223E-03
   2270   0.14307E-03
   2280   0.14384E-03
   2290   0.14458E-03
   2300   0.14528E-03
   2310   0.14595E-03
   2320   0.14654E-03
   2330   0.14710E-03
   2340   0.14761E-03
   2350   0.14810E-03
   2360   0.14850E-03
   2370   0.14889E-03
   2380   0.14923E-03
   2390   0.14950E-03
   2400   0.14978E-03
   2410   0.14996E-03
   2420   0.15014E-03
   2430   0.15023E-03
   2440   0.15029E-03
   2450   0.15033E-03
   2460   0.15031E-03
   2470   0.15025E-03
   2480   0.15013E-03
   2490   0.14999E-03
   2500   0.14980E-03
   2510   0.14956E-03
   2520   0.14928E-03
   2530   0.14896E-03
   2540   0.14864E-03
   2550   0.14824E-03
   2560   0.14781E-03
   2570   0.14735E-03
   2580   0.14686E-03
   2590   0.14634E-03
   2600   0.14580E-03
   2610   0.14520E-03
   2620   0.14458E-03
   2630   0.14395E-03
   2640   0.14329E-03
   2650   0.14259E-03
   2660   0.14186E-03
   2670   0.14113E-03
   2680   0.14036E-03
   2690   0.13957E-03
   2700   0.13878E-03
   2710   0.13795E-03
   2720   0.13713E-03
   2730   0.13625E-03
   2740   0.13538E-03
   2750   0.13450E-03
   2760   0.13358E-03
   2770   0.13265E-03
   2780   0.13173E-03
   2790   0.13076E-03
   2800   0.12979E-03
   2810   0.12882E-03
   2820   0.12784E-03
   2830   0.12684E-03
   2840   0.12581E-03
   2850   0.12480E-03
   2860   0.12375E-03
   2870   0.12271E-03
   2880   0.12169E-03
   2890   0.12064E-03
   2900   0.11955E-03
   2910   0.11850E-03
   2920   0.11742E-03
   2930   0.11635E-03
   2940   0.11524E-03
   2950   0.11418E-03
   2960   0.11309E-03
   2970   0.11201E-03
   2980   0.11092E-03
   2990   0.10984E-03
   3000   0.10877E-03
   3010   0.10769E-03
   3020   0.10663E-03
   3030   0.10554E-03
   3040   0.10449E-03
   3050   0.10345E-03
   3060   0.10241E-03
   3070   0.10138E-03
   3080   0.10033E-03
   3090   0.99329E-04
   3100   0.98364E-04
   3110   0.97371E-04
   3120   0.96402E-04
   3130   0.95467E-04
   3140   0.94505E-04
   3150   0.93592E-04
   3160   0.92707E-04
   3170   0.91812E-04
   3180   0.90955E-04
   3190   0.90094E-04
   3200   0.89251E-04
   3210   0.88450E-04
   3220   0.87650E-04
   3230   0.86882E-04
   3240   0.86103E-04
   3250   0.85368E-04
   3260   0.84647E-04
   3270   0.83920E-04
   3280   0.83226E-04
   3290   0.82551E-04
   3300   0.81888E-04
   3310   0.81248E-04
   3320   0.80622E-04
   3330   0.80008E-04
   3340   0.79415E-04
   3350   0.78828E-04
   3360   0.78228E-04
   3370   0.77689E-04
   3380   0.77143E-04
   3390   0.76617E-04
   3400   0.76086E-04
   3410   0.75571E-04
   3420   0.75065E-04
   3430   0.74582E-04
   3440   0.74105E-04
   3450   0.73658E-04
   3460   0.73190E-04
   3470   0.72742E-04
   3480   0.72318E-04
   3490   0.71901E-04
   3500   0.71461E-04
   3510   0.71063E-04
   3520   0.70666E-04
   3530   0.70255E-04
   3540   0.69893E-04
   3550   0.69505E-04
   3560   0.69145E-04
   3570   0.68791E-04
   3580   0.68439E-04
   3590   0.68089E-04
   3600   0.67758E-04
   3610   0.67431E-04
   3620   0.67099E-04
   3630   0.66788E-04
   3640   0.66490E-04
   3650   0.66183E-04
   3660   0.65886E-04
   3670   0.65578E-04
   3680   0.65305E-04
   3690   0.65039E-04
   3700   0.64763E-04
   3710   0.64496E-04
   3720   0.64244E-04
   3730   0.63993E-04
   3740   0.63739E-04
   3750   0.63499E-04
   3760   0.63266E-04
   3770   0.63033E-04
   3780   0.62817E-04
   3790   0.62584E-04
   3800   0.62361E-04
   3810   0.62163E-04
   3820   0.61947E-04
   3830   0.61738E-04
   3840   0.61544E-04
   3850   0.61343E-04
   3860   0.61158E-04
   3870   0.60974E-04
   3880   0.60796E-04
   3890   0.60596E-04
   3900   0.60429E-04
   3910   0.60274E-04
   3920   0.60101E-04
   3930   0.59929E-04
   3940   0.59772E-04
   3950   0.59614E-04
   3960   0.59474E-04
   3970   0.59324E-04
   3980   0.59184E-04
   3990   0.59025E-04
   4000   0.58907E-04
   4010   0.58771E-04
   4020   0.58639E-04
   4030   0.58517E-04
   4040   0.58402E-04
   4050   0.58303E-04
   4060   0.58194E-04
   4070   0.58081E-04
   4080   0.57977E-04
   4090   0.57904E-04
   4100   0.57789E-04
   4110   0.57708E-04
   4120   0.57626E-04
   4130   0.57561E-04
   4140   0.57482E-04
   4150   0.57407E-04
   4160   0.57366E-04
   4170   0.57305E-04
   4180   0.57249E-04
   4190   0.57189E-04
   4200   0.57174E-04
   4210   0.57119E-04
   4220   0.57108E-04
   4230   0.57077E-04
   4240   0.57064E-04
   4250   0.57058E-04
   4260   0.57029E-04
   4270   0.57020E-04
   4280   0.57030E-04
   4290   0.57048E-04
   4300   0.57061E-04
   4310   0.57069E-04
   4320   0.57083E-04
   4330   0.57109E-04
   4340   0.57147E-04
   4350   0.57174E-04
   4360   0.57210E-04
   4370   0.57256E-04
   4380   0.57319E-04
   4390   0.57358E-04
   4400   0.57412E-04
   4410   0.57468E-04
   4420   0.57545E-04
   4430   0.57588E-04
   4440   0.57661E-04
   4450   0.57742E-04
   4460   0.57818E-04
   4470   0.57878E-04
   4480   0.57982E-04
   4490   0.58050E-04
   4500   0.58134E-04
   4510   0.58226E-04
   4520   0.58316E-04
   4530   0.58396E-04
   4540   0.58495E-04
   4550   0.58568E-04
   4560   0.58649E-04
   4570   0.58766E-04
   4580   0.58851E-04
   4590   0.58934E-04
   4600   0.59021E-04
   4610   0.59115E-04
   4620   0.59210E-04
   4630   0.59283E-04
   4640   0.59376E-04
   4650   0.59466E-04
   4660   0.59545E-04
   4670   0.59638E-04
   4680   0.59705E-04
   4690   0.59796E-04
   4700   0.59873E-04
   4710   0.59942E-04
   4720   0.60029E-04
   4730   0.60088E-04
   4740   0.60165E-04
   4750   0.60237E-04
   4760   0.60296E-04
   4770   0.60346E-04
   4780   0.60405E-04
   4790   0.60467E-04
   4800   0.60499E-04
   4810   0.60559E-04
   4820   0.60609E-04
   4830   0.60643E-04
   4840   0.60676E-04
   4850   0.60697E-04
   4860   0.60730E-04
   4870   0.60767E-04
   4880   0.60769E-04
   4890   0.60776E-04
   4900   0.60807E-04
   4910   0.60810E-04
   4920   0.60808E-04
   4930   0.60805E-04
   4940   0.60800E-04
   4950   0.60815E-04
   4960   0.60791E-04
   4970   0.60765E-04
   4980   0.60745E-04
   4990   0.60728E-04
   5000   0.60688E-04
   5010   0.60660E-04
   5020   0.60624E-04
   5030   0.60587E-04
   5040   0.60540E-04
   5050   0.60490E-04
   5060   0.60436E-04
   5070   0.60380E-04
   5080   0.60326E-04
   5090   0.60269E-04
   5100   0.60202E-04
   5110   0.60142E-04
   5120   0.60068E-04
   5130   0.59992E-04
   5140   0.59905E-04
   5150   0.59841E-04
   5160   0.59765E-04
   5170   0.59684E-04
   5180   0.59594E-04
   5190   0.59518E-04
   5200   0.59415E-04
   5210   0.59325E-04
   5220   0.59236E-04
   5230   0.59140E-04
   5240   0.59044E-04
   5250   0.58948E-04
   5260   0.58847E-04
   5270   0.58747E-04
   5280   0.58644E-04
   5290   0.58556E-04
   5300   0.58464E-04
   5310   0.58367E-04
   5320   0.58275E-04
   5330   0.58158E-04
   5340   0.58076E-04
   5350   0.57960E-04
   5360   0.57885E-04
   5370   0.57786E-04
   5380   0.57682E-04
   5390   0.57593E-04
   5400   0.57486E-04
   5410   0.57401E-04
   5420   0.57314E-04
   5430   0.57220E-04
   5440   0.57121E-04
   5450   0.57043E-04
   5460   0.56953E-04
   5470   0.56878E-04
   5480   0.56793E-04
   5490   0.56716E-04
   5500   0.56632E-04
   5510   0.56548E-04
   5520   0.56489E-04
   5530   0.56412E-04
   5540   0.56342E-04
   5550   0.56280E-04
   5560   0.56207E-04
   5570   0.56144E-04
   5580   0.56081E-04
   5590   0.56028E-04
   5600   0.55960E-04
   5610   0.55906E-04
   5620   0.55862E-04
   5630   0.55818E-04
   5640   0.55763E-04
   5650   0.55714E-04
   5660   0.55676E-04
   5670   0.55619E-04
   5680   0.55596E-04
   5690   0.55564E-04
   5700   0.55516E-04
   5710   0.55488E-04
   5720   0.55454E-04
   5730   0.55430E-04
   5740   0.55410E-04
   5750   0.55373E-04
   5760   0.55359E-04
   5770   0.55332E-04
   5780   0.55326E-04
   5790   0.55294E-04
   5800   0.55283E-04
   5810   0.55278E-04
   5820   0.55253E-04
   5830   0.55260E-04
   5840   0.55234E-04
   5850   0.55227E-04
   5860   0.55218E-04
   5870   0.55219E-04
   5880   0.55220E-04
   5890   0.55199E-04
   5900   0.55218E-04
   5910   0.55202E-04
   5920   0.55211E-04
   5930   0.55190E-04
   5940   0.55208E-04
   5950   0.55192E-04
   5960   0.55212E-04
   5970   0.55218E-04
   5980   0.55217E-04
   5990   0.55218E-04
   6000   0.55223E-04
   6010   0.55228E-04
   6020   0.55225E-04
   6030   0.55255E-04
   6040   0.55246E-04
   6050   0.55261E-04
   6060   0.55257E-04
   6070   0.55271E-04
   6080   0.55278E-04
   6090   0.55280E-04
   6100   0.55283E-04
   6110   0.55291E-04
   6120   0.55300E-04
   6130   0.55290E-04
   6140   0.55300E-04
   6150   0.55314E-04
   6160   0.55329E-04
   6170   0.55323E-04
   6180   0.55322E-04
   6190   0.55332E-04
   6200   0.55328E-04
   6210   0.55329E-04
   6220   0.55325E-04
   6230   0.55330E-04
   6240   0.55339E-04
   6250   0.55339E-04
   6260   0.55327E-04
   6270   0.55328E-04
   6280   0.55328E-04
   6290   0.55319E-04
   6300   0.55310E-04
   6310   0.55304E-04
   6320   0.55310E-04
   6330   0.55297E-04
   6340   0.55286E-04
   6350   0.55273E-04
   6360   0.55263E-04
   6370   0.55243E-04
   6380   0.55224E-04
   6390   0.55206E-04
   6400   0.55195E-04
   6410   0.55169E-04
   6420   0.55161E-04
   6430   0.55132E-04
   6440   0.55104E-04
   6450   0.55081E-04
   6460   0.55051E-04
   6470   0.55015E-04
   6480   0.54980E-04
   6490   0.54947E-04
   6500   0.54903E-04
   6510   0.54867E-04
   6520   0.54833E-04
   6530   0.54789E-04
   6540   0.54724E-04
   6550   0.54684E-04
   6560   0.54633E-04
   6570   0.54575E-04
   6580   0.54527E-04
   6590   0.54464E-04
   6600   0.54413E-04
   6610   0.54346E-04
   6620   0.54280E-04
   6630   0.54212E-04
   6640   0.54144E-04
   6650   0.54075E-04
   6660   0.53999E-04
   6670   0.53917E-04
   6680   0.53837E-04
   6690   0.53751E-04
   6700   0.53659E-04
   6710   0.53574E-04
   6720   0.53492E-04
   6730   0.53405E-04
   6740   0.53313E-04
   6750   0.53201E-04
   6760   0.53098E-04
   6770   0.53004E-04
   6780   0.52899E-04
   6790   0.52789E-04
   6800   0.52703E-04
   6810   0.52594E-04
   6820   0.52488E-04
   6830   0.52381E-04
   6840   0.52266E-04
   6850   0.52165E-04
   6860   0.52037E-04
   6870   0.51941E-04
   6880   0.51828E-04
   6890   0.51713E-04
   6900   0.51601E-04
   6910   0.51488E-04
   6920   0.51380E-04
   6930   0.51259E-04
   6940   0.51147E-04
   6950   0.51044E-04
   6960   0.50935E-04
   6970   0.50824E-04
   6980   0.50720E-04
   6990   0.50617E-04
   7000   0.50509E-04
   7010   0.50403E-04
   7020   0.50309E-04
   7030   0.50194E-04
   7040   0.50103E-04
   7050   0.50010E-04
   7060   0.49914E-04
   7070   0.49810E-04
   7080   0.49730E-04
   7090   0.49635E-04
   7100   0.49541E-04
   7110   0.49461E-04
   7120   0.49382E-04
   7130   0.49294E-04
   7140   0.49218E-04
   7150   0.49140E-04
   7160   0.49057E-04
   7170   0.48973E-04
   7180   0.48916E-04
   7190   0.48838E-04
   7200   0.48777E-04
   7210   0.48710E-04
   7220   0.48643E-04
   7230   0.48586E-04
   7240   0.48525E-04
   7250   0.48456E-04
   7260   0.48418E-04
   7270   0.48366E-04
   7280   0.48297E-04
   7290   0.48238E-04
   7300   0.48190E-04
   7310   0.48148E-04
   7320   0.48095E-04
   7330   0.48048E-04
   7340   0.48004E-04
   7350   0.47956E-04
   7360   0.47916E-04
   7370   0.47881E-04
   7380   0.47824E-04
   7390   0.47781E-04
   7400   0.47752E-04
   7410   0.47720E-04
   7420   0.47683E-04
   7430   0.47634E-04
   7440   0.47605E-04
   7450   0.47565E-04
   7460   0.47529E-04
   7470   0.47493E-04
   7480   0.47467E-04
   7490   0.47438E-04
   7500   0.47407E-04
   7510   0.47383E-04
   7520   0.47342E-04
   7530   0.47321E-04
   7540   0.47283E-04
   7550   0.47263E-04
   7560   0.47240E-04
   7570   0.47196E-04
   7580   0.47173E-04
   7590   0.47155E-04
   7600   0.47125E-04
   7610   0.47117E-04
   7620   0.47092E-04
   7630   0.47069E-04
   7640   0.47045E-04
   7650   0.47026E-04
   7660   0.46996E-04
   7670   0.46978E-04
   7680   0.46952E-04
   7690   0.46945E-04
   7700   0.46922E-04
   7710   0.46905E-04
   7720   0.46882E-04
   7730   0.46863E-04
   7740   0.46844E-04
   7750   0.46829E-04
   7760   0.46816E-04
   7770   0.46796E-04
   7780   0.46760E-04
   7790   0.46755E-04
   7800   0.46723E-04
   7810   0.46712E-04
   7820   0.46697E-04
   7830   0.46671E-04
   7840   0.46664E-04
   7850   0.46636E-04
   7860   0.46621E-04
   7870   0.46597E-04
   7880   0.46574E-04
   7890   0.46550E-04
   7900   0.46541E-04
   7910   0.46516E-04
   7920   0.46498E-04
   7930   0.46470E-04
   7940   0.46451E-04
   7950   0.46411E-04
   7960   0.46394E-04
   7970   0.46382E-04
   7980   0.46357E-04
   7990   0.46318E-04
   8000   0.46295E-04
   8010   0.46269E-04
   8020   0.46244E-04
   8030   0.46216E-04
   8040   0.46195E-04
   8050   0.46163E-04
   8060   0.46132E-04
   8070   0.46103E-04
   8080   0.46071E-04
   8090   0.46032E-04
   8100   0.46011E-04
   8110   0.45978E-04
   8120   0.45932E-04
   8130   0.45903E-04
   8140   0.45865E-04
   8150   0.45823E-04
   8160   0.45799E-04
   8170   0.45756E-04
   8180   0.45720E-04
   8190   0.45692E-04
   8200   0.45639E-04
   8210   0.45612E-04
   8220   0.45570E-04
   8230   0.45522E-04
   8240   0.45473E-04
   8250   0.45446E-04
   8260   0.45401E-04
   8270   0.45356E-04
   8280   0.45308E-04
   8290   0.45255E-04
   8300   0.45223E-04
   8310   0.45181E-04
   8320   0.45135E-04
   8330   0.45078E-04
   8340   0.45034E-04
   8350   0.45001E-04
   8360   0.44957E-04
   8370   0.44896E-04
   8380   0.44837E-04
   8390   0.44793E-04
   8400   0.44743E-04
   8410   0.44705E-04
   8420   0.44641E-04
   8430   0.44595E-04
   8440   0.44547E-04
   8450   0.44507E-04
   8460   0.44449E-04
   8470   0.44390E-04
   8480   0.44330E-04
   8490   0.44295E-04
   8500   0.44236E-04
   8510   0.44178E-04
   8520   0.44135E-04
   8530   0.44064E-04
   8540   0.44027E-04
   8550   0.43973E-04
   8560   0.43916E-04
   8570   0.43846E-04
   8580   0.43801E-04
   8590   0.43749E-04
   8600   0.43688E-04
   8610   0.43631E-04
   8620   0.43571E-04
   8630   0.43530E-04
   8640   0.43457E-04
   8650   0.43401E-04
   8660   0.43326E-04
   8670   0.43280E-04
   8680   0.43223E-04
   8690   0.43169E-04
   8700   0.43107E-04
   8710   0.43047E-04
   8720   0.42998E-04
   8730   0.42931E-04
   8740   0.42864E-04
   8750   0.42800E-04
   8760   0.42749E-04
   8770   0.42680E-04
   8780   0.42618E-04
   8790   0.42562E-04
   8800   0.42508E-04
   8810   0.42435E-04
   8820   0.42370E-04
   8830   0.42297E-04
   8840   0.42246E-04
   8850   0.42185E-04
   8860   0.42125E-04
   8870   0.42058E-04
   8880   0.41991E-04
   8890   0.41927E-04
   8900   0.41858E-04
   8910   0.41800E-04
   8920   0.41732E-04
   8930   0.41667E-04
   8940   0.41620E-04
   8950   0.41526E-04
   8960   0.41467E-04
   8970   0.41402E-04
   8980   0.41329E-04
   8990   0.41288E-04
   9000   0.41209E-04
   9010   0.41141E-04
   9020   0.41071E-04
   9030   0.41007E-04
   9040   0.40929E-04
   9050   0.40856E-04
   9060   0.40799E-04
   9070   0.40728E-04
   9080   0.40648E-04
   9090   0.40582E-04
   9100   0.40513E-04
   9110   0.40437E-04
   9120   0.40358E-04
   9130   0.40288E-04
   9140   0.40222E-04
   9150   0.40151E-04
   9160   0.40090E-04
   9170   0.40007E-04
   9180   0.39942E-04
   9190   0.39855E-04
   9200   0.39799E-04
   9210   0.39724E-04
   9220   0.39643E-04
   9230   0.39583E-04
   9240   0.39517E-04
   9250   0.39417E-04
   9260   0.39341E-04
   9270   0.39281E-04
   9280   0.39199E-04
   9290   0.39102E-04
   9300   0.39032E-04
   9310   0.38955E-04
   9320   0.38886E-04
   9330   0.38818E-04
   9340   0.38719E-04
   9350   0.38640E-04
   9360   0.38558E-04
   9370   0.38474E-04
   9380   0.38402E-04
   9390   0.38321E-04
   9400   0.38242E-04
   9410   0.38144E-04
   9420   0.38047E-04
   9430   0.37973E-04
   9440   0.37889E-04
   9450   0.37805E-04
   9460   0.37730E-04
   9470   0.37629E-04
   9480   0.37560E-04
   9490   0.37449E-04
   9500   0.37379E-04
   9510   0.37289E-04
   9520   0.37202E-04
   9530   0.37111E-04
   9540   0.37022E-04
   9550   0.36923E-04
   9560   0.36823E-04
   9570   0.36740E-04
   9580   0.36654E-04
   9590   0.36568E-04
   9600   0.36478E-04
   9610   0.36381E-04
   9620   0.36289E-04
   9630   0.36201E-04
   9640   0.36118E-04
   9650   0.36013E-04
   9660   0.35908E-04
   9670   0.35817E-04
   9680   0.35732E-04
   9690   0.35637E-04
   9700   0.35545E-04
   9710   0.35450E-04
   9720   0.35359E-04
   9730   0.35249E-04
   9740   0.35163E-04
   9750   0.35068E-04
   9760   0.34959E-04
   9770   0.34879E-04
   9780   0.34793E-04
   9790   0.34689E-04
   9800   0.34589E-04
   9810   0.34497E-04
   9820   0.34421E-04
   9830   0.34316E-04
   9840   0.34206E-04
   9850   0.34126E-04
   9860   0.34032E-04
   9870   0.33956E-04
   9880   0.33854E-04
   9890   0.33750E-04
   9900   0.33642E-04
   9910   0.33560E-04
   9920   0.33465E-04
   9930   0.33362E-04
   9940   0.33275E-04
   9950   0.33203E-04
   9960   0.33116E-04
   9970   0.33021E-04
   9980   0.32916E-04
   9990   0.32827E-04
  10000   0.32737E-04
  10010   0.32667E-04
  10020   0.32574E-04
  10030   0.32465E-04
  10040   0.32381E-04
  10050   0.32299E-04
  10060   0.32214E-04
  10070   0.32136E-04
  10080   0.32054E-04
  10090   0.31956E-04
  10100   0.31856E-04
  10110   0.31793E-04
  10120   0.31717E-04
  10130   0.31626E-04
  10140   0.31533E-04
  10150   0.31474E-04
  10160   0.31383E-04
  10170   0.31297E-04
  10180   0.31213E-04
  10190   0.31132E-04
  10200   0.31055E-04
  10210   0.30988E-04
  10220   0.30889E-04
  10230   0.30828E-04
  10240   0.30739E-04
  10250   0.30660E-04
  10260   0.30594E-04
  10270   0.30516E-04
  10280   0.30439E-04
  10290   0.30362E-04
  10300   0.30281E-04
  10310   0.30220E-04
  10320   0.30163E-04
  10330   0.30080E-04
  10340   0.29989E-04
  10350   0.29930E-04
  10360   0.29852E-04
  10370   0.29782E-04
  10380   0.29697E-04
  10390   0.29623E-04
  10400   0.29557E-04
  10410   0.29481E-04
  10420   0.29402E-04
  10430   0.29335E-04
  10440   0.29260E-04
  10450   0.29188E-04
  10460   0.29125E-04
  10470   0.29051E-04
  10480   0.28979E-04
  10490   0.28904E-04
  10500   0.28820E-04
  10510   0.28771E-04
  10520   0.28687E-04
  10530   0.28620E-04
  10540   0.28546E-04
  10550   0.28470E-04
  10560   0.28405E-04
  10570   0.28320E-04
  10580   0.28241E-04
  10590   0.28175E-04
  10600   0.28090E-04
  10610   0.28020E-04
  10620   0.27966E-04
  10630   0.27897E-04
  10640   0.27797E-04
  10650   0.27723E-04
  10660   0.27662E-04
  10670   0.27575E-04
  10680   0.27486E-04
  10690   0.27415E-04
  10700   0.27345E-04
  10710   0.27262E-04
  10720   0.27185E-04
  10730   0.27101E-04
  10740   0.27027E-04
  10750   0.26958E-04
  10760   0.26864E-04
  10770   0.26758E-04
  10780   0.26688E-04
  10790   0.26600E-04
  10800   0.26536E-04
  10810   0.26442E-04
  10820   0.26366E-04
  10830   0.26266E-04
  10840   0.26191E-04
  10850   0.26097E-04
  10860   0.26018E-04
  10870   0.25932E-04
  10880   0.25839E-04
  10890   0.25730E-04
  10900   0.25656E-04
  10910   0.25563E-04
  10920   0.25474E-04
  10930   0.25392E-04
  10940   0.25299E-04
  10950   0.25209E-04
  10960   0.25126E-04
  10970   0.25035E-04
  10980   0.24928E-04
  10990   0.24844E-04
  11000   0.24734E-04
  11010   0.24652E-04
  11020   0.24556E-04
  11030   0.24463E-04
  11040   0.24362E-04
  11050   0.24287E-04
  11060   0.24186E-04
  11070   0.24084E-04
  11080   0.23994E-04
  11090   0.23896E-04
  11100   0.23821E-04
  11110   0.23702E-04
  11120   0.23620E-04
  11130   0.23516E-04
  11140   0.23420E-04
  11150   0.23324E-04
  11160   0.23223E-04
  11170   0.23133E-04
  11180   0.23020E-04
  11190   0.22933E-04
  11200   0.22859E-04
  11210   0.22744E-04
  11220   0.22647E-04
  11230   0.22553E-04
  11240   0.22459E-04
  11250   0.22344E-04
  11260   0.22249E-04
  11270   0.22157E-04
  11280   0.22042E-04
  11290   0.21972E-04
  11300   0.21864E-04
  11310   0.21762E-04
  11320   0.21652E-04
  11330   0.21572E-04
  11340   0.21453E-04
  11350   0.21350E-04
  11360   0.21249E-04
  11370   0.21159E-04
  11380   0.21047E-04
  11390   0.20958E-04
  11400   0.20830E-04
  11410   0.20750E-04
  11420   0.20651E-04
  11430   0.20561E-04
  11440   0.20442E-04
  11450   0.20355E-04
  11460   0.20240E-04
  11470   0.20145E-04
  11480   0.20037E-04
  11490   0.19923E-04
  11500   0.19853E-04
  11510   0.19740E-04
  11520   0.19649E-04
  11530   0.19536E-04
  11540   0.19441E-04
  11550   0.19331E-04
  11560   0.19226E-04
  11570   0.19109E-04
  11580   0.19021E-04
  11590   0.18914E-04
  11600   0.18819E-04
  11610   0.18692E-04
  11620   0.18603E-04
  11630   0.18507E-04
  11640   0.18422E-04
  11650   0.18329E-04
  11660   0.18215E-04
  11670   0.18111E-04
  11680   0.18004E-04
  11690   0.17921E-04
  11700   0.17810E-04
  11710   0.17714E-04
  11720   0.17612E-04
  11730   0.17515E-04
  11740   0.17421E-04
  11750   0.17316E-04
  11760   0.17230E-04
  11770   0.17139E-04
  11780   0.17034E-04
  11790   0.16955E-04
  11800   0.16852E-04
  11810   0.16758E-04
  11820   0.16653E-04
  11830   0.16576E-04
  11840   0.16485E-04
  11850   0.16402E-04
  11860   0.16295E-04
  11870   0.16221E-04
  11880   0.16136E-04
  11890   0.16020E-04
  11900   0.15953E-04
  11910   0.15855E-04
  11920   0.15780E-04
  11930   0.15697E-04
  11940   0.15598E-04
  11950   0.15541E-04
  11960   0.15440E-04
  11970   0.15355E-04
  11980   0.15280E-04
  11990   0.15228E-04
  12000   0.15119E-04
  12010   0.15053E-04
  12020   0.14952E-04
  12030   0.14883E-04
  12040   0.14819E-04
  12050   0.14741E-04
  12060   0.14656E-04
  12070   0.14592E-04
  12080   0.14532E-04
  12090   0.14457E-04
  12100   0.14382E-04
  12110   0.14310E-04
  12120   0.14257E-04
  12130   0.14179E-04
  12140   0.14118E-04
  12150   0.14059E-04
  12160   0.13986E-04
  12170   0.13920E-04
  12180   0.13867E-04
  12190   0.13810E-04
  12200   0.13739E-04
  12210   0.13687E-04
  12220   0.13632E-04
  12230   0.13571E-04
  12240   0.13513E-04
  12250   0.13441E-04
  12260   0.13386E-04
  12270   0.13327E-04
  12280   0.13289E-04
  12290   0.13235E-04
  12300   0.13183E-04
  12310   0.13115E-04
  12320   0.13066E-04
  12330   0.13007E-04
  12340   0.12959E-04
  12350   0.12918E-04
  12360   0.12869E-04
  12370   0.12813E-04
  12380   0.12766E-04
  12390   0.12711E-04
  12400   0.12674E-04
  12410   0.12628E-04
  12420   0.12575E-04
  12430   0.12517E-04
  12440   0.12496E-04
  12450   0.12449E-04
  12460   0.12411E-04
  12470   0.12353E-04
  12480   0.12320E-04
  12490   0.12256E-04
  12500   0.12216E-04
  12510   0.12176E-04
  12520   0.12140E-04
  12530   0.12105E-04
  12540   0.12059E-04
  12550   0.12019E-04
  12560   0.11973E-04
  12570   0.11942E-04
  12580   0.11912E-04
  12590   0.11871E-04
  12600   0.11834E-04
  12610   0.11795E-04
  12620   0.11748E-04
  12630   0.11714E-04
  12640   0.11676E-04
  12650   0.11657E-04
  12660   0.11615E-04
  12670   0.11574E-04
  12680   0.11528E-04
  12690   0.11491E-04
  12700   0.11462E-04
  12710   0.11425E-04
  12720   0.11392E-04
  12730   0.11376E-04
  12740   0.11327E-04
  12750   0.11307E-04
  12760   0.11263E-04
  12770   0.11232E-04
  12780   0.11221E-04
  12790   0.11187E-04
  12800   0.11149E-04
  12810   0.11121E-04
  12820   0.11086E-04
  12830   0.11067E-04
  12840   0.11034E-04
  12850   0.10989E-04
  12860   0.10974E-04
  12870   0.10943E-04
  12880   0.10906E-04
  12890   0.10879E-04
  12900   0.10845E-04
  12910   0.10820E-04
  12920   0.10801E-04
  12930   0.10775E-04
  12940   0.10743E-04
  12950   0.10720E-04
  12960   0.10695E-04
  12970   0.10679E-04
  12980   0.10649E-04
  12990   0.10614E-04
  13000   0.10599E-04
  13010   0.10583E-04
  13020   0.10552E-04
  13030   0.10535E-04
  13040   0.10496E-04
  13050   0.10463E-04
  13060   0.10451E-04
  13070   0.10440E-04
  13080   0.10413E-04
  13090   0.10391E-04
  13100   0.10365E-04
  13110   0.10341E-04
  13120   0.10325E-04
  13130   0.10296E-04
  13140   0.10274E-04
  13150   0.10249E-04
  13160   0.10232E-04
  13170   0.10208E-04
  13180   0.10210E-04
  13190   0.10175E-04
  13200   0.10152E-04
  13210   0.10115E-04
  13220   0.10110E-04
  13230   0.10099E-04
  13240   0.10077E-04
  13250   0.10075E-04
  13260   0.10054E-04
  13270   0.10022E-04
  13280   0.10010E-04
  13290   0.99986E-05
  13300   0.99772E-05
  13310   0.99634E-05
  13320   0.99417E-05
  13330   0.99379E-05
  13340   0.99116E-05
  13350   0.98986E-05
  13360   0.98732E-05
  13370   0.98620E-05
  13380   0.98632E-05
  13390   0.98409E-05
  13400   0.98388E-05
  13410   0.98326E-05
  13420   0.98182E-05
  13430   0.97862E-05
  13440   0.97835E-05
  13450   0.97836E-05
  13460   0.97647E-05
  13470   0.97646E-05
  13480   0.97368E-05
  13490   0.97435E-05
  13500   0.97380E-05
  13510   0.97210E-05
  13520   0.97175E-05
  13530   0.96947E-05
  13540   0.96985E-05
  13550   0.96845E-05
  13560   0.96949E-05
  13570   0.96799E-05
  13580   0.96796E-05
  13590   0.96777E-05
  13600   0.96637E-05
  13610   0.96733E-05
  13620   0.96797E-05
  13630   0.96494E-05
  13640   0.96450E-05
  13650   0.96376E-05
  13660   0.96444E-05
  13670   0.96439E-05
  13680   0.96430E-05
  13690   0.96316E-05
  13700   0.96477E-05
  13710   0.96460E-05
  13720   0.96450E-05
  13730   0.96197E-05
  13740   0.96449E-05
  13750   0.96432E-05
  13760   0.96354E-05
  13770   0.96487E-05
  13780   0.96457E-05
  13790   0.96461E-05
  13800   0.96500E-05
  13810   0.96543E-05
  13820   0.96460E-05
  13830   0.96596E-05
  13840   0.96807E-05
  13850   0.96728E-05
  13860   0.96700E-05
  13870   0.96856E-05
  13880   0.96859E-05
  13890   0.96922E-05
  13900   0.97110E-05
  13910   0.97186E-05
  13920   0.97179E-05
  13930   0.97320E-05
  13940   0.97477E-05
  13950   0.97527E-05
  13960   0.97681E-05
  13970   0.97523E-05
  13980   0.97645E-05
  13990   0.97931E-05
  14000   0.98010E-05
  14010   0.98085E-05
  14020   0.98198E-05
  14030   0.98262E-05
  14040   0.98289E-05
  14050   0.98399E-05
  14060   0.98593E-05
  14070   0.98723E-05
  14080   0.98929E-05
  14090   0.99067E-05
  14100   0.99249E-05
  14110   0.99287E-05
  14120   0.99544E-05
  14130   0.99471E-05
  14140   0.99669E-05
  14150   0.99832E-05
  14160   0.10002E-04
  14170   0.10011E-04
  14180   0.10033E-04
  14190   0.10042E-04
  14200   0.10065E-04
  14210   0.10077E-04
  14220   0.10091E-04
  14230   0.10109E-04
  14240   0.10111E-04
  14250   0.10126E-04
  14260   0.10138E-04
  14270   0.10162E-04
  14280   0.10175E-04
  14290   0.10183E-04
  14300   0.10198E-04
  14310   0.10227E-04
  14320   0.10237E-04
  14330   0.10256E-04
  14340   0.10264E-04
  14350   0.10287E-04
  14360   0.10293E-04
  14370   0.10308E-04
  14380   0.10327E-04
  14390   0.10345E-04
  14400   0.10365E-04
  14410   0.10371E-04
  14420   0.10400E-04
  14430   0.10414E-04
  14440   0.10422E-04
  14450   0.10449E-04
  14460   0.10466E-04
  14470   0.10488E-04
  14480   0.10497E-04
  14490   0.10502E-04
  14500   0.10520E-04
  14510   0.10549E-04
  14520   0.10570E-04
  14530   0.10589E-04
  14540   0.10598E-04
  14550   0.10624E-04
  14560   0.10645E-04
  14570   0.10668E-04
  14580   0.10674E-04
  14590   0.10704E-04
  14600   0.10714E-04
  14610   0.10731E-04
  14620   0.10746E-04
  14630   0.10766E-04
  14640   0.10783E-04
  14650   0.10787E-04
  14660   0.10817E-04
  14670   0.10831E-04
  14680   0.10853E-04
  14690   0.10879E-04
  14700   0.10890E-04
  14710   0.10905E-04
  14720   0.10906E-04
  14730   0.10949E-04
  14740   0.10976E-04
  14750   0.10982E-04
  14760   0.10993E-04
  14770   0.11030E-04
  14780   0.11051E-04
  14790   0.11074E-04
  14800   0.11086E-04
  14810   0.11111E-04
  14820   0.11129E-04
  14830   0.11140E-04
  14840   0.11154E-04
  14850   0.11181E-04
  14860   0.11203E-04
  14870   0.11227E-04
  14880   0.11256E-04
  14890   0.11258E-04
  14900   0.11284E-04
  14910   0.11323E-04
  14920   0.11324E-04
  14930   0.11347E-04
  14940   0.11361E-04
  14950   0.11377E-04
  14960   0.11407E-04
  14970   0.11423E-04
  14980   0.11445E-04
  14990   0.11453E-04
  15000   0.11472E-04
  15010   0.11499E-04
  15020   0.11511E-04
  15030   0.11533E-04
  15040   0.11571E-04
  15050   0.11584E-04
  15060   0.11600E-04
  15070   0.11625E-04
  15080   0.11641E-04
  15090   0.11663E-04
  15100   0.11689E-04
  15110   0.11705E-04
  15120   0.11709E-04
  15130   0.11733E-04
  15140   0.11765E-04
  15150   0.11786E-04
  15160   0.11806E-04
  15170   0.11823E-04
  15180   0.11849E-04
  15190   0.11883E-04
  15200   0.11894E-04
  15210   0.11926E-04
  15220   0.11937E-04
  15230   0.11948E-04
  15240   0.11982E-04
  15250   0.11999E-04
  15260   0.12028E-04
  15270   0.12052E-04
  15280   0.12071E-04
  15290   0.12105E-04
  15300   0.12129E-04
  15310   0.12164E-04
  15320   0.12194E-04
  15330   0.12216E-04
  15340   0.12253E-04
  15350   0.12284E-04
  15360   0.12321E-04
  15370   0.12342E-04
  15380   0.12369E-04
  15390   0.12394E-04
  15400   0.12440E-04
  15410   0.12484E-04
  15420   0.12519E-04
  15430   0.12555E-04
  15440   0.12610E-04
  15450   0.12638E-04
  15460   0.12680E-04
  15470   0.12736E-04
  15480   0.12773E-04
  15490   0.12827E-04
  15500   0.12868E-04
  15510   0.12919E-04
  15520   0.12980E-04
  15530   0.13030E-04
  15540   0.13089E-04
  15550   0.13146E-04
  15560   0.13201E-04
  15570   0.13269E-04
  15580   0.13317E-04
  15590   0.13377E-04
  15600   0.13451E-04
  15610   0.13519E-04
  15620   0.13546E-04
  15630   0.13625E-04
  15640   0.13681E-04
  15650   0.13763E-04
  15660   0.13822E-04
  15670   0.13888E-04
  15680   0.13974E-04
  15690   0.14025E-04
  15700   0.14099E-04
  15710   0.14166E-04
  15720   0.14236E-04
  15730   0.14304E-04
  15740   0.14366E-04
  15750   0.14438E-04
  15760   0.14495E-04
  15770   0.14566E-04
  15780   0.14633E-04
  15790   0.14684E-04
  15800   0.14743E-04
  15810   0.14796E-04
  15820   0.14861E-04
  15830   0.14913E-04
  15840   0.14963E-04
  15850   0.15029E-04
  15860   0.15087E-04
  15870   0.15136E-04
  15880   0.15191E-04
  15890   0.15244E-04
  15900   0.15300E-04
  15910   0.15354E-04
  15920   0.15404E-04
  15930   0.15459E-04
  15940   0.15532E-04
  15950   0.15609E-04
  15960   0.15673E-04
  15970   0.15726E-04
  15980   0.15804E-04
  15990   0.15879E-04
  16000   0.15946E-04
  16010   0.16018E-04
  16020   0.16085E-04
  16030   0.16150E-04
  16040   0.16219E-04
  16050   0.16309E-04
  16060   0.16371E-04
  16070   0.16443E-04
  16080   0.16522E-04
  16090   0.16599E-04
  16100   0.16663E-04
  16110   0.16739E-04
  16120   0.16794E-04
  16130   0.16888E-04
  16140   0.16947E-04
  16150   0.17016E-04
  16160   0.17084E-04
  16170   0.17156E-04
  16180   0.17223E-04
  16190   0.17276E-04
  16200   0.17343E-04
  16210   0.17395E-04
  16220   0.17463E-04
  16230   0.17518E-04
  16240   0.17571E-04
  16250   0.17614E-04
  16260   0.17666E-04
  16270   0.17716E-04
  16280   0.17745E-04
  16290   0.17776E-04
  16300   0.17839E-04
  16310   0.17867E-04
  16320   0.17895E-04
  16330   0.17938E-04
  16340   0.17950E-04
  16350   0.17998E-04
  16360   0.18026E-04
  16370   0.18051E-04
  16380   0.18081E-04
  16390   0.18111E-04
  16400   0.18130E-04
  16410   0.18152E-04
  16420   0.18179E-04
  16430   0.18213E-04
  16440   0.18229E-04
  16450   0.18259E-04
  16460   0.18287E-04
  16470   0.18307E-04
  16480   0.18333E-04
  16490   0.18360E-04
  16500   0.18384E-04
  16510   0.18426E-04
  16520   0.18445E-04
  16530   0.18481E-04
  16540   0.18509E-04
  16550   0.18553E-04
  16560   0.18579E-04
  16570   0.18624E-04
  16580   0.18662E-04
  16590   0.18691E-04
  16600   0.18739E-04
  16610   0.18767E-04
  16620   0.18805E-04
  16630   0.18862E-04
  16640   0.18912E-04
  16650   0.18945E-04
  16660   0.18991E-04
  16670   0.19043E-04
  16680   0.19087E-04
  16690   0.19134E-04
  16700   0.19181E-04
  16710   0.19221E-04
  16720   0.19267E-04
  16730   0.19311E-04
  16740   0.19362E-04
  16750   0.19406E-04
  16760   0.19451E-04
  16770   0.19513E-04
  16780   0.19552E-04
  16790   0.19595E-04
  16800   0.19638E-04
  16810   0.19690E-04
  16820   0.19744E-04
  16830   0.19813E-04
  16840   0.19852E-04
  16850   0.19893E-04
  16860   0.19962E-04
  16870   0.20022E-04
  16880   0.20079E-04
  16890   0.20143E-04
  16900   0.20220E-04
  16910   0.20293E-04
  16920   0.20349E-04
  16930   0.20422E-04
  16940   0.20502E-04
  16950   0.20586E-04
  16960   0.20666E-04
  16970   0.20759E-04
  16980   0.20848E-04
  16990   0.20936E-04
  17000   0.21037E-04
  17010   0.21127E-04
  17020   0.21238E-04
  17030   0.21338E-04
  17040   0.21433E-04
  17050   0.21542E-04
  17060   0.21651E-04
  17070   0.21762E-04
  17080   0.21886E-04
  17090   0.22003E-04
  17100   0.22121E-04
  17110   0.22237E-04
  17120   0.22358E-04
  17130   0.22469E-04
  17140   0.22593E-04
  17150   0.22724E-04
  17160   0.22842E-04
  17170   0.22959E-04
  17180   0.23090E-04
  17190   0.23217E-04
  17200   0.23343E-04
  17210   0.23474E-04
  17220   0.23604E-04
  17230   0.23720E-04
  17240   0.23861E-04
  17250   0.23986E-04
  17260   0.24109E-04
  17270   0.24240E-04
  17280   0.24373E-04
  17290   0.24509E-04
  17300   0.24644E-04
  17310   0.24778E-04
  17320   0.24920E-04
  17330   0.25058E-04
  17340   0.25201E-04
  17350   0.25335E-04
  17360   0.25483E-04
  17370   0.25626E-04
  17380   0.25767E-04
  17390   0.25926E-04
  17400   0.26086E-04
  17410   0.26233E-04
  17420   0.26395E-04
  17430   0.26552E-04
  17440   0.26715E-04
  17450   0.26886E-04
  17460   0.27052E-04
  17470   0.27219E-04
  17480   0.27385E-04
  17490   0.27561E-04
  17500   0.27735E-04
  17510   0.27912E-04
  17520   0.28100E-04
  17530   0.28272E-04
  17540   0.28452E-04
  17550   0.28643E-04
  17560   0.28824E-04
  17570   0.29007E-04
  17580   0.29191E-04
  17590   0.29385E-04
  17600   0.29568E-04
  17610   0.29752E-04
  17620   0.29946E-04
  17630   0.30128E-04
  17640   0.30323E-04
  17650   0.30505E-04
  17660   0.30695E-04
  17670   0.30880E-04
  17680   0.31070E-04
  17690   0.31253E-04
  17700   0.31442E-04
  17710   0.31621E-04
  17720   0.31811E-04
  17730   0.31989E-04
  17740   0.32171E-04
  17750   0.32352E-04
  17760   0.32534E-04
  17770   0.32709E-04
  17780   0.32886E-04
  17790   0.33063E-04
  17800   0.33238E-04
  17810   0.33411E-04
  17820   0.33586E-04
  17830   0.33749E-04
  17840   0.33925E-04
  17850   0.34089E-04
  17860   0.34254E-04
  17870   0.34428E-04
  17880   0.34586E-04
  17890   0.34755E-04
  17900   0.34905E-04
  17910   0.35070E-04
  17920   0.35233E-04
  17930   0.35389E-04
  17940   0.35551E-04
  17950   0.35705E-04
  17960   0.35860E-04
  17970   0.36022E-04
  17980   0.36171E-04
  17990   0.36324E-04
  18000   0.36478E-04
  18010   0.36633E-04
  18020   0.36788E-04
  18030   0.36945E-04
  18040   0.37088E-04
  18050   0.37244E-04
  18060   0.37400E-04
  18070   0.37545E-04
  18080   0.37702E-04
  18090   0.37851E-04
  18100   0.37997E-04
  18110   0.38150E-04
  18120   0.38295E-04
  18130   0.38446E-04
  18140   0.38592E-04
  18150   0.38741E-04
  18160   0.38881E-04
  18170   0.39031E-04
  18180   0.39177E-04
  18190   0.39312E-04
  18200   0.39453E-04
  18210   0.39591E-04
  18220   0.39730E-04
  18230   0.39857E-04
  18240   0.39999E-04
  18250   0.40122E-04
  18260   0.40238E-04
  18270   0.40370E-04
  18280   0.40486E-04
  18290   0.40605E-04
  18300   0.40716E-04
  18310   0.40831E-04
  18320   0.40937E-04
  18330   0.41037E-04
  18340   0.41136E-04
  18350   0.41232E-04
  18360   0.41318E-04
  18370   0.41412E-04
  18380   0.41497E-04
  18390   0.41571E-04
  18400   0.41644E-04
  18410   0.41715E-04
  18420   0.41783E-04
  18430   0.41843E-04
  18440   0.41908E-04
  18450   0.41955E-04
  18460   0.41996E-04
  18470   0.42040E-04
  18480   0.42081E-04
  18490   0.42110E-04
  18500   0.42135E-04
  18510   0.42159E-04
  18520   0.42183E-04
  18530   0.42192E-04
  18540   0.42203E-04
  18550   0.42205E-04
  18560   0.42212E-04
  18570   0.42203E-04
  18580   0.42188E-04
  18590   0.42171E-04
  18600   0.42156E-04
  18610   0.42127E-04
  18620   0.42103E-04
  18630   0.42058E-04
  18640   0.42025E-04
  18650   0.41985E-04
  18660   0.41934E-04
  18670   0.41882E-04
  18680   0.41827E-04
  18690   0.41770E-04
  18700   0.41707E-04
  18710   0.41635E-04
  18720   0.41561E-04
  18730   0.41492E-04
  18740   0.41412E-04
  18750   0.41338E-04
  18760   0.41254E-04
  18770   0.41170E-04
  18780   0.41089E-04
  18790   0.41003E-04
  18800   0.40915E-04
  18810   0.40832E-04
  18820   0.40743E-04
  18830   0.40667E-04
  18840   0.40580E-04
  18850   0.40499E-04
  18860   0.40422E-04
  18870   0.40351E-04
  18880   0.40280E-04
  18890   0.40221E-04
  18900   0.40166E-04
  18910   0.40111E-04
  18920   0.40069E-04
  18930   0.40036E-04
  18940   0.40005E-04
  18950   0.39992E-04
  18960   0.39984E-04
  18970   0.39990E-04
  18980   0.40009E-04
  18990   0.40037E-04
  19000   0.40078E-04
  19010   0.40132E-04
  19020   0.40201E-04
  19030   0.40283E-04
  19040   0.40380E-04
  19050   0.40493E-04
  19060   0.40621E-04
  19070   0.40767E-04
  19080   0.40926E-04
  19090   0.41104E-04
  19100   0.41302E-04
  19110   0.41509E-04
  19120   0.41742E-04
  19130   0.41985E-04
  19140   0.42245E-04
  19150   0.42522E-04
  19160   0.42811E-04
  19170   0.43125E-04
  19180   0.43445E-04
  19190   0.43784E-04
  19200   0.44137E-04
  19210   0.44503E-04
  19220   0.44885E-04
  19230   0.45275E-04
  19240   0.45685E-04
  19250   0.46102E-04
  19260   0.46529E-04
  19270   0.46967E-04
  19280   0.47414E-04
  19290   0.47874E-04
  19300   0.48336E-04
  19310   0.48812E-04
  19320   0.49293E-04
  19330   0.49783E-04
  19340   0.50276E-04
  19350   0.50775E-04
  19360   0.51277E-04
  19370   0.51783E-04
  19380   0.52294E-04
  19390   0.52809E-04
  19400   0.53322E-04
  19410   0.53837E-04
  19420   0.54354E-04
  19430   0.54874E-04
  19440   0.55397E-04
  19450   0.55913E-04
  19460   0.56430E-04
  19470   0.56943E-04
  19480   0.57461E-04
  19490   0.57972E-04
  19500   0.58480E-04
  19510   0.58991E-04
  19520   0.59495E-04
  19530   0.59995E-04
  19540   0.60497E-04
  19550   0.60986E-04
  19560   0.61478E-04
  19570   0.61964E-04
  19580   0.62451E-04
  19590   0.62920E-04
  19600   0.63394E-04
  19610   0.63859E-04
  19620   0.64322E-04
  19630   0.64781E-04
  19640   0.65231E-04
  19650   0.65675E-04
  19660   0.66114E-04
  19670   0.66543E-04
  19680   0.66968E-04
  19690   0.67396E-04
  19700   0.67811E-04
  19710   0.68217E-04
  19720   0.68619E-04
  19730   0.69016E-04
  19740   0.69406E-04
  19750   0.69782E-04
  19760   0.70154E-04
  19770   0.70528E-04
  19780   0.70883E-04
  19790   0.71234E-04
  19800   0.71589E-04
  19810   0.71924E-04
  19820   0.72251E-04
  19830   0.72580E-04
  19840   0.72897E-04
  19850   0.73213E-04
  19860   0.73505E-04
  19870   0.73802E-04
  19880   0.74084E-04
  19890   0.74366E-04
  19900   0.74623E-04
  19910   0.74885E-04
  19920   0.75140E-04
  19930   0.75382E-04
  19940   0.75618E-04
  19950   0.75842E-04
  19960   0.76058E-04
  19970   0.76267E-04
  19980   0.76463E-04
  19990   0.76657E-04
  20000   0.76839E-04
