     10   0.10520E-02
     20   0.89243E-03
     30   0.78790E-03
     40   0.71370E-03
     50   0.65766E-03
     60   0.61288E-03
     70   0.57507E-03
     80   0.54221E-03
     90   0.51306E-03
    100   0.48664E-03
    110   0.46271E-03
    120   0.44055E-03
    130   0.41989E-03
    140   0.40041E-03
    150   0.38210E-03
    160   0.36489E-03
    170   0.34862E-03
    180   0.33332E-03
    190   0.31882E-03
    200   0.30515E-03
    210   0.29239E-03
    220   0.28036E-03
    230   0.26902E-03
    240   0.25840E-03
    250   0.24842E-03
    260   0.23907E-03
    270   0.23031E-03
    280   0.22212E-03
    290   0.21444E-03
    300   0.20727E-03
    310   0.20065E-03
    320   0.19448E-03
    330   0.18875E-03
    340   0.18344E-03
    350   0.17861E-03
    360   0.17427E-03
    370   0.17036E-03
    380   0.16694E-03
    390   0.16393E-03
    400   0.16134E-03
    410   0.15916E-03
    420   0.15723E-03
    430   0.15553E-03
    440   0.15398E-03
    450   0.15251E-03
    460   0.15106E-03
    470   0.14959E-03
    480   0.14805E-03
    490   0.14643E-03
    500   0.14470E-03
    510   0.14295E-03
    520   0.14112E-03
    530   0.13924E-03
    540   0.13737E-03
    550   0.13553E-03
    560   0.13377E-03
    570   0.13213E-03
    580   0.13065E-03
    590   0.12936E-03
    600   0.12828E-03
    610   0.12744E-03
    620   0.12682E-03
    630   0.12643E-03
    640   0.12627E-03
    650   0.12631E-03
    660   0.12655E-03
    670   0.12694E-03
    680   0.12748E-03
    690   0.12812E-03
    700   0.12885E-03
    710   0.12964E-03
    720   0.13046E-03
    730   0.13128E-03
    740   0.13209E-03
    750   0.13284E-03
    760   0.13355E-03
    770   0.13416E-03
    780   0.13468E-03
    790   0.13510E-03
    800   0.13539E-03
    810   0.13555E-03
    820   0.13559E-03
    830   0.13549E-03
    840   0.13526E-03
    850   0.13491E-03
    860   0.13442E-03
    870   0.13380E-03
    880   0.13307E-03
    890   0.13226E-03
    900   0.13132E-03
    910   0.13031E-03
    920   0.12922E-03
    930   0.12807E-03
    940   0.12686E-03
    950   0.12561E-03
    960   0.12435E-03
    970   0.12307E-03
    980   0.12180E-03
    990   0.12056E-03
   1000   0.11934E-03
   1010   0.11820E-03
   1020   0.11712E-03
   1030   0.11613E-03
   1040   0.11525E-03
   1050   0.11447E-03
   1060   0.11382E-03
   1070   0.11330E-03
   1080   0.11290E-03
   1090   0.11265E-03
   1100   0.11251E-03
   1110   0.11250E-03
   1120   0.11262E-03
   1130   0.11283E-03
   1140   0.11314E-03
   1150   0.11355E-03
   1160   0.11399E-03
   1170   0.11452E-03
   1180   0.11505E-03
   1190   0.11563E-03
   1200   0.11620E-03
   1210   0.11677E-03
   1220   0.11732E-03
   1230   0.11784E-03
   1240   0.11834E-03
   1250   0.11877E-03
   1260   0.11916E-03
   1270   0.11948E-03
   1280   0.11974E-03
   1290   0.11996E-03
   1300   0.12011E-03
   1310   0.12020E-03
   1320   0.12024E-03
   1330   0.12021E-03
   1340   0.12016E-03
   1350   0.12008E-03
   1360   0.11997E-03
   1370   0.11983E-03
   1380   0.11970E-03
   1390   0.11956E-03
   1400   0.11942E-03
   1410   0.11932E-03
   1420   0.11922E-03
   1430   0.11916E-03
   1440   0.11913E-03
   1450   0.11916E-03
   1460   0.11919E-03
   1470   0.11928E-03
   1480   0.11940E-03
   1490   0.11956E-03
   1500   0.11974E-03
   1510   0.11993E-03
   1520   0.12016E-03
   1530   0.12037E-03
   1540   0.12058E-03
   1550   0.12078E-03
   1560   0.12096E-03
   1570   0.12111E-03
   1580   0.12122E-03
   1590   0.12128E-03
   1600   0.12130E-03
   1610   0.12124E-03
   1620   0.12115E-03
   1630   0.12097E-03
   1640   0.12073E-03
   1650   0.12043E-03
   1660   0.12006E-03
   1670   0.11963E-03
   1680   0.11913E-03
   1690   0.11858E-03
   1700   0.11800E-03
   1710   0.11735E-03
   1720   0.11668E-03
   1730   0.11597E-03
   1740   0.11525E-03
   1750   0.11451E-03
   1760   0.11379E-03
   1770   0.11307E-03
   1780   0.11237E-03
   1790   0.11170E-03
   1800   0.11108E-03
   1810   0.11050E-03
   1820   0.11000E-03
   1830   0.10957E-03
   1840   0.10922E-03
   1850   0.10896E-03
   1860   0.10881E-03
   1870   0.10875E-03
   1880   0.10880E-03
   1890   0.10896E-03
   1900   0.10922E-03
   1910   0.10961E-03
   1920   0.11009E-03
   1930   0.11068E-03
   1940   0.11137E-03
   1950   0.11217E-03
   1960   0.11304E-03
   1970   0.11402E-03
   1980   0.11505E-03
   1990   0.11617E-03
   2000   0.11733E-03
   2010   0.11854E-03
   2020   0.11979E-03
   2030   0.12107E-03
   2040   0.12239E-03
   2050   0.12372E-03
   2060   0.12504E-03
   2070   0.12638E-03
   2080   0.12772E-03
   2090   0.12906E-03
   2100   0.13035E-03
   2110   0.13164E-03
   2120   0.13290E-03
   2130   0.13414E-03
   2140   0.13535E-03
   2150   0.13652E-03
   2160   0.13766E-03
   2170   0.13875E-03
   2180   0.13980E-03
   2190   0.14080E-03
   2200   0.14176E-03
   2210   0.14268E-03
   2220   0.14355E-03
   2230   0.14438E-03
   2240   0.14513E-03
   2250   0.14587E-03
   2260   0.14654E-03
   2270   0.14716E-03
   2280   0.14772E-03
   2290   0.14823E-03
   2300   0.14868E-03
   2310   0.14909E-03
   2320   0.14944E-03
   2330   0.14975E-03
   2340   0.15001E-03
   2350   0.15019E-03
   2360   0.15032E-03
   2370   0.15042E-03
   2380   0.15047E-03
   2390   0.15043E-03
   2400   0.15038E-03
   2410   0.15026E-03
   2420   0.15010E-03
   2430   0.14990E-03
   2440   0.14965E-03
   2450   0.14935E-03
   2460   0.14900E-03
   2470   0.14860E-03
   2480   0.14816E-03
   2490   0.14768E-03
   2500   0.14716E-03
   2510   0.14659E-03
   2520   0.14602E-03
   2530   0.14538E-03
   2540   0.14470E-03
   2550   0.14399E-03
   2560   0.14326E-03
   2570   0.14249E-03
   2580   0.14168E-03
   2590   0.14085E-03
   2600   0.13998E-03
   2610   0.13912E-03
   2620   0.13820E-03
   2630   0.13727E-03
   2640   0.13631E-03
   2650   0.13533E-03
   2660   0.13433E-03
   2670   0.13330E-03
   2680   0.13228E-03
   2690   0.13122E-03
   2700   0.13015E-03
   2710   0.12907E-03
   2720   0.12796E-03
   2730   0.12685E-03
   2740   0.12572E-03
   2750   0.12458E-03
   2760   0.12345E-03
   2770   0.12226E-03
   2780   0.12111E-03
   2790   0.11992E-03
   2800   0.11874E-03
   2810   0.11756E-03
   2820   0.11640E-03
   2830   0.11518E-03
   2840   0.11400E-03
   2850   0.11281E-03
   2860   0.11163E-03
   2870   0.11045E-03
   2880   0.10928E-03
   2890   0.10809E-03
   2900   0.10693E-03
   2910   0.10579E-03
   2920   0.10464E-03
   2930   0.10351E-03
   2940   0.10239E-03
   2950   0.10129E-03
   2960   0.10019E-03
   2970   0.99130E-04
   2980   0.98070E-04
   2990   0.97023E-04
   3000   0.96010E-04
   3010   0.94998E-04
   3020   0.94043E-04
   3030   0.93063E-04
   3040   0.92133E-04
   3050   0.91217E-04
   3060   0.90305E-04
   3070   0.89413E-04
   3080   0.88569E-04
   3090   0.87739E-04
   3100   0.86910E-04
   3110   0.86105E-04
   3120   0.85342E-04
   3130   0.84568E-04
   3140   0.83828E-04
   3150   0.83106E-04
   3160   0.82398E-04
   3170   0.81704E-04
   3180   0.81040E-04
   3190   0.80376E-04
   3200   0.79733E-04
   3210   0.79112E-04
   3220   0.78496E-04
   3230   0.77899E-04
   3240   0.77304E-04
   3250   0.76729E-04
   3260   0.76169E-04
   3270   0.75614E-04
   3280   0.75073E-04
   3290   0.74555E-04
   3300   0.74029E-04
   3310   0.73521E-04
   3320   0.73006E-04
   3330   0.72541E-04
   3340   0.72051E-04
   3350   0.71591E-04
   3360   0.71114E-04
   3370   0.70666E-04
   3380   0.70213E-04
   3390   0.69786E-04
   3400   0.69354E-04
   3410   0.68933E-04
   3420   0.68536E-04
   3430   0.68136E-04
   3440   0.67730E-04
   3450   0.67363E-04
   3460   0.66980E-04
   3470   0.66628E-04
   3480   0.66256E-04
   3490   0.65928E-04
   3500   0.65579E-04
   3510   0.65242E-04
   3520   0.64930E-04
   3530   0.64625E-04
   3540   0.64352E-04
   3550   0.64043E-04
   3560   0.63752E-04
   3570   0.63487E-04
   3580   0.63229E-04
   3590   0.62994E-04
   3600   0.62738E-04
   3610   0.62514E-04
   3620   0.62298E-04
   3630   0.62078E-04
   3640   0.61872E-04
   3650   0.61675E-04
   3660   0.61510E-04
   3670   0.61351E-04
   3680   0.61191E-04
   3690   0.61016E-04
   3700   0.60890E-04
   3710   0.60759E-04
   3720   0.60620E-04
   3730   0.60503E-04
   3740   0.60390E-04
   3750   0.60301E-04
   3760   0.60205E-04
   3770   0.60128E-04
   3780   0.60046E-04
   3790   0.59983E-04
   3800   0.59900E-04
   3810   0.59845E-04
   3820   0.59794E-04
   3830   0.59749E-04
   3840   0.59712E-04
   3850   0.59680E-04
   3860   0.59647E-04
   3870   0.59630E-04
   3880   0.59600E-04
   3890   0.59596E-04
   3900   0.59583E-04
   3910   0.59596E-04
   3920   0.59576E-04
   3930   0.59600E-04
   3940   0.59607E-04
   3950   0.59609E-04
   3960   0.59634E-04
   3970   0.59657E-04
   3980   0.59679E-04
   3990   0.59712E-04
   4000   0.59740E-04
   4010   0.59763E-04
   4020   0.59816E-04
   4030   0.59847E-04
   4040   0.59885E-04
   4050   0.59919E-04
   4060   0.59971E-04
   4070   0.60024E-04
   4080   0.60068E-04
   4090   0.60118E-04
   4100   0.60184E-04
   4110   0.60244E-04
   4120   0.60299E-04
   4130   0.60354E-04
   4140   0.60423E-04
   4150   0.60482E-04
   4160   0.60563E-04
   4170   0.60627E-04
   4180   0.60674E-04
   4190   0.60745E-04
   4200   0.60835E-04
   4210   0.60899E-04
   4220   0.60990E-04
   4230   0.61047E-04
   4240   0.61144E-04
   4250   0.61204E-04
   4260   0.61286E-04
   4270   0.61368E-04
   4280   0.61444E-04
   4290   0.61541E-04
   4300   0.61608E-04
   4310   0.61694E-04
   4320   0.61759E-04
   4330   0.61845E-04
   4340   0.61912E-04
   4350   0.62010E-04
   4360   0.62087E-04
   4370   0.62177E-04
   4380   0.62238E-04
   4390   0.62324E-04
   4400   0.62397E-04
   4410   0.62473E-04
   4420   0.62551E-04
   4430   0.62626E-04
   4440   0.62678E-04
   4450   0.62765E-04
   4460   0.62833E-04
   4470   0.62894E-04
   4480   0.62954E-04
   4490   0.63019E-04
   4500   0.63092E-04
   4510   0.63148E-04
   4520   0.63194E-04
   4530   0.63252E-04
   4540   0.63297E-04
   4550   0.63339E-04
   4560   0.63377E-04
   4570   0.63426E-04
   4580   0.63444E-04
   4590   0.63486E-04
   4600   0.63521E-04
   4610   0.63526E-04
   4620   0.63549E-04
   4630   0.63579E-04
   4640   0.63571E-04
   4650   0.63587E-04
   4660   0.63609E-04
   4670   0.63597E-04
   4680   0.63599E-04
   4690   0.63591E-04
   4700   0.63571E-04
   4710   0.63568E-04
   4720   0.63541E-04
   4730   0.63519E-04
   4740   0.63484E-04
   4750   0.63451E-04
   4760   0.63421E-04
   4770   0.63382E-04
   4780   0.63342E-04
   4790   0.63296E-04
   4800   0.63249E-04
   4810   0.63189E-04
   4820   0.63125E-04
   4830   0.63054E-04
   4840   0.62995E-04
   4850   0.62925E-04
   4860   0.62856E-04
   4870   0.62776E-04
   4880   0.62690E-04
   4890   0.62617E-04
   4900   0.62535E-04
   4910   0.62467E-04
   4920   0.62357E-04
   4930   0.62267E-04
   4940   0.62177E-04
   4950   0.62096E-04
   4960   0.62009E-04
   4970   0.61896E-04
   4980   0.61799E-04
   4990   0.61694E-04
   5000   0.61598E-04
   5010   0.61506E-04
   5020   0.61407E-04
   5030   0.61303E-04
   5040   0.61199E-04
   5050   0.61095E-04
   5060   0.61001E-04
   5070   0.60891E-04
   5080   0.60796E-04
   5090   0.60686E-04
   5100   0.60595E-04
   5110   0.60510E-04
   5120   0.60402E-04
   5130   0.60302E-04
   5140   0.60211E-04
   5150   0.60126E-04
   5160   0.60034E-04
   5170   0.59944E-04
   5180   0.59852E-04
   5190   0.59764E-04
   5200   0.59670E-04
   5210   0.59601E-04
   5220   0.59519E-04
   5230   0.59432E-04
   5240   0.59355E-04
   5250   0.59290E-04
   5260   0.59208E-04
   5270   0.59141E-04
   5280   0.59069E-04
   5290   0.59009E-04
   5300   0.58933E-04
   5310   0.58864E-04
   5320   0.58818E-04
   5330   0.58753E-04
   5340   0.58695E-04
   5350   0.58655E-04
   5360   0.58596E-04
   5370   0.58556E-04
   5380   0.58510E-04
   5390   0.58465E-04
   5400   0.58423E-04
   5410   0.58385E-04
   5420   0.58339E-04
   5430   0.58307E-04
   5440   0.58274E-04
   5450   0.58234E-04
   5460   0.58229E-04
   5470   0.58183E-04
   5480   0.58160E-04
   5490   0.58128E-04
   5500   0.58107E-04
   5510   0.58089E-04
   5520   0.58072E-04
   5530   0.58041E-04
   5540   0.58028E-04
   5550   0.57998E-04
   5560   0.57989E-04
   5570   0.57978E-04
   5580   0.57969E-04
   5590   0.57949E-04
   5600   0.57922E-04
   5610   0.57922E-04
   5620   0.57925E-04
   5630   0.57902E-04
   5640   0.57888E-04
   5650   0.57889E-04
   5660   0.57877E-04
   5670   0.57870E-04
   5680   0.57860E-04
   5690   0.57853E-04
   5700   0.57853E-04
   5710   0.57847E-04
   5720   0.57835E-04
   5730   0.57844E-04
   5740   0.57821E-04
   5750   0.57823E-04
   5760   0.57814E-04
   5770   0.57802E-04
   5780   0.57788E-04
   5790   0.57784E-04
   5800   0.57777E-04
   5810   0.57775E-04
   5820   0.57770E-04
   5830   0.57759E-04
   5840   0.57747E-04
   5850   0.57729E-04
   5860   0.57721E-04
   5870   0.57722E-04
   5880   0.57709E-04
   5890   0.57704E-04
   5900   0.57684E-04
   5910   0.57688E-04
   5920   0.57661E-04
   5930   0.57653E-04
   5940   0.57635E-04
   5950   0.57638E-04
   5960   0.57607E-04
   5970   0.57586E-04
   5980   0.57569E-04
   5990   0.57564E-04
   6000   0.57543E-04
   6010   0.57519E-04
   6020   0.57501E-04
   6030   0.57477E-04
   6040   0.57456E-04
   6050   0.57442E-04
   6060   0.57412E-04
   6070   0.57386E-04
   6080   0.57374E-04
   6090   0.57326E-04
   6100   0.57315E-04
   6110   0.57283E-04
   6120   0.57256E-04
   6130   0.57233E-04
   6140   0.57213E-04
   6150   0.57165E-04
   6160   0.57120E-04
   6170   0.57106E-04
   6180   0.57073E-04
   6190   0.57027E-04
   6200   0.56987E-04
   6210   0.56962E-04
   6220   0.56926E-04
   6230   0.56884E-04
   6240   0.56843E-04
   6250   0.56798E-04
   6260   0.56756E-04
   6270   0.56700E-04
   6280   0.56659E-04
   6290   0.56622E-04
   6300   0.56581E-04
   6310   0.56519E-04
   6320   0.56462E-04
   6330   0.56414E-04
   6340   0.56362E-04
   6350   0.56313E-04
   6360   0.56257E-04
   6370   0.56194E-04
   6380   0.56125E-04
   6390   0.56088E-04
   6400   0.56026E-04
   6410   0.55943E-04
   6420   0.55877E-04
   6430   0.55805E-04
   6440   0.55750E-04
   6450   0.55663E-04
   6460   0.55599E-04
   6470   0.55521E-04
   6480   0.55447E-04
   6490   0.55364E-04
   6500   0.55280E-04
   6510   0.55203E-04
   6520   0.55124E-04
   6530   0.55024E-04
   6540   0.54932E-04
   6550   0.54840E-04
   6560   0.54740E-04
   6570   0.54641E-04
   6580   0.54538E-04
   6590   0.54425E-04
   6600   0.54343E-04
   6610   0.54221E-04
   6620   0.54116E-04
   6630   0.54024E-04
   6640   0.53890E-04
   6650   0.53777E-04
   6660   0.53649E-04
   6670   0.53540E-04
   6680   0.53420E-04
   6690   0.53296E-04
   6700   0.53167E-04
   6710   0.53029E-04
   6720   0.52899E-04
   6730   0.52778E-04
   6740   0.52635E-04
   6750   0.52501E-04
   6760   0.52357E-04
   6770   0.52210E-04
   6780   0.52072E-04
   6790   0.51927E-04
   6800   0.51769E-04
   6810   0.51640E-04
   6820   0.51475E-04
   6830   0.51321E-04
   6840   0.51186E-04
   6850   0.51031E-04
   6860   0.50862E-04
   6870   0.50711E-04
   6880   0.50566E-04
   6890   0.50411E-04
   6900   0.50265E-04
   6910   0.50101E-04
   6920   0.49948E-04
   6930   0.49798E-04
   6940   0.49634E-04
   6950   0.49487E-04
   6960   0.49326E-04
   6970   0.49175E-04
   6980   0.49007E-04
   6990   0.48876E-04
   7000   0.48713E-04
   7010   0.48561E-04
   7020   0.48422E-04
   7030   0.48280E-04
   7040   0.48124E-04
   7050   0.47975E-04
   7060   0.47841E-04
   7070   0.47673E-04
   7080   0.47530E-04
   7090   0.47399E-04
   7100   0.47261E-04
   7110   0.47122E-04
   7120   0.46983E-04
   7130   0.46839E-04
   7140   0.46713E-04
   7150   0.46583E-04
   7160   0.46447E-04
   7170   0.46315E-04
   7180   0.46192E-04
   7190   0.46050E-04
   7200   0.45928E-04
   7210   0.45814E-04
   7220   0.45678E-04
   7230   0.45552E-04
   7240   0.45446E-04
   7250   0.45334E-04
   7260   0.45213E-04
   7270   0.45073E-04
   7280   0.44986E-04
   7290   0.44859E-04
   7300   0.44731E-04
   7310   0.44639E-04
   7320   0.44496E-04
   7330   0.44395E-04
   7340   0.44304E-04
   7350   0.44198E-04
   7360   0.44082E-04
   7370   0.43963E-04
   7380   0.43861E-04
   7390   0.43757E-04
   7400   0.43646E-04
   7410   0.43543E-04
   7420   0.43442E-04
   7430   0.43342E-04
   7440   0.43242E-04
   7450   0.43131E-04
   7460   0.43038E-04
   7470   0.42936E-04
   7480   0.42821E-04
   7490   0.42734E-04
   7500   0.42637E-04
   7510   0.42513E-04
   7520   0.42426E-04
   7530   0.42317E-04
   7540   0.42227E-04
   7550   0.42139E-04
   7560   0.42033E-04
   7570   0.41947E-04
   7580   0.41833E-04
   7590   0.41745E-04
   7600   0.41647E-04
   7610   0.41545E-04
   7620   0.41450E-04
   7630   0.41344E-04
   7640   0.41253E-04
   7650   0.41149E-04
   7660   0.41050E-04
   7670   0.40962E-04
   7680   0.40849E-04
   7690   0.40762E-04
   7700   0.40665E-04
   7710   0.40573E-04
   7720   0.40451E-04
   7730   0.40377E-04
   7740   0.40275E-04
   7750   0.40177E-04
   7760   0.40074E-04
   7770   0.39980E-04
   7780   0.39881E-04
   7790   0.39773E-04
   7800   0.39678E-04
   7810   0.39600E-04
   7820   0.39497E-04
   7830   0.39389E-04
   7840   0.39283E-04
   7850   0.39186E-04
   7860   0.39095E-04
   7870   0.38990E-04
   7880   0.38896E-04
   7890   0.38766E-04
   7900   0.38656E-04
   7910   0.38568E-04
   7920   0.38478E-04
   7930   0.38372E-04
   7940   0.38270E-04
   7950   0.38162E-04
   7960   0.38068E-04
   7970   0.37960E-04
   7980   0.37846E-04
   7990   0.37741E-04
   8000   0.37630E-04
   8010   0.37531E-04
   8020   0.37427E-04
   8030   0.37304E-04
   8040   0.37204E-04
   8050   0.37099E-04
   8060   0.36992E-04
   8070   0.36869E-04
   8080   0.36766E-04
   8090   0.36646E-04
   8100   0.36547E-04
   8110   0.36424E-04
   8120   0.36315E-04
   8130   0.36204E-04
   8140   0.36101E-04
   8150   0.35978E-04
   8160   0.35872E-04
   8170   0.35739E-04
   8180   0.35647E-04
   8190   0.35516E-04
   8200   0.35411E-04
   8210   0.35291E-04
   8220   0.35177E-04
   8230   0.35047E-04
   8240   0.34927E-04
   8250   0.34833E-04
   8260   0.34713E-04
   8270   0.34593E-04
   8280   0.34468E-04
   8290   0.34371E-04
   8300   0.34225E-04
   8310   0.34142E-04
   8320   0.34000E-04
   8330   0.33870E-04
   8340   0.33771E-04
   8350   0.33655E-04
   8360   0.33529E-04
   8370   0.33422E-04
   8380   0.33292E-04
   8390   0.33183E-04
   8400   0.33057E-04
   8410   0.32935E-04
   8420   0.32823E-04
   8430   0.32698E-04
   8440   0.32575E-04
   8450   0.32468E-04
   8460   0.32355E-04
   8470   0.32235E-04
   8480   0.32129E-04
   8490   0.31989E-04
   8500   0.31879E-04
   8510   0.31765E-04
   8520   0.31627E-04
   8530   0.31533E-04
   8540   0.31400E-04
   8550   0.31290E-04
   8560   0.31185E-04
   8570   0.31063E-04
   8580   0.30942E-04
   8590   0.30817E-04
   8600   0.30708E-04
   8610   0.30603E-04
   8620   0.30478E-04
   8630   0.30363E-04
   8640   0.30251E-04
   8650   0.30129E-04
   8660   0.30021E-04
   8670   0.29904E-04
   8680   0.29774E-04
   8690   0.29679E-04
   8700   0.29570E-04
   8710   0.29461E-04
   8720   0.29344E-04
   8730   0.29234E-04
   8740   0.29124E-04
   8750   0.29008E-04
   8760   0.28906E-04
   8770   0.28787E-04
   8780   0.28678E-04
   8790   0.28571E-04
   8800   0.28442E-04
   8810   0.28342E-04
   8820   0.28223E-04
   8830   0.28131E-04
   8840   0.28022E-04
   8850   0.27906E-04
   8860   0.27768E-04
   8870   0.27694E-04
   8880   0.27573E-04
   8890   0.27492E-04
   8900   0.27355E-04
   8910   0.27257E-04
   8920   0.27151E-04
   8930   0.27040E-04
   8940   0.26934E-04
   8950   0.26802E-04
   8960   0.26722E-04
   8970   0.26606E-04
   8980   0.26496E-04
   8990   0.26412E-04
   9000   0.26296E-04
   9010   0.26169E-04
   9020   0.26088E-04
   9030   0.25962E-04
   9040   0.25861E-04
   9050   0.25763E-04
   9060   0.25662E-04
   9070   0.25554E-04
   9080   0.25447E-04
   9090   0.25344E-04
   9100   0.25237E-04
   9110   0.25126E-04
   9120   0.25022E-04
   9130   0.24934E-04
   9140   0.24816E-04
   9150   0.24718E-04
   9160   0.24599E-04
   9170   0.24513E-04
   9180   0.24415E-04
   9190   0.24288E-04
   9200   0.24197E-04
   9210   0.24089E-04
   9220   0.23985E-04
   9230   0.23873E-04
   9240   0.23772E-04
   9250   0.23672E-04
   9260   0.23568E-04
   9270   0.23455E-04
   9280   0.23359E-04
   9290   0.23251E-04
   9300   0.23151E-04
   9310   0.23045E-04
   9320   0.22944E-04
   9330   0.22834E-04
   9340   0.22740E-04
   9350   0.22623E-04
   9360   0.22518E-04
   9370   0.22413E-04
   9380   0.22317E-04
   9390   0.22205E-04
   9400   0.22104E-04
   9410   0.22003E-04
   9420   0.21900E-04
   9430   0.21799E-04
   9440   0.21698E-04
   9450   0.21583E-04
   9460   0.21482E-04
   9470   0.21373E-04
   9480   0.21286E-04
   9490   0.21182E-04
   9500   0.21064E-04
   9510   0.20970E-04
   9520   0.20856E-04
   9530   0.20756E-04
   9540   0.20662E-04
   9550   0.20566E-04
   9560   0.20454E-04
   9570   0.20364E-04
   9580   0.20251E-04
   9590   0.20151E-04
   9600   0.20035E-04
   9610   0.19936E-04
   9620   0.19844E-04
   9630   0.19726E-04
   9640   0.19639E-04
   9650   0.19543E-04
   9660   0.19448E-04
   9670   0.19324E-04
   9680   0.19235E-04
   9690   0.19124E-04
   9700   0.19023E-04
   9710   0.18925E-04
   9720   0.18824E-04
   9730   0.18723E-04
   9740   0.18618E-04
   9750   0.18523E-04
   9760   0.18426E-04
   9770   0.18322E-04
   9780   0.18218E-04
   9790   0.18133E-04
   9800   0.18033E-04
   9810   0.17949E-04
   9820   0.17833E-04
   9830   0.17741E-04
   9840   0.17638E-04
   9850   0.17544E-04
   9860   0.17451E-04
   9870   0.17385E-04
   9880   0.17264E-04
   9890   0.17182E-04
   9900   0.17085E-04
   9910   0.16983E-04
   9920   0.16887E-04
   9930   0.16814E-04
   9940   0.16709E-04
   9950   0.16606E-04
   9960   0.16524E-04
   9970   0.16441E-04
   9980   0.16352E-04
   9990   0.16255E-04
  10000   0.16149E-04
  10010   0.16083E-04
  10020   0.15986E-04
  10030   0.15906E-04
  10040   0.15818E-04
  10050   0.15715E-04
  10060   0.15616E-04
  10070   0.15532E-04
  10080   0.15447E-04
  10090   0.15374E-04
  10100   0.15270E-04
  10110   0.15187E-04
  10120   0.15101E-04
  10130   0.15024E-04
  10140   0.14927E-04
  10150   0.14843E-04
  10160   0.14767E-04
  10170   0.14690E-04
  10180   0.14597E-04
  10190   0.14522E-04
  10200   0.14448E-04
  10210   0.14376E-04
  10220   0.14265E-04
  10230   0.14203E-04
  10240   0.14120E-04
  10250   0.14017E-04
  10260   0.13952E-04
  10270   0.13876E-04
  10280   0.13782E-04
  10290   0.13710E-04
  10300   0.13635E-04
  10310   0.13555E-04
  10320   0.13478E-04
  10330   0.13382E-04
  10340   0.13312E-04
  10350   0.13233E-04
  10360   0.13164E-04
  10370   0.13079E-04
  10380   0.13004E-04
  10390   0.12925E-04
  10400   0.12840E-04
  10410   0.12768E-04
  10420   0.12698E-04
  10430   0.12627E-04
  10440   0.12539E-04
  10450   0.12469E-04
  10460   0.12386E-04
  10470   0.12318E-04
  10480   0.12248E-04
  10490   0.12160E-04
  10500   0.12094E-04
  10510   0.12024E-04
  10520   0.11936E-04
  10530   0.11867E-04
  10540   0.11780E-04
  10550   0.11724E-04
  10560   0.11660E-04
  10570   0.11578E-04
  10580   0.11493E-04
  10590   0.11438E-04
  10600   0.11366E-04
  10610   0.11294E-04
  10620   0.11226E-04
  10630   0.11144E-04
  10640   0.11080E-04
  10650   0.11004E-04
  10660   0.10916E-04
  10670   0.10854E-04
  10680   0.10777E-04
  10690   0.10711E-04
  10700   0.10646E-04
  10710   0.10563E-04
  10720   0.10501E-04
  10730   0.10421E-04
  10740   0.10363E-04
  10750   0.10289E-04
  10760   0.10216E-04
  10770   0.10145E-04
  10780   0.10062E-04
  10790   0.10003E-04
  10800   0.99443E-05
  10810   0.98650E-05
  10820   0.97855E-05
  10830   0.97207E-05
  10840   0.96584E-05
  10850   0.95790E-05
  10860   0.95174E-05
  10870   0.94524E-05
  10880   0.93793E-05
  10890   0.93163E-05
  10900   0.92443E-05
  10910   0.91601E-05
  10920   0.91102E-05
  10930   0.90335E-05
  10940   0.89556E-05
  10950   0.89083E-05
  10960   0.88475E-05
  10970   0.87673E-05
  10980   0.87112E-05
  10990   0.86202E-05
  11000   0.85509E-05
  11010   0.84905E-05
  11020   0.84179E-05
  11030   0.83501E-05
  11040   0.82878E-05
  11050   0.82232E-05
  11060   0.81592E-05
  11070   0.80920E-05
  11080   0.80326E-05
  11090   0.79617E-05
  11100   0.79018E-05
  11110   0.78336E-05
  11120   0.77682E-05
  11130   0.76944E-05
  11140   0.76319E-05
  11150   0.75687E-05
  11160   0.75115E-05
  11170   0.74497E-05
  11180   0.73751E-05
  11190   0.73166E-05
  11200   0.72726E-05
  11210   0.72178E-05
  11220   0.71404E-05
  11230   0.70865E-05
  11240   0.70166E-05
  11250   0.69681E-05
  11260   0.69019E-05
  11270   0.68361E-05
  11280   0.67846E-05
  11290   0.67375E-05
  11300   0.66708E-05
  11310   0.66089E-05
  11320   0.65544E-05
  11330   0.65008E-05
  11340   0.64356E-05
  11350   0.63859E-05
  11360   0.63236E-05
  11370   0.62870E-05
  11380   0.62150E-05
  11390   0.61565E-05
  11400   0.61109E-05
  11410   0.60619E-05
  11420   0.60053E-05
  11430   0.59629E-05
  11440   0.59128E-05
  11450   0.58643E-05
  11460   0.57957E-05
  11470   0.57478E-05
  11480   0.56930E-05
  11490   0.56521E-05
  11500   0.55949E-05
  11510   0.55555E-05
  11520   0.55019E-05
  11530   0.54514E-05
  11540   0.54138E-05
  11550   0.53689E-05
  11560   0.53301E-05
  11570   0.52685E-05
  11580   0.52235E-05
  11590   0.51764E-05
  11600   0.51231E-05
  11610   0.50949E-05
  11620   0.50456E-05
  11630   0.49881E-05
  11640   0.49449E-05
  11650   0.49053E-05
  11660   0.48670E-05
  11670   0.48116E-05
  11680   0.47886E-05
  11690   0.47350E-05
  11700   0.46869E-05
  11710   0.46432E-05
  11720   0.46123E-05
  11730   0.45779E-05
  11740   0.45416E-05
  11750   0.45013E-05
  11760   0.44566E-05
  11770   0.44118E-05
  11780   0.43635E-05
  11790   0.43269E-05
  11800   0.42885E-05
  11810   0.42413E-05
  11820   0.42011E-05
  11830   0.41782E-05
  11840   0.41522E-05
  11850   0.41042E-05
  11860   0.40704E-05
  11870   0.40189E-05
  11880   0.39942E-05
  11890   0.39506E-05
  11900   0.39087E-05
  11910   0.38751E-05
  11920   0.38424E-05
  11930   0.37994E-05
  11940   0.37662E-05
  11950   0.37336E-05
  11960   0.37092E-05
  11970   0.36793E-05
  11980   0.36309E-05
  11990   0.36069E-05
  12000   0.35656E-05
  12010   0.35330E-05
  12020   0.35091E-05
  12030   0.34793E-05
  12040   0.34493E-05
  12050   0.34153E-05
  12060   0.33879E-05
  12070   0.33591E-05
  12080   0.33390E-05
  12090   0.33054E-05
  12100   0.32660E-05
  12110   0.32329E-05
  12120   0.31934E-05
  12130   0.31700E-05
  12140   0.31420E-05
  12150   0.31038E-05
  12160   0.30905E-05
  12170   0.30774E-05
  12180   0.30610E-05
  12190   0.30259E-05
  12200   0.30093E-05
  12210   0.29934E-05
  12220   0.29688E-05
  12230   0.29409E-05
  12240   0.29133E-05
  12250   0.28959E-05
  12260   0.28812E-05
  12270   0.28511E-05
  12280   0.28322E-05
  12290   0.28181E-05
  12300   0.27909E-05
  12310   0.27616E-05
  12320   0.27409E-05
  12330   0.27385E-05
  12340   0.27127E-05
  12350   0.26954E-05
  12360   0.26750E-05
  12370   0.26645E-05
  12380   0.26433E-05
  12390   0.26239E-05
  12400   0.26125E-05
  12410   0.25971E-05
  12420   0.25788E-05
  12430   0.25719E-05
  12440   0.25463E-05
  12450   0.25297E-05
  12460   0.25142E-05
  12470   0.24944E-05
  12480   0.24925E-05
  12490   0.24690E-05
  12500   0.24621E-05
  12510   0.24541E-05
  12520   0.24291E-05
  12530   0.24187E-05
  12540   0.24028E-05
  12550   0.23997E-05
  12560   0.23932E-05
  12570   0.23837E-05
  12580   0.23668E-05
  12590   0.23381E-05
  12600   0.23353E-05
  12610   0.23175E-05
  12620   0.23043E-05
  12630   0.22971E-05
  12640   0.22814E-05
  12650   0.22698E-05
  12660   0.22664E-05
  12670   0.22588E-05
  12680   0.22622E-05
  12690   0.22480E-05
  12700   0.22365E-05
  12710   0.22306E-05
  12720   0.22006E-05
  12730   0.22025E-05
  12740   0.21814E-05
  12750   0.21683E-05
  12760   0.21709E-05
  12770   0.21716E-05
  12780   0.21530E-05
  12790   0.21353E-05
  12800   0.21325E-05
  12810   0.21443E-05
  12820   0.21225E-05
  12830   0.21147E-05
  12840   0.21062E-05
  12850   0.21039E-05
  12860   0.21020E-05
  12870   0.20784E-05
  12880   0.20755E-05
  12890   0.20738E-05
  12900   0.20708E-05
  12910   0.20639E-05
  12920   0.20422E-05
  12930   0.20287E-05
  12940   0.20325E-05
  12950   0.20365E-05
  12960   0.20189E-05
  12970   0.20210E-05
  12980   0.20128E-05
  12990   0.20100E-05
  13000   0.20033E-05
  13010   0.20009E-05
  13020   0.19987E-05
  13030   0.19892E-05
  13040   0.19797E-05
  13050   0.19788E-05
  13060   0.19644E-05
  13070   0.19714E-05
  13080   0.19648E-05
  13090   0.19660E-05
  13100   0.19565E-05
  13110   0.19435E-05
  13120   0.19305E-05
  13130   0.19264E-05
  13140   0.19231E-05
  13150   0.19256E-05
  13160   0.19295E-05
  13170   0.19143E-05
  13180   0.19118E-05
  13190   0.19046E-05
  13200   0.18917E-05
  13210   0.18795E-05
  13220   0.18781E-05
  13230   0.18682E-05
  13240   0.18554E-05
  13250   0.18704E-05
  13260   0.18688E-05
  13270   0.18601E-05
  13280   0.18598E-05
  13290   0.18544E-05
  13300   0.18350E-05
  13310   0.18504E-05
  13320   0.18291E-05
  13330   0.18272E-05
  13340   0.18105E-05
  13350   0.18181E-05
  13360   0.18206E-05
  13370   0.18162E-05
  13380   0.18194E-05
  13390   0.18143E-05
  13400   0.18047E-05
  13410   0.17888E-05
  13420   0.17870E-05
  13430   0.17887E-05
  13440   0.17814E-05
  13450   0.17721E-05
  13460   0.17679E-05
  13470   0.17606E-05
  13480   0.17506E-05
  13490   0.17573E-05
  13500   0.17480E-05
  13510   0.17467E-05
  13520   0.17356E-05
  13530   0.17158E-05
  13540   0.17076E-05
  13550   0.17173E-05
  13560   0.17130E-05
  13570   0.17070E-05
  13580   0.17018E-05
  13590   0.16974E-05
  13600   0.16923E-05
  13610   0.17097E-05
  13620   0.16876E-05
  13630   0.16703E-05
  13640   0.16891E-05
  13650   0.16827E-05
  13660   0.16792E-05
  13670   0.16612E-05
  13680   0.16628E-05
  13690   0.16625E-05
  13700   0.16513E-05
  13710   0.16540E-05
  13720   0.16494E-05
  13730   0.16436E-05
  13740   0.16343E-05
  13750   0.16350E-05
  13760   0.16387E-05
  13770   0.16344E-05
  13780   0.16425E-05
  13790   0.16401E-05
  13800   0.16340E-05
  13810   0.16230E-05
  13820   0.16238E-05
  13830   0.16339E-05
  13840   0.16334E-05
  13850   0.16327E-05
  13860   0.16231E-05
  13870   0.16223E-05
  13880   0.16142E-05
  13890   0.16136E-05
  13900   0.16145E-05
  13910   0.16134E-05
  13920   0.16001E-05
  13930   0.15865E-05
  13940   0.15892E-05
  13950   0.15930E-05
  13960   0.15815E-05
  13970   0.15964E-05
  13980   0.15891E-05
  13990   0.15794E-05
  14000   0.15879E-05
  14010   0.15815E-05
  14020   0.15817E-05
  14030   0.15818E-05
  14040   0.15785E-05
  14050   0.15650E-05
  14060   0.15674E-05
  14070   0.15642E-05
  14080   0.15684E-05
  14090   0.15639E-05
  14100   0.15521E-05
  14110   0.15502E-05
  14120   0.15384E-05
  14130   0.15377E-05
  14140   0.15461E-05
  14150   0.15471E-05
  14160   0.15558E-05
  14170   0.15528E-05
  14180   0.15617E-05
  14190   0.15521E-05
  14200   0.15456E-05
  14210   0.15504E-05
  14220   0.15361E-05
  14230   0.15294E-05
  14240   0.15168E-05
  14250   0.15176E-05
  14260   0.15215E-05
  14270   0.15234E-05
  14280   0.15243E-05
  14290   0.15070E-05
  14300   0.15012E-05
  14310   0.15103E-05
  14320   0.15039E-05
  14330   0.15002E-05
  14340   0.15032E-05
  14350   0.15121E-05
  14360   0.15119E-05
  14370   0.15089E-05
  14380   0.15013E-05
  14390   0.14879E-05
  14400   0.14930E-05
  14410   0.14937E-05
  14420   0.14960E-05
  14430   0.15045E-05
  14440   0.14885E-05
  14450   0.14950E-05
  14460   0.14851E-05
  14470   0.14743E-05
  14480   0.14779E-05
  14490   0.14576E-05
  14500   0.14595E-05
  14510   0.14686E-05
  14520   0.14507E-05
  14530   0.14664E-05
  14540   0.14596E-05
  14550   0.14470E-05
  14560   0.14383E-05
  14570   0.14384E-05
  14580   0.14440E-05
  14590   0.14426E-05
  14600   0.14417E-05
  14610   0.14248E-05
  14620   0.14295E-05
  14630   0.14432E-05
  14640   0.14469E-05
  14650   0.14273E-05
  14660   0.14331E-05
  14670   0.14311E-05
  14680   0.14211E-05
  14690   0.14219E-05
  14700   0.14170E-05
  14710   0.14301E-05
  14720   0.14183E-05
  14730   0.14051E-05
  14740   0.14065E-05
  14750   0.14115E-05
  14760   0.14131E-05
  14770   0.14107E-05
  14780   0.14028E-05
  14790   0.14197E-05
  14800   0.14042E-05
  14810   0.14030E-05
  14820   0.13898E-05
  14830   0.13730E-05
  14840   0.13755E-05
  14850   0.13778E-05
  14860   0.13814E-05
  14870   0.13724E-05
  14880   0.13711E-05
  14890   0.13674E-05
  14900   0.13644E-05
  14910   0.13664E-05
  14920   0.13685E-05
  14930   0.13548E-05
  14940   0.13581E-05
  14950   0.13440E-05
  14960   0.13412E-05
  14970   0.13219E-05
  14980   0.13252E-05
  14990   0.13246E-05
  15000   0.13164E-05
  15010   0.13167E-05
  15020   0.13246E-05
  15030   0.13185E-05
  15040   0.13111E-05
  15050   0.13077E-05
  15060   0.13208E-05
  15070   0.13189E-05
  15080   0.12959E-05
  15090   0.12891E-05
  15100   0.12928E-05
  15110   0.12959E-05
  15120   0.12927E-05
  15130   0.12831E-05
  15140   0.12794E-05
  15150   0.12774E-05
  15160   0.12696E-05
  15170   0.12582E-05
  15180   0.12494E-05
  15190   0.12582E-05
  15200   0.12581E-05
  15210   0.12499E-05
  15220   0.12519E-05
  15230   0.12572E-05
  15240   0.12622E-05
  15250   0.12537E-05
  15260   0.12639E-05
  15270   0.12443E-05
  15280   0.12405E-05
  15290   0.12408E-05
  15300   0.12291E-05
  15310   0.12296E-05
  15320   0.12144E-05
  15330   0.11906E-05
  15340   0.11987E-05
  15350   0.12041E-05
  15360   0.11981E-05
  15370   0.11914E-05
  15380   0.11872E-05
  15390   0.11797E-05
  15400   0.11887E-05
  15410   0.11837E-05
  15420   0.11677E-05
  15430   0.11732E-05
  15440   0.11932E-05
  15450   0.11945E-05
  15460   0.11955E-05
  15470   0.11887E-05
  15480   0.11701E-05
  15490   0.11777E-05
  15500   0.11572E-05
  15510   0.11703E-05
  15520   0.11733E-05
  15530   0.11660E-05
  15540   0.11642E-05
  15550   0.11736E-05
  15560   0.11533E-05
  15570   0.11455E-05
  15580   0.11506E-05
  15590   0.11538E-05
  15600   0.11349E-05
  15610   0.11484E-05
  15620   0.11373E-05
  15630   0.11405E-05
  15640   0.11311E-05
  15650   0.11227E-05
  15660   0.11336E-05
  15670   0.11255E-05
  15680   0.11099E-05
  15690   0.11095E-05
  15700   0.11128E-05
  15710   0.10900E-05
  15720   0.10955E-05
  15730   0.10891E-05
  15740   0.10911E-05
  15750   0.10798E-05
  15760   0.10781E-05
  15770   0.10794E-05
  15780   0.10821E-05
  15790   0.10745E-05
  15800   0.10753E-05
  15810   0.10787E-05
  15820   0.10736E-05
  15830   0.10718E-05
  15840   0.10662E-05
  15850   0.10499E-05
  15860   0.10442E-05
  15870   0.10302E-05
  15880   0.10278E-05
  15890   0.10344E-05
  15900   0.10352E-05
  15910   0.10360E-05
  15920   0.10434E-05
  15930   0.10455E-05
  15940   0.10400E-05
  15950   0.10398E-05
  15960   0.10248E-05
  15970   0.10189E-05
  15980   0.10064E-05
  15990   0.10068E-05
  16000   0.99933E-06
  16010   0.98917E-06
  16020   0.97130E-06
  16030   0.97157E-06
  16040   0.96150E-06
  16050   0.95213E-06
  16060   0.94394E-06
  16070   0.93571E-06
  16080   0.91512E-06
  16090   0.92347E-06
  16100   0.92929E-06
  16110   0.92080E-06
  16120   0.91203E-06
  16130   0.91224E-06
  16140   0.91530E-06
  16150   0.90729E-06
  16160   0.90154E-06
  16170   0.91199E-06
  16180   0.91231E-06
  16190   0.90523E-06
  16200   0.90381E-06
  16210   0.92285E-06
  16220   0.92260E-06
  16230   0.89120E-06
  16240   0.89872E-06
  16250   0.89449E-06
  16260   0.88016E-06
  16270   0.87282E-06
  16280   0.88445E-06
  16290   0.88651E-06
  16300   0.89967E-06
  16310   0.88416E-06
  16320   0.87625E-06
  16330   0.88242E-06
  16340   0.87764E-06
  16350   0.85536E-06
  16360   0.82939E-06
  16370   0.81620E-06
  16380   0.80824E-06
  16390   0.81274E-06
  16400   0.81334E-06
  16410   0.80183E-06
  16420   0.81246E-06
  16430   0.80403E-06
  16440   0.79955E-06
  16450   0.78716E-06
  16460   0.79268E-06
  16470   0.76879E-06
  16480   0.76005E-06
  16490   0.74390E-06
  16500   0.74896E-06
  16510   0.73545E-06
  16520   0.73272E-06
  16530   0.72255E-06
  16540   0.72266E-06
  16550   0.73076E-06
  16560   0.72404E-06
  16570   0.70989E-06
  16580   0.70065E-06
  16590   0.70571E-06
  16600   0.71006E-06
  16610   0.70973E-06
  16620   0.69981E-06
  16630   0.69944E-06
  16640   0.68976E-06
  16650   0.67686E-06
  16660   0.68379E-06
  16670   0.67766E-06
  16680   0.68224E-06
  16690   0.67962E-06
  16700   0.67044E-06
  16710   0.66627E-06
  16720   0.65614E-06
  16730   0.64659E-06
  16740   0.64499E-06
  16750   0.65577E-06
  16760   0.64860E-06
  16770   0.65082E-06
  16780   0.64414E-06
  16790   0.63251E-06
  16800   0.62765E-06
  16810   0.62693E-06
  16820   0.62514E-06
  16830   0.61710E-06
  16840   0.61404E-06
  16850   0.60060E-06
  16860   0.59994E-06
  16870   0.58882E-06
  16880   0.59184E-06
  16890   0.60612E-06
  16900   0.58853E-06
  16910   0.57843E-06
  16920   0.57617E-06
  16930   0.58858E-06
  16940   0.58429E-06
  16950   0.57249E-06
  16960   0.57899E-06
  16970   0.55197E-06
  16980   0.56121E-06
  16990   0.55955E-06
  17000   0.55863E-06
  17010   0.56555E-06
  17020   0.55088E-06
  17030   0.54488E-06
  17040   0.55754E-06
  17050   0.54060E-06
  17060   0.53165E-06
  17070   0.53211E-06
  17080   0.52971E-06
  17090   0.54445E-06
  17100   0.54143E-06
  17110   0.53464E-06
  17120   0.53621E-06
  17130   0.53117E-06
  17140   0.51346E-06
  17150   0.50792E-06
  17160   0.49966E-06
  17170   0.49371E-06
  17180   0.49003E-06
  17190   0.47978E-06
  17200   0.49288E-06
  17210   0.50678E-06
  17220   0.49831E-06
  17230   0.48738E-06
  17240   0.49445E-06
  17250   0.48036E-06
  17260   0.46673E-06
  17270   0.47234E-06
  17280   0.47102E-06
  17290   0.46243E-06
  17300   0.45364E-06
  17310   0.46768E-06
  17320   0.46489E-06
  17330   0.45781E-06
  17340   0.45589E-06
  17350   0.45996E-06
  17360   0.45589E-06
  17370   0.44934E-06
  17380   0.44895E-06
  17390   0.44767E-06
  17400   0.44897E-06
  17410   0.47931E-06
  17420   0.45347E-06
  17430   0.46359E-06
  17440   0.44727E-06
  17450   0.44461E-06
  17460   0.43679E-06
  17470   0.44262E-06
  17480   0.43192E-06
  17490   0.43790E-06
  17500   0.44011E-06
  17510   0.44895E-06
  17520   0.42785E-06
  17530   0.42754E-06
  17540   0.42955E-06
  17550   0.42501E-06
  17560   0.40966E-06
  17570   0.42148E-06
  17580   0.42394E-06
  17590   0.41800E-06
  17600   0.42848E-06
  17610   0.45397E-06
  17620   0.43062E-06
  17630   0.42754E-06
  17640   0.43611E-06
  17650   0.43335E-06
  17660   0.44583E-06
  17670   0.43390E-06
  17680   0.42853E-06
  17690   0.42959E-06
  17700   0.44407E-06
  17710   0.45475E-06
  17720   0.44994E-06
  17730   0.42945E-06
  17740   0.43378E-06
  17750   0.43891E-06
  17760   0.43907E-06
  17770   0.44488E-06
  17780   0.43605E-06
  17790   0.42120E-06
  17800   0.42876E-06
  17810   0.44561E-06
  17820   0.43214E-06
  17830   0.43057E-06
  17840   0.43885E-06
  17850   0.44660E-06
  17860   0.44335E-06
  17870   0.44016E-06
  17880   0.43637E-06
  17890   0.43814E-06
  17900   0.43882E-06
  17910   0.44663E-06
  17920   0.45017E-06
  17930   0.45520E-06
  17940   0.44248E-06
  17950   0.43442E-06
  17960   0.43336E-06
  17970   0.43575E-06
  17980   0.43384E-06
  17990   0.42950E-06
  18000   0.43132E-06
  18010   0.43739E-06
  18020   0.43569E-06
  18030   0.43902E-06
  18040   0.43758E-06
  18050   0.44390E-06
  18060   0.43613E-06
  18070   0.43725E-06
  18080   0.44334E-06
  18090   0.44230E-06
  18100   0.45000E-06
  18110   0.47559E-06
  18120   0.46472E-06
  18130   0.47454E-06
  18140   0.45854E-06
  18150   0.45773E-06
  18160   0.47038E-06
  18170   0.46373E-06
  18180   0.46283E-06
  18190   0.46161E-06
  18200   0.46931E-06
  18210   0.50231E-06
  18220   0.51019E-06
  18230   0.49956E-06
  18240   0.49804E-06
  18250   0.47778E-06
  18260   0.48839E-06
  18270   0.49270E-06
  18280   0.50404E-06
  18290   0.49792E-06
  18300   0.49786E-06
  18310   0.52878E-06
  18320   0.51085E-06
  18330   0.51995E-06
  18340   0.50710E-06
  18350   0.51082E-06
  18360   0.51094E-06
  18370   0.50331E-06
  18380   0.50160E-06
  18390   0.51875E-06
  18400   0.51410E-06
  18410   0.54132E-06
  18420   0.53542E-06
  18430   0.53713E-06
  18440   0.53356E-06
  18450   0.52930E-06
  18460   0.53057E-06
  18470   0.53069E-06
  18480   0.53939E-06
  18490   0.53205E-06
  18500   0.53967E-06
  18510   0.55482E-06
  18520   0.54356E-06
  18530   0.55288E-06
  18540   0.55421E-06
  18550   0.55146E-06
  18560   0.56226E-06
  18570   0.56269E-06
  18580   0.55769E-06
  18590   0.56936E-06
  18600   0.57290E-06
  18610   0.57240E-06
  18620   0.57739E-06
  18630   0.58477E-06
  18640   0.58566E-06
  18650   0.58582E-06
  18660   0.57364E-06
  18670   0.58095E-06
  18680   0.58838E-06
  18690   0.58321E-06
  18700   0.58890E-06
  18710   0.61076E-06
  18720   0.59111E-06
  18730   0.60901E-06
  18740   0.59604E-06
  18750   0.59129E-06
  18760   0.59548E-06
  18770   0.60254E-06
  18780   0.60082E-06
  18790   0.60002E-06
  18800   0.58655E-06
  18810   0.62363E-06
  18820   0.63383E-06
  18830   0.62067E-06
  18840   0.61572E-06
  18850   0.62148E-06
  18860   0.61651E-06
  18870   0.61230E-06
  18880   0.62326E-06
  18890   0.61898E-06
  18900   0.61052E-06
  18910   0.63692E-06
  18920   0.64648E-06
  18930   0.64655E-06
  18940   0.63690E-06
  18950   0.64127E-06
  18960   0.63141E-06
  18970   0.63946E-06
  18980   0.64708E-06
  18990   0.64442E-06
  19000   0.64411E-06
  19010   0.63425E-06
  19020   0.63431E-06
  19030   0.64482E-06
  19040   0.64650E-06
  19050   0.65002E-06
  19060   0.64687E-06
  19070   0.65852E-06
  19080   0.65210E-06
  19090   0.65687E-06
  19100   0.65938E-06
  19110   0.67090E-06
  19120   0.66298E-06
  19130   0.66634E-06
  19140   0.67833E-06
  19150   0.68482E-06
  19160   0.69410E-06
  19170   0.70695E-06
  19180   0.70364E-06
  19190   0.71892E-06
  19200   0.72292E-06
  19210   0.73409E-06
  19220   0.70694E-06
  19230   0.71437E-06
  19240   0.71514E-06
  19250   0.70738E-06
  19260   0.72287E-06
  19270   0.71972E-06
  19280   0.71899E-06
  19290   0.73660E-06
  19300   0.73331E-06
  19310   0.75111E-06
  19320   0.73694E-06
  19330   0.73993E-06
  19340   0.73203E-06
  19350   0.74479E-06
  19360   0.74134E-06
  19370   0.75210E-06
  19380   0.73440E-06
  19390   0.75036E-06
  19400   0.75999E-06
  19410   0.76666E-06
  19420   0.76481E-06
  19430   0.77397E-06
  19440   0.77324E-06
  19450   0.76913E-06
  19460   0.76618E-06
  19470   0.77374E-06
  19480   0.78365E-06
  19490   0.75822E-06
  19500   0.77484E-06
  19510   0.78475E-06
  19520   0.78447E-06
  19530   0.78016E-06
  19540   0.78012E-06
  19550   0.77811E-06
  19560   0.77533E-06
  19570   0.77537E-06
  19580   0.80019E-06
  19590   0.80359E-06
  19600   0.80574E-06
  19610   0.81421E-06
  19620   0.80683E-06
  19630   0.81363E-06
  19640   0.81854E-06
  19650   0.81795E-06
  19660   0.80346E-06
  19670   0.80642E-06
  19680   0.80598E-06
  19690   0.82396E-06
  19700   0.81895E-06
  19710   0.83818E-06
  19720   0.82936E-06
  19730   0.82512E-06
  19740   0.83560E-06
  19750   0.83599E-06
  19760   0.83959E-06
  19770   0.83305E-06
  19780   0.84641E-06
  19790   0.83950E-06
  19800   0.84776E-06
  19810   0.86618E-06
  19820   0.85215E-06
  19830   0.84350E-06
  19840   0.84401E-06
  19850   0.86172E-06
  19860   0.85584E-06
  19870   0.86153E-06
  19880   0.85511E-06
  19890   0.86429E-06
  19900   0.86939E-06
  19910   0.88583E-06
  19920   0.88170E-06
  19930   0.87058E-06
  19940   0.87316E-06
  19950   0.88321E-06
  19960   0.87788E-06
  19970   0.88648E-06
  19980   0.90409E-06
  19990   0.90566E-06
  20000   0.91134E-06
