     10   0.10715E-02
     20   0.91001E-03
     30   0.80315E-03
     40   0.72707E-03
     50   0.66943E-03
     60   0.62320E-03
     70   0.58430E-03
     80   0.55054E-03
     90   0.52056E-03
    100   0.49348E-03
    110   0.46912E-03
    120   0.44649E-03
    130   0.42541E-03
    140   0.40556E-03
    150   0.38686E-03
    160   0.36921E-03
    170   0.35252E-03
    180   0.33675E-03
    190   0.32181E-03
    200   0.30766E-03
    210   0.29420E-03
    220   0.28150E-03
    230   0.26950E-03
    240   0.25818E-03
    250   0.24752E-03
    260   0.23751E-03
    270   0.22806E-03
    280   0.21919E-03
    290   0.21086E-03
    300   0.20305E-03
    310   0.19566E-03
    320   0.18875E-03
    330   0.18227E-03
    340   0.17624E-03
    350   0.17066E-03
    360   0.16554E-03
    370   0.16089E-03
    380   0.15670E-03
    390   0.15300E-03
    400   0.14970E-03
    410   0.14674E-03
    420   0.14415E-03
    430   0.14184E-03
    440   0.13974E-03
    450   0.13779E-03
    460   0.13592E-03
    470   0.13405E-03
    480   0.13217E-03
    490   0.13022E-03
    500   0.12822E-03
    510   0.12609E-03
    520   0.12393E-03
    530   0.12173E-03
    540   0.11956E-03
    550   0.11745E-03
    560   0.11546E-03
    570   0.11362E-03
    580   0.11199E-03
    590   0.11058E-03
    600   0.10944E-03
    610   0.10857E-03
    620   0.10798E-03
    630   0.10767E-03
    640   0.10762E-03
    650   0.10780E-03
    660   0.10818E-03
    670   0.10874E-03
    680   0.10944E-03
    690   0.11023E-03
    700   0.11110E-03
    710   0.11198E-03
    720   0.11287E-03
    730   0.11373E-03
    740   0.11451E-03
    750   0.11521E-03
    760   0.11581E-03
    770   0.11628E-03
    780   0.11660E-03
    790   0.11678E-03
    800   0.11681E-03
    810   0.11668E-03
    820   0.11639E-03
    830   0.11596E-03
    840   0.11538E-03
    850   0.11465E-03
    860   0.11381E-03
    870   0.11284E-03
    880   0.11177E-03
    890   0.11061E-03
    900   0.10936E-03
    910   0.10805E-03
    920   0.10669E-03
    930   0.10531E-03
    940   0.10391E-03
    950   0.10253E-03
    960   0.10116E-03
    970   0.99844E-04
    980   0.98616E-04
    990   0.97473E-04
   1000   0.96456E-04
   1010   0.95566E-04
   1020   0.94854E-04
   1030   0.94288E-04
   1040   0.93896E-04
   1050   0.93685E-04
   1060   0.93654E-04
   1070   0.93785E-04
   1080   0.94088E-04
   1090   0.94521E-04
   1100   0.95078E-04
   1110   0.95763E-04
   1120   0.96526E-04
   1130   0.97333E-04
   1140   0.98210E-04
   1150   0.99093E-04
   1160   0.99983E-04
   1170   0.10086E-03
   1180   0.10169E-03
   1190   0.10250E-03
   1200   0.10323E-03
   1210   0.10392E-03
   1220   0.10453E-03
   1230   0.10508E-03
   1240   0.10553E-03
   1250   0.10592E-03
   1260   0.10624E-03
   1270   0.10649E-03
   1280   0.10671E-03
   1290   0.10686E-03
   1300   0.10698E-03
   1310   0.10706E-03
   1320   0.10714E-03
   1330   0.10722E-03
   1340   0.10729E-03
   1350   0.10738E-03
   1360   0.10750E-03
   1370   0.10765E-03
   1380   0.10784E-03
   1390   0.10809E-03
   1400   0.10835E-03
   1410   0.10868E-03
   1420   0.10906E-03
   1430   0.10947E-03
   1440   0.10992E-03
   1450   0.11039E-03
   1460   0.11088E-03
   1470   0.11136E-03
   1480   0.11185E-03
   1490   0.11232E-03
   1500   0.11277E-03
   1510   0.11316E-03
   1520   0.11352E-03
   1530   0.11381E-03
   1540   0.11404E-03
   1550   0.11421E-03
   1560   0.11430E-03
   1570   0.11431E-03
   1580   0.11423E-03
   1590   0.11409E-03
   1600   0.11386E-03
   1610   0.11356E-03
   1620   0.11320E-03
   1630   0.11278E-03
   1640   0.11231E-03
   1650   0.11181E-03
   1660   0.11127E-03
   1670   0.11071E-03
   1680   0.11016E-03
   1690   0.10961E-03
   1700   0.10909E-03
   1710   0.10860E-03
   1720   0.10817E-03
   1730   0.10779E-03
   1740   0.10750E-03
   1750   0.10728E-03
   1760   0.10716E-03
   1770   0.10716E-03
   1780   0.10728E-03
   1790   0.10750E-03
   1800   0.10785E-03
   1810   0.10834E-03
   1820   0.10894E-03
   1830   0.10965E-03
   1840   0.11051E-03
   1850   0.11147E-03
   1860   0.11253E-03
   1870   0.11368E-03
   1880   0.11494E-03
   1890   0.11625E-03
   1900   0.11766E-03
   1910   0.11911E-03
   1920   0.12059E-03
   1930   0.12213E-03
   1940   0.12367E-03
   1950   0.12521E-03
   1960   0.12678E-03
   1970   0.12834E-03
   1980   0.12986E-03
   1990   0.13137E-03
   2000   0.13286E-03
   2010   0.13430E-03
   2020   0.13569E-03
   2030   0.13704E-03
   2040   0.13833E-03
   2050   0.13956E-03
   2060   0.14073E-03
   2070   0.14184E-03
   2080   0.14289E-03
   2090   0.14387E-03
   2100   0.14478E-03
   2110   0.14562E-03
   2120   0.14640E-03
   2130   0.14713E-03
   2140   0.14778E-03
   2150   0.14835E-03
   2160   0.14887E-03
   2170   0.14932E-03
   2180   0.14973E-03
   2190   0.15005E-03
   2200   0.15034E-03
   2210   0.15054E-03
   2220   0.15073E-03
   2230   0.15083E-03
   2240   0.15088E-03
   2250   0.15089E-03
   2260   0.15084E-03
   2270   0.15075E-03
   2280   0.15061E-03
   2290   0.15041E-03
   2300   0.15017E-03
   2310   0.14990E-03
   2320   0.14958E-03
   2330   0.14920E-03
   2340   0.14881E-03
   2350   0.14834E-03
   2360   0.14786E-03
   2370   0.14735E-03
   2380   0.14678E-03
   2390   0.14618E-03
   2400   0.14556E-03
   2410   0.14490E-03
   2420   0.14419E-03
   2430   0.14346E-03
   2440   0.14270E-03
   2450   0.14193E-03
   2460   0.14111E-03
   2470   0.14028E-03
   2480   0.13942E-03
   2490   0.13853E-03
   2500   0.13763E-03
   2510   0.13670E-03
   2520   0.13577E-03
   2530   0.13480E-03
   2540   0.13383E-03
   2550   0.13283E-03
   2560   0.13181E-03
   2570   0.13078E-03
   2580   0.12973E-03
   2590   0.12864E-03
   2600   0.12757E-03
   2610   0.12647E-03
   2620   0.12536E-03
   2630   0.12421E-03
   2640   0.12307E-03
   2650   0.12191E-03
   2660   0.12073E-03
   2670   0.11955E-03
   2680   0.11836E-03
   2690   0.11713E-03
   2700   0.11592E-03
   2710   0.11471E-03
   2720   0.11346E-03
   2730   0.11221E-03
   2740   0.11096E-03
   2750   0.10972E-03
   2760   0.10846E-03
   2770   0.10722E-03
   2780   0.10598E-03
   2790   0.10473E-03
   2800   0.10351E-03
   2810   0.10229E-03
   2820   0.10107E-03
   2830   0.99875E-04
   2840   0.98709E-04
   2850   0.97549E-04
   2860   0.96411E-04
   2870   0.95284E-04
   2880   0.94192E-04
   2890   0.93093E-04
   2900   0.92049E-04
   2910   0.91022E-04
   2920   0.90020E-04
   2930   0.89021E-04
   2940   0.88067E-04
   2950   0.87119E-04
   2960   0.86218E-04
   2970   0.85343E-04
   2980   0.84475E-04
   2990   0.83639E-04
   3000   0.82826E-04
   3010   0.82036E-04
   3020   0.81265E-04
   3030   0.80523E-04
   3040   0.79796E-04
   3050   0.79096E-04
   3060   0.78394E-04
   3070   0.77737E-04
   3080   0.77077E-04
   3090   0.76448E-04
   3100   0.75818E-04
   3110   0.75212E-04
   3120   0.74629E-04
   3130   0.74063E-04
   3140   0.73492E-04
   3150   0.72944E-04
   3160   0.72402E-04
   3170   0.71882E-04
   3180   0.71375E-04
   3190   0.70882E-04
   3200   0.70385E-04
   3210   0.69918E-04
   3220   0.69460E-04
   3230   0.68983E-04
   3240   0.68557E-04
   3250   0.68136E-04
   3260   0.67716E-04
   3270   0.67285E-04
   3280   0.66909E-04
   3290   0.66514E-04
   3300   0.66123E-04
   3310   0.65772E-04
   3320   0.65405E-04
   3330   0.65071E-04
   3340   0.64735E-04
   3350   0.64398E-04
   3360   0.64082E-04
   3370   0.63795E-04
   3380   0.63482E-04
   3390   0.63186E-04
   3400   0.62914E-04
   3410   0.62653E-04
   3420   0.62385E-04
   3430   0.62126E-04
   3440   0.61890E-04
   3450   0.61641E-04
   3460   0.61440E-04
   3470   0.61205E-04
   3480   0.60993E-04
   3490   0.60778E-04
   3500   0.60571E-04
   3510   0.60381E-04
   3520   0.60210E-04
   3530   0.60027E-04
   3540   0.59851E-04
   3550   0.59675E-04
   3560   0.59534E-04
   3570   0.59374E-04
   3580   0.59221E-04
   3590   0.59084E-04
   3600   0.58945E-04
   3610   0.58815E-04
   3620   0.58672E-04
   3630   0.58549E-04
   3640   0.58438E-04
   3650   0.58336E-04
   3660   0.58221E-04
   3670   0.58119E-04
   3680   0.58034E-04
   3690   0.57925E-04
   3700   0.57844E-04
   3710   0.57753E-04
   3720   0.57690E-04
   3730   0.57613E-04
   3740   0.57540E-04
   3750   0.57481E-04
   3760   0.57438E-04
   3770   0.57372E-04
   3780   0.57334E-04
   3790   0.57290E-04
   3800   0.57263E-04
   3810   0.57224E-04
   3820   0.57192E-04
   3830   0.57165E-04
   3840   0.57165E-04
   3850   0.57148E-04
   3860   0.57147E-04
   3870   0.57139E-04
   3880   0.57152E-04
   3890   0.57163E-04
   3900   0.57180E-04
   3910   0.57205E-04
   3920   0.57222E-04
   3930   0.57260E-04
   3940   0.57279E-04
   3950   0.57337E-04
   3960   0.57374E-04
   3970   0.57421E-04
   3980   0.57459E-04
   3990   0.57525E-04
   4000   0.57595E-04
   4010   0.57646E-04
   4020   0.57721E-04
   4030   0.57790E-04
   4040   0.57867E-04
   4050   0.57958E-04
   4060   0.58025E-04
   4070   0.58114E-04
   4080   0.58206E-04
   4090   0.58285E-04
   4100   0.58378E-04
   4110   0.58490E-04
   4120   0.58576E-04
   4130   0.58671E-04
   4140   0.58766E-04
   4150   0.58872E-04
   4160   0.58958E-04
   4170   0.59046E-04
   4180   0.59155E-04
   4190   0.59242E-04
   4200   0.59348E-04
   4210   0.59452E-04
   4220   0.59537E-04
   4230   0.59639E-04
   4240   0.59723E-04
   4250   0.59818E-04
   4260   0.59915E-04
   4270   0.59992E-04
   4280   0.60089E-04
   4290   0.60178E-04
   4300   0.60249E-04
   4310   0.60334E-04
   4320   0.60401E-04
   4330   0.60473E-04
   4340   0.60541E-04
   4350   0.60599E-04
   4360   0.60666E-04
   4370   0.60716E-04
   4380   0.60772E-04
   4390   0.60804E-04
   4400   0.60864E-04
   4410   0.60897E-04
   4420   0.60932E-04
   4430   0.60948E-04
   4440   0.60974E-04
   4450   0.60985E-04
   4460   0.61000E-04
   4470   0.61003E-04
   4480   0.60996E-04
   4490   0.60992E-04
   4500   0.61000E-04
   4510   0.60974E-04
   4520   0.60955E-04
   4530   0.60921E-04
   4540   0.60881E-04
   4550   0.60846E-04
   4560   0.60807E-04
   4570   0.60754E-04
   4580   0.60715E-04
   4590   0.60642E-04
   4600   0.60583E-04
   4610   0.60524E-04
   4620   0.60443E-04
   4630   0.60358E-04
   4640   0.60277E-04
   4650   0.60198E-04
   4660   0.60107E-04
   4670   0.60015E-04
   4680   0.59926E-04
   4690   0.59822E-04
   4700   0.59730E-04
   4710   0.59621E-04
   4720   0.59517E-04
   4730   0.59398E-04
   4740   0.59300E-04
   4750   0.59194E-04
   4760   0.59070E-04
   4770   0.58958E-04
   4780   0.58826E-04
   4790   0.58723E-04
   4800   0.58610E-04
   4810   0.58499E-04
   4820   0.58386E-04
   4830   0.58269E-04
   4840   0.58159E-04
   4850   0.58037E-04
   4860   0.57915E-04
   4870   0.57811E-04
   4880   0.57706E-04
   4890   0.57595E-04
   4900   0.57499E-04
   4910   0.57393E-04
   4920   0.57288E-04
   4930   0.57204E-04
   4940   0.57103E-04
   4950   0.56988E-04
   4960   0.56905E-04
   4970   0.56818E-04
   4980   0.56728E-04
   4990   0.56656E-04
   5000   0.56564E-04
   5010   0.56490E-04
   5020   0.56429E-04
   5030   0.56348E-04
   5040   0.56279E-04
   5050   0.56223E-04
   5060   0.56155E-04
   5070   0.56099E-04
   5080   0.56055E-04
   5090   0.56000E-04
   5100   0.55962E-04
   5110   0.55915E-04
   5120   0.55878E-04
   5130   0.55835E-04
   5140   0.55808E-04
   5150   0.55779E-04
   5160   0.55744E-04
   5170   0.55717E-04
   5180   0.55700E-04
   5190   0.55676E-04
   5200   0.55656E-04
   5210   0.55637E-04
   5220   0.55631E-04
   5230   0.55628E-04
   5240   0.55616E-04
   5250   0.55627E-04
   5260   0.55614E-04
   5270   0.55611E-04
   5280   0.55603E-04
   5290   0.55613E-04
   5300   0.55612E-04
   5310   0.55625E-04
   5320   0.55618E-04
   5330   0.55626E-04
   5340   0.55637E-04
   5350   0.55657E-04
   5360   0.55660E-04
   5370   0.55670E-04
   5380   0.55666E-04
   5390   0.55688E-04
   5400   0.55708E-04
   5410   0.55715E-04
   5420   0.55732E-04
   5430   0.55737E-04
   5440   0.55749E-04
   5450   0.55763E-04
   5460   0.55782E-04
   5470   0.55788E-04
   5480   0.55791E-04
   5490   0.55809E-04
   5500   0.55816E-04
   5510   0.55825E-04
   5520   0.55841E-04
   5530   0.55849E-04
   5540   0.55860E-04
   5550   0.55857E-04
   5560   0.55857E-04
   5570   0.55861E-04
   5580   0.55859E-04
   5590   0.55874E-04
   5600   0.55878E-04
   5610   0.55875E-04
   5620   0.55865E-04
   5630   0.55865E-04
   5640   0.55858E-04
   5650   0.55864E-04
   5660   0.55851E-04
   5670   0.55852E-04
   5680   0.55845E-04
   5690   0.55831E-04
   5700   0.55824E-04
   5710   0.55814E-04
   5720   0.55803E-04
   5730   0.55785E-04
   5740   0.55766E-04
   5750   0.55762E-04
   5760   0.55746E-04
   5770   0.55705E-04
   5780   0.55696E-04
   5790   0.55667E-04
   5800   0.55654E-04
   5810   0.55631E-04
   5820   0.55592E-04
   5830   0.55556E-04
   5840   0.55526E-04
   5850   0.55505E-04
   5860   0.55458E-04
   5870   0.55430E-04
   5880   0.55384E-04
   5890   0.55346E-04
   5900   0.55296E-04
   5910   0.55268E-04
   5920   0.55219E-04
   5930   0.55166E-04
   5940   0.55120E-04
   5950   0.55054E-04
   5960   0.55004E-04
   5970   0.54930E-04
   5980   0.54871E-04
   5990   0.54811E-04
   6000   0.54756E-04
   6010   0.54665E-04
   6020   0.54592E-04
   6030   0.54528E-04
   6040   0.54447E-04
   6050   0.54365E-04
   6060   0.54276E-04
   6070   0.54196E-04
   6080   0.54090E-04
   6090   0.54005E-04
   6100   0.53900E-04
   6110   0.53816E-04
   6120   0.53713E-04
   6130   0.53597E-04
   6140   0.53492E-04
   6150   0.53388E-04
   6160   0.53267E-04
   6170   0.53165E-04
   6180   0.53049E-04
   6190   0.52922E-04
   6200   0.52790E-04
   6210   0.52688E-04
   6220   0.52543E-04
   6230   0.52427E-04
   6240   0.52293E-04
   6250   0.52168E-04
   6260   0.52029E-04
   6270   0.51907E-04
   6280   0.51778E-04
   6290   0.51654E-04
   6300   0.51517E-04
   6310   0.51375E-04
   6320   0.51254E-04
   6330   0.51123E-04
   6340   0.50981E-04
   6350   0.50842E-04
   6360   0.50713E-04
   6370   0.50598E-04
   6380   0.50474E-04
   6390   0.50350E-04
   6400   0.50225E-04
   6410   0.50104E-04
   6420   0.49977E-04
   6430   0.49855E-04
   6440   0.49735E-04
   6450   0.49626E-04
   6460   0.49510E-04
   6470   0.49414E-04
   6480   0.49297E-04
   6490   0.49187E-04
   6500   0.49089E-04
   6510   0.48990E-04
   6520   0.48895E-04
   6530   0.48784E-04
   6540   0.48694E-04
   6550   0.48597E-04
   6560   0.48499E-04
   6570   0.48424E-04
   6580   0.48335E-04
   6590   0.48258E-04
   6600   0.48165E-04
   6610   0.48093E-04
   6620   0.48016E-04
   6630   0.47923E-04
   6640   0.47858E-04
   6650   0.47801E-04
   6660   0.47699E-04
   6670   0.47651E-04
   6680   0.47583E-04
   6690   0.47522E-04
   6700   0.47459E-04
   6710   0.47383E-04
   6720   0.47316E-04
   6730   0.47259E-04
   6740   0.47199E-04
   6750   0.47131E-04
   6760   0.47059E-04
   6770   0.47012E-04
   6780   0.46945E-04
   6790   0.46909E-04
   6800   0.46846E-04
   6810   0.46786E-04
   6820   0.46726E-04
   6830   0.46674E-04
   6840   0.46626E-04
   6850   0.46571E-04
   6860   0.46525E-04
   6870   0.46470E-04
   6880   0.46423E-04
   6890   0.46371E-04
   6900   0.46336E-04
   6910   0.46281E-04
   6920   0.46234E-04
   6930   0.46190E-04
   6940   0.46145E-04
   6950   0.46097E-04
   6960   0.46046E-04
   6970   0.46002E-04
   6980   0.45960E-04
   6990   0.45911E-04
   7000   0.45876E-04
   7010   0.45831E-04
   7020   0.45795E-04
   7030   0.45733E-04
   7040   0.45696E-04
   7050   0.45656E-04
   7060   0.45612E-04
   7070   0.45574E-04
   7080   0.45530E-04
   7090   0.45492E-04
   7100   0.45439E-04
   7110   0.45404E-04
   7120   0.45350E-04
   7130   0.45321E-04
   7140   0.45285E-04
   7150   0.45236E-04
   7160   0.45192E-04
   7170   0.45159E-04
   7180   0.45104E-04
   7190   0.45073E-04
   7200   0.45027E-04
   7210   0.44980E-04
   7220   0.44921E-04
   7230   0.44892E-04
   7240   0.44840E-04
   7250   0.44797E-04
   7260   0.44744E-04
   7270   0.44717E-04
   7280   0.44662E-04
   7290   0.44609E-04
   7300   0.44578E-04
   7310   0.44514E-04
   7320   0.44483E-04
   7330   0.44424E-04
   7340   0.44377E-04
   7350   0.44328E-04
   7360   0.44265E-04
   7370   0.44226E-04
   7380   0.44177E-04
   7390   0.44119E-04
   7400   0.44072E-04
   7410   0.44016E-04
   7420   0.43957E-04
   7430   0.43899E-04
   7440   0.43845E-04
   7450   0.43789E-04
   7460   0.43743E-04
   7470   0.43685E-04
   7480   0.43629E-04
   7490   0.43558E-04
   7500   0.43503E-04
   7510   0.43442E-04
   7520   0.43396E-04
   7530   0.43316E-04
   7540   0.43273E-04
   7550   0.43202E-04
   7560   0.43141E-04
   7570   0.43067E-04
   7580   0.43007E-04
   7590   0.42938E-04
   7600   0.42878E-04
   7610   0.42802E-04
   7620   0.42754E-04
   7630   0.42682E-04
   7640   0.42624E-04
   7650   0.42539E-04
   7660   0.42467E-04
   7670   0.42405E-04
   7680   0.42335E-04
   7690   0.42266E-04
   7700   0.42202E-04
   7710   0.42123E-04
   7720   0.42045E-04
   7730   0.41983E-04
   7740   0.41909E-04
   7750   0.41835E-04
   7760   0.41760E-04
   7770   0.41688E-04
   7780   0.41609E-04
   7790   0.41539E-04
   7800   0.41460E-04
   7810   0.41386E-04
   7820   0.41308E-04
   7830   0.41228E-04
   7840   0.41154E-04
   7850   0.41088E-04
   7860   0.41006E-04
   7870   0.40918E-04
   7880   0.40841E-04
   7890   0.40764E-04
   7900   0.40684E-04
   7910   0.40610E-04
   7920   0.40517E-04
   7930   0.40443E-04
   7940   0.40352E-04
   7950   0.40293E-04
   7960   0.40213E-04
   7970   0.40130E-04
   7980   0.40041E-04
   7990   0.39967E-04
   8000   0.39880E-04
   8010   0.39802E-04
   8020   0.39725E-04
   8030   0.39620E-04
   8040   0.39549E-04
   8050   0.39460E-04
   8060   0.39381E-04
   8070   0.39291E-04
   8080   0.39217E-04
   8090   0.39119E-04
   8100   0.39034E-04
   8110   0.38945E-04
   8120   0.38874E-04
   8130   0.38797E-04
   8140   0.38693E-04
   8150   0.38615E-04
   8160   0.38520E-04
   8170   0.38432E-04
   8180   0.38343E-04
   8190   0.38265E-04
   8200   0.38183E-04
   8210   0.38098E-04
   8220   0.38000E-04
   8230   0.37927E-04
   8240   0.37836E-04
   8250   0.37745E-04
   8260   0.37638E-04
   8270   0.37555E-04
   8280   0.37468E-04
   8290   0.37377E-04
   8300   0.37289E-04
   8310   0.37218E-04
   8320   0.37115E-04
   8330   0.37019E-04
   8340   0.36937E-04
   8350   0.36842E-04
   8360   0.36759E-04
   8370   0.36659E-04
   8380   0.36568E-04
   8390   0.36465E-04
   8400   0.36382E-04
   8410   0.36298E-04
   8420   0.36210E-04
   8430   0.36115E-04
   8440   0.36004E-04
   8450   0.35928E-04
   8460   0.35821E-04
   8470   0.35735E-04
   8480   0.35640E-04
   8490   0.35539E-04
   8500   0.35451E-04
   8510   0.35352E-04
   8520   0.35251E-04
   8530   0.35162E-04
   8540   0.35076E-04
   8550   0.34984E-04
   8560   0.34875E-04
   8570   0.34774E-04
   8580   0.34674E-04
   8590   0.34583E-04
   8600   0.34499E-04
   8610   0.34387E-04
   8620   0.34303E-04
   8630   0.34214E-04
   8640   0.34096E-04
   8650   0.33993E-04
   8660   0.33891E-04
   8670   0.33795E-04
   8680   0.33696E-04
   8690   0.33619E-04
   8700   0.33487E-04
   8710   0.33397E-04
   8720   0.33294E-04
   8730   0.33200E-04
   8740   0.33111E-04
   8750   0.32984E-04
   8760   0.32908E-04
   8770   0.32807E-04
   8780   0.32684E-04
   8790   0.32592E-04
   8800   0.32498E-04
   8810   0.32390E-04
   8820   0.32287E-04
   8830   0.32188E-04
   8840   0.32084E-04
   8850   0.31976E-04
   8860   0.31884E-04
   8870   0.31779E-04
   8880   0.31680E-04
   8890   0.31569E-04
   8900   0.31484E-04
   8910   0.31352E-04
   8920   0.31270E-04
   8930   0.31170E-04
   8940   0.31056E-04
   8950   0.30956E-04
   8960   0.30873E-04
   8970   0.30761E-04
   8980   0.30637E-04
   8990   0.30529E-04
   9000   0.30455E-04
   9010   0.30347E-04
   9020   0.30251E-04
   9030   0.30134E-04
   9040   0.30046E-04
   9050   0.29955E-04
   9060   0.29844E-04
   9070   0.29748E-04
   9080   0.29655E-04
   9090   0.29557E-04
   9100   0.29465E-04
   9110   0.29354E-04
   9120   0.29251E-04
   9130   0.29166E-04
   9140   0.29056E-04
   9150   0.28964E-04
   9160   0.28860E-04
   9170   0.28778E-04
   9180   0.28679E-04
   9190   0.28590E-04
   9200   0.28494E-04
   9210   0.28400E-04
   9220   0.28302E-04
   9230   0.28222E-04
   9240   0.28134E-04
   9250   0.28037E-04
   9260   0.27941E-04
   9270   0.27865E-04
   9280   0.27781E-04
   9290   0.27682E-04
   9300   0.27597E-04
   9310   0.27519E-04
   9320   0.27422E-04
   9330   0.27334E-04
   9340   0.27253E-04
   9350   0.27171E-04
   9360   0.27095E-04
   9370   0.27002E-04
   9380   0.26933E-04
   9390   0.26828E-04
   9400   0.26757E-04
   9410   0.26666E-04
   9420   0.26602E-04
   9430   0.26515E-04
   9440   0.26435E-04
   9450   0.26365E-04
   9460   0.26281E-04
   9470   0.26195E-04
   9480   0.26117E-04
   9490   0.26035E-04
   9500   0.25972E-04
   9510   0.25886E-04
   9520   0.25807E-04
   9530   0.25736E-04
   9540   0.25645E-04
   9550   0.25584E-04
   9560   0.25499E-04
   9570   0.25441E-04
   9580   0.25350E-04
   9590   0.25268E-04
   9600   0.25217E-04
   9610   0.25125E-04
   9620   0.25049E-04
   9630   0.24958E-04
   9640   0.24909E-04
   9650   0.24844E-04
   9660   0.24759E-04
   9670   0.24672E-04
   9680   0.24598E-04
   9690   0.24523E-04
   9700   0.24463E-04
   9710   0.24378E-04
   9720   0.24309E-04
   9730   0.24245E-04
   9740   0.24168E-04
   9750   0.24074E-04
   9760   0.24023E-04
   9770   0.23948E-04
   9780   0.23868E-04
   9790   0.23788E-04
   9800   0.23716E-04
   9810   0.23632E-04
   9820   0.23546E-04
   9830   0.23488E-04
   9840   0.23406E-04
   9850   0.23333E-04
   9860   0.23242E-04
   9870   0.23170E-04
   9880   0.23088E-04
   9890   0.23002E-04
   9900   0.22931E-04
   9910   0.22840E-04
   9920   0.22759E-04
   9930   0.22669E-04
   9940   0.22587E-04
   9950   0.22495E-04
   9960   0.22420E-04
   9970   0.22354E-04
   9980   0.22238E-04
   9990   0.22160E-04
  10000   0.22068E-04
  10010   0.21997E-04
  10020   0.21913E-04
  10030   0.21821E-04
  10040   0.21726E-04
  10050   0.21652E-04
  10060   0.21579E-04
  10070   0.21472E-04
  10080   0.21378E-04
  10090   0.21295E-04
  10100   0.21205E-04
  10110   0.21115E-04
  10120   0.21028E-04
  10130   0.20942E-04
  10140   0.20852E-04
  10150   0.20746E-04
  10160   0.20665E-04
  10170   0.20564E-04
  10180   0.20481E-04
  10190   0.20376E-04
  10200   0.20286E-04
  10210   0.20213E-04
  10220   0.20118E-04
  10230   0.20029E-04
  10240   0.19933E-04
  10250   0.19840E-04
  10260   0.19760E-04
  10270   0.19659E-04
  10280   0.19560E-04
  10290   0.19457E-04
  10300   0.19375E-04
  10310   0.19285E-04
  10320   0.19184E-04
  10330   0.19108E-04
  10340   0.19005E-04
  10350   0.18913E-04
  10360   0.18830E-04
  10370   0.18716E-04
  10380   0.18638E-04
  10390   0.18544E-04
  10400   0.18471E-04
  10410   0.18371E-04
  10420   0.18277E-04
  10430   0.18188E-04
  10440   0.18089E-04
  10450   0.17995E-04
  10460   0.17914E-04
  10470   0.17820E-04
  10480   0.17734E-04
  10490   0.17647E-04
  10500   0.17560E-04
  10510   0.17463E-04
  10520   0.17365E-04
  10530   0.17304E-04
  10540   0.17205E-04
  10550   0.17107E-04
  10560   0.17027E-04
  10570   0.16927E-04
  10580   0.16854E-04
  10590   0.16768E-04
  10600   0.16683E-04
  10610   0.16592E-04
  10620   0.16498E-04
  10630   0.16426E-04
  10640   0.16326E-04
  10650   0.16232E-04
  10660   0.16157E-04
  10670   0.16074E-04
  10680   0.15979E-04
  10690   0.15902E-04
  10700   0.15813E-04
  10710   0.15724E-04
  10720   0.15651E-04
  10730   0.15568E-04
  10740   0.15459E-04
  10750   0.15398E-04
  10760   0.15310E-04
  10770   0.15216E-04
  10780   0.15149E-04
  10790   0.15081E-04
  10800   0.14968E-04
  10810   0.14915E-04
  10820   0.14823E-04
  10830   0.14753E-04
  10840   0.14666E-04
  10850   0.14574E-04
  10860   0.14495E-04
  10870   0.14419E-04
  10880   0.14338E-04
  10890   0.14260E-04
  10900   0.14168E-04
  10910   0.14090E-04
  10920   0.14013E-04
  10930   0.13937E-04
  10940   0.13862E-04
  10950   0.13774E-04
  10960   0.13706E-04
  10970   0.13629E-04
  10980   0.13530E-04
  10990   0.13464E-04
  11000   0.13380E-04
  11010   0.13292E-04
  11020   0.13231E-04
  11030   0.13133E-04
  11040   0.13064E-04
  11050   0.12993E-04
  11060   0.12913E-04
  11070   0.12836E-04
  11080   0.12752E-04
  11090   0.12674E-04
  11100   0.12612E-04
  11110   0.12522E-04
  11120   0.12456E-04
  11130   0.12389E-04
  11140   0.12304E-04
  11150   0.12221E-04
  11160   0.12153E-04
  11170   0.12068E-04
  11180   0.12005E-04
  11190   0.11928E-04
  11200   0.11846E-04
  11210   0.11783E-04
  11220   0.11699E-04
  11230   0.11642E-04
  11240   0.11558E-04
  11250   0.11476E-04
  11260   0.11418E-04
  11270   0.11345E-04
  11280   0.11266E-04
  11290   0.11193E-04
  11300   0.11140E-04
  11310   0.11038E-04
  11320   0.10991E-04
  11330   0.10922E-04
  11340   0.10845E-04
  11350   0.10778E-04
  11360   0.10702E-04
  11370   0.10633E-04
  11380   0.10565E-04
  11390   0.10507E-04
  11400   0.10424E-04
  11410   0.10359E-04
  11420   0.10308E-04
  11430   0.10224E-04
  11440   0.10155E-04
  11450   0.10090E-04
  11460   0.10021E-04
  11470   0.99638E-05
  11480   0.98941E-05
  11490   0.98268E-05
  11500   0.97487E-05
  11510   0.96901E-05
  11520   0.96315E-05
  11530   0.95612E-05
  11540   0.94930E-05
  11550   0.94311E-05
  11560   0.93679E-05
  11570   0.93011E-05
  11580   0.92329E-05
  11590   0.91756E-05
  11600   0.91206E-05
  11610   0.90602E-05
  11620   0.89996E-05
  11630   0.89299E-05
  11640   0.88836E-05
  11650   0.88079E-05
  11660   0.87459E-05
  11670   0.86857E-05
  11680   0.86213E-05
  11690   0.85577E-05
  11700   0.84952E-05
  11710   0.84311E-05
  11720   0.83767E-05
  11730   0.83255E-05
  11740   0.82648E-05
  11750   0.82038E-05
  11760   0.81408E-05
  11770   0.80922E-05
  11780   0.80380E-05
  11790   0.79687E-05
  11800   0.79104E-05
  11810   0.78558E-05
  11820   0.77990E-05
  11830   0.77360E-05
  11840   0.76870E-05
  11850   0.76280E-05
  11860   0.75761E-05
  11870   0.75277E-05
  11880   0.74650E-05
  11890   0.74123E-05
  11900   0.73537E-05
  11910   0.73048E-05
  11920   0.72500E-05
  11930   0.72016E-05
  11940   0.71418E-05
  11950   0.71084E-05
  11960   0.70611E-05
  11970   0.70019E-05
  11980   0.69544E-05
  11990   0.68966E-05
  12000   0.68540E-05
  12010   0.67987E-05
  12020   0.67449E-05
  12030   0.67047E-05
  12040   0.66461E-05
  12050   0.66042E-05
  12060   0.65331E-05
  12070   0.64997E-05
  12080   0.64531E-05
  12090   0.64139E-05
  12100   0.63605E-05
  12110   0.63112E-05
  12120   0.62615E-05
  12130   0.62199E-05
  12140   0.61739E-05
  12150   0.61197E-05
  12160   0.60758E-05
  12170   0.60294E-05
  12180   0.59874E-05
  12190   0.59431E-05
  12200   0.59021E-05
  12210   0.58464E-05
  12220   0.58025E-05
  12230   0.57685E-05
  12240   0.57224E-05
  12250   0.56791E-05
  12260   0.56331E-05
  12270   0.56047E-05
  12280   0.55593E-05
  12290   0.55155E-05
  12300   0.54738E-05
  12310   0.54303E-05
  12320   0.54036E-05
  12330   0.53500E-05
  12340   0.53167E-05
  12350   0.52771E-05
  12360   0.52301E-05
  12370   0.51949E-05
  12380   0.51534E-05
  12390   0.51225E-05
  12400   0.50839E-05
  12410   0.50494E-05
  12420   0.50062E-05
  12430   0.49684E-05
  12440   0.49277E-05
  12450   0.48962E-05
  12460   0.48653E-05
  12470   0.48329E-05
  12480   0.47990E-05
  12490   0.47567E-05
  12500   0.47268E-05
  12510   0.46970E-05
  12520   0.46676E-05
  12530   0.46361E-05
  12540   0.46064E-05
  12550   0.45702E-05
  12560   0.45378E-05
  12570   0.44990E-05
  12580   0.44780E-05
  12590   0.44375E-05
  12600   0.44158E-05
  12610   0.43836E-05
  12620   0.43500E-05
  12630   0.43197E-05
  12640   0.42905E-05
  12650   0.42642E-05
  12660   0.42296E-05
  12670   0.42134E-05
  12680   0.41858E-05
  12690   0.41567E-05
  12700   0.41355E-05
  12710   0.41003E-05
  12720   0.40731E-05
  12730   0.40503E-05
  12740   0.40185E-05
  12750   0.39972E-05
  12760   0.39584E-05
  12770   0.39329E-05
  12780   0.39162E-05
  12790   0.38895E-05
  12800   0.38707E-05
  12810   0.38346E-05
  12820   0.38142E-05
  12830   0.38011E-05
  12840   0.37740E-05
  12850   0.37480E-05
  12860   0.37103E-05
  12870   0.36924E-05
  12880   0.36729E-05
  12890   0.36588E-05
  12900   0.36368E-05
  12910   0.36177E-05
  12920   0.35832E-05
  12930   0.35571E-05
  12940   0.35458E-05
  12950   0.35246E-05
  12960   0.35064E-05
  12970   0.34802E-05
  12980   0.34675E-05
  12990   0.34251E-05
  13000   0.34122E-05
  13010   0.34059E-05
  13020   0.33851E-05
  13030   0.33629E-05
  13040   0.33476E-05
  13050   0.33326E-05
  13060   0.33200E-05
  13070   0.32885E-05
  13080   0.32717E-05
  13090   0.32617E-05
  13100   0.32455E-05
  13110   0.32217E-05
  13120   0.32017E-05
  13130   0.31915E-05
  13140   0.31753E-05
  13150   0.31562E-05
  13160   0.31326E-05
  13170   0.31168E-05
  13180   0.30986E-05
  13190   0.30860E-05
  13200   0.30628E-05
  13210   0.30538E-05
  13220   0.30393E-05
  13230   0.30176E-05
  13240   0.30083E-05
  13250   0.29997E-05
  13260   0.29867E-05
  13270   0.29628E-05
  13280   0.29573E-05
  13290   0.29304E-05
  13300   0.29206E-05
  13310   0.29121E-05
  13320   0.28881E-05
  13330   0.28671E-05
  13340   0.28602E-05
  13350   0.28471E-05
  13360   0.28426E-05
  13370   0.28283E-05
  13380   0.28114E-05
  13390   0.27901E-05
  13400   0.27755E-05
  13410   0.27747E-05
  13420   0.27659E-05
  13430   0.27544E-05
  13440   0.27352E-05
  13450   0.27162E-05
  13460   0.27050E-05
  13470   0.26982E-05
  13480   0.26795E-05
  13490   0.26652E-05
  13500   0.26494E-05
  13510   0.26340E-05
  13520   0.26200E-05
  13530   0.26081E-05
  13540   0.26024E-05
  13550   0.25798E-05
  13560   0.25751E-05
  13570   0.25607E-05
  13580   0.25564E-05
  13590   0.25409E-05
  13600   0.25281E-05
  13610   0.25075E-05
  13620   0.24868E-05
  13630   0.24817E-05
  13640   0.24803E-05
  13650   0.24621E-05
  13660   0.24574E-05
  13670   0.24411E-05
  13680   0.24365E-05
  13690   0.24275E-05
  13700   0.24203E-05
  13710   0.24125E-05
  13720   0.24033E-05
  13730   0.23849E-05
  13740   0.23786E-05
  13750   0.23571E-05
  13760   0.23433E-05
  13770   0.23303E-05
  13780   0.23361E-05
  13790   0.23258E-05
  13800   0.23155E-05
  13810   0.23046E-05
  13820   0.22977E-05
  13830   0.22869E-05
  13840   0.22760E-05
  13850   0.22535E-05
  13860   0.22475E-05
  13870   0.22304E-05
  13880   0.22217E-05
  13890   0.22287E-05
  13900   0.22152E-05
  13910   0.22190E-05
  13920   0.22079E-05
  13930   0.21932E-05
  13940   0.21858E-05
  13950   0.21746E-05
  13960   0.21587E-05
  13970   0.21638E-05
  13980   0.21382E-05
  13990   0.21478E-05
  14000   0.21301E-05
  14010   0.21179E-05
  14020   0.21128E-05
  14030   0.21099E-05
  14040   0.21097E-05
  14050   0.20943E-05
  14060   0.20966E-05
  14070   0.20638E-05
  14080   0.20695E-05
  14090   0.20527E-05
  14100   0.20416E-05
  14110   0.20447E-05
  14120   0.20339E-05
  14130   0.20391E-05
  14140   0.20280E-05
  14150   0.20205E-05
  14160   0.20064E-05
  14170   0.20014E-05
  14180   0.19835E-05
  14190   0.19867E-05
  14200   0.19770E-05
  14210   0.19743E-05
  14220   0.19699E-05
  14230   0.19725E-05
  14240   0.19552E-05
  14250   0.19402E-05
  14260   0.19296E-05
  14270   0.19295E-05
  14280   0.19242E-05
  14290   0.19149E-05
  14300   0.19114E-05
  14310   0.19042E-05
  14320   0.18867E-05
  14330   0.18733E-05
  14340   0.18585E-05
  14350   0.18529E-05
  14360   0.18517E-05
  14370   0.18439E-05
  14380   0.18277E-05
  14390   0.18356E-05
  14400   0.18333E-05
  14410   0.18304E-05
  14420   0.18237E-05
  14430   0.18061E-05
  14440   0.18017E-05
  14450   0.17834E-05
  14460   0.17893E-05
  14470   0.17903E-05
  14480   0.17814E-05
  14490   0.17723E-05
  14500   0.17726E-05
  14510   0.17540E-05
  14520   0.17396E-05
  14530   0.17478E-05
  14540   0.17483E-05
  14550   0.17390E-05
  14560   0.17439E-05
  14570   0.17391E-05
  14580   0.17274E-05
  14590   0.17206E-05
  14600   0.17090E-05
  14610   0.17112E-05
  14620   0.17059E-05
  14630   0.17024E-05
  14640   0.16982E-05
  14650   0.16822E-05
  14660   0.16689E-05
  14670   0.16726E-05
  14680   0.16544E-05
  14690   0.16497E-05
  14700   0.16518E-05
  14710   0.16530E-05
  14720   0.16361E-05
  14730   0.16330E-05
  14740   0.16263E-05
  14750   0.16077E-05
  14760   0.15972E-05
  14770   0.15843E-05
  14780   0.15859E-05
  14790   0.15767E-05
  14800   0.15778E-05
  14810   0.15827E-05
  14820   0.15776E-05
  14830   0.15790E-05
  14840   0.15750E-05
  14850   0.15799E-05
  14860   0.15610E-05
  14870   0.15667E-05
  14880   0.15483E-05
  14890   0.15469E-05
  14900   0.15449E-05
  14910   0.15422E-05
  14920   0.15449E-05
  14930   0.15256E-05
  14940   0.15318E-05
  14950   0.15208E-05
  14960   0.15169E-05
  14970   0.15180E-05
  14980   0.15184E-05
  14990   0.15148E-05
  15000   0.14946E-05
  15010   0.15039E-05
  15020   0.14823E-05
  15030   0.14722E-05
  15040   0.14757E-05
  15050   0.14539E-05
  15060   0.14638E-05
  15070   0.14568E-05
  15080   0.14487E-05
  15090   0.14466E-05
  15100   0.14367E-05
  15110   0.14382E-05
  15120   0.14296E-05
  15130   0.14228E-05
  15140   0.14246E-05
  15150   0.14177E-05
  15160   0.14155E-05
  15170   0.14088E-05
  15180   0.14039E-05
  15190   0.14154E-05
  15200   0.14182E-05
  15210   0.14082E-05
  15220   0.13955E-05
  15230   0.13758E-05
  15240   0.13885E-05
  15250   0.13965E-05
  15260   0.13853E-05
  15270   0.13830E-05
  15280   0.13835E-05
  15290   0.13736E-05
  15300   0.13781E-05
  15310   0.13608E-05
  15320   0.13572E-05
  15330   0.13573E-05
  15340   0.13623E-05
  15350   0.13497E-05
  15360   0.13439E-05
  15370   0.13317E-05
  15380   0.13258E-05
  15390   0.13261E-05
  15400   0.13289E-05
  15410   0.13232E-05
  15420   0.13317E-05
  15430   0.13188E-05
  15440   0.13094E-05
  15450   0.12931E-05
  15460   0.12882E-05
  15470   0.12895E-05
  15480   0.12932E-05
  15490   0.12659E-05
  15500   0.12775E-05
  15510   0.12641E-05
  15520   0.12592E-05
  15530   0.12587E-05
  15540   0.12444E-05
  15550   0.12479E-05
  15560   0.12430E-05
  15570   0.12404E-05
  15580   0.12391E-05
  15590   0.12482E-05
  15600   0.12392E-05
  15610   0.12336E-05
  15620   0.12343E-05
  15630   0.12267E-05
  15640   0.12206E-05
  15650   0.12129E-05
  15660   0.11855E-05
  15670   0.11852E-05
  15680   0.11843E-05
  15690   0.11833E-05
  15700   0.11829E-05
  15710   0.11771E-05
  15720   0.11645E-05
  15730   0.11723E-05
  15740   0.11705E-05
  15750   0.11559E-05
  15760   0.11584E-05
  15770   0.11624E-05
  15780   0.11379E-05
  15790   0.11410E-05
  15800   0.11444E-05
  15810   0.11333E-05
  15820   0.11360E-05
  15830   0.11210E-05
  15840   0.11146E-05
  15850   0.11199E-05
  15860   0.11171E-05
  15870   0.11184E-05
  15880   0.11082E-05
  15890   0.11125E-05
  15900   0.11084E-05
  15910   0.10984E-05
  15920   0.10797E-05
  15930   0.10914E-05
  15940   0.10826E-05
  15950   0.10807E-05
  15960   0.10720E-05
  15970   0.10587E-05
  15980   0.10555E-05
  15990   0.10533E-05
  16000   0.10457E-05
  16010   0.10587E-05
  16020   0.10521E-05
  16030   0.10413E-05
  16040   0.10389E-05
  16050   0.10393E-05
  16060   0.10033E-05
  16070   0.99520E-06
  16080   0.99711E-06
  16090   0.98754E-06
  16100   0.97659E-06
  16110   0.98354E-06
  16120   0.97311E-06
  16130   0.97263E-06
  16140   0.97973E-06
  16150   0.96922E-06
  16160   0.95089E-06
  16170   0.95560E-06
  16180   0.95626E-06
  16190   0.95806E-06
  16200   0.95046E-06
  16210   0.94620E-06
  16220   0.93898E-06
  16230   0.93499E-06
  16240   0.91978E-06
  16250   0.92632E-06
  16260   0.91862E-06
  16270   0.91604E-06
  16280   0.91012E-06
  16290   0.89482E-06
  16300   0.89527E-06
  16310   0.89510E-06
  16320   0.88711E-06
  16330   0.88470E-06
  16340   0.86953E-06
  16350   0.86776E-06
  16360   0.87859E-06
  16370   0.86634E-06
  16380   0.86363E-06
  16390   0.86207E-06
  16400   0.85536E-06
  16410   0.85219E-06
  16420   0.85631E-06
  16430   0.83616E-06
  16440   0.84500E-06
  16450   0.83550E-06
  16460   0.82225E-06
  16470   0.82038E-06
  16480   0.81927E-06
  16490   0.78672E-06
  16500   0.78754E-06
  16510   0.78174E-06
  16520   0.77384E-06
  16530   0.77361E-06
  16540   0.77805E-06
  16550   0.78168E-06
  16560   0.78314E-06
  16570   0.77157E-06
  16580   0.77002E-06
  16590   0.75192E-06
  16600   0.73558E-06
  16610   0.73220E-06
  16620   0.74091E-06
  16630   0.73377E-06
  16640   0.72864E-06
  16650   0.72579E-06
  16660   0.73167E-06
  16670   0.71732E-06
  16680   0.71058E-06
  16690   0.72284E-06
  16700   0.69154E-06
  16710   0.70475E-06
  16720   0.70040E-06
  16730   0.69807E-06
  16740   0.68320E-06
  16750   0.68019E-06
  16760   0.66887E-06
  16770   0.67513E-06
  16780   0.67959E-06
  16790   0.66226E-06
  16800   0.67448E-06
  16810   0.67699E-06
  16820   0.67199E-06
  16830   0.65763E-06
  16840   0.64913E-06
  16850   0.65519E-06
  16860   0.64149E-06
  16870   0.62830E-06
  16880   0.61554E-06
  16890   0.61787E-06
  16900   0.60732E-06
  16910   0.62257E-06
  16920   0.60729E-06
  16930   0.60117E-06
  16940   0.59148E-06
  16950   0.59171E-06
  16960   0.58400E-06
  16970   0.58942E-06
  16980   0.59634E-06
  16990   0.60378E-06
  17000   0.58251E-06
  17010   0.57491E-06
  17020   0.58392E-06
  17030   0.57194E-06
  17040   0.57822E-06
  17050   0.56740E-06
  17060   0.54826E-06
  17070   0.54615E-06
  17080   0.55114E-06
  17090   0.54563E-06
  17100   0.54747E-06
  17110   0.54802E-06
  17120   0.54578E-06
  17130   0.54918E-06
  17140   0.52963E-06
  17150   0.53564E-06
  17160   0.53394E-06
  17170   0.52683E-06
  17180   0.52772E-06
  17190   0.53063E-06
  17200   0.52272E-06
  17210   0.52007E-06
  17220   0.51850E-06
  17230   0.51530E-06
  17240   0.50797E-06
  17250   0.49869E-06
  17260   0.49562E-06
  17270   0.48731E-06
  17280   0.48308E-06
  17290   0.47607E-06
  17300   0.46463E-06
  17310   0.49503E-06
  17320   0.47635E-06
  17330   0.46349E-06
  17340   0.46781E-06
  17350   0.46640E-06
  17360   0.44676E-06
  17370   0.45816E-06
  17380   0.45363E-06
  17390   0.43799E-06
  17400   0.43633E-06
  17410   0.45447E-06
  17420   0.44864E-06
  17430   0.43306E-06
  17440   0.42558E-06
  17450   0.41756E-06
  17460   0.41200E-06
  17470   0.42113E-06
  17480   0.43021E-06
  17490   0.43266E-06
  17500   0.42058E-06
  17510   0.43796E-06
  17520   0.42811E-06
  17530   0.41534E-06
  17540   0.40254E-06
  17550   0.41727E-06
  17560   0.38884E-06
  17570   0.39192E-06
  17580   0.38570E-06
  17590   0.38776E-06
  17600   0.39353E-06
  17610   0.41409E-06
  17620   0.39814E-06
  17630   0.38865E-06
  17640   0.39637E-06
  17650   0.38350E-06
  17660   0.38240E-06
  17670   0.38466E-06
  17680   0.39040E-06
  17690   0.37062E-06
  17700   0.38456E-06
  17710   0.40241E-06
  17720   0.38543E-06
  17730   0.36674E-06
  17740   0.37136E-06
  17750   0.36439E-06
  17760   0.36337E-06
  17770   0.36874E-06
  17780   0.34430E-06
  17790   0.36337E-06
  17800   0.36337E-06
  17810   0.39199E-06
  17820   0.36511E-06
  17830   0.36573E-06
  17840   0.34967E-06
  17850   0.35145E-06
  17860   0.33869E-06
  17870   0.34467E-06
  17880   0.34220E-06
  17890   0.35736E-06
  17900   0.33064E-06
  17910   0.36600E-06
  17920   0.35138E-06
  17930   0.34007E-06
  17940   0.34338E-06
  17950   0.34865E-06
  17960   0.32814E-06
  17970   0.33807E-06
  17980   0.33187E-06
  17990   0.32020E-06
  18000   0.32758E-06
  18010   0.35447E-06
  18020   0.32000E-06
  18030   0.31240E-06
  18040   0.30940E-06
  18050   0.31485E-06
  18060   0.30852E-06
  18070   0.31666E-06
  18080   0.31627E-06
  18090   0.31600E-06
  18100   0.31582E-06
  18110   0.34362E-06
  18120   0.32117E-06
  18130   0.32190E-06
  18140   0.31665E-06
  18150   0.31484E-06
  18160   0.31638E-06
  18170   0.31212E-06
  18180   0.31038E-06
  18190   0.30922E-06
  18200   0.30883E-06
  18210   0.33404E-06
  18220   0.31012E-06
  18230   0.29928E-06
  18240   0.29335E-06
  18250   0.28095E-06
  18260   0.28855E-06
  18270   0.29321E-06
  18280   0.29643E-06
  18290   0.28459E-06
  18300   0.29871E-06
  18310   0.31491E-06
  18320   0.30776E-06
  18330   0.30751E-06
  18340   0.30256E-06
  18350   0.29448E-06
  18360   0.28487E-06
  18370   0.28862E-06
  18380   0.28658E-06
  18390   0.29748E-06
  18400   0.28540E-06
  18410   0.31736E-06
  18420   0.30737E-06
  18430   0.30683E-06
  18440   0.29195E-06
  18450   0.28850E-06
  18460   0.28310E-06
  18470   0.28614E-06
  18480   0.28023E-06
  18490   0.28974E-06
  18500   0.28163E-06
  18510   0.33055E-06
  18520   0.30350E-06
  18530   0.28842E-06
  18540   0.28617E-06
  18550   0.28700E-06
  18560   0.28559E-06
  18570   0.27650E-06
  18580   0.27607E-06
  18590   0.29231E-06
  18600   0.27840E-06
  18610   0.32272E-06
  18620   0.29621E-06
  18630   0.30023E-06
  18640   0.29139E-06
  18650   0.27271E-06
  18660   0.27615E-06
  18670   0.28190E-06
  18680   0.27120E-06
  18690   0.27718E-06
  18700   0.27655E-06
  18710   0.31564E-06
  18720   0.28709E-06
  18730   0.28417E-06
  18740   0.27416E-06
  18750   0.27420E-06
  18760   0.27825E-06
  18770   0.28430E-06
  18780   0.28642E-06
  18790   0.28739E-06
  18800   0.28090E-06
  18810   0.29554E-06
  18820   0.29938E-06
  18830   0.27738E-06
  18840   0.28762E-06
  18850   0.28896E-06
  18860   0.27758E-06
  18870   0.29066E-06
  18880   0.27838E-06
  18890   0.28365E-06
  18900   0.27881E-06
  18910   0.28362E-06
  18920   0.27464E-06
  18930   0.26602E-06
  18940   0.26544E-06
  18950   0.26181E-06
  18960   0.25904E-06
  18970   0.25923E-06
  18980   0.26705E-06
  18990   0.26305E-06
  19000   0.26688E-06
  19010   0.28712E-06
  19020   0.26039E-06
  19030   0.26208E-06
  19040   0.25684E-06
  19050   0.25325E-06
  19060   0.25012E-06
  19070   0.24397E-06
  19080   0.24202E-06
  19090   0.24295E-06
  19100   0.22733E-06
  19110   0.27407E-06
  19120   0.26245E-06
  19130   0.24705E-06
  19140   0.24422E-06
  19150   0.24620E-06
  19160   0.24616E-06
  19170   0.25453E-06
  19180   0.26237E-06
  19190   0.27292E-06
  19200   0.27217E-06
  19210   0.29161E-06
  19220   0.28307E-06
  19230   0.27168E-06
  19240   0.25971E-06
  19250   0.27389E-06
  19260   0.27099E-06
  19270   0.26551E-06
  19280   0.25563E-06
  19290   0.26088E-06
  19300   0.25538E-06
  19310   0.27844E-06
  19320   0.26154E-06
  19330   0.25621E-06
  19340   0.24981E-06
  19350   0.24740E-06
  19360   0.24444E-06
  19370   0.25041E-06
  19380   0.24315E-06
  19390   0.24744E-06
  19400   0.26668E-06
  19410   0.28533E-06
  19420   0.27150E-06
  19430   0.26625E-06
  19440   0.26830E-06
  19450   0.24828E-06
  19460   0.25350E-06
  19470   0.26364E-06
  19480   0.27604E-06
  19490   0.26848E-06
  19500   0.27000E-06
  19510   0.29033E-06
  19520   0.27856E-06
  19530   0.27247E-06
  19540   0.27768E-06
  19550   0.27600E-06
  19560   0.28051E-06
  19570   0.27618E-06
  19580   0.27191E-06
  19590   0.27928E-06
  19600   0.25933E-06
  19610   0.29192E-06
  19620   0.28333E-06
  19630   0.28216E-06
  19640   0.28126E-06
  19650   0.26816E-06
  19660   0.26941E-06
  19670   0.26996E-06
  19680   0.26105E-06
  19690   0.27192E-06
  19700   0.26755E-06
  19710   0.28612E-06
  19720   0.27203E-06
  19730   0.27217E-06
  19740   0.26297E-06
  19750   0.27666E-06
  19760   0.27068E-06
  19770   0.26117E-06
  19780   0.27050E-06
  19790   0.26916E-06
  19800   0.28777E-06
  19810   0.29237E-06
  19820   0.25964E-06
  19830   0.27978E-06
  19840   0.26793E-06
  19850   0.26040E-06
  19860   0.25731E-06
  19870   0.25640E-06
  19880   0.26596E-06
  19890   0.25954E-06
  19900   0.25545E-06
  19910   0.28033E-06
  19920   0.26679E-06
  19930   0.25999E-06
  19940   0.24605E-06
  19950   0.23545E-06
  19960   0.23722E-06
  19970   0.23033E-06
  19980   0.23471E-06
  19990   0.24215E-06
  20000   0.25617E-06
