     10   0.10737E-02
     20   0.91301E-03
     30   0.80646E-03
     40   0.73047E-03
     50   0.67285E-03
     60   0.62670E-03
     70   0.58791E-03
     80   0.55422E-03
     90   0.52434E-03
    100   0.49734E-03
    110   0.47264E-03
    120   0.44974E-03
    130   0.42842E-03
    140   0.40840E-03
    150   0.38953E-03
    160   0.37173E-03
    170   0.35493E-03
    180   0.33909E-03
    190   0.32412E-03
    200   0.30995E-03
    210   0.29645E-03
    220   0.28372E-03
    230   0.27177E-03
    240   0.26051E-03
    250   0.24993E-03
    260   0.24002E-03
    270   0.23072E-03
    280   0.22202E-03
    290   0.21386E-03
    300   0.20624E-03
    310   0.19906E-03
    320   0.19239E-03
    330   0.18616E-03
    340   0.18042E-03
    350   0.17513E-03
    360   0.17033E-03
    370   0.16600E-03
    380   0.16216E-03
    390   0.15875E-03
    400   0.15579E-03
    410   0.15314E-03
    420   0.15083E-03
    430   0.14879E-03
    440   0.14693E-03
    450   0.14518E-03
    460   0.14349E-03
    470   0.14179E-03
    480   0.14004E-03
    490   0.13823E-03
    500   0.13636E-03
    510   0.13443E-03
    520   0.13247E-03
    530   0.13050E-03
    540   0.12858E-03
    550   0.12670E-03
    560   0.12497E-03
    570   0.12339E-03
    580   0.12201E-03
    590   0.12085E-03
    600   0.11993E-03
    610   0.11926E-03
    620   0.11884E-03
    630   0.11865E-03
    640   0.11866E-03
    650   0.11887E-03
    660   0.11926E-03
    670   0.11978E-03
    680   0.12040E-03
    690   0.12111E-03
    700   0.12187E-03
    710   0.12264E-03
    720   0.12341E-03
    730   0.12415E-03
    740   0.12483E-03
    750   0.12543E-03
    760   0.12594E-03
    770   0.12633E-03
    780   0.12661E-03
    790   0.12677E-03
    800   0.12678E-03
    810   0.12667E-03
    820   0.12643E-03
    830   0.12606E-03
    840   0.12555E-03
    850   0.12493E-03
    860   0.12419E-03
    870   0.12334E-03
    880   0.12241E-03
    890   0.12140E-03
    900   0.12030E-03
    910   0.11914E-03
    920   0.11794E-03
    930   0.11670E-03
    940   0.11544E-03
    950   0.11418E-03
    960   0.11294E-03
    970   0.11172E-03
    980   0.11057E-03
    990   0.10949E-03
   1000   0.10849E-03
   1010   0.10760E-03
   1020   0.10683E-03
   1030   0.10620E-03
   1040   0.10571E-03
   1050   0.10537E-03
   1060   0.10516E-03
   1070   0.10513E-03
   1080   0.10520E-03
   1090   0.10540E-03
   1100   0.10574E-03
   1110   0.10615E-03
   1120   0.10665E-03
   1130   0.10721E-03
   1140   0.10780E-03
   1150   0.10843E-03
   1160   0.10906E-03
   1170   0.10969E-03
   1180   0.11029E-03
   1190   0.11086E-03
   1200   0.11137E-03
   1210   0.11184E-03
   1220   0.11224E-03
   1230   0.11257E-03
   1240   0.11284E-03
   1250   0.11304E-03
   1260   0.11318E-03
   1270   0.11324E-03
   1280   0.11326E-03
   1290   0.11322E-03
   1300   0.11315E-03
   1310   0.11304E-03
   1320   0.11292E-03
   1330   0.11276E-03
   1340   0.11262E-03
   1350   0.11248E-03
   1360   0.11236E-03
   1370   0.11228E-03
   1380   0.11222E-03
   1390   0.11220E-03
   1400   0.11223E-03
   1410   0.11232E-03
   1420   0.11244E-03
   1430   0.11261E-03
   1440   0.11283E-03
   1450   0.11309E-03
   1460   0.11336E-03
   1470   0.11367E-03
   1480   0.11398E-03
   1490   0.11429E-03
   1500   0.11459E-03
   1510   0.11489E-03
   1520   0.11513E-03
   1530   0.11536E-03
   1540   0.11553E-03
   1550   0.11565E-03
   1560   0.11572E-03
   1570   0.11571E-03
   1580   0.11564E-03
   1590   0.11550E-03
   1600   0.11529E-03
   1610   0.11502E-03
   1620   0.11468E-03
   1630   0.11429E-03
   1640   0.11384E-03
   1650   0.11335E-03
   1660   0.11281E-03
   1670   0.11226E-03
   1680   0.11170E-03
   1690   0.11113E-03
   1700   0.11056E-03
   1710   0.11002E-03
   1720   0.10951E-03
   1730   0.10904E-03
   1740   0.10864E-03
   1750   0.10831E-03
   1760   0.10805E-03
   1770   0.10789E-03
   1780   0.10782E-03
   1790   0.10784E-03
   1800   0.10801E-03
   1810   0.10826E-03
   1820   0.10866E-03
   1830   0.10916E-03
   1840   0.10979E-03
   1850   0.11052E-03
   1860   0.11137E-03
   1870   0.11232E-03
   1880   0.11337E-03
   1890   0.11452E-03
   1900   0.11574E-03
   1910   0.11704E-03
   1920   0.11838E-03
   1930   0.11979E-03
   1940   0.12123E-03
   1950   0.12270E-03
   1960   0.12419E-03
   1970   0.12567E-03
   1980   0.12716E-03
   1990   0.12866E-03
   2000   0.13012E-03
   2010   0.13156E-03
   2020   0.13298E-03
   2030   0.13436E-03
   2040   0.13569E-03
   2050   0.13699E-03
   2060   0.13824E-03
   2070   0.13942E-03
   2080   0.14056E-03
   2090   0.14164E-03
   2100   0.14266E-03
   2110   0.14363E-03
   2120   0.14455E-03
   2130   0.14538E-03
   2140   0.14618E-03
   2150   0.14690E-03
   2160   0.14756E-03
   2170   0.14816E-03
   2180   0.14873E-03
   2190   0.14919E-03
   2200   0.14964E-03
   2210   0.15001E-03
   2220   0.15032E-03
   2230   0.15058E-03
   2240   0.15080E-03
   2250   0.15094E-03
   2260   0.15105E-03
   2270   0.15110E-03
   2280   0.15108E-03
   2290   0.15103E-03
   2300   0.15092E-03
   2310   0.15077E-03
   2320   0.15058E-03
   2330   0.15032E-03
   2340   0.15005E-03
   2350   0.14971E-03
   2360   0.14932E-03
   2370   0.14890E-03
   2380   0.14844E-03
   2390   0.14795E-03
   2400   0.14741E-03
   2410   0.14684E-03
   2420   0.14623E-03
   2430   0.14560E-03
   2440   0.14491E-03
   2450   0.14421E-03
   2460   0.14348E-03
   2470   0.14272E-03
   2480   0.14193E-03
   2490   0.14113E-03
   2500   0.14030E-03
   2510   0.13943E-03
   2520   0.13856E-03
   2530   0.13765E-03
   2540   0.13673E-03
   2550   0.13579E-03
   2560   0.13485E-03
   2570   0.13386E-03
   2580   0.13286E-03
   2590   0.13186E-03
   2600   0.13084E-03
   2610   0.12980E-03
   2620   0.12875E-03
   2630   0.12768E-03
   2640   0.12662E-03
   2650   0.12551E-03
   2660   0.12442E-03
   2670   0.12329E-03
   2680   0.12214E-03
   2690   0.12101E-03
   2700   0.11986E-03
   2710   0.11867E-03
   2720   0.11749E-03
   2730   0.11632E-03
   2740   0.11512E-03
   2750   0.11392E-03
   2760   0.11272E-03
   2770   0.11148E-03
   2780   0.11029E-03
   2790   0.10908E-03
   2800   0.10787E-03
   2810   0.10665E-03
   2820   0.10546E-03
   2830   0.10427E-03
   2840   0.10307E-03
   2850   0.10189E-03
   2860   0.10072E-03
   2870   0.99587E-04
   2880   0.98437E-04
   2890   0.97317E-04
   2900   0.96218E-04
   2910   0.95137E-04
   2920   0.94061E-04
   2930   0.93025E-04
   2940   0.91997E-04
   2950   0.91010E-04
   2960   0.90010E-04
   2970   0.89058E-04
   2980   0.88134E-04
   2990   0.87222E-04
   3000   0.86324E-04
   3010   0.85490E-04
   3020   0.84619E-04
   3030   0.83811E-04
   3040   0.83010E-04
   3050   0.82236E-04
   3060   0.81478E-04
   3070   0.80743E-04
   3080   0.80026E-04
   3090   0.79332E-04
   3100   0.78662E-04
   3110   0.78000E-04
   3120   0.77363E-04
   3130   0.76738E-04
   3140   0.76113E-04
   3150   0.75535E-04
   3160   0.74955E-04
   3170   0.74385E-04
   3180   0.73859E-04
   3190   0.73300E-04
   3200   0.72785E-04
   3210   0.72278E-04
   3220   0.71785E-04
   3230   0.71294E-04
   3240   0.70819E-04
   3250   0.70351E-04
   3260   0.69909E-04
   3270   0.69460E-04
   3280   0.69047E-04
   3290   0.68642E-04
   3300   0.68222E-04
   3310   0.67840E-04
   3320   0.67447E-04
   3330   0.67069E-04
   3340   0.66689E-04
   3350   0.66362E-04
   3360   0.65984E-04
   3370   0.65669E-04
   3380   0.65338E-04
   3390   0.65013E-04
   3400   0.64697E-04
   3410   0.64386E-04
   3420   0.64109E-04
   3430   0.63817E-04
   3440   0.63542E-04
   3450   0.63265E-04
   3460   0.62992E-04
   3470   0.62742E-04
   3480   0.62492E-04
   3490   0.62242E-04
   3500   0.62018E-04
   3510   0.61797E-04
   3520   0.61561E-04
   3530   0.61354E-04
   3540   0.61148E-04
   3550   0.60952E-04
   3560   0.60751E-04
   3570   0.60566E-04
   3580   0.60376E-04
   3590   0.60191E-04
   3600   0.60032E-04
   3610   0.59846E-04
   3620   0.59696E-04
   3630   0.59530E-04
   3640   0.59376E-04
   3650   0.59214E-04
   3660   0.59076E-04
   3670   0.58924E-04
   3680   0.58808E-04
   3690   0.58669E-04
   3700   0.58557E-04
   3710   0.58437E-04
   3720   0.58322E-04
   3730   0.58188E-04
   3740   0.58098E-04
   3750   0.57991E-04
   3760   0.57894E-04
   3770   0.57810E-04
   3780   0.57714E-04
   3790   0.57643E-04
   3800   0.57558E-04
   3810   0.57484E-04
   3820   0.57416E-04
   3830   0.57349E-04
   3840   0.57299E-04
   3850   0.57260E-04
   3860   0.57198E-04
   3870   0.57164E-04
   3880   0.57128E-04
   3890   0.57089E-04
   3900   0.57069E-04
   3910   0.57066E-04
   3920   0.57045E-04
   3930   0.57031E-04
   3940   0.57038E-04
   3950   0.57052E-04
   3960   0.57041E-04
   3970   0.57059E-04
   3980   0.57083E-04
   3990   0.57094E-04
   4000   0.57137E-04
   4010   0.57165E-04
   4020   0.57200E-04
   4030   0.57240E-04
   4040   0.57298E-04
   4050   0.57335E-04
   4060   0.57394E-04
   4070   0.57457E-04
   4080   0.57527E-04
   4090   0.57603E-04
   4100   0.57659E-04
   4110   0.57731E-04
   4120   0.57807E-04
   4130   0.57891E-04
   4140   0.57973E-04
   4150   0.58051E-04
   4160   0.58147E-04
   4170   0.58220E-04
   4180   0.58310E-04
   4190   0.58417E-04
   4200   0.58512E-04
   4210   0.58598E-04
   4220   0.58702E-04
   4230   0.58793E-04
   4240   0.58888E-04
   4250   0.58986E-04
   4260   0.59088E-04
   4270   0.59191E-04
   4280   0.59269E-04
   4290   0.59365E-04
   4300   0.59471E-04
   4310   0.59546E-04
   4320   0.59651E-04
   4330   0.59728E-04
   4340   0.59830E-04
   4350   0.59903E-04
   4360   0.59987E-04
   4370   0.60068E-04
   4380   0.60146E-04
   4390   0.60213E-04
   4400   0.60291E-04
   4410   0.60352E-04
   4420   0.60413E-04
   4430   0.60469E-04
   4440   0.60520E-04
   4450   0.60569E-04
   4460   0.60634E-04
   4470   0.60669E-04
   4480   0.60713E-04
   4490   0.60748E-04
   4500   0.60761E-04
   4510   0.60791E-04
   4520   0.60798E-04
   4530   0.60828E-04
   4540   0.60831E-04
   4550   0.60836E-04
   4560   0.60830E-04
   4570   0.60809E-04
   4580   0.60811E-04
   4590   0.60800E-04
   4600   0.60783E-04
   4610   0.60752E-04
   4620   0.60732E-04
   4630   0.60686E-04
   4640   0.60645E-04
   4650   0.60596E-04
   4660   0.60558E-04
   4670   0.60484E-04
   4680   0.60448E-04
   4690   0.60377E-04
   4700   0.60311E-04
   4710   0.60235E-04
   4720   0.60164E-04
   4730   0.60080E-04
   4740   0.60003E-04
   4750   0.59922E-04
   4760   0.59833E-04
   4770   0.59737E-04
   4780   0.59652E-04
   4790   0.59559E-04
   4800   0.59444E-04
   4810   0.59345E-04
   4820   0.59243E-04
   4830   0.59133E-04
   4840   0.59036E-04
   4850   0.58933E-04
   4860   0.58824E-04
   4870   0.58713E-04
   4880   0.58605E-04
   4890   0.58487E-04
   4900   0.58394E-04
   4910   0.58267E-04
   4920   0.58159E-04
   4930   0.58044E-04
   4940   0.57947E-04
   4950   0.57853E-04
   4960   0.57744E-04
   4970   0.57638E-04
   4980   0.57524E-04
   4990   0.57431E-04
   5000   0.57329E-04
   5010   0.57242E-04
   5020   0.57139E-04
   5030   0.57043E-04
   5040   0.56954E-04
   5050   0.56878E-04
   5060   0.56784E-04
   5070   0.56696E-04
   5080   0.56618E-04
   5090   0.56534E-04
   5100   0.56462E-04
   5110   0.56380E-04
   5120   0.56317E-04
   5130   0.56247E-04
   5140   0.56187E-04
   5150   0.56125E-04
   5160   0.56062E-04
   5170   0.56007E-04
   5180   0.55953E-04
   5190   0.55899E-04
   5200   0.55864E-04
   5210   0.55817E-04
   5220   0.55780E-04
   5230   0.55731E-04
   5240   0.55698E-04
   5250   0.55665E-04
   5260   0.55633E-04
   5270   0.55605E-04
   5280   0.55588E-04
   5290   0.55562E-04
   5300   0.55539E-04
   5310   0.55515E-04
   5320   0.55506E-04
   5330   0.55494E-04
   5340   0.55486E-04
   5350   0.55481E-04
   5360   0.55466E-04
   5370   0.55464E-04
   5380   0.55458E-04
   5390   0.55456E-04
   5400   0.55457E-04
   5410   0.55460E-04
   5420   0.55454E-04
   5430   0.55469E-04
   5440   0.55468E-04
   5450   0.55471E-04
   5460   0.55475E-04
   5470   0.55475E-04
   5480   0.55497E-04
   5490   0.55483E-04
   5500   0.55503E-04
   5510   0.55524E-04
   5520   0.55527E-04
   5530   0.55536E-04
   5540   0.55541E-04
   5550   0.55553E-04
   5560   0.55554E-04
   5570   0.55565E-04
   5580   0.55577E-04
   5590   0.55587E-04
   5600   0.55595E-04
   5610   0.55606E-04
   5620   0.55606E-04
   5630   0.55632E-04
   5640   0.55624E-04
   5650   0.55629E-04
   5660   0.55644E-04
   5670   0.55650E-04
   5680   0.55647E-04
   5690   0.55653E-04
   5700   0.55655E-04
   5710   0.55656E-04
   5720   0.55664E-04
   5730   0.55659E-04
   5740   0.55665E-04
   5750   0.55659E-04
   5760   0.55655E-04
   5770   0.55656E-04
   5780   0.55634E-04
   5790   0.55635E-04
   5800   0.55635E-04
   5810   0.55631E-04
   5820   0.55617E-04
   5830   0.55600E-04
   5840   0.55592E-04
   5850   0.55574E-04
   5860   0.55564E-04
   5870   0.55550E-04
   5880   0.55533E-04
   5890   0.55515E-04
   5900   0.55503E-04
   5910   0.55471E-04
   5920   0.55462E-04
   5930   0.55426E-04
   5940   0.55398E-04
   5950   0.55377E-04
   5960   0.55328E-04
   5970   0.55314E-04
   5980   0.55288E-04
   5990   0.55247E-04
   6000   0.55215E-04
   6010   0.55170E-04
   6020   0.55127E-04
   6030   0.55092E-04
   6040   0.55032E-04
   6050   0.54997E-04
   6060   0.54948E-04
   6070   0.54884E-04
   6080   0.54836E-04
   6090   0.54763E-04
   6100   0.54708E-04
   6110   0.54642E-04
   6120   0.54580E-04
   6130   0.54505E-04
   6140   0.54440E-04
   6150   0.54367E-04
   6160   0.54286E-04
   6170   0.54208E-04
   6180   0.54114E-04
   6190   0.54040E-04
   6200   0.53946E-04
   6210   0.53849E-04
   6220   0.53749E-04
   6230   0.53653E-04
   6240   0.53556E-04
   6250   0.53455E-04
   6260   0.53355E-04
   6270   0.53247E-04
   6280   0.53142E-04
   6290   0.53032E-04
   6300   0.52909E-04
   6310   0.52803E-04
   6320   0.52682E-04
   6330   0.52554E-04
   6340   0.52443E-04
   6350   0.52315E-04
   6360   0.52193E-04
   6370   0.52073E-04
   6380   0.51946E-04
   6390   0.51830E-04
   6400   0.51700E-04
   6410   0.51577E-04
   6420   0.51457E-04
   6430   0.51327E-04
   6440   0.51203E-04
   6450   0.51079E-04
   6460   0.50949E-04
   6470   0.50826E-04
   6480   0.50704E-04
   6490   0.50583E-04
   6500   0.50474E-04
   6510   0.50341E-04
   6520   0.50227E-04
   6530   0.50113E-04
   6540   0.50001E-04
   6550   0.49893E-04
   6560   0.49783E-04
   6570   0.49675E-04
   6580   0.49566E-04
   6590   0.49466E-04
   6600   0.49368E-04
   6610   0.49268E-04
   6620   0.49183E-04
   6630   0.49080E-04
   6640   0.48981E-04
   6650   0.48894E-04
   6660   0.48801E-04
   6670   0.48720E-04
   6680   0.48621E-04
   6690   0.48545E-04
   6700   0.48463E-04
   6710   0.48385E-04
   6720   0.48318E-04
   6730   0.48246E-04
   6740   0.48176E-04
   6750   0.48103E-04
   6760   0.48023E-04
   6770   0.47958E-04
   6780   0.47893E-04
   6790   0.47827E-04
   6800   0.47772E-04
   6810   0.47699E-04
   6820   0.47643E-04
   6830   0.47574E-04
   6840   0.47518E-04
   6850   0.47464E-04
   6860   0.47418E-04
   6870   0.47353E-04
   6880   0.47304E-04
   6890   0.47252E-04
   6900   0.47191E-04
   6910   0.47147E-04
   6920   0.47077E-04
   6930   0.47034E-04
   6940   0.46999E-04
   6950   0.46929E-04
   6960   0.46892E-04
   6970   0.46848E-04
   6980   0.46810E-04
   6990   0.46772E-04
   7000   0.46718E-04
   7010   0.46677E-04
   7020   0.46631E-04
   7030   0.46595E-04
   7040   0.46559E-04
   7050   0.46520E-04
   7060   0.46482E-04
   7070   0.46440E-04
   7080   0.46396E-04
   7090   0.46352E-04
   7100   0.46325E-04
   7110   0.46278E-04
   7120   0.46245E-04
   7130   0.46216E-04
   7140   0.46168E-04
   7150   0.46141E-04
   7160   0.46107E-04
   7170   0.46070E-04
   7180   0.46039E-04
   7190   0.46006E-04
   7200   0.45972E-04
   7210   0.45935E-04
   7220   0.45908E-04
   7230   0.45874E-04
   7240   0.45838E-04
   7250   0.45804E-04
   7260   0.45770E-04
   7270   0.45732E-04
   7280   0.45702E-04
   7290   0.45670E-04
   7300   0.45634E-04
   7310   0.45604E-04
   7320   0.45551E-04
   7330   0.45528E-04
   7340   0.45487E-04
   7350   0.45446E-04
   7360   0.45417E-04
   7370   0.45385E-04
   7380   0.45345E-04
   7390   0.45314E-04
   7400   0.45268E-04
   7410   0.45239E-04
   7420   0.45190E-04
   7430   0.45161E-04
   7440   0.45130E-04
   7450   0.45071E-04
   7460   0.45035E-04
   7470   0.44992E-04
   7480   0.44952E-04
   7490   0.44908E-04
   7500   0.44858E-04
   7510   0.44816E-04
   7520   0.44778E-04
   7530   0.44739E-04
   7540   0.44694E-04
   7550   0.44639E-04
   7560   0.44605E-04
   7570   0.44551E-04
   7580   0.44489E-04
   7590   0.44444E-04
   7600   0.44399E-04
   7610   0.44353E-04
   7620   0.44298E-04
   7630   0.44247E-04
   7640   0.44201E-04
   7650   0.44152E-04
   7660   0.44096E-04
   7670   0.44048E-04
   7680   0.43994E-04
   7690   0.43944E-04
   7700   0.43880E-04
   7710   0.43830E-04
   7720   0.43773E-04
   7730   0.43711E-04
   7740   0.43661E-04
   7750   0.43598E-04
   7760   0.43540E-04
   7770   0.43485E-04
   7780   0.43434E-04
   7790   0.43360E-04
   7800   0.43305E-04
   7810   0.43249E-04
   7820   0.43176E-04
   7830   0.43128E-04
   7840   0.43046E-04
   7850   0.42984E-04
   7860   0.42944E-04
   7870   0.42861E-04
   7880   0.42803E-04
   7890   0.42743E-04
   7900   0.42673E-04
   7910   0.42614E-04
   7920   0.42542E-04
   7930   0.42477E-04
   7940   0.42398E-04
   7950   0.42326E-04
   7960   0.42268E-04
   7970   0.42206E-04
   7980   0.42141E-04
   7990   0.42062E-04
   8000   0.41983E-04
   8010   0.41925E-04
   8020   0.41863E-04
   8030   0.41783E-04
   8040   0.41706E-04
   8050   0.41639E-04
   8060   0.41576E-04
   8070   0.41503E-04
   8080   0.41434E-04
   8090   0.41361E-04
   8100   0.41278E-04
   8110   0.41200E-04
   8120   0.41128E-04
   8130   0.41071E-04
   8140   0.40983E-04
   8150   0.40912E-04
   8160   0.40833E-04
   8170   0.40765E-04
   8180   0.40691E-04
   8190   0.40616E-04
   8200   0.40527E-04
   8210   0.40461E-04
   8220   0.40375E-04
   8230   0.40300E-04
   8240   0.40233E-04
   8250   0.40159E-04
   8260   0.40073E-04
   8270   0.39985E-04
   8280   0.39918E-04
   8290   0.39846E-04
   8300   0.39761E-04
   8310   0.39689E-04
   8320   0.39612E-04
   8330   0.39530E-04
   8340   0.39454E-04
   8350   0.39369E-04
   8360   0.39292E-04
   8370   0.39209E-04
   8380   0.39122E-04
   8390   0.39042E-04
   8400   0.38969E-04
   8410   0.38868E-04
   8420   0.38811E-04
   8430   0.38724E-04
   8440   0.38632E-04
   8450   0.38561E-04
   8460   0.38475E-04
   8470   0.38380E-04
   8480   0.38315E-04
   8490   0.38233E-04
   8500   0.38144E-04
   8510   0.38074E-04
   8520   0.37992E-04
   8530   0.37893E-04
   8540   0.37827E-04
   8550   0.37738E-04
   8560   0.37632E-04
   8570   0.37563E-04
   8580   0.37477E-04
   8590   0.37393E-04
   8600   0.37298E-04
   8610   0.37220E-04
   8620   0.37130E-04
   8630   0.37027E-04
   8640   0.36965E-04
   8650   0.36859E-04
   8660   0.36785E-04
   8670   0.36702E-04
   8680   0.36601E-04
   8690   0.36515E-04
   8700   0.36430E-04
   8710   0.36349E-04
   8720   0.36245E-04
   8730   0.36157E-04
   8740   0.36054E-04
   8750   0.35970E-04
   8760   0.35878E-04
   8770   0.35783E-04
   8780   0.35680E-04
   8790   0.35608E-04
   8800   0.35500E-04
   8810   0.35424E-04
   8820   0.35328E-04
   8830   0.35229E-04
   8840   0.35130E-04
   8850   0.35033E-04
   8860   0.34934E-04
   8870   0.34839E-04
   8880   0.34745E-04
   8890   0.34657E-04
   8900   0.34555E-04
   8910   0.34456E-04
   8920   0.34363E-04
   8930   0.34256E-04
   8940   0.34168E-04
   8950   0.34075E-04
   8960   0.33956E-04
   8970   0.33875E-04
   8980   0.33775E-04
   8990   0.33672E-04
   9000   0.33583E-04
   9010   0.33481E-04
   9020   0.33387E-04
   9030   0.33284E-04
   9040   0.33175E-04
   9050   0.33073E-04
   9060   0.32988E-04
   9070   0.32877E-04
   9080   0.32771E-04
   9090   0.32687E-04
   9100   0.32580E-04
   9110   0.32480E-04
   9120   0.32384E-04
   9130   0.32276E-04
   9140   0.32176E-04
   9150   0.32081E-04
   9160   0.31982E-04
   9170   0.31894E-04
   9180   0.31785E-04
   9190   0.31690E-04
   9200   0.31596E-04
   9210   0.31504E-04
   9220   0.31392E-04
   9230   0.31294E-04
   9240   0.31202E-04
   9250   0.31084E-04
   9260   0.30995E-04
   9270   0.30899E-04
   9280   0.30813E-04
   9290   0.30704E-04
   9300   0.30601E-04
   9310   0.30521E-04
   9320   0.30418E-04
   9330   0.30331E-04
   9340   0.30236E-04
   9350   0.30144E-04
   9360   0.30047E-04
   9370   0.29946E-04
   9380   0.29853E-04
   9390   0.29758E-04
   9400   0.29684E-04
   9410   0.29582E-04
   9420   0.29503E-04
   9430   0.29403E-04
   9440   0.29312E-04
   9450   0.29225E-04
   9460   0.29135E-04
   9470   0.29069E-04
   9480   0.28983E-04
   9490   0.28882E-04
   9500   0.28796E-04
   9510   0.28719E-04
   9520   0.28625E-04
   9530   0.28540E-04
   9540   0.28442E-04
   9550   0.28361E-04
   9560   0.28284E-04
   9570   0.28193E-04
   9580   0.28145E-04
   9590   0.28039E-04
   9600   0.27956E-04
   9610   0.27899E-04
   9620   0.27808E-04
   9630   0.27712E-04
   9640   0.27636E-04
   9650   0.27574E-04
   9660   0.27484E-04
   9670   0.27415E-04
   9680   0.27333E-04
   9690   0.27262E-04
   9700   0.27180E-04
   9710   0.27105E-04
   9720   0.27029E-04
   9730   0.26957E-04
   9740   0.26874E-04
   9750   0.26800E-04
   9760   0.26724E-04
   9770   0.26662E-04
   9780   0.26586E-04
   9790   0.26498E-04
   9800   0.26451E-04
   9810   0.26363E-04
   9820   0.26283E-04
   9830   0.26201E-04
   9840   0.26152E-04
   9850   0.26056E-04
   9860   0.25985E-04
   9870   0.25913E-04
   9880   0.25847E-04
   9890   0.25755E-04
   9900   0.25681E-04
   9910   0.25613E-04
   9920   0.25561E-04
   9930   0.25454E-04
   9940   0.25402E-04
   9950   0.25323E-04
   9960   0.25235E-04
   9970   0.25151E-04
   9980   0.25069E-04
   9990   0.25005E-04
  10000   0.24911E-04
  10010   0.24862E-04
  10020   0.24774E-04
  10030   0.24678E-04
  10040   0.24618E-04
  10050   0.24558E-04
  10060   0.24481E-04
  10070   0.24384E-04
  10080   0.24312E-04
  10090   0.24227E-04
  10100   0.24146E-04
  10110   0.24075E-04
  10120   0.23986E-04
  10130   0.23913E-04
  10140   0.23803E-04
  10150   0.23734E-04
  10160   0.23643E-04
  10170   0.23563E-04
  10180   0.23493E-04
  10190   0.23422E-04
  10200   0.23296E-04
  10210   0.23232E-04
  10220   0.23139E-04
  10230   0.23054E-04
  10240   0.22968E-04
  10250   0.22877E-04
  10260   0.22803E-04
  10270   0.22709E-04
  10280   0.22616E-04
  10290   0.22531E-04
  10300   0.22426E-04
  10310   0.22337E-04
  10320   0.22245E-04
  10330   0.22174E-04
  10340   0.22083E-04
  10350   0.21987E-04
  10360   0.21901E-04
  10370   0.21796E-04
  10380   0.21710E-04
  10390   0.21599E-04
  10400   0.21526E-04
  10410   0.21429E-04
  10420   0.21333E-04
  10430   0.21257E-04
  10440   0.21147E-04
  10450   0.21060E-04
  10460   0.20956E-04
  10470   0.20862E-04
  10480   0.20785E-04
  10490   0.20677E-04
  10500   0.20587E-04
  10510   0.20498E-04
  10520   0.20417E-04
  10530   0.20317E-04
  10540   0.20205E-04
  10550   0.20137E-04
  10560   0.20030E-04
  10570   0.19944E-04
  10580   0.19857E-04
  10590   0.19768E-04
  10600   0.19688E-04
  10610   0.19574E-04
  10620   0.19493E-04
  10630   0.19404E-04
  10640   0.19307E-04
  10650   0.19217E-04
  10660   0.19107E-04
  10670   0.19035E-04
  10680   0.18937E-04
  10690   0.18849E-04
  10700   0.18760E-04
  10710   0.18669E-04
  10720   0.18575E-04
  10730   0.18478E-04
  10740   0.18396E-04
  10750   0.18304E-04
  10760   0.18228E-04
  10770   0.18130E-04
  10780   0.18042E-04
  10790   0.17964E-04
  10800   0.17875E-04
  10810   0.17793E-04
  10820   0.17694E-04
  10830   0.17599E-04
  10840   0.17517E-04
  10850   0.17439E-04
  10860   0.17332E-04
  10870   0.17256E-04
  10880   0.17172E-04
  10890   0.17097E-04
  10900   0.17001E-04
  10910   0.16904E-04
  10920   0.16838E-04
  10930   0.16740E-04
  10940   0.16662E-04
  10950   0.16565E-04
  10960   0.16485E-04
  10970   0.16410E-04
  10980   0.16315E-04
  10990   0.16243E-04
  11000   0.16152E-04
  11010   0.16060E-04
  11020   0.15985E-04
  11030   0.15905E-04
  11040   0.15818E-04
  11050   0.15753E-04
  11060   0.15661E-04
  11070   0.15579E-04
  11080   0.15499E-04
  11090   0.15400E-04
  11100   0.15329E-04
  11110   0.15251E-04
  11120   0.15172E-04
  11130   0.15084E-04
  11140   0.15009E-04
  11150   0.14943E-04
  11160   0.14836E-04
  11170   0.14769E-04
  11180   0.14685E-04
  11190   0.14608E-04
  11200   0.14531E-04
  11210   0.14431E-04
  11220   0.14374E-04
  11230   0.14285E-04
  11240   0.14207E-04
  11250   0.14128E-04
  11260   0.14041E-04
  11270   0.13958E-04
  11280   0.13892E-04
  11290   0.13816E-04
  11300   0.13742E-04
  11310   0.13648E-04
  11320   0.13565E-04
  11330   0.13519E-04
  11340   0.13422E-04
  11350   0.13346E-04
  11360   0.13275E-04
  11370   0.13200E-04
  11380   0.13121E-04
  11390   0.13048E-04
  11400   0.12951E-04
  11410   0.12883E-04
  11420   0.12805E-04
  11430   0.12735E-04
  11440   0.12651E-04
  11450   0.12585E-04
  11460   0.12504E-04
  11470   0.12446E-04
  11480   0.12357E-04
  11490   0.12289E-04
  11500   0.12192E-04
  11510   0.12118E-04
  11520   0.12056E-04
  11530   0.11985E-04
  11540   0.11907E-04
  11550   0.11841E-04
  11560   0.11764E-04
  11570   0.11684E-04
  11580   0.11610E-04
  11590   0.11548E-04
  11600   0.11480E-04
  11610   0.11410E-04
  11620   0.11345E-04
  11630   0.11254E-04
  11640   0.11188E-04
  11650   0.11106E-04
  11660   0.11045E-04
  11670   0.10981E-04
  11680   0.10903E-04
  11690   0.10842E-04
  11700   0.10768E-04
  11710   0.10690E-04
  11720   0.10637E-04
  11730   0.10565E-04
  11740   0.10487E-04
  11750   0.10428E-04
  11760   0.10350E-04
  11770   0.10295E-04
  11780   0.10228E-04
  11790   0.10156E-04
  11800   0.10096E-04
  11810   0.10026E-04
  11820   0.99629E-05
  11830   0.98995E-05
  11840   0.98341E-05
  11850   0.97862E-05
  11860   0.97178E-05
  11870   0.96305E-05
  11880   0.95867E-05
  11890   0.95120E-05
  11900   0.94447E-05
  11910   0.93831E-05
  11920   0.93249E-05
  11930   0.92591E-05
  11940   0.92035E-05
  11950   0.91312E-05
  11960   0.90628E-05
  11970   0.90074E-05
  11980   0.89602E-05
  11990   0.88931E-05
  12000   0.88300E-05
  12010   0.87619E-05
  12020   0.86989E-05
  12030   0.86459E-05
  12040   0.85749E-05
  12050   0.85327E-05
  12060   0.84776E-05
  12070   0.84100E-05
  12080   0.83547E-05
  12090   0.82927E-05
  12100   0.82258E-05
  12110   0.81717E-05
  12120   0.81128E-05
  12130   0.80664E-05
  12140   0.80143E-05
  12150   0.79491E-05
  12160   0.78990E-05
  12170   0.78333E-05
  12180   0.77734E-05
  12190   0.77239E-05
  12200   0.76676E-05
  12210   0.76278E-05
  12220   0.75615E-05
  12230   0.75127E-05
  12240   0.74407E-05
  12250   0.74034E-05
  12260   0.73470E-05
  12270   0.73098E-05
  12280   0.72316E-05
  12290   0.71892E-05
  12300   0.71306E-05
  12310   0.70839E-05
  12320   0.70346E-05
  12330   0.69905E-05
  12340   0.69289E-05
  12350   0.68838E-05
  12360   0.68407E-05
  12370   0.67794E-05
  12380   0.67427E-05
  12390   0.66901E-05
  12400   0.66348E-05
  12410   0.65877E-05
  12420   0.65421E-05
  12430   0.64987E-05
  12440   0.64489E-05
  12450   0.63939E-05
  12460   0.63479E-05
  12470   0.63032E-05
  12480   0.62562E-05
  12490   0.62110E-05
  12500   0.61783E-05
  12510   0.61151E-05
  12520   0.60657E-05
  12530   0.60292E-05
  12540   0.59772E-05
  12550   0.59411E-05
  12560   0.58993E-05
  12570   0.58522E-05
  12580   0.58064E-05
  12590   0.57643E-05
  12600   0.57268E-05
  12610   0.56849E-05
  12620   0.56658E-05
  12630   0.56015E-05
  12640   0.55794E-05
  12650   0.55199E-05
  12660   0.54801E-05
  12670   0.54455E-05
  12680   0.54040E-05
  12690   0.53701E-05
  12700   0.53253E-05
  12710   0.52897E-05
  12720   0.52634E-05
  12730   0.52210E-05
  12740   0.51839E-05
  12750   0.51350E-05
  12760   0.51101E-05
  12770   0.50570E-05
  12780   0.50199E-05
  12790   0.49967E-05
  12800   0.49633E-05
  12810   0.49320E-05
  12820   0.48975E-05
  12830   0.48607E-05
  12840   0.48283E-05
  12850   0.47905E-05
  12860   0.47549E-05
  12870   0.47152E-05
  12880   0.46855E-05
  12890   0.46566E-05
  12900   0.46288E-05
  12910   0.45968E-05
  12920   0.45602E-05
  12930   0.45403E-05
  12940   0.44930E-05
  12950   0.44736E-05
  12960   0.44449E-05
  12970   0.44200E-05
  12980   0.43798E-05
  12990   0.43548E-05
  13000   0.43185E-05
  13010   0.43051E-05
  13020   0.42718E-05
  13030   0.42459E-05
  13040   0.42258E-05
  13050   0.41957E-05
  13060   0.41645E-05
  13070   0.41370E-05
  13080   0.41216E-05
  13090   0.40918E-05
  13100   0.40637E-05
  13110   0.40432E-05
  13120   0.40265E-05
  13130   0.39976E-05
  13140   0.39698E-05
  13150   0.39373E-05
  13160   0.39161E-05
  13170   0.38982E-05
  13180   0.38689E-05
  13190   0.38346E-05
  13200   0.38205E-05
  13210   0.38029E-05
  13220   0.37834E-05
  13230   0.37530E-05
  13240   0.37327E-05
  13250   0.37127E-05
  13260   0.36893E-05
  13270   0.36631E-05
  13280   0.36403E-05
  13290   0.36247E-05
  13300   0.36036E-05
  13310   0.35810E-05
  13320   0.35643E-05
  13330   0.35490E-05
  13340   0.35179E-05
  13350   0.34929E-05
  13360   0.34793E-05
  13370   0.34740E-05
  13380   0.34616E-05
  13390   0.34354E-05
  13400   0.34179E-05
  13410   0.34028E-05
  13420   0.33805E-05
  13430   0.33572E-05
  13440   0.33421E-05
  13450   0.33248E-05
  13460   0.33015E-05
  13470   0.32868E-05
  13480   0.32642E-05
  13490   0.32478E-05
  13500   0.32430E-05
  13510   0.32172E-05
  13520   0.31963E-05
  13530   0.31756E-05
  13540   0.31585E-05
  13550   0.31464E-05
  13560   0.31336E-05
  13570   0.31180E-05
  13580   0.31065E-05
  13590   0.30879E-05
  13600   0.30720E-05
  13610   0.30669E-05
  13620   0.30558E-05
  13630   0.30271E-05
  13640   0.30109E-05
  13650   0.30105E-05
  13660   0.29875E-05
  13670   0.29742E-05
  13680   0.29562E-05
  13690   0.29501E-05
  13700   0.29294E-05
  13710   0.29071E-05
  13720   0.28988E-05
  13730   0.28832E-05
  13740   0.28619E-05
  13750   0.28521E-05
  13760   0.28458E-05
  13770   0.28354E-05
  13780   0.28242E-05
  13790   0.28167E-05
  13800   0.28068E-05
  13810   0.27937E-05
  13820   0.27771E-05
  13830   0.27514E-05
  13840   0.27419E-05
  13850   0.27300E-05
  13860   0.27083E-05
  13870   0.27069E-05
  13880   0.26957E-05
  13890   0.26706E-05
  13900   0.26503E-05
  13910   0.26566E-05
  13920   0.26446E-05
  13930   0.26321E-05
  13940   0.26252E-05
  13950   0.26184E-05
  13960   0.26011E-05
  13970   0.25816E-05
  13980   0.25768E-05
  13990   0.25608E-05
  14000   0.25608E-05
  14010   0.25487E-05
  14020   0.25346E-05
  14030   0.25216E-05
  14040   0.25072E-05
  14050   0.25073E-05
  14060   0.24864E-05
  14070   0.24857E-05
  14080   0.24786E-05
  14090   0.24603E-05
  14100   0.24510E-05
  14110   0.24296E-05
  14120   0.24143E-05
  14130   0.24041E-05
  14140   0.24042E-05
  14150   0.23993E-05
  14160   0.23829E-05
  14170   0.23589E-05
  14180   0.23511E-05
  14190   0.23485E-05
  14200   0.23350E-05
  14210   0.23283E-05
  14220   0.23154E-05
  14230   0.23067E-05
  14240   0.23080E-05
  14250   0.22970E-05
  14260   0.22903E-05
  14270   0.22758E-05
  14280   0.22545E-05
  14290   0.22592E-05
  14300   0.22525E-05
  14310   0.22305E-05
  14320   0.22248E-05
  14330   0.22280E-05
  14340   0.22190E-05
  14350   0.22151E-05
  14360   0.22120E-05
  14370   0.22047E-05
  14380   0.21967E-05
  14390   0.21841E-05
  14400   0.21724E-05
  14410   0.21505E-05
  14420   0.21340E-05
  14430   0.21320E-05
  14440   0.21232E-05
  14450   0.21267E-05
  14460   0.21223E-05
  14470   0.21187E-05
  14480   0.21073E-05
  14490   0.20929E-05
  14500   0.20771E-05
  14510   0.20789E-05
  14520   0.20571E-05
  14530   0.20611E-05
  14540   0.20540E-05
  14550   0.20396E-05
  14560   0.20363E-05
  14570   0.20315E-05
  14580   0.20226E-05
  14590   0.20201E-05
  14600   0.19976E-05
  14610   0.19908E-05
  14620   0.19803E-05
  14630   0.19795E-05
  14640   0.19737E-05
  14650   0.19606E-05
  14660   0.19581E-05
  14670   0.19528E-05
  14680   0.19487E-05
  14690   0.19360E-05
  14700   0.19356E-05
  14710   0.19171E-05
  14720   0.19193E-05
  14730   0.19107E-05
  14740   0.19045E-05
  14750   0.19039E-05
  14760   0.18945E-05
  14770   0.18850E-05
  14780   0.18610E-05
  14790   0.18558E-05
  14800   0.18513E-05
  14810   0.18605E-05
  14820   0.18493E-05
  14830   0.18493E-05
  14840   0.18313E-05
  14850   0.18295E-05
  14860   0.18287E-05
  14870   0.18298E-05
  14880   0.18131E-05
  14890   0.17966E-05
  14900   0.18076E-05
  14910   0.18016E-05
  14920   0.18112E-05
  14930   0.18081E-05
  14940   0.17945E-05
  14950   0.17806E-05
  14960   0.17632E-05
  14970   0.17578E-05
  14980   0.17531E-05
  14990   0.17424E-05
  15000   0.17395E-05
  15010   0.17344E-05
  15020   0.17177E-05
  15030   0.17271E-05
  15040   0.17180E-05
  15050   0.17046E-05
  15060   0.16897E-05
  15070   0.16934E-05
  15080   0.16874E-05
  15090   0.16946E-05
  15100   0.16711E-05
  15110   0.16711E-05
  15120   0.16643E-05
  15130   0.16579E-05
  15140   0.16502E-05
  15150   0.16536E-05
  15160   0.16430E-05
  15170   0.16406E-05
  15180   0.16324E-05
  15190   0.16215E-05
  15200   0.16187E-05
  15210   0.16153E-05
  15220   0.16203E-05
  15230   0.16074E-05
  15240   0.15980E-05
  15250   0.15917E-05
  15260   0.15806E-05
  15270   0.15747E-05
  15280   0.15758E-05
  15290   0.15806E-05
  15300   0.15727E-05
  15310   0.15802E-05
  15320   0.15663E-05
  15330   0.15514E-05
  15340   0.15468E-05
  15350   0.15378E-05
  15360   0.15372E-05
  15370   0.15318E-05
  15380   0.15197E-05
  15390   0.15161E-05
  15400   0.15097E-05
  15410   0.15179E-05
  15420   0.15226E-05
  15430   0.14953E-05
  15440   0.14946E-05
  15450   0.14959E-05
  15460   0.14969E-05
  15470   0.14842E-05
  15480   0.14719E-05
  15490   0.14687E-05
  15500   0.14619E-05
  15510   0.14748E-05
  15520   0.14676E-05
  15530   0.14515E-05
  15540   0.14639E-05
  15550   0.14593E-05
  15560   0.14504E-05
  15570   0.14370E-05
  15580   0.14242E-05
  15590   0.14451E-05
  15600   0.14285E-05
  15610   0.14336E-05
  15620   0.14187E-05
  15630   0.14195E-05
  15640   0.14234E-05
  15650   0.14170E-05
  15660   0.14237E-05
  15670   0.14149E-05
  15680   0.14101E-05
  15690   0.14031E-05
  15700   0.14000E-05
  15710   0.13800E-05
  15720   0.13804E-05
  15730   0.13769E-05
  15740   0.13725E-05
  15750   0.13597E-05
  15760   0.13594E-05
  15770   0.13599E-05
  15780   0.13501E-05
  15790   0.13445E-05
  15800   0.13319E-05
  15810   0.13431E-05
  15820   0.13220E-05
  15830   0.13293E-05
  15840   0.13101E-05
  15850   0.13164E-05
  15860   0.13059E-05
  15870   0.13208E-05
  15880   0.13143E-05
  15890   0.13227E-05
  15900   0.13130E-05
  15910   0.12948E-05
  15920   0.12974E-05
  15930   0.12958E-05
  15940   0.12779E-05
  15950   0.12673E-05
  15960   0.12571E-05
  15970   0.12570E-05
  15980   0.12516E-05
  15990   0.12530E-05
  16000   0.12562E-05
  16010   0.12420E-05
  16020   0.12369E-05
  16030   0.12382E-05
  16040   0.12418E-05
  16050   0.12375E-05
  16060   0.12383E-05
  16070   0.12403E-05
  16080   0.12357E-05
  16090   0.12288E-05
  16100   0.12213E-05
  16110   0.12126E-05
  16120   0.12042E-05
  16130   0.11916E-05
  16140   0.11914E-05
  16150   0.11792E-05
  16160   0.11618E-05
  16170   0.11555E-05
  16180   0.11542E-05
  16190   0.11571E-05
  16200   0.11542E-05
  16210   0.11549E-05
  16220   0.11475E-05
  16230   0.11428E-05
  16240   0.11276E-05
  16250   0.11244E-05
  16260   0.11119E-05
  16270   0.11072E-05
  16280   0.11103E-05
  16290   0.11147E-05
  16300   0.11125E-05
  16310   0.11018E-05
  16320   0.10951E-05
  16330   0.10913E-05
  16340   0.10888E-05
  16350   0.10771E-05
  16360   0.10668E-05
  16370   0.10718E-05
  16380   0.10681E-05
  16390   0.10618E-05
  16400   0.10612E-05
  16410   0.10672E-05
  16420   0.10339E-05
  16430   0.10237E-05
  16440   0.10343E-05
  16450   0.10321E-05
  16460   0.10302E-05
  16470   0.10355E-05
  16480   0.10281E-05
  16490   0.10272E-05
  16500   0.10370E-05
  16510   0.99727E-06
  16520   0.10053E-05
  16530   0.99780E-06
  16540   0.99457E-06
  16550   0.10040E-05
  16560   0.98684E-06
  16570   0.97686E-06
  16580   0.96954E-06
  16590   0.96149E-06
  16600   0.96613E-06
  16610   0.96941E-06
  16620   0.94434E-06
  16630   0.93024E-06
  16640   0.92988E-06
  16650   0.90601E-06
  16660   0.92977E-06
  16670   0.91538E-06
  16680   0.91174E-06
  16690   0.90399E-06
  16700   0.90955E-06
  16710   0.90676E-06
  16720   0.89307E-06
  16730   0.89733E-06
  16740   0.89555E-06
  16750   0.88712E-06
  16760   0.88982E-06
  16770   0.87637E-06
  16780   0.87441E-06
  16790   0.87183E-06
  16800   0.86641E-06
  16810   0.87006E-06
  16820   0.87211E-06
  16830   0.86949E-06
  16840   0.85807E-06
  16850   0.85882E-06
  16860   0.85477E-06
  16870   0.85986E-06
  16880   0.84381E-06
  16890   0.85517E-06
  16900   0.83939E-06
  16910   0.84621E-06
  16920   0.83166E-06
  16930   0.83117E-06
  16940   0.82333E-06
  16950   0.81303E-06
  16960   0.78948E-06
  16970   0.79420E-06
  16980   0.79467E-06
  16990   0.79476E-06
  17000   0.78855E-06
  17010   0.80227E-06
  17020   0.78195E-06
  17030   0.76517E-06
  17040   0.77578E-06
  17050   0.75625E-06
  17060   0.76913E-06
  17070   0.75691E-06
  17080   0.73952E-06
  17090   0.74239E-06
  17100   0.73270E-06
  17110   0.73038E-06
  17120   0.71424E-06
  17130   0.71494E-06
  17140   0.71706E-06
  17150   0.69812E-06
  17160   0.70093E-06
  17170   0.69744E-06
  17180   0.68740E-06
  17190   0.68470E-06
  17200   0.68398E-06
  17210   0.70154E-06
  17220   0.69063E-06
  17230   0.69747E-06
  17240   0.70100E-06
  17250   0.70127E-06
  17260   0.70038E-06
  17270   0.69622E-06
  17280   0.67924E-06
  17290   0.68628E-06
  17300   0.68299E-06
  17310   0.67613E-06
  17320   0.68021E-06
  17330   0.66228E-06
  17340   0.65798E-06
  17350   0.64900E-06
  17360   0.63377E-06
  17370   0.63601E-06
  17380   0.61842E-06
  17390   0.63303E-06
  17400   0.62001E-06
  17410   0.64177E-06
  17420   0.63801E-06
  17430   0.63636E-06
  17440   0.61677E-06
  17450   0.62168E-06
  17460   0.61562E-06
  17470   0.61015E-06
  17480   0.60389E-06
  17490   0.59556E-06
  17500   0.59472E-06
  17510   0.61143E-06
  17520   0.60590E-06
  17530   0.60739E-06
  17540   0.60124E-06
  17550   0.60265E-06
  17560   0.59107E-06
  17570   0.58350E-06
  17580   0.58157E-06
  17590   0.58980E-06
  17600   0.59178E-06
  17610   0.58053E-06
  17620   0.57712E-06
  17630   0.58215E-06
  17640   0.57800E-06
  17650   0.58352E-06
  17660   0.57913E-06
  17670   0.58798E-06
  17680   0.59020E-06
  17690   0.58083E-06
  17700   0.57610E-06
  17710   0.57755E-06
  17720   0.56840E-06
  17730   0.56456E-06
  17740   0.56970E-06
  17750   0.57504E-06
  17760   0.57059E-06
  17770   0.56592E-06
  17780   0.56202E-06
  17790   0.56004E-06
  17800   0.55229E-06
  17810   0.58024E-06
  17820   0.56789E-06
  17830   0.58057E-06
  17840   0.57057E-06
  17850   0.56314E-06
  17860   0.56497E-06
  17870   0.55996E-06
  17880   0.54676E-06
  17890   0.54625E-06
  17900   0.54757E-06
  17910   0.59755E-06
  17920   0.58467E-06
  17930   0.58275E-06
  17940   0.57656E-06
  17950   0.57990E-06
  17960   0.57153E-06
  17970   0.57002E-06
  17980   0.56710E-06
  17990   0.56151E-06
  18000   0.56673E-06
  18010   0.59489E-06
  18020   0.58906E-06
  18030   0.58371E-06
  18040   0.58514E-06
  18050   0.57200E-06
  18060   0.57464E-06
  18070   0.56838E-06
  18080   0.56683E-06
  18090   0.56164E-06
  18100   0.55953E-06
  18110   0.58784E-06
  18120   0.58053E-06
  18130   0.57921E-06
  18140   0.57680E-06
  18150   0.56037E-06
  18160   0.57008E-06
  18170   0.56728E-06
  18180   0.56864E-06
  18190   0.56868E-06
  18200   0.56431E-06
  18210   0.59038E-06
  18220   0.58508E-06
  18230   0.58295E-06
  18240   0.59203E-06
  18250   0.58567E-06
  18260   0.58206E-06
  18270   0.58779E-06
  18280   0.58984E-06
  18290   0.59344E-06
  18300   0.60994E-06
  18310   0.61884E-06
  18320   0.60540E-06
  18330   0.61570E-06
  18340   0.60966E-06
  18350   0.60491E-06
  18360   0.61222E-06
  18370   0.61158E-06
  18380   0.62059E-06
  18390   0.62252E-06
  18400   0.62034E-06
  18410   0.62752E-06
  18420   0.63626E-06
  18430   0.63401E-06
  18440   0.62883E-06
  18450   0.62655E-06
  18460   0.64966E-06
  18470   0.64528E-06
  18480   0.65751E-06
  18490   0.65583E-06
  18500   0.67466E-06
  18510   0.64628E-06
  18520   0.64356E-06
  18530   0.64068E-06
  18540   0.64582E-06
  18550   0.65026E-06
  18560   0.64827E-06
  18570   0.64566E-06
  18580   0.65979E-06
  18590   0.66633E-06
  18600   0.67219E-06
  18610   0.66387E-06
  18620   0.66597E-06
  18630   0.67061E-06
  18640   0.67411E-06
  18650   0.67993E-06
  18660   0.68127E-06
  18670   0.66988E-06
  18680   0.68204E-06
  18690   0.67943E-06
  18700   0.69308E-06
  18710   0.70498E-06
  18720   0.70619E-06
  18730   0.70596E-06
  18740   0.70246E-06
  18750   0.70523E-06
  18760   0.69807E-06
  18770   0.70038E-06
  18780   0.70202E-06
  18790   0.70047E-06
  18800   0.71631E-06
  18810   0.73456E-06
  18820   0.74390E-06
  18830   0.73946E-06
  18840   0.72687E-06
  18850   0.72275E-06
  18860   0.72960E-06
  18870   0.72969E-06
  18880   0.72649E-06
  18890   0.71172E-06
  18900   0.70938E-06
  18910   0.76332E-06
  18920   0.75097E-06
  18930   0.75820E-06
  18940   0.76510E-06
  18950   0.76306E-06
  18960   0.75449E-06
  18970   0.75313E-06
  18980   0.74953E-06
  18990   0.73300E-06
  19000   0.74121E-06
  19010   0.76829E-06
  19020   0.76506E-06
  19030   0.75753E-06
  19040   0.75502E-06
  19050   0.75768E-06
  19060   0.75525E-06
  19070   0.75918E-06
  19080   0.75648E-06
  19090   0.76417E-06
  19100   0.75027E-06
  19110   0.80945E-06
  19120   0.78376E-06
  19130   0.78289E-06
  19140   0.77882E-06
  19150   0.78057E-06
  19160   0.76940E-06
  19170   0.78144E-06
  19180   0.77777E-06
  19190   0.78490E-06
  19200   0.79455E-06
  19210   0.83514E-06
  19220   0.81722E-06
  19230   0.81675E-06
  19240   0.81770E-06
  19250   0.81468E-06
  19260   0.81699E-06
  19270   0.82182E-06
  19280   0.81318E-06
  19290   0.81354E-06
  19300   0.82159E-06
  19310   0.85100E-06
  19320   0.85367E-06
  19330   0.85020E-06
  19340   0.85635E-06
  19350   0.86217E-06
  19360   0.85660E-06
  19370   0.85971E-06
  19380   0.85846E-06
  19390   0.86667E-06
  19400   0.86836E-06
  19410   0.88845E-06
  19420   0.88214E-06
  19430   0.89349E-06
  19440   0.88765E-06
  19450   0.88338E-06
  19460   0.88950E-06
  19470   0.88862E-06
  19480   0.88475E-06
  19490   0.89110E-06
  19500   0.89057E-06
  19510   0.90430E-06
  19520   0.90763E-06
  19530   0.91721E-06
  19540   0.90769E-06
  19550   0.91911E-06
  19560   0.91461E-06
  19570   0.91480E-06
  19580   0.92464E-06
  19590   0.92326E-06
  19600   0.92230E-06
  19610   0.93494E-06
  19620   0.93370E-06
  19630   0.93736E-06
  19640   0.93386E-06
  19650   0.93638E-06
  19660   0.93027E-06
  19670   0.94750E-06
  19680   0.94807E-06
  19690   0.95628E-06
  19700   0.95657E-06
  19710   0.96155E-06
  19720   0.95850E-06
  19730   0.96181E-06
  19740   0.97566E-06
  19750   0.98571E-06
  19760   0.98180E-06
  19770   0.98561E-06
  19780   0.98437E-06
  19790   0.98839E-06
  19800   0.99363E-06
  19810   0.99853E-06
  19820   0.99724E-06
  19830   0.99903E-06
  19840   0.99955E-06
  19850   0.99257E-06
  19860   0.10090E-05
  19870   0.10007E-05
  19880   0.99833E-06
  19890   0.10123E-05
  19900   0.10164E-05
  19910   0.10166E-05
  19920   0.10191E-05
  19930   0.10144E-05
  19940   0.10258E-05
  19950   0.10383E-05
  19960   0.10370E-05
  19970   0.10328E-05
  19980   0.10447E-05
  19990   0.10380E-05
  20000   0.10369E-05
