     10   0.11103E-02
     20   0.94775E-03
     30   0.83856E-03
     40   0.76005E-03
     50   0.70041E-03
     60   0.65278E-03
     70   0.61290E-03
     80   0.57851E-03
     90   0.54810E-03
    100   0.52070E-03
    110   0.49563E-03
    120   0.47242E-03
    130   0.45090E-03
    140   0.43080E-03
    150   0.41173E-03
    160   0.39378E-03
    170   0.37683E-03
    180   0.36094E-03
    190   0.34594E-03
    200   0.33181E-03
    210   0.31833E-03
    220   0.30567E-03
    230   0.29380E-03
    240   0.28266E-03
    250   0.27222E-03
    260   0.26243E-03
    270   0.25334E-03
    280   0.24481E-03
    290   0.23689E-03
    300   0.22949E-03
    310   0.22260E-03
    320   0.21617E-03
    330   0.21020E-03
    340   0.20470E-03
    350   0.19960E-03
    360   0.19494E-03
    370   0.19069E-03
    380   0.18691E-03
    390   0.18351E-03
    400   0.18057E-03
    410   0.17797E-03
    420   0.17577E-03
    430   0.17383E-03
    440   0.17218E-03
    450   0.17070E-03
    460   0.16934E-03
    470   0.16806E-03
    480   0.16678E-03
    490   0.16546E-03
    500   0.16408E-03
    510   0.16262E-03
    520   0.16106E-03
    530   0.15940E-03
    540   0.15768E-03
    550   0.15591E-03
    560   0.15413E-03
    570   0.15236E-03
    580   0.15067E-03
    590   0.14907E-03
    600   0.14760E-03
    610   0.14629E-03
    620   0.14518E-03
    630   0.14425E-03
    640   0.14354E-03
    650   0.14305E-03
    660   0.14275E-03
    670   0.14266E-03
    680   0.14274E-03
    690   0.14299E-03
    700   0.14336E-03
    710   0.14383E-03
    720   0.14439E-03
    730   0.14500E-03
    740   0.14562E-03
    750   0.14624E-03
    760   0.14683E-03
    770   0.14738E-03
    780   0.14784E-03
    790   0.14822E-03
    800   0.14850E-03
    810   0.14866E-03
    820   0.14870E-03
    830   0.14861E-03
    840   0.14841E-03
    850   0.14808E-03
    860   0.14762E-03
    870   0.14706E-03
    880   0.14638E-03
    890   0.14561E-03
    900   0.14476E-03
    910   0.14381E-03
    920   0.14279E-03
    930   0.14170E-03
    940   0.14055E-03
    950   0.13936E-03
    960   0.13813E-03
    970   0.13687E-03
    980   0.13559E-03
    990   0.13432E-03
   1000   0.13305E-03
   1010   0.13179E-03
   1020   0.13058E-03
   1030   0.12942E-03
   1040   0.12832E-03
   1050   0.12732E-03
   1060   0.12639E-03
   1070   0.12558E-03
   1080   0.12488E-03
   1090   0.12430E-03
   1100   0.12386E-03
   1110   0.12352E-03
   1120   0.12331E-03
   1130   0.12324E-03
   1140   0.12326E-03
   1150   0.12339E-03
   1160   0.12360E-03
   1170   0.12389E-03
   1180   0.12424E-03
   1190   0.12463E-03
   1200   0.12504E-03
   1210   0.12546E-03
   1220   0.12589E-03
   1230   0.12629E-03
   1240   0.12667E-03
   1250   0.12699E-03
   1260   0.12727E-03
   1270   0.12752E-03
   1280   0.12768E-03
   1290   0.12778E-03
   1300   0.12782E-03
   1310   0.12779E-03
   1320   0.12771E-03
   1330   0.12756E-03
   1340   0.12735E-03
   1350   0.12709E-03
   1360   0.12686E-03
   1370   0.12657E-03
   1380   0.12625E-03
   1390   0.12595E-03
   1400   0.12563E-03
   1410   0.12537E-03
   1420   0.12510E-03
   1430   0.12487E-03
   1440   0.12466E-03
   1450   0.12452E-03
   1460   0.12440E-03
   1470   0.12435E-03
   1480   0.12431E-03
   1490   0.12432E-03
   1500   0.12436E-03
   1510   0.12442E-03
   1520   0.12450E-03
   1530   0.12459E-03
   1540   0.12467E-03
   1550   0.12475E-03
   1560   0.12480E-03
   1570   0.12484E-03
   1580   0.12482E-03
   1590   0.12478E-03
   1600   0.12468E-03
   1610   0.12453E-03
   1620   0.12432E-03
   1630   0.12405E-03
   1640   0.12372E-03
   1650   0.12333E-03
   1660   0.12286E-03
   1670   0.12234E-03
   1680   0.12176E-03
   1690   0.12115E-03
   1700   0.12046E-03
   1710   0.11974E-03
   1720   0.11900E-03
   1730   0.11822E-03
   1740   0.11743E-03
   1750   0.11663E-03
   1760   0.11584E-03
   1770   0.11506E-03
   1780   0.11430E-03
   1790   0.11356E-03
   1800   0.11288E-03
   1810   0.11225E-03
   1820   0.11170E-03
   1830   0.11121E-03
   1840   0.11082E-03
   1850   0.11051E-03
   1860   0.11031E-03
   1870   0.11021E-03
   1880   0.11021E-03
   1890   0.11034E-03
   1900   0.11057E-03
   1910   0.11092E-03
   1920   0.11138E-03
   1930   0.11195E-03
   1940   0.11262E-03
   1950   0.11342E-03
   1960   0.11428E-03
   1970   0.11523E-03
   1980   0.11629E-03
   1990   0.11739E-03
   2000   0.11855E-03
   2010   0.11977E-03
   2020   0.12103E-03
   2030   0.12233E-03
   2040   0.12366E-03
   2050   0.12502E-03
   2060   0.12638E-03
   2070   0.12774E-03
   2080   0.12910E-03
   2090   0.13047E-03
   2100   0.13181E-03
   2110   0.13316E-03
   2120   0.13448E-03
   2130   0.13575E-03
   2140   0.13702E-03
   2150   0.13824E-03
   2160   0.13945E-03
   2170   0.14059E-03
   2180   0.14173E-03
   2190   0.14281E-03
   2200   0.14384E-03
   2210   0.14484E-03
   2220   0.14579E-03
   2230   0.14670E-03
   2240   0.14754E-03
   2250   0.14834E-03
   2260   0.14909E-03
   2270   0.14979E-03
   2280   0.15040E-03
   2290   0.15099E-03
   2300   0.15151E-03
   2310   0.15197E-03
   2320   0.15240E-03
   2330   0.15273E-03
   2340   0.15302E-03
   2350   0.15325E-03
   2360   0.15342E-03
   2370   0.15353E-03
   2380   0.15358E-03
   2390   0.15357E-03
   2400   0.15351E-03
   2410   0.15339E-03
   2420   0.15321E-03
   2430   0.15299E-03
   2440   0.15271E-03
   2450   0.15237E-03
   2460   0.15199E-03
   2470   0.15157E-03
   2480   0.15111E-03
   2490   0.15057E-03
   2500   0.15001E-03
   2510   0.14944E-03
   2520   0.14879E-03
   2530   0.14808E-03
   2540   0.14740E-03
   2550   0.14666E-03
   2560   0.14588E-03
   2570   0.14507E-03
   2580   0.14422E-03
   2590   0.14337E-03
   2600   0.14247E-03
   2610   0.14157E-03
   2620   0.14061E-03
   2630   0.13968E-03
   2640   0.13869E-03
   2650   0.13769E-03
   2660   0.13668E-03
   2670   0.13562E-03
   2680   0.13458E-03
   2690   0.13349E-03
   2700   0.13240E-03
   2710   0.13130E-03
   2720   0.13016E-03
   2730   0.12906E-03
   2740   0.12790E-03
   2750   0.12674E-03
   2760   0.12556E-03
   2770   0.12438E-03
   2780   0.12318E-03
   2790   0.12196E-03
   2800   0.12076E-03
   2810   0.11955E-03
   2820   0.11830E-03
   2830   0.11709E-03
   2840   0.11586E-03
   2850   0.11463E-03
   2860   0.11338E-03
   2870   0.11214E-03
   2880   0.11090E-03
   2890   0.10967E-03
   2900   0.10844E-03
   2910   0.10722E-03
   2920   0.10603E-03
   2930   0.10481E-03
   2940   0.10361E-03
   2950   0.10243E-03
   2960   0.10125E-03
   2970   0.10009E-03
   2980   0.98955E-04
   2990   0.97822E-04
   3000   0.96712E-04
   3010   0.95619E-04
   3020   0.94537E-04
   3030   0.93499E-04
   3040   0.92466E-04
   3050   0.91448E-04
   3060   0.90452E-04
   3070   0.89491E-04
   3080   0.88554E-04
   3090   0.87627E-04
   3100   0.86719E-04
   3110   0.85836E-04
   3120   0.84999E-04
   3130   0.84162E-04
   3140   0.83360E-04
   3150   0.82561E-04
   3160   0.81815E-04
   3170   0.81070E-04
   3180   0.80340E-04
   3190   0.79638E-04
   3200   0.78948E-04
   3210   0.78293E-04
   3220   0.77650E-04
   3230   0.77030E-04
   3240   0.76430E-04
   3250   0.75815E-04
   3260   0.75266E-04
   3270   0.74702E-04
   3280   0.74155E-04
   3290   0.73625E-04
   3300   0.73098E-04
   3310   0.72606E-04
   3320   0.72141E-04
   3330   0.71638E-04
   3340   0.71192E-04
   3350   0.70746E-04
   3360   0.70311E-04
   3370   0.69883E-04
   3380   0.69451E-04
   3390   0.69040E-04
   3400   0.68651E-04
   3410   0.68280E-04
   3420   0.67908E-04
   3430   0.67534E-04
   3440   0.67175E-04
   3450   0.66839E-04
   3460   0.66508E-04
   3470   0.66180E-04
   3480   0.65847E-04
   3490   0.65537E-04
   3500   0.65225E-04
   3510   0.64930E-04
   3520   0.64654E-04
   3530   0.64383E-04
   3540   0.64125E-04
   3550   0.63856E-04
   3560   0.63626E-04
   3570   0.63374E-04
   3580   0.63144E-04
   3590   0.62916E-04
   3600   0.62709E-04
   3610   0.62512E-04
   3620   0.62320E-04
   3630   0.62133E-04
   3640   0.61948E-04
   3650   0.61784E-04
   3660   0.61637E-04
   3670   0.61469E-04
   3680   0.61318E-04
   3690   0.61198E-04
   3700   0.61054E-04
   3710   0.60944E-04
   3720   0.60808E-04
   3730   0.60723E-04
   3740   0.60612E-04
   3750   0.60518E-04
   3760   0.60430E-04
   3770   0.60352E-04
   3780   0.60274E-04
   3790   0.60193E-04
   3800   0.60138E-04
   3810   0.60056E-04
   3820   0.60020E-04
   3830   0.59978E-04
   3840   0.59931E-04
   3850   0.59891E-04
   3860   0.59860E-04
   3870   0.59825E-04
   3880   0.59795E-04
   3890   0.59773E-04
   3900   0.59768E-04
   3910   0.59725E-04
   3920   0.59734E-04
   3930   0.59732E-04
   3940   0.59716E-04
   3950   0.59731E-04
   3960   0.59750E-04
   3970   0.59740E-04
   3980   0.59760E-04
   3990   0.59779E-04
   4000   0.59789E-04
   4010   0.59821E-04
   4020   0.59859E-04
   4030   0.59869E-04
   4040   0.59914E-04
   4050   0.59946E-04
   4060   0.60001E-04
   4070   0.60027E-04
   4080   0.60078E-04
   4090   0.60101E-04
   4100   0.60157E-04
   4110   0.60219E-04
   4120   0.60267E-04
   4130   0.60318E-04
   4140   0.60379E-04
   4150   0.60436E-04
   4160   0.60515E-04
   4170   0.60570E-04
   4180   0.60637E-04
   4190   0.60700E-04
   4200   0.60752E-04
   4210   0.60839E-04
   4220   0.60901E-04
   4230   0.60981E-04
   4240   0.61074E-04
   4250   0.61129E-04
   4260   0.61203E-04
   4270   0.61295E-04
   4280   0.61375E-04
   4290   0.61440E-04
   4300   0.61531E-04
   4310   0.61596E-04
   4320   0.61673E-04
   4330   0.61753E-04
   4340   0.61842E-04
   4350   0.61916E-04
   4360   0.62000E-04
   4370   0.62068E-04
   4380   0.62144E-04
   4390   0.62227E-04
   4400   0.62297E-04
   4410   0.62363E-04
   4420   0.62436E-04
   4430   0.62499E-04
   4440   0.62570E-04
   4450   0.62639E-04
   4460   0.62706E-04
   4470   0.62761E-04
   4480   0.62813E-04
   4490   0.62875E-04
   4500   0.62930E-04
   4510   0.62982E-04
   4520   0.63031E-04
   4530   0.63080E-04
   4540   0.63108E-04
   4550   0.63166E-04
   4560   0.63189E-04
   4570   0.63222E-04
   4580   0.63265E-04
   4590   0.63281E-04
   4600   0.63303E-04
   4610   0.63334E-04
   4620   0.63338E-04
   4630   0.63358E-04
   4640   0.63344E-04
   4650   0.63366E-04
   4660   0.63373E-04
   4670   0.63353E-04
   4680   0.63370E-04
   4690   0.63349E-04
   4700   0.63331E-04
   4710   0.63312E-04
   4720   0.63301E-04
   4730   0.63271E-04
   4740   0.63244E-04
   4750   0.63219E-04
   4760   0.63158E-04
   4770   0.63134E-04
   4780   0.63083E-04
   4790   0.63052E-04
   4800   0.63000E-04
   4810   0.62955E-04
   4820   0.62891E-04
   4830   0.62840E-04
   4840   0.62761E-04
   4850   0.62701E-04
   4860   0.62641E-04
   4870   0.62576E-04
   4880   0.62507E-04
   4890   0.62440E-04
   4900   0.62352E-04
   4910   0.62286E-04
   4920   0.62208E-04
   4930   0.62127E-04
   4940   0.62048E-04
   4950   0.61966E-04
   4960   0.61874E-04
   4970   0.61790E-04
   4980   0.61705E-04
   4990   0.61619E-04
   5000   0.61549E-04
   5010   0.61459E-04
   5020   0.61356E-04
   5030   0.61277E-04
   5040   0.61184E-04
   5050   0.61101E-04
   5060   0.61005E-04
   5070   0.60914E-04
   5080   0.60833E-04
   5090   0.60745E-04
   5100   0.60647E-04
   5110   0.60567E-04
   5120   0.60492E-04
   5130   0.60407E-04
   5140   0.60306E-04
   5150   0.60239E-04
   5160   0.60167E-04
   5170   0.60077E-04
   5180   0.59990E-04
   5190   0.59930E-04
   5200   0.59841E-04
   5210   0.59767E-04
   5220   0.59706E-04
   5230   0.59633E-04
   5240   0.59560E-04
   5250   0.59503E-04
   5260   0.59416E-04
   5270   0.59364E-04
   5280   0.59315E-04
   5290   0.59254E-04
   5300   0.59185E-04
   5310   0.59120E-04
   5320   0.59076E-04
   5330   0.59026E-04
   5340   0.58977E-04
   5350   0.58913E-04
   5360   0.58865E-04
   5370   0.58836E-04
   5380   0.58795E-04
   5390   0.58735E-04
   5400   0.58694E-04
   5410   0.58666E-04
   5420   0.58637E-04
   5430   0.58587E-04
   5440   0.58568E-04
   5450   0.58527E-04
   5460   0.58491E-04
   5470   0.58464E-04
   5480   0.58447E-04
   5490   0.58414E-04
   5500   0.58389E-04
   5510   0.58371E-04
   5520   0.58349E-04
   5530   0.58310E-04
   5540   0.58314E-04
   5550   0.58287E-04
   5560   0.58266E-04
   5570   0.58258E-04
   5580   0.58245E-04
   5590   0.58237E-04
   5600   0.58224E-04
   5610   0.58212E-04
   5620   0.58190E-04
   5630   0.58193E-04
   5640   0.58181E-04
   5650   0.58176E-04
   5660   0.58163E-04
   5670   0.58154E-04
   5680   0.58143E-04
   5690   0.58137E-04
   5700   0.58141E-04
   5710   0.58140E-04
   5720   0.58116E-04
   5730   0.58128E-04
   5740   0.58117E-04
   5750   0.58122E-04
   5760   0.58117E-04
   5770   0.58106E-04
   5780   0.58091E-04
   5790   0.58089E-04
   5800   0.58093E-04
   5810   0.58091E-04
   5820   0.58076E-04
   5830   0.58076E-04
   5840   0.58082E-04
   5850   0.58065E-04
   5860   0.58073E-04
   5870   0.58055E-04
   5880   0.58058E-04
   5890   0.58049E-04
   5900   0.58032E-04
   5910   0.58028E-04
   5920   0.58033E-04
   5930   0.58020E-04
   5940   0.58026E-04
   5950   0.58007E-04
   5960   0.58003E-04
   5970   0.57993E-04
   5980   0.57980E-04
   5990   0.57982E-04
   6000   0.57952E-04
   6010   0.57957E-04
   6020   0.57945E-04
   6030   0.57927E-04
   6040   0.57913E-04
   6050   0.57906E-04
   6060   0.57881E-04
   6070   0.57863E-04
   6080   0.57857E-04
   6090   0.57846E-04
   6100   0.57823E-04
   6110   0.57802E-04
   6120   0.57803E-04
   6130   0.57776E-04
   6140   0.57742E-04
   6150   0.57726E-04
   6160   0.57703E-04
   6170   0.57686E-04
   6180   0.57654E-04
   6190   0.57635E-04
   6200   0.57620E-04
   6210   0.57579E-04
   6220   0.57544E-04
   6230   0.57521E-04
   6240   0.57483E-04
   6250   0.57467E-04
   6260   0.57422E-04
   6270   0.57396E-04
   6280   0.57359E-04
   6290   0.57321E-04
   6300   0.57293E-04
   6310   0.57233E-04
   6320   0.57191E-04
   6330   0.57153E-04
   6340   0.57108E-04
   6350   0.57050E-04
   6360   0.57001E-04
   6370   0.56954E-04
   6380   0.56901E-04
   6390   0.56853E-04
   6400   0.56802E-04
   6410   0.56732E-04
   6420   0.56664E-04
   6430   0.56621E-04
   6440   0.56550E-04
   6450   0.56475E-04
   6460   0.56420E-04
   6470   0.56342E-04
   6480   0.56267E-04
   6490   0.56188E-04
   6500   0.56097E-04
   6510   0.56019E-04
   6520   0.55948E-04
   6530   0.55856E-04
   6540   0.55773E-04
   6550   0.55661E-04
   6560   0.55589E-04
   6570   0.55495E-04
   6580   0.55391E-04
   6590   0.55294E-04
   6600   0.55186E-04
   6610   0.55081E-04
   6620   0.54980E-04
   6630   0.54857E-04
   6640   0.54752E-04
   6650   0.54632E-04
   6660   0.54531E-04
   6670   0.54412E-04
   6680   0.54272E-04
   6690   0.54154E-04
   6700   0.54036E-04
   6710   0.53891E-04
   6720   0.53768E-04
   6730   0.53634E-04
   6740   0.53498E-04
   6750   0.53358E-04
   6760   0.53222E-04
   6770   0.53070E-04
   6780   0.52939E-04
   6790   0.52805E-04
   6800   0.52656E-04
   6810   0.52512E-04
   6820   0.52358E-04
   6830   0.52220E-04
   6840   0.52066E-04
   6850   0.51919E-04
   6860   0.51770E-04
   6870   0.51621E-04
   6880   0.51465E-04
   6890   0.51311E-04
   6900   0.51159E-04
   6910   0.51012E-04
   6920   0.50851E-04
   6930   0.50710E-04
   6940   0.50565E-04
   6950   0.50400E-04
   6960   0.50244E-04
   6970   0.50099E-04
   6980   0.49952E-04
   6990   0.49804E-04
   7000   0.49656E-04
   7010   0.49519E-04
   7020   0.49369E-04
   7030   0.49232E-04
   7040   0.49083E-04
   7050   0.48930E-04
   7060   0.48796E-04
   7070   0.48661E-04
   7080   0.48514E-04
   7090   0.48385E-04
   7100   0.48251E-04
   7110   0.48109E-04
   7120   0.48006E-04
   7130   0.47866E-04
   7140   0.47721E-04
   7150   0.47591E-04
   7160   0.47463E-04
   7170   0.47339E-04
   7180   0.47240E-04
   7190   0.47118E-04
   7200   0.46969E-04
   7210   0.46847E-04
   7220   0.46747E-04
   7230   0.46629E-04
   7240   0.46505E-04
   7250   0.46396E-04
   7260   0.46282E-04
   7270   0.46168E-04
   7280   0.46048E-04
   7290   0.45945E-04
   7300   0.45846E-04
   7310   0.45733E-04
   7320   0.45615E-04
   7330   0.45524E-04
   7340   0.45416E-04
   7350   0.45315E-04
   7360   0.45199E-04
   7370   0.45096E-04
   7380   0.45006E-04
   7390   0.44904E-04
   7400   0.44788E-04
   7410   0.44685E-04
   7420   0.44608E-04
   7430   0.44500E-04
   7440   0.44388E-04
   7450   0.44306E-04
   7460   0.44201E-04
   7470   0.44109E-04
   7480   0.44007E-04
   7490   0.43904E-04
   7500   0.43812E-04
   7510   0.43705E-04
   7520   0.43623E-04
   7530   0.43521E-04
   7540   0.43434E-04
   7550   0.43329E-04
   7560   0.43231E-04
   7570   0.43134E-04
   7580   0.43050E-04
   7590   0.42935E-04
   7600   0.42850E-04
   7610   0.42758E-04
   7620   0.42655E-04
   7630   0.42579E-04
   7640   0.42480E-04
   7650   0.42378E-04
   7660   0.42276E-04
   7670   0.42188E-04
   7680   0.42100E-04
   7690   0.41995E-04
   7700   0.41904E-04
   7710   0.41805E-04
   7720   0.41714E-04
   7730   0.41612E-04
   7740   0.41532E-04
   7750   0.41419E-04
   7760   0.41328E-04
   7770   0.41228E-04
   7780   0.41127E-04
   7790   0.41042E-04
   7800   0.40935E-04
   7810   0.40853E-04
   7820   0.40752E-04
   7830   0.40647E-04
   7840   0.40561E-04
   7850   0.40464E-04
   7860   0.40350E-04
   7870   0.40242E-04
   7880   0.40146E-04
   7890   0.40038E-04
   7900   0.39942E-04
   7910   0.39846E-04
   7920   0.39758E-04
   7930   0.39641E-04
   7940   0.39540E-04
   7950   0.39441E-04
   7960   0.39336E-04
   7970   0.39243E-04
   7980   0.39137E-04
   7990   0.39020E-04
   8000   0.38900E-04
   8010   0.38794E-04
   8020   0.38695E-04
   8030   0.38589E-04
   8040   0.38491E-04
   8050   0.38367E-04
   8060   0.38266E-04
   8070   0.38157E-04
   8080   0.38040E-04
   8090   0.37932E-04
   8100   0.37817E-04
   8110   0.37688E-04
   8120   0.37598E-04
   8130   0.37488E-04
   8140   0.37373E-04
   8150   0.37263E-04
   8160   0.37146E-04
   8170   0.37038E-04
   8180   0.36929E-04
   8190   0.36802E-04
   8200   0.36679E-04
   8210   0.36574E-04
   8220   0.36447E-04
   8230   0.36348E-04
   8240   0.36226E-04
   8250   0.36111E-04
   8260   0.35981E-04
   8270   0.35874E-04
   8280   0.35759E-04
   8290   0.35644E-04
   8300   0.35529E-04
   8310   0.35402E-04
   8320   0.35297E-04
   8330   0.35184E-04
   8340   0.35056E-04
   8350   0.34965E-04
   8360   0.34830E-04
   8370   0.34705E-04
   8380   0.34596E-04
   8390   0.34487E-04
   8400   0.34367E-04
   8410   0.34248E-04
   8420   0.34139E-04
   8430   0.34009E-04
   8440   0.33886E-04
   8450   0.33765E-04
   8460   0.33638E-04
   8470   0.33537E-04
   8480   0.33436E-04
   8490   0.33307E-04
   8500   0.33167E-04
   8510   0.33077E-04
   8520   0.32954E-04
   8530   0.32825E-04
   8540   0.32704E-04
   8550   0.32620E-04
   8560   0.32468E-04
   8570   0.32356E-04
   8580   0.32238E-04
   8590   0.32134E-04
   8600   0.32002E-04
   8610   0.31898E-04
   8620   0.31785E-04
   8630   0.31680E-04
   8640   0.31558E-04
   8650   0.31435E-04
   8660   0.31321E-04
   8670   0.31192E-04
   8680   0.31096E-04
   8690   0.30991E-04
   8700   0.30860E-04
   8710   0.30754E-04
   8720   0.30643E-04
   8730   0.30522E-04
   8740   0.30415E-04
   8750   0.30301E-04
   8760   0.30191E-04
   8770   0.30072E-04
   8780   0.29977E-04
   8790   0.29854E-04
   8800   0.29730E-04
   8810   0.29626E-04
   8820   0.29533E-04
   8830   0.29421E-04
   8840   0.29294E-04
   8850   0.29178E-04
   8860   0.29084E-04
   8870   0.28975E-04
   8880   0.28850E-04
   8890   0.28748E-04
   8900   0.28658E-04
   8910   0.28524E-04
   8920   0.28419E-04
   8930   0.28306E-04
   8940   0.28184E-04
   8950   0.28081E-04
   8960   0.27996E-04
   8970   0.27865E-04
   8980   0.27771E-04
   8990   0.27661E-04
   9000   0.27549E-04
   9010   0.27434E-04
   9020   0.27334E-04
   9030   0.27230E-04
   9040   0.27119E-04
   9050   0.27028E-04
   9060   0.26921E-04
   9070   0.26803E-04
   9080   0.26686E-04
   9090   0.26591E-04
   9100   0.26468E-04
   9110   0.26372E-04
   9120   0.26266E-04
   9130   0.26148E-04
   9140   0.26035E-04
   9150   0.25940E-04
   9160   0.25829E-04
   9170   0.25720E-04
   9180   0.25639E-04
   9190   0.25526E-04
   9200   0.25429E-04
   9210   0.25297E-04
   9220   0.25216E-04
   9230   0.25086E-04
   9240   0.24978E-04
   9250   0.24874E-04
   9260   0.24765E-04
   9270   0.24666E-04
   9280   0.24570E-04
   9290   0.24457E-04
   9300   0.24361E-04
   9310   0.24237E-04
   9320   0.24140E-04
   9330   0.24022E-04
   9340   0.23927E-04
   9350   0.23807E-04
   9360   0.23694E-04
   9370   0.23596E-04
   9380   0.23490E-04
   9390   0.23382E-04
   9400   0.23264E-04
   9410   0.23158E-04
   9420   0.23062E-04
   9430   0.22956E-04
   9440   0.22857E-04
   9450   0.22744E-04
   9460   0.22639E-04
   9470   0.22508E-04
   9480   0.22412E-04
   9490   0.22297E-04
   9500   0.22216E-04
   9510   0.22090E-04
   9520   0.21990E-04
   9530   0.21889E-04
   9540   0.21769E-04
   9550   0.21654E-04
   9560   0.21563E-04
   9570   0.21435E-04
   9580   0.21352E-04
   9590   0.21243E-04
   9600   0.21136E-04
   9610   0.21035E-04
   9620   0.20913E-04
   9630   0.20819E-04
   9640   0.20708E-04
   9650   0.20595E-04
   9660   0.20479E-04
   9670   0.20381E-04
   9680   0.20296E-04
   9690   0.20191E-04
   9700   0.20072E-04
   9710   0.19965E-04
   9720   0.19852E-04
   9730   0.19758E-04
   9740   0.19660E-04
   9750   0.19571E-04
   9760   0.19447E-04
   9770   0.19341E-04
   9780   0.19253E-04
   9790   0.19165E-04
   9800   0.19044E-04
   9810   0.18949E-04
   9820   0.18845E-04
   9830   0.18764E-04
   9840   0.18662E-04
   9850   0.18553E-04
   9860   0.18436E-04
   9870   0.18337E-04
   9880   0.18262E-04
   9890   0.18159E-04
   9900   0.18058E-04
   9910   0.17971E-04
   9920   0.17862E-04
   9930   0.17783E-04
   9940   0.17679E-04
   9950   0.17565E-04
   9960   0.17485E-04
   9970   0.17397E-04
   9980   0.17319E-04
   9990   0.17216E-04
  10000   0.17114E-04
  10010   0.17018E-04
  10020   0.16923E-04
  10030   0.16835E-04
  10040   0.16767E-04
  10050   0.16663E-04
  10060   0.16576E-04
  10070   0.16493E-04
  10080   0.16402E-04
  10090   0.16314E-04
  10100   0.16213E-04
  10110   0.16124E-04
  10120   0.16058E-04
  10130   0.15959E-04
  10140   0.15884E-04
  10150   0.15786E-04
  10160   0.15698E-04
  10170   0.15612E-04
  10180   0.15538E-04
  10190   0.15433E-04
  10200   0.15347E-04
  10210   0.15283E-04
  10220   0.15194E-04
  10230   0.15100E-04
  10240   0.15046E-04
  10250   0.14922E-04
  10260   0.14871E-04
  10270   0.14772E-04
  10280   0.14706E-04
  10290   0.14605E-04
  10300   0.14519E-04
  10310   0.14452E-04
  10320   0.14379E-04
  10330   0.14315E-04
  10340   0.14213E-04
  10350   0.14133E-04
  10360   0.14051E-04
  10370   0.13972E-04
  10380   0.13895E-04
  10390   0.13819E-04
  10400   0.13741E-04
  10410   0.13661E-04
  10420   0.13578E-04
  10430   0.13505E-04
  10440   0.13434E-04
  10450   0.13358E-04
  10460   0.13272E-04
  10470   0.13196E-04
  10480   0.13121E-04
  10490   0.13042E-04
  10500   0.12951E-04
  10510   0.12881E-04
  10520   0.12810E-04
  10530   0.12715E-04
  10540   0.12637E-04
  10550   0.12573E-04
  10560   0.12504E-04
  10570   0.12429E-04
  10580   0.12351E-04
  10590   0.12264E-04
  10600   0.12206E-04
  10610   0.12130E-04
  10620   0.12047E-04
  10630   0.11975E-04
  10640   0.11895E-04
  10650   0.11830E-04
  10660   0.11755E-04
  10670   0.11662E-04
  10680   0.11607E-04
  10690   0.11534E-04
  10700   0.11459E-04
  10710   0.11385E-04
  10720   0.11279E-04
  10730   0.11223E-04
  10740   0.11167E-04
  10750   0.11073E-04
  10760   0.11005E-04
  10770   0.10926E-04
  10780   0.10862E-04
  10790   0.10780E-04
  10800   0.10703E-04
  10810   0.10641E-04
  10820   0.10551E-04
  10830   0.10481E-04
  10840   0.10431E-04
  10850   0.10351E-04
  10860   0.10265E-04
  10870   0.10207E-04
  10880   0.10138E-04
  10890   0.10078E-04
  10900   0.10002E-04
  10910   0.99220E-05
  10920   0.98409E-05
  10930   0.97836E-05
  10940   0.97084E-05
  10950   0.96571E-05
  10960   0.95842E-05
  10970   0.95083E-05
  10980   0.94179E-05
  10990   0.93520E-05
  11000   0.92921E-05
  11010   0.92171E-05
  11020   0.91526E-05
  11030   0.90840E-05
  11040   0.90163E-05
  11050   0.89500E-05
  11060   0.88696E-05
  11070   0.88045E-05
  11080   0.87267E-05
  11090   0.86687E-05
  11100   0.86072E-05
  11110   0.85385E-05
  11120   0.84691E-05
  11130   0.84070E-05
  11140   0.83427E-05
  11150   0.82777E-05
  11160   0.82018E-05
  11170   0.81479E-05
  11180   0.80697E-05
  11190   0.80068E-05
  11200   0.79250E-05
  11210   0.78813E-05
  11220   0.77998E-05
  11230   0.77631E-05
  11240   0.76681E-05
  11250   0.76108E-05
  11260   0.75519E-05
  11270   0.75023E-05
  11280   0.74308E-05
  11290   0.73785E-05
  11300   0.73200E-05
  11310   0.72804E-05
  11320   0.71865E-05
  11330   0.71144E-05
  11340   0.70626E-05
  11350   0.70158E-05
  11360   0.69532E-05
  11370   0.69003E-05
  11380   0.68463E-05
  11390   0.67811E-05
  11400   0.67293E-05
  11410   0.66708E-05
  11420   0.66149E-05
  11430   0.65490E-05
  11440   0.64869E-05
  11450   0.64259E-05
  11460   0.63927E-05
  11470   0.63461E-05
  11480   0.62890E-05
  11490   0.62358E-05
  11500   0.61878E-05
  11510   0.61270E-05
  11520   0.60740E-05
  11530   0.60220E-05
  11540   0.59861E-05
  11550   0.59231E-05
  11560   0.58653E-05
  11570   0.58214E-05
  11580   0.57805E-05
  11590   0.57285E-05
  11600   0.56921E-05
  11610   0.56472E-05
  11620   0.55859E-05
  11630   0.55423E-05
  11640   0.55034E-05
  11650   0.54608E-05
  11660   0.54027E-05
  11670   0.53531E-05
  11680   0.53267E-05
  11690   0.52701E-05
  11700   0.52217E-05
  11710   0.51976E-05
  11720   0.51276E-05
  11730   0.50859E-05
  11740   0.50495E-05
  11750   0.50003E-05
  11760   0.49637E-05
  11770   0.49224E-05
  11780   0.48857E-05
  11790   0.48331E-05
  11800   0.48151E-05
  11810   0.47591E-05
  11820   0.47103E-05
  11830   0.46798E-05
  11840   0.46362E-05
  11850   0.46059E-05
  11860   0.45627E-05
  11870   0.45290E-05
  11880   0.44759E-05
  11890   0.44498E-05
  11900   0.43998E-05
  11910   0.43673E-05
  11920   0.43295E-05
  11930   0.42858E-05
  11940   0.42467E-05
  11950   0.42212E-05
  11960   0.41831E-05
  11970   0.41573E-05
  11980   0.41182E-05
  11990   0.40918E-05
  12000   0.40615E-05
  12010   0.40262E-05
  12020   0.39987E-05
  12030   0.39739E-05
  12040   0.39380E-05
  12050   0.39028E-05
  12060   0.38601E-05
  12070   0.38407E-05
  12080   0.38043E-05
  12090   0.37826E-05
  12100   0.37549E-05
  12110   0.37132E-05
  12120   0.37004E-05
  12130   0.36708E-05
  12140   0.36424E-05
  12150   0.36176E-05
  12160   0.35868E-05
  12170   0.35510E-05
  12180   0.35265E-05
  12190   0.35095E-05
  12200   0.34771E-05
  12210   0.34496E-05
  12220   0.34271E-05
  12230   0.34053E-05
  12240   0.33752E-05
  12250   0.33610E-05
  12260   0.33308E-05
  12270   0.32990E-05
  12280   0.32906E-05
  12290   0.32826E-05
  12300   0.32602E-05
  12310   0.32348E-05
  12320   0.32252E-05
  12330   0.31936E-05
  12340   0.31804E-05
  12350   0.31693E-05
  12360   0.31544E-05
  12370   0.31412E-05
  12380   0.31186E-05
  12390   0.31149E-05
  12400   0.30902E-05
  12410   0.30794E-05
  12420   0.30701E-05
  12430   0.30708E-05
  12440   0.30496E-05
  12450   0.30390E-05
  12460   0.30278E-05
  12470   0.30119E-05
  12480   0.29990E-05
  12490   0.29920E-05
  12500   0.29802E-05
  12510   0.29675E-05
  12520   0.29598E-05
  12530   0.29568E-05
  12540   0.29450E-05
  12550   0.29469E-05
  12560   0.29312E-05
  12570   0.29312E-05
  12580   0.29227E-05
  12590   0.29129E-05
  12600   0.29096E-05
  12610   0.29018E-05
  12620   0.29054E-05
  12630   0.28989E-05
  12640   0.28914E-05
  12650   0.28929E-05
  12660   0.28959E-05
  12670   0.28914E-05
  12680   0.28876E-05
  12690   0.28965E-05
  12700   0.29059E-05
  12710   0.28880E-05
  12720   0.28884E-05
  12730   0.28856E-05
  12740   0.28904E-05
  12750   0.28908E-05
  12760   0.28827E-05
  12770   0.28919E-05
  12780   0.28883E-05
  12790   0.28888E-05
  12800   0.28866E-05
  12810   0.28894E-05
  12820   0.28800E-05
  12830   0.28981E-05
  12840   0.29071E-05
  12850   0.28980E-05
  12860   0.29029E-05
  12870   0.29013E-05
  12880   0.29109E-05
  12890   0.29206E-05
  12900   0.29244E-05
  12910   0.29287E-05
  12920   0.29238E-05
  12930   0.29418E-05
  12940   0.29487E-05
  12950   0.29549E-05
  12960   0.29714E-05
  12970   0.29728E-05
  12980   0.29837E-05
  12990   0.29925E-05
  13000   0.29956E-05
  13010   0.29884E-05
  13020   0.29885E-05
  13030   0.30115E-05
  13040   0.30111E-05
  13050   0.30245E-05
  13060   0.30279E-05
  13070   0.30435E-05
  13080   0.30505E-05
  13090   0.30606E-05
  13100   0.30593E-05
  13110   0.30563E-05
  13120   0.30804E-05
  13130   0.30752E-05
  13140   0.30969E-05
  13150   0.31046E-05
  13160   0.31218E-05
  13170   0.31412E-05
  13180   0.31444E-05
  13190   0.31648E-05
  13200   0.31767E-05
  13210   0.31764E-05
  13220   0.31800E-05
  13230   0.31978E-05
  13240   0.32192E-05
  13250   0.32191E-05
  13260   0.32292E-05
  13270   0.32485E-05
  13280   0.32625E-05
  13290   0.32794E-05
  13300   0.32814E-05
  13310   0.33016E-05
  13320   0.33153E-05
  13330   0.33212E-05
  13340   0.33348E-05
  13350   0.33405E-05
  13360   0.33622E-05
  13370   0.33719E-05
  13380   0.33754E-05
  13390   0.34015E-05
  13400   0.34093E-05
  13410   0.34187E-05
  13420   0.34396E-05
  13430   0.34428E-05
  13440   0.34513E-05
  13450   0.34681E-05
  13460   0.34744E-05
  13470   0.34926E-05
  13480   0.35166E-05
  13490   0.35247E-05
  13500   0.35263E-05
  13510   0.35454E-05
  13520   0.35619E-05
  13530   0.35785E-05
  13540   0.36016E-05
  13550   0.36049E-05
  13560   0.36186E-05
  13570   0.36398E-05
  13580   0.36578E-05
  13590   0.36630E-05
  13600   0.36797E-05
  13610   0.37050E-05
  13620   0.37145E-05
  13630   0.37390E-05
  13640   0.37464E-05
  13650   0.37487E-05
  13660   0.37736E-05
  13670   0.37931E-05
  13680   0.38103E-05
  13690   0.38088E-05
  13700   0.38321E-05
  13710   0.38384E-05
  13720   0.38610E-05
  13730   0.38796E-05
  13740   0.38931E-05
  13750   0.39054E-05
  13760   0.39241E-05
  13770   0.39356E-05
  13780   0.39756E-05
  13790   0.39858E-05
  13800   0.39923E-05
  13810   0.40125E-05
  13820   0.40207E-05
  13830   0.40492E-05
  13840   0.40625E-05
  13850   0.40883E-05
  13860   0.40969E-05
  13870   0.41129E-05
  13880   0.41318E-05
  13890   0.41488E-05
  13900   0.41819E-05
  13910   0.41803E-05
  13920   0.41998E-05
  13930   0.42218E-05
  13940   0.42386E-05
  13950   0.42515E-05
  13960   0.42668E-05
  13970   0.42724E-05
  13980   0.42955E-05
  13990   0.43139E-05
  14000   0.43223E-05
  14010   0.43327E-05
  14020   0.43550E-05
  14030   0.43744E-05
  14040   0.43841E-05
  14050   0.44101E-05
  14060   0.44142E-05
  14070   0.44263E-05
  14080   0.44486E-05
  14090   0.44587E-05
  14100   0.44947E-05
  14110   0.44846E-05
  14120   0.45176E-05
  14130   0.45376E-05
  14140   0.45449E-05
  14150   0.45791E-05
  14160   0.45839E-05
  14170   0.45932E-05
  14180   0.46327E-05
  14190   0.46415E-05
  14200   0.46778E-05
  14210   0.46816E-05
  14220   0.47145E-05
  14230   0.47040E-05
  14240   0.47265E-05
  14250   0.47468E-05
  14260   0.47642E-05
  14270   0.47851E-05
  14280   0.48030E-05
  14290   0.48284E-05
  14300   0.48368E-05
  14310   0.48595E-05
  14320   0.48685E-05
  14330   0.48912E-05
  14340   0.49178E-05
  14350   0.49311E-05
  14360   0.49503E-05
  14370   0.49523E-05
  14380   0.49762E-05
  14390   0.49899E-05
  14400   0.50030E-05
  14410   0.50166E-05
  14420   0.50576E-05
  14430   0.50825E-05
  14440   0.50954E-05
  14450   0.51188E-05
  14460   0.51307E-05
  14470   0.51429E-05
  14480   0.51639E-05
  14490   0.51842E-05
  14500   0.52011E-05
  14510   0.52411E-05
  14520   0.52515E-05
  14530   0.52705E-05
  14540   0.52844E-05
  14550   0.53115E-05
  14560   0.53418E-05
  14570   0.53573E-05
  14580   0.53707E-05
  14590   0.53796E-05
  14600   0.54390E-05
  14610   0.54473E-05
  14620   0.54567E-05
  14630   0.54775E-05
  14640   0.55161E-05
  14650   0.55259E-05
  14660   0.55464E-05
  14670   0.55762E-05
  14680   0.56044E-05
  14690   0.56337E-05
  14700   0.56528E-05
  14710   0.56688E-05
  14720   0.57031E-05
  14730   0.57120E-05
  14740   0.57288E-05
  14750   0.57461E-05
  14760   0.57936E-05
  14770   0.58293E-05
  14780   0.58503E-05
  14790   0.58462E-05
  14800   0.59026E-05
  14810   0.59346E-05
  14820   0.59598E-05
  14830   0.59758E-05
  14840   0.60067E-05
  14850   0.60347E-05
  14860   0.60601E-05
  14870   0.60867E-05
  14880   0.61111E-05
  14890   0.61544E-05
  14900   0.61820E-05
  14910   0.61957E-05
  14920   0.62490E-05
  14930   0.62791E-05
  14940   0.62966E-05
  14950   0.63286E-05
  14960   0.63461E-05
  14970   0.63935E-05
  14980   0.64221E-05
  14990   0.64598E-05
  15000   0.64650E-05
  15010   0.65138E-05
  15020   0.65371E-05
  15030   0.65747E-05
  15040   0.66004E-05
  15050   0.66360E-05
  15060   0.66689E-05
  15070   0.67157E-05
  15080   0.67513E-05
  15090   0.67726E-05
  15100   0.68180E-05
  15110   0.68242E-05
  15120   0.68679E-05
  15130   0.69066E-05
  15140   0.69183E-05
  15150   0.69490E-05
  15160   0.69904E-05
  15170   0.70320E-05
  15180   0.70432E-05
  15190   0.70950E-05
  15200   0.71208E-05
  15210   0.71553E-05
  15220   0.71998E-05
  15230   0.72266E-05
  15240   0.72647E-05
  15250   0.72921E-05
  15260   0.73266E-05
  15270   0.73579E-05
  15280   0.73967E-05
  15290   0.74380E-05
  15300   0.74810E-05
  15310   0.75040E-05
  15320   0.75342E-05
  15330   0.75664E-05
  15340   0.75984E-05
  15350   0.76287E-05
  15360   0.76594E-05
  15370   0.76825E-05
  15380   0.77334E-05
  15390   0.77626E-05
  15400   0.78045E-05
  15410   0.78449E-05
  15420   0.78734E-05
  15430   0.79236E-05
  15440   0.79415E-05
  15450   0.79863E-05
  15460   0.80296E-05
  15470   0.80733E-05
  15480   0.80939E-05
  15490   0.81329E-05
  15500   0.81599E-05
  15510   0.81847E-05
  15520   0.82379E-05
  15530   0.82762E-05
  15540   0.83132E-05
  15550   0.83367E-05
  15560   0.83764E-05
  15570   0.83920E-05
  15580   0.84373E-05
  15590   0.84904E-05
  15600   0.85124E-05
  15610   0.85537E-05
  15620   0.85880E-05
  15630   0.86251E-05
  15640   0.86516E-05
  15650   0.87077E-05
  15660   0.87312E-05
  15670   0.87626E-05
  15680   0.87937E-05
  15690   0.88329E-05
  15700   0.88662E-05
  15710   0.89054E-05
  15720   0.89328E-05
  15730   0.89806E-05
  15740   0.89989E-05
  15750   0.90710E-05
  15760   0.90829E-05
  15770   0.91064E-05
  15780   0.91632E-05
  15790   0.91903E-05
  15800   0.92301E-05
  15810   0.92594E-05
  15820   0.93110E-05
  15830   0.93098E-05
  15840   0.93542E-05
  15850   0.93915E-05
  15860   0.94278E-05
  15870   0.94639E-05
  15880   0.95043E-05
  15890   0.95360E-05
  15900   0.95948E-05
  15910   0.96088E-05
  15920   0.96445E-05
  15930   0.96838E-05
  15940   0.97235E-05
  15950   0.97473E-05
  15960   0.97842E-05
  15970   0.98259E-05
  15980   0.98684E-05
  15990   0.98846E-05
  16000   0.99153E-05
  16010   0.99582E-05
  16020   0.99906E-05
  16030   0.10008E-04
  16040   0.10060E-04
  16050   0.10093E-04
  16060   0.10123E-04
  16070   0.10135E-04
  16080   0.10192E-04
  16090   0.10213E-04
  16100   0.10252E-04
  16110   0.10291E-04
  16120   0.10302E-04
  16130   0.10331E-04
  16140   0.10364E-04
  16150   0.10411E-04
  16160   0.10428E-04
  16170   0.10467E-04
  16180   0.10505E-04
  16190   0.10518E-04
  16200   0.10544E-04
  16210   0.10580E-04
  16220   0.10598E-04
  16230   0.10637E-04
  16240   0.10655E-04
  16250   0.10675E-04
  16260   0.10721E-04
  16270   0.10714E-04
  16280   0.10769E-04
  16290   0.10762E-04
  16300   0.10843E-04
  16310   0.10831E-04
  16320   0.10871E-04
  16330   0.10873E-04
  16340   0.10926E-04
  16350   0.10932E-04
  16360   0.10964E-04
  16370   0.10965E-04
  16380   0.10993E-04
  16390   0.11017E-04
  16400   0.11044E-04
  16410   0.11072E-04
  16420   0.11071E-04
  16430   0.11093E-04
  16440   0.11129E-04
  16450   0.11140E-04
  16460   0.11140E-04
  16470   0.11184E-04
  16480   0.11189E-04
  16490   0.11212E-04
  16500   0.11208E-04
  16510   0.11243E-04
  16520   0.11234E-04
  16530   0.11277E-04
  16540   0.11287E-04
  16550   0.11333E-04
  16560   0.11320E-04
  16570   0.11345E-04
  16580   0.11352E-04
  16590   0.11384E-04
  16600   0.11384E-04
  16610   0.11404E-04
  16620   0.11433E-04
  16630   0.11432E-04
  16640   0.11469E-04
  16650   0.11488E-04
  16660   0.11478E-04
  16670   0.11532E-04
  16680   0.11525E-04
  16690   0.11564E-04
  16700   0.11581E-04
  16710   0.11585E-04
  16720   0.11617E-04
  16730   0.11638E-04
  16740   0.11657E-04
  16750   0.11696E-04
  16760   0.11703E-04
  16770   0.11725E-04
  16780   0.11749E-04
  16790   0.11777E-04
  16800   0.11816E-04
  16810   0.11826E-04
  16820   0.11867E-04
  16830   0.11884E-04
  16840   0.11902E-04
  16850   0.11931E-04
  16860   0.11978E-04
  16870   0.12006E-04
  16880   0.12030E-04
  16890   0.12054E-04
  16900   0.12089E-04
  16910   0.12131E-04
  16920   0.12151E-04
  16930   0.12186E-04
  16940   0.12213E-04
  16950   0.12251E-04
  16960   0.12298E-04
  16970   0.12318E-04
  16980   0.12360E-04
  16990   0.12383E-04
  17000   0.12418E-04
  17010   0.12461E-04
  17020   0.12515E-04
  17030   0.12551E-04
  17040   0.12581E-04
  17050   0.12623E-04
  17060   0.12667E-04
  17070   0.12702E-04
  17080   0.12750E-04
  17090   0.12793E-04
  17100   0.12837E-04
  17110   0.12899E-04
  17120   0.12928E-04
  17130   0.12982E-04
  17140   0.13030E-04
  17150   0.13070E-04
  17160   0.13127E-04
  17170   0.13169E-04
  17180   0.13231E-04
  17190   0.13271E-04
  17200   0.13314E-04
  17210   0.13364E-04
  17220   0.13420E-04
  17230   0.13483E-04
  17240   0.13537E-04
  17250   0.13582E-04
  17260   0.13635E-04
  17270   0.13685E-04
  17280   0.13751E-04
  17290   0.13810E-04
  17300   0.13865E-04
  17310   0.13915E-04
  17320   0.13977E-04
  17330   0.14039E-04
  17340   0.14099E-04
  17350   0.14152E-04
  17360   0.14227E-04
  17370   0.14284E-04
  17380   0.14347E-04
  17390   0.14398E-04
  17400   0.14448E-04
  17410   0.14523E-04
  17420   0.14572E-04
  17430   0.14641E-04
  17440   0.14688E-04
  17450   0.14757E-04
  17460   0.14817E-04
  17470   0.14867E-04
  17480   0.14943E-04
  17490   0.15012E-04
  17500   0.15070E-04
  17510   0.15133E-04
  17520   0.15182E-04
  17530   0.15241E-04
  17540   0.15319E-04
  17550   0.15367E-04
  17560   0.15438E-04
  17570   0.15486E-04
  17580   0.15546E-04
  17590   0.15596E-04
  17600   0.15668E-04
  17610   0.15713E-04
  17620   0.15775E-04
  17630   0.15840E-04
  17640   0.15900E-04
  17650   0.15944E-04
  17660   0.15999E-04
  17670   0.16059E-04
  17680   0.16118E-04
  17690   0.16173E-04
  17700   0.16240E-04
  17710   0.16276E-04
  17720   0.16322E-04
  17730   0.16372E-04
  17740   0.16415E-04
  17750   0.16483E-04
  17760   0.16535E-04
  17770   0.16573E-04
  17780   0.16623E-04
  17790   0.16668E-04
  17800   0.16713E-04
  17810   0.16746E-04
  17820   0.16794E-04
  17830   0.16854E-04
  17840   0.16898E-04
  17850   0.16931E-04
  17860   0.16974E-04
  17870   0.17027E-04
  17880   0.17059E-04
  17890   0.17117E-04
  17900   0.17139E-04
  17910   0.17173E-04
  17920   0.17222E-04
  17930   0.17267E-04
  17940   0.17304E-04
  17950   0.17332E-04
  17960   0.17370E-04
  17970   0.17410E-04
  17980   0.17455E-04
  17990   0.17501E-04
  18000   0.17529E-04
  18010   0.17550E-04
  18020   0.17602E-04
  18030   0.17617E-04
  18040   0.17671E-04
  18050   0.17720E-04
  18060   0.17749E-04
  18070   0.17776E-04
  18080   0.17805E-04
  18090   0.17846E-04
  18100   0.17864E-04
  18110   0.17909E-04
  18120   0.17947E-04
  18130   0.17994E-04
  18140   0.18016E-04
  18150   0.18053E-04
  18160   0.18094E-04
  18170   0.18128E-04
  18180   0.18158E-04
  18190   0.18191E-04
  18200   0.18219E-04
  18210   0.18265E-04
  18220   0.18296E-04
  18230   0.18324E-04
  18240   0.18365E-04
  18250   0.18407E-04
  18260   0.18429E-04
  18270   0.18454E-04
  18280   0.18490E-04
  18290   0.18546E-04
  18300   0.18549E-04
  18310   0.18585E-04
  18320   0.18622E-04
  18330   0.18630E-04
  18340   0.18674E-04
  18350   0.18695E-04
  18360   0.18713E-04
  18370   0.18744E-04
  18380   0.18772E-04
  18390   0.18781E-04
  18400   0.18794E-04
  18410   0.18836E-04
  18420   0.18842E-04
  18430   0.18877E-04
  18440   0.18886E-04
  18450   0.18901E-04
  18460   0.18910E-04
  18470   0.18919E-04
  18480   0.18930E-04
  18490   0.18944E-04
  18500   0.18943E-04
  18510   0.18964E-04
  18520   0.18960E-04
  18530   0.18971E-04
  18540   0.18984E-04
  18550   0.18968E-04
  18560   0.18982E-04
  18570   0.18970E-04
  18580   0.18949E-04
  18590   0.18951E-04
  18600   0.18952E-04
  18610   0.18931E-04
  18620   0.18939E-04
  18630   0.18915E-04
  18640   0.18897E-04
  18650   0.18884E-04
  18660   0.18863E-04
  18670   0.18828E-04
  18680   0.18817E-04
  18690   0.18786E-04
  18700   0.18762E-04
  18710   0.18722E-04
  18720   0.18721E-04
  18730   0.18698E-04
  18740   0.18656E-04
  18750   0.18623E-04
  18760   0.18572E-04
  18770   0.18534E-04
  18780   0.18503E-04
  18790   0.18477E-04
  18800   0.18437E-04
  18810   0.18407E-04
  18820   0.18351E-04
  18830   0.18307E-04
  18840   0.18269E-04
  18850   0.18225E-04
  18860   0.18170E-04
  18870   0.18156E-04
  18880   0.18079E-04
  18890   0.18038E-04
  18900   0.17974E-04
  18910   0.17938E-04
  18920   0.17881E-04
  18930   0.17852E-04
  18940   0.17789E-04
  18950   0.17746E-04
  18960   0.17678E-04
  18970   0.17650E-04
  18980   0.17582E-04
  18990   0.17534E-04
  19000   0.17474E-04
  19010   0.17427E-04
  19020   0.17381E-04
  19030   0.17324E-04
  19040   0.17282E-04
  19050   0.17225E-04
  19060   0.17165E-04
  19070   0.17113E-04
  19080   0.17071E-04
  19090   0.17017E-04
  19100   0.16947E-04
  19110   0.16905E-04
  19120   0.16869E-04
  19130   0.16807E-04
  19140   0.16759E-04
  19150   0.16711E-04
  19160   0.16647E-04
  19170   0.16597E-04
  19180   0.16549E-04
  19190   0.16503E-04
  19200   0.16442E-04
  19210   0.16403E-04
  19220   0.16356E-04
  19230   0.16306E-04
  19240   0.16259E-04
  19250   0.16179E-04
  19260   0.16152E-04
  19270   0.16088E-04
  19280   0.16039E-04
  19290   0.16001E-04
  19300   0.15941E-04
  19310   0.15896E-04
  19320   0.15841E-04
  19330   0.15804E-04
  19340   0.15740E-04
  19350   0.15699E-04
  19360   0.15641E-04
  19370   0.15588E-04
  19380   0.15550E-04
  19390   0.15503E-04
  19400   0.15460E-04
  19410   0.15407E-04
  19420   0.15364E-04
  19430   0.15314E-04
  19440   0.15270E-04
  19450   0.15225E-04
  19460   0.15158E-04
  19470   0.15124E-04
  19480   0.15059E-04
  19490   0.15022E-04
  19500   0.14973E-04
  19510   0.14934E-04
  19520   0.14881E-04
  19530   0.14842E-04
  19540   0.14793E-04
  19550   0.14720E-04
  19560   0.14687E-04
  19570   0.14647E-04
  19580   0.14602E-04
  19590   0.14549E-04
  19600   0.14494E-04
  19610   0.14451E-04
  19620   0.14400E-04
  19630   0.14372E-04
  19640   0.14322E-04
  19650   0.14289E-04
  19660   0.14243E-04
  19670   0.14192E-04
  19680   0.14151E-04
  19690   0.14113E-04
  19700   0.14077E-04
  19710   0.14029E-04
  19720   0.13963E-04
  19730   0.13916E-04
  19740   0.13884E-04
  19750   0.13852E-04
  19760   0.13812E-04
  19770   0.13784E-04
  19780   0.13739E-04
  19790   0.13697E-04
  19800   0.13649E-04
  19810   0.13616E-04
  19820   0.13578E-04
  19830   0.13548E-04
  19840   0.13507E-04
  19850   0.13463E-04
  19860   0.13417E-04
  19870   0.13388E-04
  19880   0.13356E-04
  19890   0.13316E-04
  19900   0.13275E-04
  19910   0.13261E-04
  19920   0.13235E-04
  19930   0.13195E-04
  19940   0.13161E-04
  19950   0.13138E-04
  19960   0.13110E-04
  19970   0.13078E-04
  19980   0.13041E-04
  19990   0.13042E-04
  20000   0.12999E-04
