     10   0.10512E-02
     20   0.89140E-03
     30   0.78668E-03
     40   0.71241E-03
     50   0.65626E-03
     60   0.61131E-03
     70   0.57342E-03
     80   0.54042E-03
     90   0.51109E-03
    100   0.48454E-03
    110   0.46042E-03
    120   0.43806E-03
    130   0.41721E-03
    140   0.39756E-03
    150   0.37910E-03
    160   0.36168E-03
    170   0.34527E-03
    180   0.32978E-03
    190   0.31513E-03
    200   0.30130E-03
    210   0.28829E-03
    220   0.27605E-03
    230   0.26451E-03
    240   0.25366E-03
    250   0.24349E-03
    260   0.23392E-03
    270   0.22497E-03
    280   0.21657E-03
    290   0.20872E-03
    300   0.20136E-03
    310   0.19458E-03
    320   0.18821E-03
    330   0.18234E-03
    340   0.17691E-03
    350   0.17194E-03
    360   0.16747E-03
    370   0.16346E-03
    380   0.15993E-03
    390   0.15684E-03
    400   0.15416E-03
    410   0.15188E-03
    420   0.14984E-03
    430   0.14800E-03
    440   0.14634E-03
    450   0.14472E-03
    460   0.14311E-03
    470   0.14150E-03
    480   0.13981E-03
    490   0.13802E-03
    500   0.13617E-03
    510   0.13430E-03
    520   0.13236E-03
    530   0.13041E-03
    540   0.12850E-03
    550   0.12665E-03
    560   0.12492E-03
    570   0.12335E-03
    580   0.12196E-03
    590   0.12079E-03
    600   0.11985E-03
    610   0.11916E-03
    620   0.11871E-03
    630   0.11850E-03
    640   0.11850E-03
    650   0.11870E-03
    660   0.11908E-03
    670   0.11960E-03
    680   0.12025E-03
    690   0.12098E-03
    700   0.12179E-03
    710   0.12262E-03
    720   0.12347E-03
    730   0.12429E-03
    740   0.12509E-03
    750   0.12581E-03
    760   0.12645E-03
    770   0.12701E-03
    780   0.12745E-03
    790   0.12778E-03
    800   0.12797E-03
    810   0.12803E-03
    820   0.12797E-03
    830   0.12776E-03
    840   0.12742E-03
    850   0.12696E-03
    860   0.12636E-03
    870   0.12566E-03
    880   0.12485E-03
    890   0.12393E-03
    900   0.12293E-03
    910   0.12184E-03
    920   0.12070E-03
    930   0.11950E-03
    940   0.11826E-03
    950   0.11700E-03
    960   0.11573E-03
    970   0.11447E-03
    980   0.11325E-03
    990   0.11206E-03
   1000   0.11093E-03
   1010   0.10989E-03
   1020   0.10895E-03
   1030   0.10812E-03
   1040   0.10741E-03
   1050   0.10684E-03
   1060   0.10640E-03
   1070   0.10611E-03
   1080   0.10594E-03
   1090   0.10592E-03
   1100   0.10604E-03
   1110   0.10625E-03
   1120   0.10659E-03
   1130   0.10702E-03
   1140   0.10753E-03
   1150   0.10811E-03
   1160   0.10870E-03
   1170   0.10933E-03
   1180   0.10999E-03
   1190   0.11064E-03
   1200   0.11127E-03
   1210   0.11188E-03
   1220   0.11243E-03
   1230   0.11297E-03
   1240   0.11341E-03
   1250   0.11382E-03
   1260   0.11417E-03
   1270   0.11446E-03
   1280   0.11467E-03
   1290   0.11483E-03
   1300   0.11494E-03
   1310   0.11499E-03
   1320   0.11499E-03
   1330   0.11496E-03
   1340   0.11490E-03
   1350   0.11481E-03
   1360   0.11473E-03
   1370   0.11464E-03
   1380   0.11455E-03
   1390   0.11446E-03
   1400   0.11443E-03
   1410   0.11442E-03
   1420   0.11442E-03
   1430   0.11449E-03
   1440   0.11457E-03
   1450   0.11471E-03
   1460   0.11489E-03
   1470   0.11511E-03
   1480   0.11533E-03
   1490   0.11561E-03
   1500   0.11589E-03
   1510   0.11619E-03
   1520   0.11649E-03
   1530   0.11676E-03
   1540   0.11703E-03
   1550   0.11728E-03
   1560   0.11749E-03
   1570   0.11763E-03
   1580   0.11775E-03
   1590   0.11780E-03
   1600   0.11779E-03
   1610   0.11772E-03
   1620   0.11758E-03
   1630   0.11737E-03
   1640   0.11710E-03
   1650   0.11676E-03
   1660   0.11635E-03
   1670   0.11590E-03
   1680   0.11540E-03
   1690   0.11485E-03
   1700   0.11426E-03
   1710   0.11365E-03
   1720   0.11302E-03
   1730   0.11238E-03
   1740   0.11175E-03
   1750   0.11113E-03
   1760   0.11054E-03
   1770   0.10999E-03
   1780   0.10948E-03
   1790   0.10903E-03
   1800   0.10866E-03
   1810   0.10836E-03
   1820   0.10815E-03
   1830   0.10804E-03
   1840   0.10802E-03
   1850   0.10812E-03
   1860   0.10831E-03
   1870   0.10863E-03
   1880   0.10906E-03
   1890   0.10960E-03
   1900   0.11025E-03
   1910   0.11099E-03
   1920   0.11184E-03
   1930   0.11278E-03
   1940   0.11381E-03
   1950   0.11491E-03
   1960   0.11609E-03
   1970   0.11733E-03
   1980   0.11859E-03
   1990   0.11992E-03
   2000   0.12129E-03
   2010   0.12265E-03
   2020   0.12404E-03
   2030   0.12542E-03
   2040   0.12682E-03
   2050   0.12822E-03
   2060   0.12958E-03
   2070   0.13094E-03
   2080   0.13226E-03
   2090   0.13354E-03
   2100   0.13480E-03
   2110   0.13602E-03
   2120   0.13719E-03
   2130   0.13831E-03
   2140   0.13939E-03
   2150   0.14043E-03
   2160   0.14142E-03
   2170   0.14234E-03
   2180   0.14323E-03
   2190   0.14405E-03
   2200   0.14482E-03
   2210   0.14555E-03
   2220   0.14621E-03
   2230   0.14684E-03
   2240   0.14738E-03
   2250   0.14789E-03
   2260   0.14834E-03
   2270   0.14876E-03
   2280   0.14909E-03
   2290   0.14939E-03
   2300   0.14965E-03
   2310   0.14984E-03
   2320   0.14999E-03
   2330   0.15008E-03
   2340   0.15013E-03
   2350   0.15011E-03
   2360   0.15007E-03
   2370   0.14996E-03
   2380   0.14982E-03
   2390   0.14964E-03
   2400   0.14943E-03
   2410   0.14914E-03
   2420   0.14884E-03
   2430   0.14849E-03
   2440   0.14808E-03
   2450   0.14764E-03
   2460   0.14718E-03
   2470   0.14664E-03
   2480   0.14611E-03
   2490   0.14551E-03
   2500   0.14488E-03
   2510   0.14423E-03
   2520   0.14356E-03
   2530   0.14284E-03
   2540   0.14209E-03
   2550   0.14133E-03
   2560   0.14053E-03
   2570   0.13970E-03
   2580   0.13885E-03
   2590   0.13796E-03
   2600   0.13707E-03
   2610   0.13614E-03
   2620   0.13519E-03
   2630   0.13424E-03
   2640   0.13324E-03
   2650   0.13225E-03
   2660   0.13124E-03
   2670   0.13019E-03
   2680   0.12916E-03
   2690   0.12808E-03
   2700   0.12699E-03
   2710   0.12590E-03
   2720   0.12480E-03
   2730   0.12366E-03
   2740   0.12252E-03
   2750   0.12140E-03
   2760   0.12025E-03
   2770   0.11909E-03
   2780   0.11794E-03
   2790   0.11675E-03
   2800   0.11557E-03
   2810   0.11440E-03
   2820   0.11321E-03
   2830   0.11204E-03
   2840   0.11087E-03
   2850   0.10971E-03
   2860   0.10852E-03
   2870   0.10736E-03
   2880   0.10620E-03
   2890   0.10504E-03
   2900   0.10391E-03
   2910   0.10276E-03
   2920   0.10165E-03
   2930   0.10055E-03
   2940   0.99474E-04
   2950   0.98406E-04
   2960   0.97345E-04
   2970   0.96318E-04
   2980   0.95292E-04
   2990   0.94275E-04
   3000   0.93305E-04
   3010   0.92350E-04
   3020   0.91416E-04
   3030   0.90483E-04
   3040   0.89603E-04
   3050   0.88727E-04
   3060   0.87866E-04
   3070   0.87036E-04
   3080   0.86230E-04
   3090   0.85424E-04
   3100   0.84649E-04
   3110   0.83884E-04
   3120   0.83162E-04
   3130   0.82427E-04
   3140   0.81736E-04
   3150   0.81039E-04
   3160   0.80376E-04
   3170   0.79723E-04
   3180   0.79095E-04
   3190   0.78457E-04
   3200   0.77845E-04
   3210   0.77244E-04
   3220   0.76666E-04
   3230   0.76082E-04
   3240   0.75522E-04
   3250   0.74967E-04
   3260   0.74439E-04
   3270   0.73914E-04
   3280   0.73402E-04
   3290   0.72896E-04
   3300   0.72396E-04
   3310   0.71895E-04
   3320   0.71436E-04
   3330   0.70965E-04
   3340   0.70499E-04
   3350   0.70048E-04
   3360   0.69623E-04
   3370   0.69178E-04
   3380   0.68756E-04
   3390   0.68353E-04
   3400   0.67952E-04
   3410   0.67543E-04
   3420   0.67170E-04
   3430   0.66783E-04
   3440   0.66430E-04
   3450   0.66066E-04
   3460   0.65723E-04
   3470   0.65368E-04
   3480   0.65041E-04
   3490   0.64734E-04
   3500   0.64423E-04
   3510   0.64120E-04
   3520   0.63828E-04
   3530   0.63537E-04
   3540   0.63272E-04
   3550   0.62990E-04
   3560   0.62744E-04
   3570   0.62505E-04
   3580   0.62256E-04
   3590   0.62035E-04
   3600   0.61815E-04
   3610   0.61602E-04
   3620   0.61409E-04
   3630   0.61220E-04
   3640   0.61020E-04
   3650   0.60853E-04
   3660   0.60651E-04
   3670   0.60522E-04
   3680   0.60358E-04
   3690   0.60205E-04
   3700   0.60082E-04
   3710   0.59937E-04
   3720   0.59806E-04
   3730   0.59689E-04
   3740   0.59579E-04
   3750   0.59462E-04
   3760   0.59350E-04
   3770   0.59257E-04
   3780   0.59184E-04
   3790   0.59098E-04
   3800   0.59020E-04
   3810   0.58940E-04
   3820   0.58868E-04
   3830   0.58811E-04
   3840   0.58737E-04
   3850   0.58716E-04
   3860   0.58642E-04
   3870   0.58608E-04
   3880   0.58571E-04
   3890   0.58527E-04
   3900   0.58500E-04
   3910   0.58480E-04
   3920   0.58455E-04
   3930   0.58454E-04
   3940   0.58426E-04
   3950   0.58430E-04
   3960   0.58426E-04
   3970   0.58411E-04
   3980   0.58423E-04
   3990   0.58430E-04
   4000   0.58451E-04
   4010   0.58462E-04
   4020   0.58482E-04
   4030   0.58505E-04
   4040   0.58537E-04
   4050   0.58556E-04
   4060   0.58595E-04
   4070   0.58648E-04
   4080   0.58693E-04
   4090   0.58722E-04
   4100   0.58780E-04
   4110   0.58834E-04
   4120   0.58878E-04
   4130   0.58954E-04
   4140   0.59012E-04
   4150   0.59074E-04
   4160   0.59139E-04
   4170   0.59210E-04
   4180   0.59266E-04
   4190   0.59339E-04
   4200   0.59421E-04
   4210   0.59490E-04
   4220   0.59579E-04
   4230   0.59649E-04
   4240   0.59732E-04
   4250   0.59813E-04
   4260   0.59900E-04
   4270   0.60004E-04
   4280   0.60081E-04
   4290   0.60166E-04
   4300   0.60261E-04
   4310   0.60346E-04
   4320   0.60421E-04
   4330   0.60516E-04
   4340   0.60609E-04
   4350   0.60681E-04
   4360   0.60784E-04
   4370   0.60865E-04
   4380   0.60956E-04
   4390   0.61038E-04
   4400   0.61130E-04
   4410   0.61210E-04
   4420   0.61270E-04
   4430   0.61372E-04
   4440   0.61432E-04
   4450   0.61512E-04
   4460   0.61596E-04
   4470   0.61663E-04
   4480   0.61728E-04
   4490   0.61776E-04
   4500   0.61850E-04
   4510   0.61903E-04
   4520   0.61966E-04
   4530   0.62020E-04
   4540   0.62059E-04
   4550   0.62103E-04
   4560   0.62150E-04
   4570   0.62186E-04
   4580   0.62203E-04
   4590   0.62235E-04
   4600   0.62259E-04
   4610   0.62288E-04
   4620   0.62297E-04
   4630   0.62307E-04
   4640   0.62315E-04
   4650   0.62320E-04
   4660   0.62317E-04
   4670   0.62313E-04
   4680   0.62295E-04
   4690   0.62271E-04
   4700   0.62262E-04
   4710   0.62222E-04
   4720   0.62198E-04
   4730   0.62168E-04
   4740   0.62126E-04
   4750   0.62080E-04
   4760   0.62044E-04
   4770   0.61994E-04
   4780   0.61920E-04
   4790   0.61873E-04
   4800   0.61808E-04
   4810   0.61739E-04
   4820   0.61686E-04
   4830   0.61593E-04
   4840   0.61516E-04
   4850   0.61426E-04
   4860   0.61357E-04
   4870   0.61270E-04
   4880   0.61181E-04
   4890   0.61097E-04
   4900   0.61002E-04
   4910   0.60897E-04
   4920   0.60802E-04
   4930   0.60703E-04
   4940   0.60610E-04
   4950   0.60493E-04
   4960   0.60391E-04
   4970   0.60291E-04
   4980   0.60190E-04
   4990   0.60078E-04
   5000   0.59978E-04
   5010   0.59868E-04
   5020   0.59753E-04
   5030   0.59656E-04
   5040   0.59556E-04
   5050   0.59444E-04
   5060   0.59344E-04
   5070   0.59240E-04
   5080   0.59126E-04
   5090   0.59022E-04
   5100   0.58927E-04
   5110   0.58831E-04
   5120   0.58726E-04
   5130   0.58631E-04
   5140   0.58535E-04
   5150   0.58444E-04
   5160   0.58356E-04
   5170   0.58260E-04
   5180   0.58175E-04
   5190   0.58090E-04
   5200   0.58022E-04
   5210   0.57943E-04
   5220   0.57864E-04
   5230   0.57785E-04
   5240   0.57717E-04
   5250   0.57654E-04
   5260   0.57589E-04
   5270   0.57508E-04
   5280   0.57449E-04
   5290   0.57400E-04
   5300   0.57352E-04
   5310   0.57295E-04
   5320   0.57253E-04
   5330   0.57195E-04
   5340   0.57161E-04
   5350   0.57093E-04
   5360   0.57053E-04
   5370   0.57042E-04
   5380   0.56997E-04
   5390   0.56960E-04
   5400   0.56943E-04
   5410   0.56905E-04
   5420   0.56878E-04
   5430   0.56868E-04
   5440   0.56844E-04
   5450   0.56816E-04
   5460   0.56805E-04
   5470   0.56787E-04
   5480   0.56773E-04
   5490   0.56764E-04
   5500   0.56760E-04
   5510   0.56737E-04
   5520   0.56735E-04
   5530   0.56719E-04
   5540   0.56728E-04
   5550   0.56738E-04
   5560   0.56719E-04
   5570   0.56725E-04
   5580   0.56725E-04
   5590   0.56716E-04
   5600   0.56739E-04
   5610   0.56724E-04
   5620   0.56720E-04
   5630   0.56732E-04
   5640   0.56735E-04
   5650   0.56730E-04
   5660   0.56739E-04
   5670   0.56741E-04
   5680   0.56762E-04
   5690   0.56748E-04
   5700   0.56774E-04
   5710   0.56781E-04
   5720   0.56776E-04
   5730   0.56786E-04
   5740   0.56794E-04
   5750   0.56794E-04
   5760   0.56801E-04
   5770   0.56796E-04
   5780   0.56814E-04
   5790   0.56804E-04
   5800   0.56809E-04
   5810   0.56813E-04
   5820   0.56825E-04
   5830   0.56822E-04
   5840   0.56817E-04
   5850   0.56813E-04
   5860   0.56815E-04
   5870   0.56809E-04
   5880   0.56826E-04
   5890   0.56805E-04
   5900   0.56804E-04
   5910   0.56815E-04
   5920   0.56798E-04
   5930   0.56770E-04
   5940   0.56782E-04
   5950   0.56782E-04
   5960   0.56777E-04
   5970   0.56746E-04
   5980   0.56743E-04
   5990   0.56729E-04
   6000   0.56722E-04
   6010   0.56698E-04
   6020   0.56701E-04
   6030   0.56679E-04
   6040   0.56644E-04
   6050   0.56645E-04
   6060   0.56617E-04
   6070   0.56601E-04
   6080   0.56592E-04
   6090   0.56559E-04
   6100   0.56528E-04
   6110   0.56505E-04
   6120   0.56479E-04
   6130   0.56458E-04
   6140   0.56426E-04
   6150   0.56400E-04
   6160   0.56359E-04
   6170   0.56335E-04
   6180   0.56297E-04
   6190   0.56252E-04
   6200   0.56232E-04
   6210   0.56193E-04
   6220   0.56144E-04
   6230   0.56110E-04
   6240   0.56060E-04
   6250   0.56013E-04
   6260   0.55970E-04
   6270   0.55920E-04
   6280   0.55851E-04
   6290   0.55806E-04
   6300   0.55748E-04
   6310   0.55689E-04
   6320   0.55633E-04
   6330   0.55578E-04
   6340   0.55506E-04
   6350   0.55435E-04
   6360   0.55369E-04
   6370   0.55292E-04
   6380   0.55215E-04
   6390   0.55146E-04
   6400   0.55070E-04
   6410   0.54986E-04
   6420   0.54898E-04
   6430   0.54811E-04
   6440   0.54715E-04
   6450   0.54631E-04
   6460   0.54539E-04
   6470   0.54445E-04
   6480   0.54341E-04
   6490   0.54227E-04
   6500   0.54132E-04
   6510   0.54031E-04
   6520   0.53922E-04
   6530   0.53814E-04
   6540   0.53694E-04
   6550   0.53592E-04
   6560   0.53468E-04
   6570   0.53339E-04
   6580   0.53226E-04
   6590   0.53097E-04
   6600   0.52972E-04
   6610   0.52846E-04
   6620   0.52714E-04
   6630   0.52587E-04
   6640   0.52456E-04
   6650   0.52328E-04
   6660   0.52207E-04
   6670   0.52063E-04
   6680   0.51917E-04
   6690   0.51791E-04
   6700   0.51652E-04
   6710   0.51512E-04
   6720   0.51395E-04
   6730   0.51252E-04
   6740   0.51112E-04
   6750   0.50979E-04
   6760   0.50829E-04
   6770   0.50698E-04
   6780   0.50578E-04
   6790   0.50434E-04
   6800   0.50317E-04
   6810   0.50169E-04
   6820   0.50033E-04
   6830   0.49896E-04
   6840   0.49776E-04
   6850   0.49653E-04
   6860   0.49524E-04
   6870   0.49412E-04
   6880   0.49290E-04
   6890   0.49167E-04
   6900   0.49044E-04
   6910   0.48934E-04
   6920   0.48819E-04
   6930   0.48703E-04
   6940   0.48597E-04
   6950   0.48483E-04
   6960   0.48374E-04
   6970   0.48272E-04
   6980   0.48167E-04
   6990   0.48066E-04
   7000   0.47959E-04
   7010   0.47860E-04
   7020   0.47760E-04
   7030   0.47659E-04
   7040   0.47562E-04
   7050   0.47474E-04
   7060   0.47394E-04
   7070   0.47296E-04
   7080   0.47204E-04
   7090   0.47111E-04
   7100   0.47032E-04
   7110   0.46941E-04
   7120   0.46870E-04
   7130   0.46784E-04
   7140   0.46694E-04
   7150   0.46616E-04
   7160   0.46529E-04
   7170   0.46470E-04
   7180   0.46388E-04
   7190   0.46305E-04
   7200   0.46235E-04
   7210   0.46146E-04
   7220   0.46094E-04
   7230   0.46018E-04
   7240   0.45935E-04
   7250   0.45868E-04
   7260   0.45782E-04
   7270   0.45717E-04
   7280   0.45659E-04
   7290   0.45565E-04
   7300   0.45513E-04
   7310   0.45444E-04
   7320   0.45372E-04
   7330   0.45284E-04
   7340   0.45218E-04
   7350   0.45161E-04
   7360   0.45101E-04
   7370   0.45041E-04
   7380   0.44960E-04
   7390   0.44902E-04
   7400   0.44834E-04
   7410   0.44764E-04
   7420   0.44684E-04
   7430   0.44636E-04
   7440   0.44562E-04
   7450   0.44510E-04
   7460   0.44445E-04
   7470   0.44378E-04
   7480   0.44305E-04
   7490   0.44252E-04
   7500   0.44189E-04
   7510   0.44119E-04
   7520   0.44049E-04
   7530   0.43986E-04
   7540   0.43921E-04
   7550   0.43855E-04
   7560   0.43797E-04
   7570   0.43733E-04
   7580   0.43666E-04
   7590   0.43599E-04
   7600   0.43540E-04
   7610   0.43481E-04
   7620   0.43419E-04
   7630   0.43348E-04
   7640   0.43279E-04
   7650   0.43202E-04
   7660   0.43154E-04
   7670   0.43063E-04
   7680   0.43009E-04
   7690   0.42938E-04
   7700   0.42883E-04
   7710   0.42805E-04
   7720   0.42726E-04
   7730   0.42644E-04
   7740   0.42586E-04
   7750   0.42504E-04
   7760   0.42445E-04
   7770   0.42367E-04
   7780   0.42298E-04
   7790   0.42224E-04
   7800   0.42153E-04
   7810   0.42065E-04
   7820   0.41983E-04
   7830   0.41910E-04
   7840   0.41840E-04
   7850   0.41770E-04
   7860   0.41697E-04
   7870   0.41608E-04
   7880   0.41515E-04
   7890   0.41448E-04
   7900   0.41369E-04
   7910   0.41284E-04
   7920   0.41207E-04
   7930   0.41110E-04
   7940   0.41041E-04
   7950   0.40958E-04
   7960   0.40856E-04
   7970   0.40781E-04
   7980   0.40691E-04
   7990   0.40613E-04
   8000   0.40517E-04
   8010   0.40432E-04
   8020   0.40332E-04
   8030   0.40238E-04
   8040   0.40160E-04
   8050   0.40059E-04
   8060   0.39972E-04
   8070   0.39879E-04
   8080   0.39787E-04
   8090   0.39695E-04
   8100   0.39606E-04
   8110   0.39512E-04
   8120   0.39417E-04
   8130   0.39315E-04
   8140   0.39228E-04
   8150   0.39137E-04
   8160   0.39019E-04
   8170   0.38926E-04
   8180   0.38835E-04
   8190   0.38730E-04
   8200   0.38617E-04
   8210   0.38546E-04
   8220   0.38444E-04
   8230   0.38341E-04
   8240   0.38247E-04
   8250   0.38155E-04
   8260   0.38051E-04
   8270   0.37929E-04
   8280   0.37844E-04
   8290   0.37726E-04
   8300   0.37625E-04
   8310   0.37548E-04
   8320   0.37448E-04
   8330   0.37322E-04
   8340   0.37224E-04
   8350   0.37132E-04
   8360   0.37016E-04
   8370   0.36928E-04
   8380   0.36834E-04
   8390   0.36716E-04
   8400   0.36609E-04
   8410   0.36507E-04
   8420   0.36399E-04
   8430   0.36314E-04
   8440   0.36216E-04
   8450   0.36081E-04
   8460   0.35992E-04
   8470   0.35879E-04
   8480   0.35794E-04
   8490   0.35681E-04
   8500   0.35584E-04
   8510   0.35463E-04
   8520   0.35362E-04
   8530   0.35265E-04
   8540   0.35162E-04
   8550   0.35052E-04
   8560   0.34939E-04
   8570   0.34847E-04
   8580   0.34739E-04
   8590   0.34649E-04
   8600   0.34527E-04
   8610   0.34424E-04
   8620   0.34329E-04
   8630   0.34207E-04
   8640   0.34103E-04
   8650   0.33997E-04
   8660   0.33923E-04
   8670   0.33799E-04
   8680   0.33705E-04
   8690   0.33593E-04
   8700   0.33500E-04
   8710   0.33389E-04
   8720   0.33281E-04
   8730   0.33185E-04
   8740   0.33065E-04
   8750   0.32981E-04
   8760   0.32865E-04
   8770   0.32764E-04
   8780   0.32668E-04
   8790   0.32559E-04
   8800   0.32452E-04
   8810   0.32367E-04
   8820   0.32250E-04
   8830   0.32149E-04
   8840   0.32039E-04
   8850   0.31950E-04
   8860   0.31848E-04
   8870   0.31744E-04
   8880   0.31627E-04
   8890   0.31547E-04
   8900   0.31442E-04
   8910   0.31345E-04
   8920   0.31235E-04
   8930   0.31127E-04
   8940   0.31022E-04
   8950   0.30927E-04
   8960   0.30810E-04
   8970   0.30711E-04
   8980   0.30625E-04
   8990   0.30521E-04
   9000   0.30416E-04
   9010   0.30311E-04
   9020   0.30205E-04
   9030   0.30117E-04
   9040   0.29984E-04
   9050   0.29901E-04
   9060   0.29813E-04
   9070   0.29701E-04
   9080   0.29599E-04
   9090   0.29496E-04
   9100   0.29392E-04
   9110   0.29282E-04
   9120   0.29198E-04
   9130   0.29097E-04
   9140   0.28995E-04
   9150   0.28891E-04
   9160   0.28793E-04
   9170   0.28694E-04
   9180   0.28586E-04
   9190   0.28470E-04
   9200   0.28367E-04
   9210   0.28266E-04
   9220   0.28173E-04
   9230   0.28068E-04
   9240   0.27967E-04
   9250   0.27879E-04
   9260   0.27778E-04
   9270   0.27665E-04
   9280   0.27553E-04
   9290   0.27466E-04
   9300   0.27355E-04
   9310   0.27259E-04
   9320   0.27147E-04
   9330   0.27047E-04
   9340   0.26959E-04
   9350   0.26856E-04
   9360   0.26745E-04
   9370   0.26658E-04
   9380   0.26529E-04
   9390   0.26456E-04
   9400   0.26328E-04
   9410   0.26248E-04
   9420   0.26140E-04
   9430   0.26044E-04
   9440   0.25937E-04
   9450   0.25835E-04
   9460   0.25720E-04
   9470   0.25632E-04
   9480   0.25548E-04
   9490   0.25445E-04
   9500   0.25338E-04
   9510   0.25235E-04
   9520   0.25133E-04
   9530   0.25054E-04
   9540   0.24950E-04
   9550   0.24853E-04
   9560   0.24760E-04
   9570   0.24666E-04
   9580   0.24572E-04
   9590   0.24458E-04
   9600   0.24373E-04
   9610   0.24287E-04
   9620   0.24175E-04
   9630   0.24104E-04
   9640   0.23982E-04
   9650   0.23905E-04
   9660   0.23805E-04
   9670   0.23713E-04
   9680   0.23620E-04
   9690   0.23534E-04
   9700   0.23427E-04
   9710   0.23331E-04
   9720   0.23236E-04
   9730   0.23140E-04
   9740   0.23068E-04
   9750   0.22967E-04
   9760   0.22873E-04
   9770   0.22795E-04
   9780   0.22702E-04
   9790   0.22605E-04
   9800   0.22505E-04
   9810   0.22420E-04
   9820   0.22340E-04
   9830   0.22252E-04
   9840   0.22166E-04
   9850   0.22085E-04
   9860   0.21973E-04
   9870   0.21900E-04
   9880   0.21809E-04
   9890   0.21741E-04
   9900   0.21645E-04
   9910   0.21570E-04
   9920   0.21467E-04
   9930   0.21391E-04
   9940   0.21300E-04
   9950   0.21210E-04
   9960   0.21134E-04
   9970   0.21045E-04
   9980   0.20956E-04
   9990   0.20877E-04
  10000   0.20787E-04
  10010   0.20724E-04
  10020   0.20639E-04
  10030   0.20546E-04
  10040   0.20467E-04
  10050   0.20379E-04
  10060   0.20313E-04
  10070   0.20232E-04
  10080   0.20151E-04
  10090   0.20084E-04
  10100   0.20007E-04
  10110   0.19912E-04
  10120   0.19818E-04
  10130   0.19752E-04
  10140   0.19669E-04
  10150   0.19592E-04
  10160   0.19512E-04
  10170   0.19439E-04
  10180   0.19371E-04
  10190   0.19274E-04
  10200   0.19213E-04
  10210   0.19111E-04
  10220   0.19038E-04
  10230   0.18963E-04
  10240   0.18877E-04
  10250   0.18795E-04
  10260   0.18723E-04
  10270   0.18640E-04
  10280   0.18558E-04
  10290   0.18481E-04
  10300   0.18398E-04
  10310   0.18329E-04
  10320   0.18258E-04
  10330   0.18169E-04
  10340   0.18098E-04
  10350   0.18012E-04
  10360   0.17933E-04
  10370   0.17861E-04
  10380   0.17780E-04
  10390   0.17695E-04
  10400   0.17603E-04
  10410   0.17546E-04
  10420   0.17445E-04
  10430   0.17373E-04
  10440   0.17289E-04
  10450   0.17221E-04
  10460   0.17123E-04
  10470   0.17051E-04
  10480   0.16976E-04
  10490   0.16885E-04
  10500   0.16794E-04
  10510   0.16717E-04
  10520   0.16638E-04
  10530   0.16560E-04
  10540   0.16469E-04
  10550   0.16391E-04
  10560   0.16305E-04
  10570   0.16238E-04
  10580   0.16133E-04
  10590   0.16063E-04
  10600   0.15977E-04
  10610   0.15887E-04
  10620   0.15806E-04
  10630   0.15718E-04
  10640   0.15640E-04
  10650   0.15553E-04
  10660   0.15475E-04
  10670   0.15374E-04
  10680   0.15296E-04
  10690   0.15200E-04
  10700   0.15109E-04
  10710   0.15025E-04
  10720   0.14939E-04
  10730   0.14860E-04
  10740   0.14756E-04
  10750   0.14686E-04
  10760   0.14592E-04
  10770   0.14494E-04
  10780   0.14417E-04
  10790   0.14328E-04
  10800   0.14234E-04
  10810   0.14141E-04
  10820   0.14071E-04
  10830   0.13996E-04
  10840   0.13908E-04
  10850   0.13825E-04
  10860   0.13735E-04
  10870   0.13651E-04
  10880   0.13554E-04
  10890   0.13476E-04
  10900   0.13394E-04
  10910   0.13309E-04
  10920   0.13223E-04
  10930   0.13144E-04
  10940   0.13068E-04
  10950   0.12964E-04
  10960   0.12878E-04
  10970   0.12795E-04
  10980   0.12713E-04
  10990   0.12644E-04
  11000   0.12531E-04
  11010   0.12462E-04
  11020   0.12382E-04
  11030   0.12290E-04
  11040   0.12215E-04
  11050   0.12129E-04
  11060   0.12034E-04
  11070   0.11970E-04
  11080   0.11876E-04
  11090   0.11801E-04
  11100   0.11729E-04
  11110   0.11647E-04
  11120   0.11550E-04
  11130   0.11486E-04
  11140   0.11396E-04
  11150   0.11309E-04
  11160   0.11241E-04
  11170   0.11158E-04
  11180   0.11075E-04
  11190   0.11009E-04
  11200   0.10914E-04
  11210   0.10850E-04
  11220   0.10777E-04
  11230   0.10683E-04
  11240   0.10620E-04
  11250   0.10545E-04
  11260   0.10459E-04
  11270   0.10404E-04
  11280   0.10319E-04
  11290   0.10242E-04
  11300   0.10150E-04
  11310   0.10086E-04
  11320   0.10015E-04
  11330   0.99488E-05
  11340   0.98740E-05
  11350   0.98048E-05
  11360   0.97134E-05
  11370   0.96571E-05
  11380   0.95836E-05
  11390   0.95134E-05
  11400   0.94447E-05
  11410   0.93747E-05
  11420   0.93089E-05
  11430   0.92452E-05
  11440   0.91508E-05
  11450   0.91035E-05
  11460   0.90279E-05
  11470   0.89582E-05
  11480   0.89051E-05
  11490   0.88378E-05
  11500   0.87721E-05
  11510   0.86889E-05
  11520   0.86281E-05
  11530   0.85612E-05
  11540   0.84795E-05
  11550   0.84230E-05
  11560   0.83692E-05
  11570   0.83039E-05
  11580   0.82369E-05
  11590   0.81729E-05
  11600   0.81194E-05
  11610   0.80466E-05
  11620   0.79846E-05
  11630   0.79198E-05
  11640   0.78639E-05
  11650   0.77931E-05
  11660   0.77344E-05
  11670   0.76740E-05
  11680   0.75952E-05
  11690   0.75454E-05
  11700   0.74923E-05
  11710   0.74266E-05
  11720   0.73646E-05
  11730   0.73122E-05
  11740   0.72484E-05
  11750   0.71929E-05
  11760   0.71305E-05
  11770   0.70666E-05
  11780   0.70197E-05
  11790   0.69639E-05
  11800   0.69097E-05
  11810   0.68480E-05
  11820   0.67862E-05
  11830   0.67276E-05
  11840   0.66752E-05
  11850   0.66126E-05
  11860   0.65588E-05
  11870   0.65047E-05
  11880   0.64557E-05
  11890   0.64055E-05
  11900   0.63471E-05
  11910   0.62841E-05
  11920   0.62388E-05
  11930   0.61851E-05
  11940   0.61309E-05
  11950   0.60896E-05
  11960   0.60347E-05
  11970   0.59709E-05
  11980   0.59324E-05
  11990   0.58756E-05
  12000   0.58314E-05
  12010   0.57619E-05
  12020   0.57280E-05
  12030   0.56715E-05
  12040   0.56314E-05
  12050   0.55836E-05
  12060   0.55331E-05
  12070   0.54711E-05
  12080   0.54353E-05
  12090   0.53972E-05
  12100   0.53494E-05
  12110   0.53072E-05
  12120   0.52599E-05
  12130   0.52148E-05
  12140   0.51711E-05
  12150   0.51282E-05
  12160   0.50907E-05
  12170   0.50425E-05
  12180   0.50058E-05
  12190   0.49593E-05
  12200   0.49146E-05
  12210   0.48689E-05
  12220   0.48258E-05
  12230   0.47920E-05
  12240   0.47419E-05
  12250   0.47116E-05
  12260   0.46846E-05
  12270   0.46299E-05
  12280   0.45919E-05
  12290   0.45490E-05
  12300   0.45131E-05
  12310   0.44677E-05
  12320   0.44217E-05
  12330   0.43912E-05
  12340   0.43512E-05
  12350   0.43266E-05
  12360   0.42971E-05
  12370   0.42718E-05
  12380   0.42414E-05
  12390   0.41938E-05
  12400   0.41510E-05
  12410   0.41197E-05
  12420   0.40889E-05
  12430   0.40492E-05
  12440   0.40205E-05
  12450   0.39840E-05
  12460   0.39521E-05
  12470   0.39183E-05
  12480   0.38890E-05
  12490   0.38612E-05
  12500   0.38258E-05
  12510   0.37995E-05
  12520   0.37667E-05
  12530   0.37454E-05
  12540   0.37160E-05
  12550   0.36840E-05
  12560   0.36543E-05
  12570   0.36181E-05
  12580   0.35969E-05
  12590   0.35608E-05
  12600   0.35350E-05
  12610   0.35100E-05
  12620   0.34846E-05
  12630   0.34683E-05
  12640   0.34315E-05
  12650   0.34168E-05
  12660   0.33829E-05
  12670   0.33594E-05
  12680   0.33317E-05
  12690   0.33035E-05
  12700   0.32781E-05
  12710   0.32590E-05
  12720   0.32387E-05
  12730   0.32149E-05
  12740   0.31792E-05
  12750   0.31806E-05
  12760   0.31535E-05
  12770   0.31239E-05
  12780   0.31032E-05
  12790   0.30833E-05
  12800   0.30686E-05
  12810   0.30364E-05
  12820   0.30155E-05
  12830   0.29987E-05
  12840   0.29717E-05
  12850   0.29466E-05
  12860   0.29317E-05
  12870   0.29239E-05
  12880   0.29079E-05
  12890   0.28793E-05
  12900   0.28623E-05
  12910   0.28507E-05
  12920   0.28359E-05
  12930   0.28145E-05
  12940   0.28001E-05
  12950   0.27889E-05
  12960   0.27642E-05
  12970   0.27562E-05
  12980   0.27318E-05
  12990   0.27224E-05
  13000   0.27077E-05
  13010   0.27016E-05
  13020   0.26728E-05
  13030   0.26560E-05
  13040   0.26421E-05
  13050   0.26218E-05
  13060   0.26052E-05
  13070   0.25971E-05
  13080   0.25806E-05
  13090   0.25720E-05
  13100   0.25583E-05
  13110   0.25504E-05
  13120   0.25435E-05
  13130   0.25324E-05
  13140   0.25083E-05
  13150   0.24867E-05
  13160   0.24791E-05
  13170   0.24594E-05
  13180   0.24568E-05
  13190   0.24466E-05
  13200   0.24340E-05
  13210   0.24057E-05
  13220   0.24033E-05
  13230   0.23913E-05
  13240   0.23758E-05
  13250   0.23699E-05
  13260   0.23783E-05
  13270   0.23583E-05
  13280   0.23497E-05
  13290   0.23392E-05
  13300   0.23269E-05
  13310   0.23177E-05
  13320   0.23084E-05
  13330   0.22981E-05
  13340   0.22885E-05
  13350   0.22770E-05
  13360   0.22683E-05
  13370   0.22572E-05
  13380   0.22438E-05
  13390   0.22237E-05
  13400   0.22279E-05
  13410   0.22056E-05
  13420   0.22019E-05
  13430   0.21930E-05
  13440   0.21869E-05
  13450   0.21825E-05
  13460   0.21792E-05
  13470   0.21669E-05
  13480   0.21530E-05
  13490   0.21415E-05
  13500   0.21303E-05
  13510   0.21235E-05
  13520   0.21151E-05
  13530   0.21218E-05
  13540   0.21140E-05
  13550   0.20985E-05
  13560   0.20839E-05
  13570   0.20808E-05
  13580   0.20813E-05
  13590   0.20698E-05
  13600   0.20758E-05
  13610   0.20682E-05
  13620   0.20456E-05
  13630   0.20462E-05
  13640   0.20281E-05
  13650   0.20304E-05
  13660   0.20213E-05
  13670   0.20206E-05
  13680   0.20139E-05
  13690   0.20097E-05
  13700   0.20087E-05
  13710   0.20045E-05
  13720   0.19997E-05
  13730   0.19872E-05
  13740   0.19867E-05
  13750   0.19774E-05
  13760   0.19730E-05
  13770   0.19608E-05
  13780   0.19595E-05
  13790   0.19502E-05
  13800   0.19426E-05
  13810   0.19390E-05
  13820   0.19250E-05
  13830   0.19160E-05
  13840   0.19080E-05
  13850   0.19140E-05
  13860   0.19044E-05
  13870   0.18997E-05
  13880   0.18961E-05
  13890   0.18921E-05
  13900   0.18875E-05
  13910   0.18861E-05
  13920   0.18752E-05
  13930   0.18779E-05
  13940   0.18649E-05
  13950   0.18574E-05
  13960   0.18570E-05
  13970   0.18524E-05
  13980   0.18492E-05
  13990   0.18469E-05
  14000   0.18330E-05
  14010   0.18350E-05
  14020   0.18251E-05
  14030   0.18272E-05
  14040   0.18222E-05
  14050   0.18201E-05
  14060   0.18174E-05
  14070   0.18155E-05
  14080   0.18075E-05
  14090   0.18068E-05
  14100   0.17967E-05
  14110   0.17809E-05
  14120   0.17931E-05
  14130   0.17792E-05
  14140   0.17727E-05
  14150   0.17756E-05
  14160   0.17642E-05
  14170   0.17733E-05
  14180   0.17772E-05
  14190   0.17652E-05
  14200   0.17609E-05
  14210   0.17517E-05
  14220   0.17476E-05
  14230   0.17416E-05
  14240   0.17344E-05
  14250   0.17259E-05
  14260   0.17224E-05
  14270   0.17079E-05
  14280   0.17201E-05
  14290   0.17158E-05
  14300   0.17159E-05
  14310   0.16996E-05
  14320   0.17016E-05
  14330   0.16940E-05
  14340   0.16880E-05
  14350   0.16801E-05
  14360   0.16794E-05
  14370   0.16818E-05
  14380   0.16787E-05
  14390   0.16600E-05
  14400   0.16595E-05
  14410   0.16642E-05
  14420   0.16539E-05
  14430   0.16492E-05
  14440   0.16540E-05
  14450   0.16515E-05
  14460   0.16446E-05
  14470   0.16294E-05
  14480   0.16258E-05
  14490   0.16321E-05
  14500   0.16377E-05
  14510   0.16284E-05
  14520   0.16235E-05
  14530   0.16132E-05
  14540   0.16106E-05
  14550   0.16113E-05
  14560   0.16013E-05
  14570   0.15926E-05
  14580   0.15957E-05
  14590   0.15963E-05
  14600   0.15923E-05
  14610   0.15856E-05
  14620   0.15823E-05
  14630   0.15740E-05
  14640   0.15752E-05
  14650   0.15772E-05
  14660   0.15714E-05
  14670   0.15822E-05
  14680   0.15734E-05
  14690   0.15729E-05
  14700   0.15553E-05
  14710   0.15671E-05
  14720   0.15564E-05
  14730   0.15356E-05
  14740   0.15288E-05
  14750   0.15293E-05
  14760   0.15407E-05
  14770   0.15378E-05
  14780   0.15452E-05
  14790   0.15268E-05
  14800   0.15201E-05
  14810   0.15208E-05
  14820   0.15137E-05
  14830   0.15081E-05
  14840   0.15029E-05
  14850   0.15018E-05
  14860   0.14973E-05
  14870   0.14995E-05
  14880   0.15027E-05
  14890   0.15042E-05
  14900   0.14969E-05
  14910   0.14821E-05
  14920   0.14961E-05
  14930   0.14791E-05
  14940   0.14718E-05
  14950   0.14605E-05
  14960   0.14703E-05
  14970   0.14603E-05
  14980   0.14508E-05
  14990   0.14467E-05
  15000   0.14529E-05
  15010   0.14502E-05
  15020   0.14413E-05
  15030   0.14585E-05
  15040   0.14494E-05
  15050   0.14463E-05
  15060   0.14473E-05
  15070   0.14429E-05
  15080   0.14269E-05
  15090   0.14350E-05
  15100   0.14390E-05
  15110   0.14356E-05
  15120   0.14434E-05
  15130   0.14337E-05
  15140   0.14448E-05
  15150   0.14280E-05
  15160   0.14248E-05
  15170   0.14154E-05
  15180   0.14135E-05
  15190   0.14021E-05
  15200   0.14024E-05
  15210   0.14071E-05
  15220   0.13869E-05
  15230   0.13851E-05
  15240   0.13635E-05
  15250   0.13686E-05
  15260   0.13636E-05
  15270   0.13780E-05
  15280   0.13720E-05
  15290   0.13663E-05
  15300   0.13736E-05
  15310   0.13673E-05
  15320   0.13556E-05
  15330   0.13519E-05
  15340   0.13589E-05
  15350   0.13465E-05
  15360   0.13378E-05
  15370   0.13426E-05
  15380   0.13324E-05
  15390   0.13426E-05
  15400   0.13431E-05
  15410   0.13242E-05
  15420   0.13188E-05
  15430   0.13246E-05
  15440   0.13178E-05
  15450   0.13123E-05
  15460   0.13209E-05
  15470   0.13164E-05
  15480   0.13079E-05
  15490   0.13051E-05
  15500   0.12982E-05
  15510   0.12936E-05
  15520   0.13099E-05
  15530   0.13031E-05
  15540   0.12861E-05
  15550   0.12699E-05
  15560   0.12681E-05
  15570   0.12738E-05
  15580   0.12725E-05
  15590   0.12702E-05
  15600   0.12558E-05
  15610   0.12434E-05
  15620   0.12355E-05
  15630   0.12261E-05
  15640   0.12210E-05
  15650   0.12411E-05
  15660   0.12315E-05
  15670   0.12313E-05
  15680   0.12342E-05
  15690   0.12237E-05
  15700   0.12290E-05
  15710   0.12210E-05
  15720   0.12101E-05
  15730   0.11970E-05
  15740   0.11919E-05
  15750   0.11942E-05
  15760   0.11892E-05
  15770   0.11893E-05
  15780   0.11924E-05
  15790   0.11880E-05
  15800   0.11839E-05
  15810   0.11818E-05
  15820   0.11616E-05
  15830   0.11732E-05
  15840   0.11667E-05
  15850   0.11598E-05
  15860   0.11809E-05
  15870   0.11759E-05
  15880   0.11766E-05
  15890   0.11884E-05
  15900   0.11819E-05
  15910   0.11768E-05
  15920   0.11622E-05
  15930   0.11664E-05
  15940   0.11480E-05
  15950   0.11431E-05
  15960   0.11144E-05
  15970   0.11348E-05
  15980   0.11280E-05
  15990   0.11213E-05
  16000   0.11260E-05
  16010   0.11212E-05
  16020   0.11153E-05
  16030   0.11105E-05
  16040   0.11068E-05
  16050   0.10916E-05
  16060   0.10925E-05
  16070   0.10895E-05
  16080   0.10745E-05
  16090   0.10808E-05
  16100   0.10670E-05
  16110   0.10572E-05
  16120   0.10652E-05
  16130   0.10490E-05
  16140   0.10627E-05
  16150   0.10558E-05
  16160   0.10564E-05
  16170   0.10508E-05
  16180   0.10368E-05
  16190   0.10324E-05
  16200   0.10397E-05
  16210   0.10319E-05
  16220   0.10442E-05
  16230   0.10296E-05
  16240   0.10272E-05
  16250   0.10282E-05
  16260   0.10304E-05
  16270   0.10082E-05
  16280   0.10074E-05
  16290   0.10002E-05
  16300   0.10043E-05
  16310   0.99708E-06
  16320   0.98166E-06
  16330   0.99073E-06
  16340   0.99740E-06
  16350   0.98305E-06
  16360   0.97216E-06
  16370   0.96115E-06
  16380   0.94605E-06
  16390   0.93929E-06
  16400   0.94128E-06
  16410   0.94898E-06
  16420   0.94280E-06
  16430   0.94006E-06
  16440   0.94843E-06
  16450   0.93777E-06
  16460   0.92856E-06
  16470   0.92034E-06
  16480   0.93102E-06
  16490   0.91852E-06
  16500   0.91765E-06
  16510   0.91342E-06
  16520   0.90243E-06
  16530   0.88727E-06
  16540   0.87937E-06
  16550   0.88010E-06
  16560   0.89011E-06
  16570   0.88143E-06
  16580   0.85702E-06
  16590   0.86259E-06
  16600   0.86503E-06
  16610   0.85601E-06
  16620   0.85800E-06
  16630   0.85394E-06
  16640   0.84369E-06
  16650   0.82369E-06
  16660   0.81519E-06
  16670   0.81874E-06
  16680   0.82516E-06
  16690   0.81213E-06
  16700   0.81565E-06
  16710   0.81701E-06
  16720   0.80928E-06
  16730   0.79035E-06
  16740   0.79498E-06
  16750   0.78776E-06
  16760   0.77864E-06
  16770   0.78633E-06
  16780   0.76024E-06
  16790   0.76854E-06
  16800   0.75594E-06
  16810   0.74917E-06
  16820   0.75779E-06
  16830   0.76164E-06
  16840   0.74917E-06
  16850   0.75434E-06
  16860   0.72950E-06
  16870   0.73187E-06
  16880   0.72083E-06
  16890   0.72397E-06
  16900   0.71932E-06
  16910   0.71888E-06
  16920   0.70400E-06
  16930   0.70347E-06
  16940   0.70049E-06
  16950   0.68893E-06
  16960   0.68913E-06
  16970   0.68100E-06
  16980   0.68446E-06
  16990   0.68328E-06
  17000   0.68050E-06
  17010   0.67668E-06
  17020   0.66297E-06
  17030   0.65158E-06
  17040   0.65814E-06
  17050   0.63354E-06
  17060   0.64105E-06
  17070   0.63321E-06
  17080   0.63165E-06
  17090   0.62258E-06
  17100   0.62380E-06
  17110   0.61566E-06
  17120   0.61207E-06
  17130   0.58940E-06
  17140   0.58924E-06
  17150   0.59454E-06
  17160   0.58626E-06
  17170   0.59358E-06
  17180   0.57229E-06
  17190   0.58127E-06
  17200   0.56318E-06
  17210   0.56500E-06
  17220   0.56310E-06
  17230   0.55052E-06
  17240   0.55773E-06
  17250   0.55014E-06
  17260   0.53975E-06
  17270   0.54159E-06
  17280   0.53104E-06
  17290   0.54105E-06
  17300   0.53580E-06
  17310   0.53749E-06
  17320   0.53893E-06
  17330   0.54334E-06
  17340   0.54203E-06
  17350   0.53989E-06
  17360   0.53266E-06
  17370   0.51144E-06
  17380   0.52148E-06
  17390   0.50876E-06
  17400   0.50330E-06
  17410   0.50759E-06
  17420   0.49569E-06
  17430   0.52613E-06
  17440   0.50648E-06
  17450   0.49526E-06
  17460   0.48657E-06
  17470   0.49785E-06
  17480   0.48537E-06
  17490   0.49428E-06
  17500   0.49214E-06
  17510   0.48893E-06
  17520   0.48430E-06
  17530   0.47469E-06
  17540   0.47028E-06
  17550   0.47670E-06
  17560   0.47442E-06
  17570   0.47874E-06
  17580   0.46541E-06
  17590   0.46701E-06
  17600   0.45994E-06
  17610   0.44594E-06
  17620   0.44354E-06
  17630   0.42669E-06
  17640   0.44399E-06
  17650   0.43565E-06
  17660   0.40807E-06
  17670   0.41727E-06
  17680   0.41111E-06
  17690   0.41848E-06
  17700   0.41491E-06
  17710   0.41413E-06
  17720   0.41273E-06
  17730   0.41229E-06
  17740   0.41572E-06
  17750   0.40560E-06
  17760   0.41171E-06
  17770   0.38783E-06
  17780   0.40084E-06
  17790   0.39960E-06
  17800   0.39904E-06
  17810   0.39101E-06
  17820   0.38971E-06
  17830   0.38408E-06
  17840   0.37506E-06
  17850   0.38485E-06
  17860   0.39558E-06
  17870   0.39282E-06
  17880   0.39456E-06
  17890   0.38075E-06
  17900   0.36988E-06
  17910   0.36674E-06
  17920   0.36697E-06
  17930   0.35963E-06
  17940   0.34456E-06
  17950   0.35580E-06
  17960   0.36246E-06
  17970   0.36606E-06
  17980   0.35393E-06
  17990   0.33867E-06
  18000   0.33349E-06
  18010   0.36272E-06
  18020   0.33829E-06
  18030   0.34400E-06
  18040   0.33731E-06
  18050   0.33787E-06
  18060   0.33621E-06
  18070   0.33227E-06
  18080   0.32080E-06
  18090   0.33578E-06
  18100   0.32459E-06
  18110   0.33890E-06
  18120   0.33577E-06
  18130   0.32138E-06
  18140   0.33285E-06
  18150   0.32329E-06
  18160   0.32669E-06
  18170   0.31813E-06
  18180   0.32529E-06
  18190   0.32814E-06
  18200   0.33168E-06
  18210   0.33516E-06
  18220   0.33929E-06
  18230   0.32189E-06
  18240   0.33354E-06
  18250   0.33686E-06
  18260   0.32603E-06
  18270   0.32802E-06
  18280   0.32824E-06
  18290   0.32879E-06
  18300   0.32482E-06
  18310   0.33101E-06
  18320   0.33831E-06
  18330   0.32628E-06
  18340   0.32795E-06
  18350   0.32403E-06
  18360   0.32227E-06
  18370   0.31505E-06
  18380   0.31114E-06
  18390   0.30802E-06
  18400   0.29912E-06
  18410   0.31549E-06
  18420   0.32263E-06
  18430   0.30632E-06
  18440   0.30270E-06
  18450   0.30379E-06
  18460   0.29342E-06
  18470   0.31143E-06
  18480   0.30885E-06
  18490   0.30445E-06
  18500   0.29325E-06
  18510   0.32456E-06
  18520   0.31187E-06
  18530   0.30874E-06
  18540   0.30990E-06
  18550   0.30709E-06
  18560   0.30580E-06
  18570   0.30849E-06
  18580   0.30732E-06
  18590   0.32048E-06
  18600   0.31388E-06
  18610   0.30784E-06
  18620   0.31710E-06
  18630   0.30593E-06
  18640   0.29561E-06
  18650   0.30183E-06
  18660   0.30662E-06
  18670   0.29298E-06
  18680   0.29955E-06
  18690   0.29334E-06
  18700   0.28533E-06
  18710   0.30777E-06
  18720   0.29569E-06
  18730   0.29249E-06
  18740   0.28782E-06
  18750   0.29115E-06
  18760   0.29601E-06
  18770   0.28205E-06
  18780   0.28024E-06
  18790   0.28259E-06
  18800   0.29448E-06
  18810   0.31831E-06
  18820   0.29929E-06
  18830   0.30431E-06
  18840   0.28867E-06
  18850   0.30547E-06
  18860   0.30305E-06
  18870   0.29796E-06
  18880   0.30318E-06
  18890   0.31366E-06
  18900   0.31326E-06
  18910   0.32314E-06
  18920   0.31018E-06
  18930   0.32013E-06
  18940   0.30658E-06
  18950   0.32867E-06
  18960   0.31920E-06
  18970   0.31573E-06
  18980   0.31168E-06
  18990   0.30264E-06
  19000   0.31352E-06
  19010   0.31874E-06
  19020   0.31011E-06
  19030   0.30706E-06
  19040   0.32833E-06
  19050   0.32423E-06
  19060   0.31272E-06
  19070   0.31100E-06
  19080   0.30893E-06
  19090   0.32035E-06
  19100   0.32470E-06
  19110   0.34085E-06
  19120   0.32331E-06
  19130   0.32470E-06
  19140   0.31487E-06
  19150   0.31218E-06
  19160   0.30235E-06
  19170   0.28061E-06
  19180   0.30682E-06
  19190   0.30729E-06
  19200   0.29520E-06
  19210   0.32830E-06
  19220   0.30782E-06
  19230   0.31499E-06
  19240   0.31285E-06
  19250   0.30559E-06
  19260   0.31678E-06
  19270   0.30678E-06
  19280   0.30492E-06
  19290   0.31102E-06
  19300   0.31512E-06
  19310   0.32337E-06
  19320   0.32062E-06
  19330   0.31514E-06
  19340   0.31777E-06
  19350   0.31552E-06
  19360   0.31024E-06
  19370   0.31768E-06
  19380   0.31937E-06
  19390   0.32608E-06
  19400   0.31349E-06
  19410   0.32780E-06
  19420   0.34195E-06
  19430   0.33759E-06
  19440   0.33244E-06
  19450   0.32708E-06
  19460   0.31453E-06
  19470   0.31609E-06
  19480   0.31748E-06
  19490   0.31638E-06
  19500   0.31194E-06
  19510   0.32079E-06
  19520   0.31826E-06
  19530   0.32272E-06
  19540   0.32275E-06
  19550   0.31060E-06
  19560   0.31714E-06
  19570   0.31552E-06
  19580   0.31593E-06
  19590   0.32536E-06
  19600   0.32592E-06
  19610   0.34845E-06
  19620   0.34765E-06
  19630   0.34732E-06
  19640   0.34140E-06
  19650   0.33842E-06
  19660   0.34800E-06
  19670   0.33952E-06
  19680   0.34078E-06
  19690   0.35077E-06
  19700   0.36621E-06
  19710   0.33459E-06
  19720   0.34253E-06
  19730   0.35187E-06
  19740   0.34628E-06
  19750   0.35777E-06
  19760   0.33345E-06
  19770   0.33117E-06
  19780   0.33211E-06
  19790   0.35709E-06
  19800   0.34734E-06
  19810   0.36203E-06
  19820   0.35371E-06
  19830   0.35667E-06
  19840   0.34888E-06
  19850   0.34677E-06
  19860   0.32864E-06
  19870   0.33897E-06
  19880   0.34935E-06
  19890   0.33823E-06
  19900   0.35566E-06
  19910   0.36923E-06
  19920   0.36634E-06
  19930   0.34137E-06
  19940   0.33964E-06
  19950   0.35353E-06
  19960   0.35101E-06
  19970   0.35108E-06
  19980   0.37013E-06
  19990   0.36098E-06
  20000   0.35805E-06
