     10   0.13880E-02
     20   0.13374E-02
     30   0.12906E-02
     40   0.12472E-02
     50   0.12072E-02
     60   0.11702E-02
     70   0.11355E-02
     80   0.11036E-02
     90   0.10738E-02
    100   0.10461E-02
    110   0.10185E-02
    120   0.99270E-03
    130   0.96898E-03
    140   0.94638E-03
    150   0.92544E-03
    160   0.90571E-03
    170   0.88706E-03
    180   0.86962E-03
    190   0.85310E-03
    200   0.83759E-03
    210   0.82275E-03
    220   0.80885E-03
    230   0.79547E-03
    240   0.78287E-03
    250   0.77064E-03
    260   0.75908E-03
    270   0.74793E-03
    280   0.73731E-03
    290   0.72712E-03
    300   0.71713E-03
    310   0.70779E-03
    320   0.69867E-03
    330   0.68994E-03
    340   0.68147E-03
    350   0.67308E-03
    360   0.66518E-03
    370   0.65750E-03
    380   0.64986E-03
    390   0.64259E-03
    400   0.63543E-03
    410   0.62832E-03
    420   0.62145E-03
    430   0.61497E-03
    440   0.60838E-03
    450   0.60202E-03
    460   0.59574E-03
    470   0.58949E-03
    480   0.58364E-03
    490   0.57770E-03
    500   0.57203E-03
    510   0.56632E-03
    520   0.56081E-03
    530   0.55527E-03
    540   0.55006E-03
    550   0.54473E-03
    560   0.53941E-03
    570   0.53441E-03
    580   0.52932E-03
    590   0.52433E-03
    600   0.51946E-03
    610   0.51472E-03
    620   0.50980E-03
    630   0.50515E-03
    640   0.50043E-03
    650   0.49587E-03
    660   0.49138E-03
    670   0.48682E-03
    680   0.48255E-03
    690   0.47821E-03
    700   0.47402E-03
    710   0.46970E-03
    720   0.46559E-03
    730   0.46146E-03
    740   0.45741E-03
    750   0.45336E-03
    760   0.44930E-03
    770   0.44540E-03
    780   0.44150E-03
    790   0.43767E-03
    800   0.43385E-03
    810   0.43002E-03
    820   0.42650E-03
    830   0.42280E-03
    840   0.41914E-03
    850   0.41548E-03
    860   0.41188E-03
    870   0.40839E-03
    880   0.40495E-03
    890   0.40139E-03
    900   0.39800E-03
    910   0.39465E-03
    920   0.39141E-03
    930   0.38801E-03
    940   0.38487E-03
    950   0.38150E-03
    960   0.37845E-03
    970   0.37519E-03
    980   0.37206E-03
    990   0.36907E-03
   1000   0.36596E-03
   1010   0.36299E-03
   1020   0.36000E-03
   1030   0.35704E-03
   1040   0.35405E-03
   1050   0.35131E-03
   1060   0.34839E-03
   1070   0.34554E-03
   1080   0.34278E-03
   1090   0.33996E-03
   1100   0.33721E-03
   1110   0.33450E-03
   1120   0.33189E-03
   1130   0.32922E-03
   1140   0.32663E-03
   1150   0.32421E-03
   1160   0.32149E-03
   1170   0.31904E-03
   1180   0.31650E-03
   1190   0.31419E-03
   1200   0.31166E-03
   1210   0.30928E-03
   1220   0.30694E-03
   1230   0.30459E-03
   1240   0.30237E-03
   1250   0.30005E-03
   1260   0.29791E-03
   1270   0.29563E-03
   1280   0.29351E-03
   1290   0.29143E-03
   1300   0.28923E-03
   1310   0.28733E-03
   1320   0.28521E-03
   1330   0.28323E-03
   1340   0.28125E-03
   1350   0.27937E-03
   1360   0.27744E-03
   1370   0.27560E-03
   1380   0.27372E-03
   1390   0.27197E-03
   1400   0.27023E-03
   1410   0.26855E-03
   1420   0.26686E-03
   1430   0.26523E-03
   1440   0.26371E-03
   1450   0.26226E-03
   1460   0.26066E-03
   1470   0.25936E-03
   1480   0.25809E-03
   1490   0.25681E-03
   1500   0.25577E-03
   1510   0.25473E-03
   1520   0.25371E-03
   1530   0.25302E-03
   1540   0.25254E-03
   1550   0.25199E-03
   1560   0.25165E-03
   1570   0.25170E-03
   1580   0.25178E-03
   1590   0.25209E-03
   1600   0.25288E-03
   1610   0.25370E-03
   1620   0.25477E-03
   1630   0.25629E-03
   1640   0.25805E-03
   1650   0.25996E-03
   1660   0.26210E-03
   1670   0.26444E-03
   1680   0.26712E-03
   1690   0.27025E-03
   1700   0.27358E-03
   1710   0.27699E-03
   1720   0.28038E-03
   1730   0.28352E-03
   1740   0.28703E-03
   1750   0.29115E-03
   1760   0.29506E-03
   1770   0.29915E-03
   1780   0.30227E-03
   1790   0.30509E-03
   1800   0.31082E-03
   1810   0.31254E-03
   1820   0.31645E-03
   1830   0.31918E-03
   1840   0.32072E-03
   1850   0.32478E-03
   1860   0.32377E-03
   1870   0.32848E-03
   1880   0.33035E-03
   1890   0.34145E-03
   1900   0.33330E-03
   1910   0.33268E-03
   1920   0.33590E-03
   1930   0.33869E-03
   1940   0.33901E-03
   1950   0.34043E-03
   1960   0.34018E-03
   1970   0.34399E-03
   1980   0.34453E-03
   1990   0.34551E-03
   2000   0.34768E-03
   2010   0.34770E-03
   2020   0.34820E-03
   2030   0.35308E-03
   2040   0.34877E-03
   2050   0.36608E-03
   2060   0.34142E-03
   2070   0.36112E-03
   2080   0.35800E-03
   2090   0.35650E-03
   2100   0.36135E-03
   2110   0.35295E-03
   2120   0.36012E-03
   2130   0.35211E-03
   2140   0.35532E-03
   2150   0.35399E-03
   2160   0.34462E-03
   2170   0.35313E-03
   2180   0.34874E-03
   2190   0.34968E-03
   2200   0.34869E-03
   2210   0.34599E-03
   2220   0.35304E-03
   2230   0.34984E-03
   2240   0.34885E-03
   2250   0.35133E-03
   2260   0.33955E-03
   2270   0.35239E-03
   2280   0.33880E-03
   2290   0.34638E-03
   2300   0.34227E-03
   2310   0.34318E-03
   2320   0.35456E-03
   2330   0.34877E-03
   2340   0.35985E-03
   2350   0.35742E-03
   2360   0.35218E-03
   2370   0.34860E-03
   2380   0.34559E-03
   2390   0.34790E-03
   2400   0.34367E-03
   2410   0.34036E-03
   2420   0.34742E-03
   2430   0.34832E-03
   2440   0.35051E-03
   2450   0.35468E-03
   2460   0.34646E-03
   2470   0.35602E-03
   2480   0.34963E-03
   2490   0.35104E-03
   2500   0.35970E-03
   2510   0.33004E-03
   2520   0.35116E-03
   2530   0.33890E-03
   2540   0.33584E-03
   2550   0.34532E-03
   2560   0.33766E-03
   2570   0.34472E-03
   2580   0.34835E-03
   2590   0.34825E-03
   2600   0.35946E-03
   2610   0.35812E-03
   2620   0.36074E-03
   2630   0.35796E-03
   2640   0.35457E-03
   2650   0.35143E-03
   2660   0.34670E-03
   2670   0.34269E-03
   2680   0.34096E-03
   2690   0.33595E-03
   2700   0.33612E-03
   2710   0.33842E-03
   2720   0.33911E-03
   2730   0.34167E-03
   2740   0.34172E-03
   2750   0.33727E-03
   2760   0.33707E-03
   2770   0.33371E-03
   2780   0.33238E-03
   2790   0.32914E-03
   2800   0.32526E-03
   2810   0.32176E-03
   2820   0.31878E-03
   2830   0.31906E-03
   2840   0.31750E-03
   2850   0.31647E-03
   2860   0.31535E-03
   2870   0.31524E-03
   2880   0.31792E-03
   2890   0.31730E-03
   2900   0.31940E-03
   2910   0.31825E-03
   2920   0.32179E-03
   2930   0.32405E-03
   2940   0.32815E-03
   2950   0.33140E-03
   2960   0.33579E-03
   2970   0.34199E-03
   2980   0.34847E-03
   2990   0.35569E-03
   3000   0.36071E-03
   3010   0.36473E-03
   3020   0.36924E-03
   3030   0.37118E-03
   3040   0.37471E-03
   3050   0.37112E-03
   3060   0.37704E-03
   3070   0.36957E-03
   3080   0.36799E-03
   3090   0.36382E-03
   3100   0.35452E-03
   3110   0.35324E-03
   3120   0.34816E-03
   3130   0.34918E-03
   3140   0.34686E-03
   3150   0.33615E-03
   3160   0.34463E-03
   3170   0.33482E-03
   3180   0.33350E-03
   3190   0.32716E-03
   3200   0.31554E-03
   3210   0.31333E-03
   3220   0.30934E-03
   3230   0.31176E-03
   3240   0.31774E-03
   3250   0.32577E-03
   3260   0.33386E-03
   3270   0.34275E-03
   3280   0.34760E-03
   3290   0.34867E-03
   3300   0.34606E-03
   3310   0.34521E-03
   3320   0.34249E-03
   3330   0.34128E-03
   3340   0.33953E-03
   3350   0.34094E-03
   3360   0.34018E-03
   3370   0.34303E-03
   3380   0.34567E-03
   3390   0.35056E-03
   3400   0.35407E-03
   3410   0.35549E-03
   3420   0.36085E-03
   3430   0.36044E-03
   3440   0.36107E-03
   3450   0.35933E-03
   3460   0.35847E-03
   3470   0.35820E-03
   3480   0.35769E-03
   3490   0.35828E-03
   3500   0.35984E-03
   3510   0.36158E-03
   3520   0.36455E-03
   3530   0.36941E-03
   3540   0.37300E-03
   3550   0.37731E-03
   3560   0.37609E-03
   3570   0.37748E-03
   3580   0.37781E-03
   3590   0.37960E-03
   3600   0.37691E-03
   3610   0.38053E-03
   3620   0.37641E-03
   3630   0.37767E-03
   3640   0.37585E-03
   3650   0.37218E-03
   3660   0.37445E-03
   3670   0.37607E-03
   3680   0.37950E-03
   3690   0.37877E-03
   3700   0.37936E-03
   3710   0.37842E-03
   3720   0.37488E-03
   3730   0.36885E-03
   3740   0.36350E-03
   3750   0.35600E-03
   3760   0.35130E-03
   3770   0.34885E-03
   3780   0.34852E-03
   3790   0.34904E-03
   3800   0.35046E-03
   3810   0.35260E-03
   3820   0.35531E-03
   3830   0.35210E-03
   3840   0.35067E-03
   3850   0.34897E-03
   3860   0.34187E-03
   3870   0.33727E-03
   3880   0.33336E-03
   3890   0.32925E-03
   3900   0.32835E-03
   3910   0.32661E-03
   3920   0.32911E-03
   3930   0.33027E-03
   3940   0.33126E-03
   3950   0.33513E-03
   3960   0.33536E-03
   3970   0.33525E-03
   3980   0.33261E-03
   3990   0.33156E-03
   4000   0.33281E-03
   4010   0.32935E-03
   4020   0.32949E-03
   4030   0.32820E-03
   4040   0.32720E-03
   4050   0.33112E-03
   4060   0.33161E-03
   4070   0.33545E-03
   4080   0.33207E-03
   4090   0.33555E-03
   4100   0.33836E-03
   4110   0.33881E-03
   4120   0.33906E-03
   4130   0.33757E-03
   4140   0.33388E-03
   4150   0.33516E-03
   4160   0.33372E-03
   4170   0.33655E-03
   4180   0.33765E-03
   4190   0.33904E-03
   4200   0.34340E-03
   4210   0.34576E-03
   4220   0.34886E-03
   4230   0.34894E-03
   4240   0.34659E-03
   4250   0.34556E-03
   4260   0.34077E-03
   4270   0.33843E-03
   4280   0.33550E-03
   4290   0.33176E-03
   4300   0.33058E-03
   4310   0.32959E-03
   4320   0.33127E-03
   4330   0.33179E-03
   4340   0.33226E-03
   4350   0.33305E-03
   4360   0.33403E-03
   4370   0.33332E-03
   4380   0.33255E-03
   4390   0.33119E-03
   4400   0.32917E-03
   4410   0.32697E-03
   4420   0.32552E-03
   4430   0.32459E-03
   4440   0.32377E-03
   4450   0.32389E-03
   4460   0.32508E-03
   4470   0.32699E-03
   4480   0.32830E-03
   4490   0.32906E-03
   4500   0.32957E-03
   4510   0.33005E-03
   4520   0.33020E-03
   4530   0.32983E-03
   4540   0.32935E-03
   4550   0.32871E-03
   4560   0.32839E-03
   4570   0.32873E-03
   4580   0.32901E-03
   4590   0.32929E-03
   4600   0.32944E-03
   4610   0.32996E-03
   4620   0.33105E-03
   4630   0.33132E-03
   4640   0.33126E-03
   4650   0.33108E-03
   4660   0.33082E-03
   4670   0.33066E-03
   4680   0.32990E-03
   4690   0.32948E-03
   4700   0.32910E-03
   4710   0.32916E-03
   4720   0.32964E-03
   4730   0.33013E-03
   4740   0.33030E-03
   4750   0.33047E-03
   4760   0.33094E-03
   4770   0.33153E-03
   4780   0.33165E-03
   4790   0.33104E-03
   4800   0.33076E-03
   4810   0.33067E-03
   4820   0.33081E-03
   4830   0.33104E-03
   4840   0.33100E-03
   4850   0.33086E-03
   4860   0.33105E-03
   4870   0.33179E-03
   4880   0.33251E-03
   4890   0.33241E-03
   4900   0.33167E-03
   4910   0.33107E-03
   4920   0.33066E-03
   4930   0.33021E-03
   4940   0.32960E-03
   4950   0.32837E-03
   4960   0.32721E-03
   4970   0.32650E-03
   4980   0.32620E-03
   4990   0.32622E-03
   5000   0.32558E-03
   5010   0.32493E-03
   5020   0.32454E-03
   5030   0.32445E-03
   5040   0.32448E-03
   5050   0.32409E-03
   5060   0.32329E-03
   5070   0.32277E-03
   5080   0.32239E-03
   5090   0.32250E-03
   5100   0.32264E-03
   5110   0.32258E-03
   5120   0.32254E-03
   5130   0.32259E-03
   5140   0.32301E-03
   5150   0.32371E-03
   5160   0.32412E-03
   5170   0.32404E-03
   5180   0.32386E-03
   5190   0.32373E-03
   5200   0.32398E-03
   5210   0.32415E-03
   5220   0.32392E-03
   5230   0.32343E-03
   5240   0.32279E-03
   5250   0.32281E-03
   5260   0.32328E-03
   5270   0.32327E-03
   5280   0.32278E-03
   5290   0.32191E-03
   5300   0.32153E-03
   5310   0.32175E-03
   5320   0.32160E-03
   5330   0.32102E-03
   5340   0.31983E-03
   5350   0.31903E-03
   5360   0.31903E-03
   5370   0.31927E-03
   5380   0.31908E-03
   5390   0.31824E-03
   5400   0.31745E-03
   5410   0.31750E-03
   5420   0.31807E-03
   5430   0.31839E-03
   5440   0.31776E-03
   5450   0.31693E-03
   5460   0.31663E-03
   5470   0.31704E-03
   5480   0.31751E-03
   5490   0.31729E-03
   5500   0.31663E-03
   5510   0.31614E-03
   5520   0.31637E-03
   5530   0.31706E-03
   5540   0.31728E-03
   5550   0.31686E-03
   5560   0.31622E-03
   5570   0.31596E-03
   5580   0.31630E-03
   5590   0.31664E-03
   5600   0.31638E-03
   5610   0.31567E-03
   5620   0.31509E-03
   5630   0.31513E-03
   5640   0.31566E-03
   5650   0.31588E-03
   5660   0.31556E-03
   5670   0.31497E-03
   5680   0.31474E-03
   5690   0.31532E-03
   5700   0.31594E-03
   5710   0.31598E-03
   5720   0.31558E-03
   5730   0.31513E-03
   5740   0.31552E-03
   5750   0.31639E-03
   5760   0.31696E-03
   5770   0.31705E-03
   5780   0.31671E-03
   5790   0.31697E-03
   5800   0.31787E-03
   5810   0.31881E-03
   5820   0.31924E-03
   5830   0.31892E-03
   5840   0.31873E-03
   5850   0.31916E-03
   5860   0.31988E-03
   5870   0.32033E-03
   5880   0.32001E-03
   5890   0.31948E-03
   5900   0.31943E-03
   5910   0.31987E-03
   5920   0.32037E-03
   5930   0.32030E-03
   5940   0.31965E-03
   5950   0.31922E-03
   5960   0.31933E-03
   5970   0.31965E-03
   5980   0.31967E-03
   5990   0.31901E-03
   6000   0.31833E-03
   6010   0.31809E-03
   6020   0.31824E-03
   6030   0.31849E-03
   6040   0.31826E-03
   6050   0.31771E-03
   6060   0.31741E-03
   6070   0.31754E-03
   6080   0.31806E-03
   6090   0.31819E-03
   6100   0.31780E-03
   6110   0.31740E-03
   6120   0.31729E-03
   6130   0.31770E-03
   6140   0.31806E-03
   6150   0.31789E-03
   6160   0.31746E-03
   6170   0.31715E-03
   6180   0.31748E-03
   6190   0.31810E-03
   6200   0.31822E-03
   6210   0.31785E-03
   6220   0.31737E-03
   6230   0.31752E-03
   6240   0.31814E-03
   6250   0.31841E-03
   6260   0.31807E-03
   6270   0.31742E-03
   6280   0.31729E-03
   6290   0.31781E-03
   6300   0.31825E-03
   6310   0.31815E-03
   6320   0.31757E-03
   6330   0.31742E-03
   6340   0.31799E-03
   6350   0.31873E-03
   6360   0.31888E-03
   6370   0.31840E-03
   6380   0.31820E-03
   6390   0.31868E-03
   6400   0.31950E-03
   6410   0.31995E-03
   6420   0.31962E-03
   6430   0.31941E-03
   6440   0.31984E-03
   6450   0.32077E-03
   6460   0.32150E-03
   6470   0.32139E-03
   6480   0.32116E-03
   6490   0.32146E-03
   6500   0.32227E-03
   6510   0.32306E-03
   6520   0.32299E-03
   6530   0.32260E-03
   6540   0.32258E-03
   6550   0.32313E-03
   6560   0.32381E-03
   6570   0.32378E-03
   6580   0.32328E-03
   6590   0.32301E-03
   6600   0.32337E-03
   6610   0.32401E-03
   6620   0.32408E-03
   6630   0.32352E-03
   6640   0.32312E-03
   6650   0.32328E-03
   6660   0.32380E-03
   6670   0.32392E-03
   6680   0.32335E-03
   6690   0.32284E-03
   6700   0.32290E-03
   6710   0.32344E-03
   6720   0.32374E-03
   6730   0.32337E-03
   6740   0.32292E-03
   6750   0.32295E-03
   6760   0.32351E-03
   6770   0.32396E-03
   6780   0.32374E-03
   6790   0.32328E-03
   6800   0.32323E-03
   6810   0.32373E-03
   6820   0.32422E-03
   6830   0.32411E-03
   6840   0.32365E-03
   6850   0.32353E-03
   6860   0.32393E-03
   6870   0.32450E-03
   6880   0.32449E-03
   6890   0.32404E-03
   6900   0.32381E-03
   6910   0.32411E-03
   6920   0.32469E-03
   6930   0.32474E-03
   6940   0.32427E-03
   6950   0.32392E-03
   6960   0.32412E-03
   6970   0.32473E-03
   6980   0.32491E-03
   6990   0.32448E-03
   7000   0.32411E-03
   7010   0.32428E-03
   7020   0.32498E-03
   7030   0.32533E-03
   7040   0.32503E-03
   7050   0.32465E-03
   7060   0.32478E-03
   7070   0.32553E-03
   7080   0.32602E-03
   7090   0.32584E-03
   7100   0.32547E-03
   7110   0.32550E-03
   7120   0.32627E-03
   7130   0.32692E-03
   7140   0.32689E-03
   7150   0.32650E-03
   7160   0.32643E-03
   7170   0.32714E-03
   7180   0.32783E-03
   7190   0.32783E-03
   7200   0.32739E-03
   7210   0.32713E-03
   7220   0.32768E-03
   7230   0.32836E-03
   7240   0.32838E-03
   7250   0.32790E-03
   7260   0.32745E-03
   7270   0.32787E-03
   7280   0.32855E-03
   7290   0.32861E-03
   7300   0.32808E-03
   7310   0.32750E-03
   7320   0.32777E-03
   7330   0.32844E-03
   7340   0.32858E-03
   7350   0.32807E-03
   7360   0.32741E-03
   7370   0.32756E-03
   7380   0.32824E-03
   7390   0.32849E-03
   7400   0.32808E-03
   7410   0.32740E-03
   7420   0.32752E-03
   7430   0.32823E-03
   7440   0.32861E-03
   7450   0.32828E-03
   7460   0.32759E-03
   7470   0.32759E-03
   7480   0.32828E-03
   7490   0.32874E-03
   7500   0.32850E-03
   7510   0.32778E-03
   7520   0.32768E-03
   7530   0.32832E-03
   7540   0.32888E-03
   7550   0.32872E-03
   7560   0.32799E-03
   7570   0.32776E-03
   7580   0.32835E-03
   7590   0.32892E-03
   7600   0.32882E-03
   7610   0.32805E-03
   7620   0.32774E-03
   7630   0.32824E-03
   7640   0.32887E-03
   7650   0.32883E-03
   7660   0.32814E-03
   7670   0.32776E-03
   7680   0.32824E-03
   7690   0.32894E-03
   7700   0.32906E-03
   7710   0.32843E-03
   7720   0.32803E-03
   7730   0.32845E-03
   7740   0.32921E-03
   7750   0.32945E-03
   7760   0.32890E-03
   7770   0.32850E-03
   7780   0.32885E-03
   7790   0.32965E-03
   7800   0.33004E-03
   7810   0.32958E-03
   7820   0.32913E-03
   7830   0.32941E-03
   7840   0.33022E-03
   7850   0.33070E-03
   7860   0.33031E-03
   7870   0.32979E-03
   7880   0.32993E-03
   7890   0.33066E-03
   7900   0.33123E-03
   7910   0.33086E-03
   7920   0.33030E-03
   7930   0.33031E-03
   7940   0.33097E-03
   7950   0.33159E-03
   7960   0.33132E-03
   7970   0.33073E-03
   7980   0.33061E-03
   7990   0.33121E-03
   8000   0.33185E-03
   8010   0.33168E-03
   8020   0.33109E-03
   8030   0.33088E-03
   8040   0.33137E-03
   8050   0.33206E-03
   8060   0.33205E-03
   8070   0.33149E-03
   8080   0.33123E-03
   8090   0.33168E-03
   8100   0.33244E-03
   8110   0.33256E-03
   8120   0.33208E-03
   8130   0.33175E-03
   8140   0.33211E-03
   8150   0.33285E-03
   8160   0.33313E-03
   8170   0.33271E-03
   8180   0.33231E-03
   8190   0.33259E-03
   8200   0.33330E-03
   8210   0.33369E-03
   8220   0.33336E-03
   8230   0.33292E-03
   8240   0.33305E-03
   8250   0.33373E-03
   8260   0.33421E-03
   8270   0.33398E-03
   8280   0.33351E-03
   8290   0.33352E-03
   8300   0.33413E-03
   8310   0.33471E-03
   8320   0.33460E-03
   8330   0.33411E-03
   8340   0.33400E-03
   8350   0.33451E-03
   8360   0.33519E-03
   8370   0.33526E-03
   8380   0.33483E-03
   8390   0.33465E-03
   8400   0.33509E-03
   8410   0.33583E-03
   8420   0.33602E-03
   8430   0.33565E-03
   8440   0.33540E-03
   8450   0.33572E-03
   8460   0.33651E-03
   8470   0.33688E-03
   8480   0.33660E-03
   8490   0.33630E-03
   8500   0.33652E-03
   8510   0.33729E-03
   8520   0.33778E-03
   8530   0.33759E-03
   8540   0.33722E-03
   8550   0.33727E-03
   8560   0.33799E-03
   8570   0.33860E-03
   8580   0.33850E-03
   8590   0.33809E-03
   8600   0.33798E-03
   8610   0.33859E-03
   8620   0.33932E-03
   8630   0.33935E-03
   8640   0.33892E-03
   8650   0.33867E-03
   8660   0.33921E-03
   8670   0.33998E-03
   8680   0.34011E-03
   8690   0.33972E-03
   8700   0.33933E-03
   8710   0.33973E-03
   8720   0.34057E-03
   8730   0.34089E-03
   8740   0.34054E-03
   8750   0.34005E-03
   8760   0.34035E-03
   8770   0.34121E-03
   8780   0.34167E-03
   8790   0.34142E-03
   8800   0.34086E-03
   8810   0.34101E-03
   8820   0.34184E-03
   8830   0.34243E-03
   8840   0.34228E-03
   8850   0.34166E-03
   8860   0.34165E-03
   8870   0.34243E-03
   8880   0.34316E-03
   8890   0.34310E-03
   8900   0.34246E-03
   8910   0.34231E-03
   8920   0.34299E-03
   8930   0.34378E-03
   8940   0.34384E-03
   8950   0.34320E-03
   8960   0.34288E-03
   8970   0.34345E-03
   8980   0.34430E-03
   8990   0.34449E-03
   9000   0.34388E-03
   9010   0.34345E-03
   9020   0.34387E-03
   9030   0.34477E-03
   9040   0.34510E-03
   9050   0.34454E-03
   9060   0.34403E-03
   9070   0.34434E-03
   9080   0.34523E-03
   9090   0.34567E-03
   9100   0.34520E-03
   9110   0.34463E-03
   9120   0.34478E-03
   9130   0.34564E-03
   9140   0.34625E-03
   9150   0.34587E-03
   9160   0.34524E-03
   9170   0.34524E-03
   9180   0.34606E-03
   9190   0.34676E-03
   9200   0.34650E-03
   9210   0.34586E-03
   9220   0.34571E-03
   9230   0.34640E-03
   9240   0.34717E-03
   9250   0.34704E-03
   9260   0.34641E-03
   9270   0.34610E-03
   9280   0.34669E-03
   9290   0.34750E-03
   9300   0.34750E-03
   9310   0.34692E-03
   9320   0.34650E-03
   9330   0.34690E-03
   9340   0.34772E-03
   9350   0.34788E-03
   9360   0.34733E-03
   9370   0.34681E-03
   9380   0.34708E-03
   9390   0.34789E-03
   9400   0.34820E-03
   9410   0.34775E-03
   9420   0.34719E-03
   9430   0.34730E-03
   9440   0.34808E-03
   9450   0.34850E-03
   9460   0.34816E-03
   9470   0.34758E-03
   9480   0.34754E-03
   9490   0.34820E-03
   9500   0.34874E-03
   9510   0.34854E-03
   9520   0.34793E-03
   9530   0.34776E-03
   9540   0.34831E-03
   9550   0.34893E-03
   9560   0.34887E-03
   9570   0.34829E-03
   9580   0.34799E-03
   9590   0.34841E-03
   9600   0.34908E-03
   9610   0.34915E-03
   9620   0.34860E-03
   9630   0.34818E-03
   9640   0.34843E-03
   9650   0.34910E-03
   9660   0.34931E-03
   9670   0.34884E-03
   9680   0.34832E-03
   9690   0.34842E-03
   9700   0.34909E-03
   9710   0.34944E-03
   9720   0.34906E-03
   9730   0.34849E-03
   9740   0.34843E-03
   9750   0.34906E-03
   9760   0.34953E-03
   9770   0.34925E-03
   9780   0.34865E-03
   9790   0.34843E-03
   9800   0.34897E-03
   9810   0.34956E-03
   9820   0.34941E-03
   9830   0.34881E-03
   9840   0.34846E-03
   9850   0.34892E-03
   9860   0.34959E-03
   9870   0.34957E-03
   9880   0.34900E-03
   9890   0.34852E-03
   9900   0.34885E-03
   9910   0.34955E-03
   9920   0.34966E-03
   9930   0.34914E-03
   9940   0.34854E-03
   9950   0.34875E-03
   9960   0.34951E-03
   9970   0.34976E-03
   9980   0.34928E-03
   9990   0.34861E-03
  10000   0.34870E-03
  10010   0.34944E-03
  10020   0.34982E-03
  10030   0.34942E-03
  10040   0.34869E-03
  10050   0.34863E-03
  10060   0.34934E-03
  10070   0.34986E-03
  10080   0.34951E-03
  10090   0.34876E-03
  10100   0.34861E-03
  10110   0.34929E-03
  10120   0.34994E-03
  10130   0.34969E-03
  10140   0.34894E-03
  10150   0.34865E-03
  10160   0.34928E-03
  10170   0.35000E-03
  10180   0.34987E-03
  10190   0.34909E-03
  10200   0.34875E-03
  10210   0.34928E-03
  10220   0.35009E-03
  10230   0.35004E-03
  10240   0.34929E-03
  10250   0.34885E-03
  10260   0.34933E-03
  10270   0.35017E-03
  10280   0.35024E-03
  10290   0.34951E-03
  10300   0.34899E-03
  10310   0.34935E-03
  10320   0.35023E-03
  10330   0.35039E-03
  10340   0.34968E-03
  10350   0.34911E-03
  10360   0.34946E-03
  10370   0.35035E-03
  10380   0.35059E-03
  10390   0.34989E-03
  10400   0.34930E-03
  10410   0.34957E-03
  10420   0.35048E-03
  10430   0.35077E-03
  10440   0.35012E-03
  10450   0.34948E-03
  10460   0.34973E-03
  10470   0.35063E-03
  10480   0.35099E-03
  10490   0.35037E-03
  10500   0.34973E-03
  10510   0.34989E-03
  10520   0.35082E-03
  10530   0.35123E-03
  10540   0.35065E-03
  10550   0.35000E-03
  10560   0.35016E-03
  10570   0.35105E-03
  10580   0.35149E-03
  10590   0.35088E-03
  10600   0.35021E-03
  10610   0.35038E-03
  10620   0.35132E-03
  10630   0.35177E-03
  10640   0.35119E-03
  10650   0.35053E-03
  10660   0.35071E-03
  10670   0.35165E-03
  10680   0.35205E-03
  10690   0.35145E-03
  10700   0.35082E-03
  10710   0.35102E-03
  10720   0.35196E-03
  10730   0.35237E-03
  10740   0.35176E-03
  10750   0.35116E-03
  10760   0.35143E-03
  10770   0.35238E-03
  10780   0.35273E-03
  10790   0.35209E-03
  10800   0.35150E-03
  10810   0.35184E-03
  10820   0.35280E-03
  10830   0.35309E-03
  10840   0.35242E-03
  10850   0.35189E-03
  10860   0.35230E-03
  10870   0.35326E-03
  10880   0.35345E-03
  10890   0.35278E-03
  10900   0.35230E-03
  10910   0.35281E-03
  10920   0.35376E-03
  10930   0.35387E-03
  10940   0.35314E-03
  10950   0.35277E-03
  10960   0.35339E-03
  10970   0.35426E-03
  10980   0.35422E-03
  10990   0.35350E-03
  11000   0.35323E-03
  11010   0.35394E-03
  11020   0.35475E-03
  11030   0.35460E-03
  11040   0.35391E-03
  11050   0.35378E-03
  11060   0.35454E-03
  11070   0.35524E-03
  11080   0.35499E-03
  11090   0.35429E-03
  11100   0.35427E-03
  11110   0.35514E-03
  11120   0.35566E-03
  11130   0.35532E-03
  11140   0.35468E-03
  11150   0.35487E-03
  11160   0.35576E-03
  11170   0.35610E-03
  11180   0.35565E-03
  11190   0.35511E-03
  11200   0.35548E-03
  11210   0.35634E-03
  11220   0.35649E-03
  11230   0.35596E-03
  11240   0.35557E-03
  11250   0.35609E-03
  11260   0.35687E-03
  11270   0.35687E-03
  11280   0.35626E-03
  11290   0.35605E-03
  11300   0.35673E-03
  11310   0.35739E-03
  11320   0.35719E-03
  11330   0.35662E-03
  11340   0.35662E-03
  11350   0.35737E-03
  11360   0.35785E-03
  11370   0.35749E-03
  11380   0.35694E-03
  11390   0.35712E-03
  11400   0.35791E-03
  11410   0.35823E-03
  11420   0.35771E-03
  11430   0.35731E-03
  11440   0.35775E-03
  11450   0.35851E-03
  11460   0.35861E-03
  11470   0.35801E-03
  11480   0.35773E-03
  11490   0.35835E-03
  11500   0.35901E-03
  11510   0.35888E-03
  11520   0.35824E-03
  11530   0.35813E-03
  11540   0.35892E-03
  11550   0.35950E-03
  11560   0.35916E-03
  11570   0.35852E-03
  11580   0.35865E-03
  11590   0.35959E-03
  11600   0.35993E-03
  11610   0.35942E-03
  11620   0.35882E-03
  11630   0.35916E-03
  11640   0.36012E-03
  11650   0.36023E-03
  11660   0.35963E-03
  11670   0.35917E-03
  11680   0.35972E-03
  11690   0.36063E-03
  11700   0.36055E-03
  11710   0.35987E-03
  11720   0.35960E-03
  11730   0.36028E-03
  11740   0.36113E-03
  11750   0.36083E-03
  11760   0.36010E-03
  11770   0.35997E-03
  11780   0.36085E-03
  11790   0.36146E-03
  11800   0.36103E-03
  11810   0.36035E-03
  11820   0.36045E-03
  11830   0.36136E-03
  11840   0.36186E-03
  11850   0.36125E-03
  11860   0.36066E-03
  11870   0.36096E-03
  11880   0.36186E-03
  11890   0.36212E-03
  11900   0.36141E-03
  11910   0.36093E-03
  11920   0.36143E-03
  11930   0.36231E-03
  11940   0.36238E-03
  11950   0.36160E-03
  11960   0.36129E-03
  11970   0.36189E-03
  11980   0.36275E-03
  11990   0.36262E-03
  12000   0.36186E-03
  12010   0.36169E-03
  12020   0.36244E-03
  12030   0.36306E-03
  12040   0.36276E-03
  12050   0.36204E-03
  12060   0.36206E-03
  12070   0.36285E-03
  12080   0.36331E-03
  12090   0.36294E-03
  12100   0.36229E-03
  12110   0.36251E-03
  12120   0.36334E-03
  12130   0.36360E-03
  12140   0.36312E-03
  12150   0.36255E-03
  12160   0.36290E-03
  12170   0.36366E-03
  12180   0.36379E-03
  12190   0.36324E-03
  12200   0.36280E-03
  12210   0.36329E-03
  12220   0.36396E-03
  12230   0.36392E-03
  12240   0.36336E-03
  12250   0.36312E-03
  12260   0.36374E-03
  12270   0.36435E-03
  12280   0.36409E-03
  12290   0.36352E-03
  12300   0.36344E-03
  12310   0.36408E-03
  12320   0.36458E-03
  12330   0.36417E-03
  12340   0.36363E-03
  12350   0.36368E-03
  12360   0.36443E-03
  12370   0.36481E-03
  12380   0.36431E-03
  12390   0.36383E-03
  12400   0.36410E-03
  12410   0.36481E-03
  12420   0.36498E-03
  12430   0.36444E-03
  12440   0.36400E-03
  12450   0.36438E-03
  12460   0.36505E-03
  12470   0.36508E-03
  12480   0.36452E-03
  12490   0.36418E-03
  12500   0.36466E-03
  12510   0.36535E-03
  12520   0.36524E-03
  12530   0.36459E-03
  12540   0.36439E-03
  12550   0.36505E-03
  12560   0.36560E-03
  12570   0.36531E-03
  12580   0.36472E-03
  12590   0.36458E-03
  12600   0.36531E-03
  12610   0.36576E-03
  12620   0.36540E-03
  12630   0.36476E-03
  12640   0.36480E-03
  12650   0.36561E-03
  12660   0.36598E-03
  12670   0.36551E-03
  12680   0.36488E-03
  12690   0.36502E-03
  12700   0.36581E-03
  12710   0.36602E-03
  12720   0.36552E-03
  12730   0.36491E-03
  12740   0.36516E-03
  12750   0.36603E-03
  12760   0.36613E-03
  12770   0.36551E-03
  12780   0.36499E-03
  12790   0.36541E-03
  12800   0.36621E-03
  12810   0.36619E-03
  12820   0.36552E-03
  12830   0.36511E-03
  12840   0.36559E-03
  12850   0.36634E-03
  12860   0.36618E-03
  12870   0.36548E-03
  12880   0.36512E-03
  12890   0.36567E-03
  12900   0.36641E-03
  12910   0.36623E-03
  12920   0.36555E-03
  12930   0.36525E-03
  12940   0.36587E-03
  12950   0.36658E-03
  12960   0.36624E-03
  12970   0.36547E-03
  12980   0.36528E-03
  12990   0.36598E-03
  13000   0.36653E-03
  13010   0.36615E-03
  13020   0.36541E-03
  13030   0.36529E-03
  13040   0.36611E-03
  13050   0.36665E-03
  13060   0.36616E-03
  13070   0.36540E-03
  13080   0.36538E-03
  13090   0.36618E-03
  13100   0.36664E-03
  13110   0.36610E-03
  13120   0.36534E-03
  13130   0.36537E-03
  13140   0.36619E-03
  13150   0.36656E-03
  13160   0.36594E-03
  13170   0.36526E-03
  13180   0.36545E-03
  13190   0.36632E-03
  13200   0.36660E-03
  13210   0.36591E-03
  13220   0.36528E-03
  13230   0.36550E-03
  13240   0.36632E-03
  13250   0.36650E-03
  13260   0.36577E-03
  13270   0.36518E-03
  13280   0.36546E-03
  13290   0.36628E-03
  13300   0.36643E-03
  13310   0.36569E-03
  13320   0.36513E-03
  13330   0.36554E-03
  13340   0.36630E-03
  13350   0.36637E-03
  13360   0.36561E-03
  13370   0.36506E-03
  13380   0.36549E-03
  13390   0.36620E-03
  13400   0.36617E-03
  13410   0.36541E-03
  13420   0.36502E-03
  13430   0.36547E-03
  13440   0.36620E-03
  13450   0.36612E-03
  13460   0.36536E-03
  13470   0.36496E-03
  13480   0.36549E-03
  13490   0.36616E-03
  13500   0.36601E-03
  13510   0.36516E-03
  13520   0.36480E-03
  13530   0.36537E-03
  13540   0.36600E-03
  13550   0.36578E-03
  13560   0.36497E-03
  13570   0.36469E-03
  13580   0.36535E-03
  13590   0.36600E-03
  13600   0.36566E-03
  13610   0.36487E-03
  13620   0.36471E-03
  13630   0.36534E-03
  13640   0.36583E-03
  13650   0.36549E-03
  13660   0.36465E-03
  13670   0.36448E-03
  13680   0.36514E-03
  13690   0.36563E-03
  13700   0.36527E-03
  13710   0.36450E-03
  13720   0.36437E-03
  13730   0.36507E-03
  13740   0.36557E-03
  13750   0.36514E-03
  13760   0.36437E-03
  13770   0.36432E-03
  13780   0.36496E-03
  13790   0.36533E-03
  13800   0.36488E-03
  13810   0.36408E-03
  13820   0.36411E-03
  13830   0.36480E-03
  13840   0.36515E-03
  13850   0.36468E-03
  13860   0.36398E-03
  13870   0.36407E-03
  13880   0.36475E-03
  13890   0.36501E-03
  13900   0.36447E-03
  13910   0.36377E-03
  13920   0.36386E-03
  13930   0.36452E-03
  13940   0.36471E-03
  13950   0.36412E-03
  13960   0.36345E-03
  13970   0.36361E-03
  13980   0.36441E-03
  13990   0.36455E-03
  14000   0.36403E-03
  14010   0.36339E-03
  14020   0.36357E-03
  14030   0.36422E-03
  14040   0.36435E-03
  14050   0.36371E-03
  14060   0.36309E-03
  14070   0.36328E-03
  14080   0.36396E-03
  14090   0.36400E-03
  14100   0.36343E-03
  14110   0.36286E-03
  14120   0.36313E-03
  14130   0.36389E-03
  14140   0.36388E-03
  14150   0.36324E-03
  14160   0.36269E-03
  14170   0.36293E-03
  14180   0.36360E-03
  14190   0.36355E-03
  14200   0.36289E-03
  14210   0.36239E-03
  14220   0.36273E-03
  14230   0.36339E-03
  14240   0.36331E-03
  14250   0.36268E-03
  14260   0.36223E-03
  14270   0.36260E-03
  14280   0.36321E-03
  14290   0.36312E-03
  14300   0.36243E-03
  14310   0.36195E-03
  14320   0.36230E-03
  14330   0.36288E-03
  14340   0.36279E-03
  14350   0.36206E-03
  14360   0.36167E-03
  14370   0.36207E-03
  14380   0.36267E-03
  14390   0.36258E-03
  14400   0.36190E-03
  14410   0.36148E-03
  14420   0.36192E-03
  14430   0.36245E-03
  14440   0.36226E-03
  14450   0.36154E-03
  14460   0.36112E-03
  14470   0.36151E-03
  14480   0.36207E-03
  14490   0.36192E-03
  14500   0.36127E-03
  14510   0.36096E-03
  14520   0.36145E-03
  14530   0.36201E-03
  14540   0.36175E-03
  14550   0.36105E-03
  14560   0.36072E-03
  14570   0.36113E-03
  14580   0.36166E-03
  14590   0.36135E-03
  14600   0.36062E-03
  14610   0.36030E-03
  14620   0.36079E-03
  14630   0.36136E-03
  14640   0.36108E-03
  14650   0.36044E-03
  14660   0.36018E-03
  14670   0.36068E-03
  14680   0.36116E-03
  14690   0.36084E-03
  14700   0.36010E-03
  14710   0.35987E-03
  14720   0.36030E-03
  14730   0.36078E-03
  14740   0.36043E-03
  14750   0.35973E-03
  14760   0.35950E-03
  14770   0.36007E-03
  14780   0.36056E-03
  14790   0.36028E-03
  14800   0.35962E-03
  14810   0.35937E-03
  14820   0.35985E-03
  14830   0.36030E-03
  14840   0.35998E-03
  14850   0.35925E-03
  14860   0.35892E-03
  14870   0.35938E-03
  14880   0.35988E-03
  14890   0.35961E-03
  14900   0.35894E-03
  14910   0.35872E-03
  14920   0.35929E-03
  14930   0.35979E-03
  14940   0.35948E-03
  14950   0.35879E-03
  14960   0.35847E-03
  14970   0.35891E-03
  14980   0.35937E-03
  14990   0.35902E-03
  15000   0.35830E-03
  15010   0.35801E-03
  15020   0.35852E-03
  15030   0.35905E-03
  15040   0.35879E-03
  15050   0.35816E-03
  15060   0.35791E-03
  15070   0.35841E-03
  15080   0.35894E-03
  15090   0.35864E-03
  15100   0.35788E-03
  15110   0.35752E-03
  15120   0.35793E-03
  15130   0.35837E-03
  15140   0.35812E-03
  15150   0.35746E-03
  15160   0.35716E-03
  15170   0.35766E-03
  15180   0.35827E-03
  15190   0.35807E-03
  15200   0.35735E-03
  15210   0.35706E-03
  15220   0.35748E-03
  15230   0.35797E-03
  15240   0.35769E-03
  15250   0.35690E-03
  15260   0.35650E-03
  15270   0.35689E-03
  15280   0.35750E-03
  15290   0.35734E-03
  15300   0.35670E-03
  15310   0.35634E-03
  15320   0.35683E-03
  15330   0.35743E-03
  15340   0.35724E-03
  15350   0.35654E-03
  15360   0.35605E-03
  15370   0.35639E-03
  15380   0.35690E-03
  15390   0.35672E-03
  15400   0.35602E-03
  15410   0.35558E-03
  15420   0.35589E-03
  15430   0.35663E-03
  15440   0.35662E-03
  15450   0.35599E-03
  15460   0.35552E-03
  15470   0.35583E-03
  15480   0.35647E-03
  15490   0.35633E-03
  15500   0.35558E-03
  15510   0.35502E-03
  15520   0.35518E-03
  15530   0.35579E-03
  15540   0.35582E-03
  15550   0.35521E-03
  15560   0.35465E-03
  15570   0.35495E-03
  15580   0.35575E-03
  15590   0.35581E-03
  15600   0.35518E-03
  15610   0.35456E-03
  15620   0.35465E-03
  15630   0.35527E-03
  15640   0.35529E-03
  15650   0.35463E-03
  15660   0.35391E-03
  15670   0.35399E-03
  15680   0.35471E-03
  15690   0.35502E-03
  15700   0.35450E-03
  15710   0.35386E-03
  15720   0.35397E-03
  15730   0.35475E-03
  15740   0.35489E-03
  15750   0.35430E-03
  15760   0.35346E-03
  15770   0.35333E-03
  15780   0.35391E-03
  15790   0.35422E-03
  15800   0.35372E-03
  15810   0.35298E-03
  15820   0.35293E-03
  15830   0.35372E-03
  15840   0.35424E-03
  15850   0.35385E-03
  15860   0.35308E-03
  15870   0.35288E-03
  15880   0.35341E-03
  15890   0.35379E-03
  15900   0.35328E-03
  15910   0.35236E-03
  15920   0.35203E-03
  15930   0.35257E-03
  15940   0.35319E-03
  15950   0.35298E-03
  15960   0.35224E-03
  15970   0.35196E-03
  15980   0.35262E-03
  15990   0.35328E-03
  16000   0.35297E-03
  16010   0.35207E-03
  16020   0.35153E-03
  16030   0.35188E-03
  16040   0.35240E-03
  16050   0.35221E-03
  16060   0.35135E-03
  16070   0.35086E-03
  16080   0.35133E-03
  16090   0.35223E-03
  16100   0.35232E-03
  16110   0.35156E-03
  16120   0.35102E-03
  16130   0.35133E-03
  16140   0.35204E-03
  16150   0.35189E-03
  16160   0.35094E-03
  16170   0.35015E-03
  16180   0.35022E-03
  16190   0.35099E-03
  16200   0.35127E-03
  16210   0.35063E-03
  16220   0.34997E-03
  16230   0.35023E-03
  16240   0.35120E-03
  16250   0.35154E-03
  16260   0.35080E-03
  16270   0.34990E-03
  16280   0.34976E-03
  16290   0.35029E-03
  16300   0.35060E-03
  16310   0.34988E-03
  16320   0.34904E-03
  16330   0.34886E-03
  16340   0.34972E-03
  16350   0.35047E-03
  16360   0.35010E-03
  16370   0.34935E-03
  16380   0.34911E-03
  16390   0.34974E-03
  16400   0.35028E-03
  16410   0.34972E-03
  16420   0.34872E-03
  16430   0.34814E-03
  16440   0.34845E-03
  16450   0.34916E-03
  16460   0.34901E-03
  16470   0.34829E-03
  16480   0.34789E-03
  16490   0.34854E-03
  16500   0.34954E-03
  16510   0.34948E-03
  16520   0.34865E-03
  16530   0.34792E-03
  16540   0.34801E-03
  16550   0.34851E-03
  16560   0.34836E-03
  16570   0.34756E-03
  16580   0.34678E-03
  16590   0.34692E-03
  16600   0.34788E-03
  16610   0.34833E-03
  16620   0.34796E-03
  16630   0.34731E-03
  16640   0.34737E-03
  16650   0.34812E-03
  16660   0.34828E-03
  16670   0.34760E-03
  16680   0.34657E-03
  16690   0.34612E-03
  16700   0.34657E-03
  16710   0.34693E-03
  16720   0.34680E-03
  16730   0.34617E-03
  16740   0.34599E-03
  16750   0.34682E-03
  16760   0.34761E-03
  16770   0.34753E-03
  16780   0.34668E-03
  16790   0.34601E-03
  16800   0.34617E-03
  16810   0.34643E-03
  16820   0.34621E-03
  16830   0.34543E-03
  16840   0.34475E-03
  16850   0.34497E-03
  16860   0.34578E-03
  16870   0.34640E-03
  16880   0.34609E-03
  16890   0.34554E-03
  16900   0.34569E-03
  16910   0.34622E-03
  16920   0.34642E-03
  16930   0.34564E-03
  16940   0.34465E-03
  16950   0.34413E-03
  16960   0.34433E-03
  16970   0.34493E-03
  16980   0.34483E-03
  16990   0.34436E-03
  17000   0.34422E-03
  17010   0.34490E-03
  17020   0.34593E-03
  17030   0.34579E-03
  17040   0.34499E-03
  17050   0.34435E-03
  17060   0.34418E-03
  17070   0.34450E-03
  17080   0.34428E-03
  17090   0.34360E-03
  17100   0.34287E-03
  17110   0.34288E-03
  17120   0.34397E-03
  17130   0.34481E-03
  17140   0.34461E-03
  17150   0.34408E-03
  17160   0.34397E-03
  17170   0.34461E-03
  17180   0.34478E-03
  17190   0.34405E-03
  17200   0.34291E-03
  17210   0.34213E-03
  17220   0.34235E-03
  17230   0.34306E-03
  17240   0.34329E-03
  17250   0.34277E-03
  17260   0.34256E-03
  17270   0.34335E-03
  17280   0.34464E-03
  17290   0.34450E-03
  17300   0.34381E-03
  17310   0.34271E-03
  17320   0.34255E-03
  17330   0.34264E-03
  17340   0.34276E-03
  17350   0.34195E-03
  17360   0.34115E-03
  17370   0.34121E-03
  17380   0.34231E-03
  17390   0.34365E-03
  17400   0.34345E-03
  17410   0.34291E-03
  17420   0.34264E-03
  17430   0.34309E-03
  17440   0.34336E-03
  17450   0.34257E-03
  17460   0.34138E-03
  17470   0.34046E-03
  17480   0.34048E-03
  17490   0.34147E-03
  17500   0.34176E-03
  17510   0.34166E-03
  17520   0.34144E-03
  17530   0.34207E-03
  17540   0.34340E-03
  17550   0.34354E-03
  17560   0.34270E-03
  17570   0.34159E-03
  17580   0.34084E-03
  17590   0.34109E-03
  17600   0.34085E-03
  17610   0.34057E-03
  17620   0.33989E-03
  17630   0.33982E-03
  17640   0.34108E-03
  17650   0.34227E-03
  17660   0.34283E-03
  17670   0.34218E-03
  17680   0.34417E-03
  17690   0.34232E-03
  17700   0.34290E-03
  17710   0.34152E-03
  17720   0.33977E-03
  17730   0.34023E-03
  17740   0.33666E-03
  17750   0.34025E-03
  17760   0.33900E-03
  17770   0.34064E-03
  17780   0.34082E-03
  17790   0.34039E-03
  17800   0.34415E-03
  17810   0.34331E-03
  17820   0.34272E-03
  17830   0.33939E-03
  17840   0.34236E-03
  17850   0.34025E-03
  17860   0.34080E-03
  17870   0.34058E-03
  17880   0.33907E-03
  17890   0.34109E-03
  17900   0.33922E-03
  17910   0.34320E-03
  17920   0.34271E-03
  17930   0.34395E-03
  17940   0.34260E-03
  17950   0.34126E-03
  17960   0.34136E-03
  17970   0.33912E-03
  17980   0.33824E-03
  17990   0.33578E-03
  18000   0.33473E-03
  18010   0.33534E-03
  18020   0.33695E-03
  18030   0.33882E-03
  18040   0.33904E-03
  18050   0.34008E-03
  18060   0.34406E-03
  18070   0.34821E-03
  18080   0.34059E-03
  18090   0.34371E-03
  18100   0.33460E-03
  18110   0.33965E-03
  18120   0.32887E-03
  18130   0.33640E-03
  18140   0.33169E-03
  18150   0.33290E-03
  18160   0.33823E-03
  18170   0.33705E-03
  18180   0.35096E-03
  18190   0.34620E-03
  18200   0.34989E-03
  18210   0.34759E-03
  18220   0.34820E-03
  18230   0.34667E-03
  18240   0.33987E-03
  18250   0.34005E-03
  18260   0.33365E-03
  18270   0.33428E-03
  18280   0.33517E-03
  18290   0.33748E-03
  18300   0.34146E-03
  18310   0.34294E-03
  18320   0.34827E-03
  18330   0.34661E-03
  18340   0.34925E-03
  18350   0.34202E-03
  18360   0.33776E-03
  18370   0.33387E-03
  18380   0.32584E-03
  18390   0.32558E-03
  18400   0.32165E-03
  18410   0.32376E-03
  18420   0.32592E-03
  18430   0.33130E-03
  18440   0.33917E-03
  18450   0.34349E-03
  18460   0.34513E-03
  18470   0.34192E-03
  18480   0.34267E-03
  18490   0.33643E-03
  18500   0.33144E-03
  18510   0.32835E-03
  18520   0.32412E-03
  18530   0.32330E-03
  18540   0.32406E-03
  18550   0.32985E-03
  18560   0.33531E-03
  18570   0.34502E-03
  18580   0.34537E-03
  18590   0.34908E-03
  18600   0.35368E-03
  18610   0.34307E-03
  18620   0.34113E-03
  18630   0.33670E-03
  18640   0.33291E-03
  18650   0.33017E-03
  18660   0.33222E-03
  18670   0.33512E-03
  18680   0.34071E-03
  18690   0.34863E-03
  18700   0.35597E-03
  18710   0.36284E-03
  18720   0.36581E-03
  18730   0.36129E-03
  18740   0.35862E-03
  18750   0.35107E-03
  18760   0.34966E-03
  18770   0.34184E-03
  18780   0.33967E-03
  18790   0.33870E-03
  18800   0.33721E-03
  18810   0.34432E-03
  18820   0.35002E-03
  18830   0.35966E-03
  18840   0.36800E-03
  18850   0.37414E-03
  18860   0.37012E-03
  18870   0.36920E-03
  18880   0.36572E-03
  18890   0.35916E-03
  18900   0.35597E-03
  18910   0.35141E-03
  18920   0.34953E-03
  18930   0.35102E-03
  18940   0.35415E-03
  18950   0.36030E-03
  18960   0.36964E-03
  18970   0.37083E-03
  18980   0.39572E-03
  18990   0.37858E-03
  19000   0.37905E-03
  19010   0.37740E-03
  19020   0.37705E-03
  19030   0.37242E-03
  19040   0.37263E-03
  19050   0.37278E-03
  19060   0.37351E-03
  19070   0.37746E-03
  19080   0.38199E-03
  19090   0.38948E-03
  19100   0.39557E-03
  19110   0.39669E-03
  19120   0.39508E-03
  19130   0.39584E-03
  19140   0.39203E-03
  19150   0.39080E-03
  19160   0.38570E-03
  19170   0.38522E-03
  19180   0.38225E-03
  19190   0.38317E-03
  19200   0.38706E-03
  19210   0.39251E-03
  19220   0.39916E-03
  19230   0.40152E-03
  19240   0.41069E-03
  19250   0.40784E-03
  19260   0.40246E-03
  19270   0.39901E-03
  19280   0.39302E-03
  19290   0.38642E-03
  19300   0.38249E-03
  19310   0.37861E-03
  19320   0.37949E-03
  19330   0.37878E-03
  19340   0.38378E-03
  19350   0.38813E-03
  19360   0.39475E-03
  19370   0.40170E-03
  19380   0.39635E-03
  19390   0.39602E-03
  19400   0.39623E-03
  19410   0.38633E-03
  19420   0.38392E-03
  19430   0.37832E-03
  19440   0.37417E-03
  19450   0.37458E-03
  19460   0.37532E-03
  19470   0.38433E-03
  19480   0.38987E-03
  19490   0.40296E-03
  19500   0.39808E-03
  19510   0.40813E-03
  19520   0.40513E-03
  19530   0.40219E-03
  19540   0.39869E-03
  19550   0.39385E-03
  19560   0.38993E-03
  19570   0.38452E-03
  19580   0.38664E-03
  19590   0.38509E-03
  19600   0.39073E-03
  19610   0.39466E-03
  19620   0.40193E-03
  19630   0.40945E-03
  19640   0.41284E-03
  19650   0.41283E-03
  19660   0.41224E-03
  19670   0.41144E-03
  19680   0.40455E-03
  19690   0.40354E-03
  19700   0.39975E-03
  19710   0.39858E-03
  19720   0.39668E-03
  19730   0.39881E-03
  19740   0.40166E-03
  19750   0.40657E-03
  19760   0.41559E-03
  19770   0.40883E-03
  19780   0.41531E-03
  19790   0.41085E-03
  19800   0.41084E-03
  19810   0.40710E-03
  19820   0.40130E-03
  19830   0.40233E-03
  19840   0.39707E-03
  19850   0.40105E-03
  19860   0.40105E-03
  19870   0.40553E-03
  19880   0.41014E-03
  19890   0.41178E-03
  19900   0.41886E-03
  19910   0.41529E-03
  19920   0.41149E-03
  19930   0.41053E-03
  19940   0.40252E-03
  19950   0.40103E-03
  19960   0.39182E-03
  19970   0.39227E-03
  19980   0.38792E-03
  19990   0.39019E-03
  20000   0.39336E-03
