     10   0.11046E-02
     20   0.94007E-03
     30   0.82999E-03
     40   0.75118E-03
     50   0.69139E-03
     60   0.64341E-03
     70   0.60323E-03
     80   0.56850E-03
     90   0.53771E-03
    100   0.50992E-03
    110   0.48536E-03
    120   0.46259E-03
    130   0.44139E-03
    140   0.42146E-03
    150   0.40262E-03
    160   0.38479E-03
    170   0.36793E-03
    180   0.35205E-03
    190   0.33697E-03
    200   0.32270E-03
    210   0.30915E-03
    220   0.29632E-03
    230   0.28422E-03
    240   0.27280E-03
    250   0.26200E-03
    260   0.25183E-03
    270   0.24226E-03
    280   0.23327E-03
    290   0.22479E-03
    300   0.21681E-03
    310   0.20932E-03
    320   0.20228E-03
    330   0.19564E-03
    340   0.18944E-03
    350   0.18363E-03
    360   0.17823E-03
    370   0.17324E-03
    380   0.16867E-03
    390   0.16454E-03
    400   0.16079E-03
    410   0.15743E-03
    420   0.15445E-03
    430   0.15182E-03
    440   0.14949E-03
    450   0.14740E-03
    460   0.14546E-03
    470   0.14366E-03
    480   0.14191E-03
    490   0.14017E-03
    500   0.13839E-03
    510   0.13650E-03
    520   0.13453E-03
    530   0.13251E-03
    540   0.13038E-03
    550   0.12821E-03
    560   0.12602E-03
    570   0.12383E-03
    580   0.12171E-03
    590   0.11970E-03
    600   0.11784E-03
    610   0.11614E-03
    620   0.11467E-03
    630   0.11343E-03
    640   0.11246E-03
    650   0.11176E-03
    660   0.11134E-03
    670   0.11115E-03
    680   0.11122E-03
    690   0.11150E-03
    700   0.11196E-03
    710   0.11258E-03
    720   0.11331E-03
    730   0.11412E-03
    740   0.11499E-03
    750   0.11585E-03
    760   0.11670E-03
    770   0.11749E-03
    780   0.11819E-03
    790   0.11880E-03
    800   0.11927E-03
    810   0.11960E-03
    820   0.11979E-03
    830   0.11982E-03
    840   0.11969E-03
    850   0.11941E-03
    860   0.11898E-03
    870   0.11839E-03
    880   0.11768E-03
    890   0.11683E-03
    900   0.11585E-03
    910   0.11478E-03
    920   0.11360E-03
    930   0.11234E-03
    940   0.11101E-03
    950   0.10961E-03
    960   0.10817E-03
    970   0.10669E-03
    980   0.10520E-03
    990   0.10370E-03
   1000   0.10223E-03
   1010   0.10078E-03
   1020   0.99419E-04
   1030   0.98119E-04
   1040   0.96922E-04
   1050   0.95859E-04
   1060   0.94924E-04
   1070   0.94147E-04
   1080   0.93535E-04
   1090   0.93113E-04
   1100   0.92859E-04
   1110   0.92797E-04
   1120   0.92917E-04
   1130   0.93192E-04
   1140   0.93640E-04
   1150   0.94211E-04
   1160   0.94926E-04
   1170   0.95737E-04
   1180   0.96617E-04
   1190   0.97557E-04
   1200   0.98553E-04
   1210   0.99559E-04
   1220   0.10055E-03
   1230   0.10153E-03
   1240   0.10249E-03
   1250   0.10339E-03
   1260   0.10422E-03
   1270   0.10502E-03
   1280   0.10573E-03
   1290   0.10638E-03
   1300   0.10693E-03
   1310   0.10744E-03
   1320   0.10787E-03
   1330   0.10823E-03
   1340   0.10854E-03
   1350   0.10880E-03
   1360   0.10901E-03
   1370   0.10922E-03
   1380   0.10940E-03
   1390   0.10957E-03
   1400   0.10976E-03
   1410   0.10994E-03
   1420   0.11016E-03
   1430   0.11041E-03
   1440   0.11068E-03
   1450   0.11100E-03
   1460   0.11136E-03
   1470   0.11175E-03
   1480   0.11220E-03
   1490   0.11267E-03
   1500   0.11316E-03
   1510   0.11368E-03
   1520   0.11421E-03
   1530   0.11475E-03
   1540   0.11527E-03
   1550   0.11578E-03
   1560   0.11627E-03
   1570   0.11671E-03
   1580   0.11711E-03
   1590   0.11746E-03
   1600   0.11774E-03
   1610   0.11795E-03
   1620   0.11809E-03
   1630   0.11816E-03
   1640   0.11814E-03
   1650   0.11805E-03
   1660   0.11788E-03
   1670   0.11763E-03
   1680   0.11730E-03
   1690   0.11691E-03
   1700   0.11646E-03
   1710   0.11594E-03
   1720   0.11538E-03
   1730   0.11479E-03
   1740   0.11417E-03
   1750   0.11353E-03
   1760   0.11287E-03
   1770   0.11224E-03
   1780   0.11163E-03
   1790   0.11103E-03
   1800   0.11050E-03
   1810   0.11002E-03
   1820   0.10960E-03
   1830   0.10926E-03
   1840   0.10902E-03
   1850   0.10887E-03
   1860   0.10883E-03
   1870   0.10890E-03
   1880   0.10909E-03
   1890   0.10941E-03
   1900   0.10983E-03
   1910   0.11038E-03
   1920   0.11104E-03
   1930   0.11182E-03
   1940   0.11271E-03
   1950   0.11371E-03
   1960   0.11477E-03
   1970   0.11594E-03
   1980   0.11718E-03
   1990   0.11850E-03
   2000   0.11986E-03
   2010   0.12128E-03
   2020   0.12272E-03
   2030   0.12419E-03
   2040   0.12567E-03
   2050   0.12717E-03
   2060   0.12868E-03
   2070   0.13016E-03
   2080   0.13164E-03
   2090   0.13308E-03
   2100   0.13450E-03
   2110   0.13588E-03
   2120   0.13723E-03
   2130   0.13853E-03
   2140   0.13978E-03
   2150   0.14098E-03
   2160   0.14214E-03
   2170   0.14322E-03
   2180   0.14425E-03
   2190   0.14524E-03
   2200   0.14616E-03
   2210   0.14700E-03
   2220   0.14778E-03
   2230   0.14852E-03
   2240   0.14920E-03
   2250   0.14980E-03
   2260   0.15036E-03
   2270   0.15086E-03
   2280   0.15129E-03
   2290   0.15165E-03
   2300   0.15196E-03
   2310   0.15222E-03
   2320   0.15244E-03
   2330   0.15256E-03
   2340   0.15265E-03
   2350   0.15269E-03
   2360   0.15268E-03
   2370   0.15261E-03
   2380   0.15248E-03
   2390   0.15234E-03
   2400   0.15212E-03
   2410   0.15186E-03
   2420   0.15155E-03
   2430   0.15119E-03
   2440   0.15083E-03
   2450   0.15038E-03
   2460   0.14992E-03
   2470   0.14939E-03
   2480   0.14884E-03
   2490   0.14825E-03
   2500   0.14761E-03
   2510   0.14698E-03
   2520   0.14628E-03
   2530   0.14556E-03
   2540   0.14482E-03
   2550   0.14404E-03
   2560   0.14324E-03
   2570   0.14243E-03
   2580   0.14158E-03
   2590   0.14072E-03
   2600   0.13982E-03
   2610   0.13890E-03
   2620   0.13796E-03
   2630   0.13702E-03
   2640   0.13604E-03
   2650   0.13505E-03
   2660   0.13404E-03
   2670   0.13302E-03
   2680   0.13198E-03
   2690   0.13091E-03
   2700   0.12984E-03
   2710   0.12873E-03
   2720   0.12762E-03
   2730   0.12649E-03
   2740   0.12534E-03
   2750   0.12419E-03
   2760   0.12298E-03
   2770   0.12180E-03
   2780   0.12057E-03
   2790   0.11935E-03
   2800   0.11812E-03
   2810   0.11686E-03
   2820   0.11560E-03
   2830   0.11435E-03
   2840   0.11307E-03
   2850   0.11179E-03
   2860   0.11049E-03
   2870   0.10922E-03
   2880   0.10794E-03
   2890   0.10665E-03
   2900   0.10539E-03
   2910   0.10413E-03
   2920   0.10286E-03
   2930   0.10160E-03
   2940   0.10037E-03
   2950   0.99168E-04
   2960   0.97957E-04
   2970   0.96784E-04
   2980   0.95614E-04
   2990   0.94478E-04
   3000   0.93365E-04
   3010   0.92265E-04
   3020   0.91192E-04
   3030   0.90160E-04
   3040   0.89139E-04
   3050   0.88136E-04
   3060   0.87173E-04
   3070   0.86223E-04
   3080   0.85320E-04
   3090   0.84436E-04
   3100   0.83586E-04
   3110   0.82732E-04
   3120   0.81929E-04
   3130   0.81148E-04
   3140   0.80373E-04
   3150   0.79634E-04
   3160   0.78924E-04
   3170   0.78213E-04
   3180   0.77540E-04
   3190   0.76875E-04
   3200   0.76237E-04
   3210   0.75609E-04
   3220   0.75003E-04
   3230   0.74401E-04
   3240   0.73854E-04
   3250   0.73273E-04
   3260   0.72736E-04
   3270   0.72199E-04
   3280   0.71674E-04
   3290   0.71172E-04
   3300   0.70677E-04
   3310   0.70182E-04
   3320   0.69734E-04
   3330   0.69265E-04
   3340   0.68808E-04
   3350   0.68372E-04
   3360   0.67948E-04
   3370   0.67531E-04
   3380   0.67114E-04
   3390   0.66726E-04
   3400   0.66328E-04
   3410   0.65972E-04
   3420   0.65578E-04
   3430   0.65228E-04
   3440   0.64890E-04
   3450   0.64560E-04
   3460   0.64235E-04
   3470   0.63923E-04
   3480   0.63620E-04
   3490   0.63324E-04
   3500   0.63052E-04
   3510   0.62773E-04
   3520   0.62530E-04
   3530   0.62266E-04
   3540   0.62031E-04
   3550   0.61802E-04
   3560   0.61576E-04
   3570   0.61367E-04
   3580   0.61162E-04
   3590   0.60976E-04
   3600   0.60806E-04
   3610   0.60629E-04
   3620   0.60478E-04
   3630   0.60307E-04
   3640   0.60168E-04
   3650   0.60023E-04
   3660   0.59901E-04
   3670   0.59769E-04
   3680   0.59654E-04
   3690   0.59545E-04
   3700   0.59466E-04
   3710   0.59360E-04
   3720   0.59273E-04
   3730   0.59193E-04
   3740   0.59115E-04
   3750   0.59055E-04
   3760   0.58990E-04
   3770   0.58925E-04
   3780   0.58880E-04
   3790   0.58847E-04
   3800   0.58797E-04
   3810   0.58757E-04
   3820   0.58723E-04
   3830   0.58690E-04
   3840   0.58675E-04
   3850   0.58661E-04
   3860   0.58631E-04
   3870   0.58619E-04
   3880   0.58601E-04
   3890   0.58611E-04
   3900   0.58612E-04
   3910   0.58621E-04
   3920   0.58615E-04
   3930   0.58638E-04
   3940   0.58636E-04
   3950   0.58665E-04
   3960   0.58668E-04
   3970   0.58706E-04
   3980   0.58744E-04
   3990   0.58765E-04
   4000   0.58813E-04
   4010   0.58840E-04
   4020   0.58875E-04
   4030   0.58935E-04
   4040   0.58967E-04
   4050   0.59022E-04
   4060   0.59064E-04
   4070   0.59133E-04
   4080   0.59188E-04
   4090   0.59249E-04
   4100   0.59302E-04
   4110   0.59376E-04
   4120   0.59454E-04
   4130   0.59504E-04
   4140   0.59583E-04
   4150   0.59668E-04
   4160   0.59731E-04
   4170   0.59814E-04
   4180   0.59882E-04
   4190   0.59966E-04
   4200   0.60062E-04
   4210   0.60139E-04
   4220   0.60228E-04
   4230   0.60324E-04
   4240   0.60390E-04
   4250   0.60475E-04
   4260   0.60575E-04
   4270   0.60652E-04
   4280   0.60738E-04
   4290   0.60824E-04
   4300   0.60931E-04
   4310   0.61006E-04
   4320   0.61100E-04
   4330   0.61178E-04
   4340   0.61264E-04
   4350   0.61347E-04
   4360   0.61430E-04
   4370   0.61489E-04
   4380   0.61586E-04
   4390   0.61666E-04
   4400   0.61735E-04
   4410   0.61810E-04
   4420   0.61876E-04
   4430   0.61946E-04
   4440   0.62003E-04
   4450   0.62042E-04
   4460   0.62098E-04
   4470   0.62161E-04
   4480   0.62205E-04
   4490   0.62232E-04
   4500   0.62276E-04
   4510   0.62319E-04
   4520   0.62344E-04
   4530   0.62376E-04
   4540   0.62393E-04
   4550   0.62417E-04
   4560   0.62416E-04
   4570   0.62426E-04
   4580   0.62419E-04
   4590   0.62412E-04
   4600   0.62408E-04
   4610   0.62386E-04
   4620   0.62376E-04
   4630   0.62355E-04
   4640   0.62315E-04
   4650   0.62289E-04
   4660   0.62250E-04
   4670   0.62194E-04
   4680   0.62146E-04
   4690   0.62084E-04
   4700   0.62029E-04
   4710   0.61974E-04
   4720   0.61901E-04
   4730   0.61830E-04
   4740   0.61753E-04
   4750   0.61675E-04
   4760   0.61586E-04
   4770   0.61493E-04
   4780   0.61405E-04
   4790   0.61308E-04
   4800   0.61214E-04
   4810   0.61119E-04
   4820   0.61020E-04
   4830   0.60914E-04
   4840   0.60808E-04
   4850   0.60702E-04
   4860   0.60600E-04
   4870   0.60487E-04
   4880   0.60370E-04
   4890   0.60262E-04
   4900   0.60155E-04
   4910   0.60052E-04
   4920   0.59932E-04
   4930   0.59818E-04
   4940   0.59694E-04
   4950   0.59584E-04
   4960   0.59479E-04
   4970   0.59373E-04
   4980   0.59260E-04
   4990   0.59149E-04
   5000   0.59054E-04
   5010   0.58930E-04
   5020   0.58846E-04
   5030   0.58740E-04
   5040   0.58644E-04
   5050   0.58555E-04
   5060   0.58454E-04
   5070   0.58373E-04
   5080   0.58291E-04
   5090   0.58212E-04
   5100   0.58122E-04
   5110   0.58039E-04
   5120   0.57975E-04
   5130   0.57883E-04
   5140   0.57833E-04
   5150   0.57765E-04
   5160   0.57686E-04
   5170   0.57651E-04
   5180   0.57582E-04
   5190   0.57535E-04
   5200   0.57487E-04
   5210   0.57424E-04
   5220   0.57383E-04
   5230   0.57351E-04
   5240   0.57307E-04
   5250   0.57278E-04
   5260   0.57255E-04
   5270   0.57217E-04
   5280   0.57182E-04
   5290   0.57171E-04
   5300   0.57158E-04
   5310   0.57137E-04
   5320   0.57116E-04
   5330   0.57087E-04
   5340   0.57087E-04
   5350   0.57081E-04
   5360   0.57080E-04
   5370   0.57075E-04
   5380   0.57066E-04
   5390   0.57069E-04
   5400   0.57070E-04
   5410   0.57074E-04
   5420   0.57071E-04
   5430   0.57079E-04
   5440   0.57070E-04
   5450   0.57103E-04
   5460   0.57097E-04
   5470   0.57098E-04
   5480   0.57120E-04
   5490   0.57121E-04
   5500   0.57143E-04
   5510   0.57140E-04
   5520   0.57162E-04
   5530   0.57164E-04
   5540   0.57185E-04
   5550   0.57196E-04
   5560   0.57201E-04
   5570   0.57228E-04
   5580   0.57242E-04
   5590   0.57253E-04
   5600   0.57253E-04
   5610   0.57279E-04
   5620   0.57285E-04
   5630   0.57291E-04
   5640   0.57307E-04
   5650   0.57315E-04
   5660   0.57329E-04
   5670   0.57350E-04
   5680   0.57340E-04
   5690   0.57331E-04
   5700   0.57348E-04
   5710   0.57344E-04
   5720   0.57370E-04
   5730   0.57360E-04
   5740   0.57366E-04
   5750   0.57375E-04
   5760   0.57371E-04
   5770   0.57371E-04
   5780   0.57369E-04
   5790   0.57365E-04
   5800   0.57365E-04
   5810   0.57362E-04
   5820   0.57364E-04
   5830   0.57344E-04
   5840   0.57333E-04
   5850   0.57329E-04
   5860   0.57319E-04
   5870   0.57291E-04
   5880   0.57284E-04
   5890   0.57278E-04
   5900   0.57252E-04
   5910   0.57242E-04
   5920   0.57206E-04
   5930   0.57193E-04
   5940   0.57176E-04
   5950   0.57164E-04
   5960   0.57113E-04
   5970   0.57099E-04
   5980   0.57068E-04
   5990   0.57037E-04
   6000   0.57007E-04
   6010   0.56976E-04
   6020   0.56940E-04
   6030   0.56896E-04
   6040   0.56864E-04
   6050   0.56826E-04
   6060   0.56766E-04
   6070   0.56740E-04
   6080   0.56695E-04
   6090   0.56636E-04
   6100   0.56589E-04
   6110   0.56540E-04
   6120   0.56494E-04
   6130   0.56428E-04
   6140   0.56368E-04
   6150   0.56300E-04
   6160   0.56238E-04
   6170   0.56172E-04
   6180   0.56107E-04
   6190   0.56034E-04
   6200   0.55948E-04
   6210   0.55875E-04
   6220   0.55799E-04
   6230   0.55713E-04
   6240   0.55629E-04
   6250   0.55542E-04
   6260   0.55448E-04
   6270   0.55352E-04
   6280   0.55252E-04
   6290   0.55153E-04
   6300   0.55054E-04
   6310   0.54946E-04
   6320   0.54830E-04
   6330   0.54718E-04
   6340   0.54613E-04
   6350   0.54475E-04
   6360   0.54365E-04
   6370   0.54238E-04
   6380   0.54110E-04
   6390   0.53981E-04
   6400   0.53844E-04
   6410   0.53729E-04
   6420   0.53597E-04
   6430   0.53452E-04
   6440   0.53319E-04
   6450   0.53163E-04
   6460   0.53030E-04
   6470   0.52884E-04
   6480   0.52730E-04
   6490   0.52590E-04
   6500   0.52446E-04
   6510   0.52291E-04
   6520   0.52130E-04
   6530   0.51983E-04
   6540   0.51836E-04
   6550   0.51693E-04
   6560   0.51535E-04
   6570   0.51368E-04
   6580   0.51225E-04
   6590   0.51066E-04
   6600   0.50931E-04
   6610   0.50768E-04
   6620   0.50623E-04
   6630   0.50475E-04
   6640   0.50323E-04
   6650   0.50181E-04
   6660   0.50040E-04
   6670   0.49902E-04
   6680   0.49749E-04
   6690   0.49604E-04
   6700   0.49464E-04
   6710   0.49337E-04
   6720   0.49188E-04
   6730   0.49066E-04
   6740   0.48920E-04
   6750   0.48792E-04
   6760   0.48670E-04
   6770   0.48541E-04
   6780   0.48410E-04
   6790   0.48295E-04
   6800   0.48180E-04
   6810   0.48058E-04
   6820   0.47935E-04
   6830   0.47823E-04
   6840   0.47705E-04
   6850   0.47592E-04
   6860   0.47475E-04
   6870   0.47362E-04
   6880   0.47255E-04
   6890   0.47161E-04
   6900   0.47048E-04
   6910   0.46954E-04
   6920   0.46834E-04
   6930   0.46738E-04
   6940   0.46638E-04
   6950   0.46546E-04
   6960   0.46453E-04
   6970   0.46354E-04
   6980   0.46260E-04
   6990   0.46172E-04
   7000   0.46074E-04
   7010   0.45988E-04
   7020   0.45894E-04
   7030   0.45805E-04
   7040   0.45705E-04
   7050   0.45622E-04
   7060   0.45529E-04
   7070   0.45449E-04
   7080   0.45362E-04
   7090   0.45280E-04
   7100   0.45197E-04
   7110   0.45109E-04
   7120   0.45037E-04
   7130   0.44944E-04
   7140   0.44851E-04
   7150   0.44785E-04
   7160   0.44694E-04
   7170   0.44617E-04
   7180   0.44526E-04
   7190   0.44458E-04
   7200   0.44391E-04
   7210   0.44303E-04
   7220   0.44210E-04
   7230   0.44151E-04
   7240   0.44075E-04
   7250   0.43995E-04
   7260   0.43910E-04
   7270   0.43839E-04
   7280   0.43758E-04
   7290   0.43675E-04
   7300   0.43594E-04
   7310   0.43535E-04
   7320   0.43442E-04
   7330   0.43360E-04
   7340   0.43295E-04
   7350   0.43215E-04
   7360   0.43137E-04
   7370   0.43063E-04
   7380   0.42976E-04
   7390   0.42893E-04
   7400   0.42815E-04
   7410   0.42745E-04
   7420   0.42678E-04
   7430   0.42575E-04
   7440   0.42494E-04
   7450   0.42425E-04
   7460   0.42344E-04
   7470   0.42258E-04
   7480   0.42175E-04
   7490   0.42106E-04
   7500   0.42011E-04
   7510   0.41929E-04
   7520   0.41849E-04
   7530   0.41760E-04
   7540   0.41677E-04
   7550   0.41585E-04
   7560   0.41501E-04
   7570   0.41416E-04
   7580   0.41327E-04
   7590   0.41241E-04
   7600   0.41146E-04
   7610   0.41064E-04
   7620   0.40970E-04
   7630   0.40871E-04
   7640   0.40778E-04
   7650   0.40692E-04
   7660   0.40593E-04
   7670   0.40500E-04
   7680   0.40413E-04
   7690   0.40328E-04
   7700   0.40215E-04
   7710   0.40135E-04
   7720   0.40033E-04
   7730   0.39922E-04
   7740   0.39829E-04
   7750   0.39741E-04
   7760   0.39628E-04
   7770   0.39529E-04
   7780   0.39431E-04
   7790   0.39320E-04
   7800   0.39230E-04
   7810   0.39118E-04
   7820   0.39010E-04
   7830   0.38901E-04
   7840   0.38813E-04
   7850   0.38709E-04
   7860   0.38591E-04
   7870   0.38485E-04
   7880   0.38371E-04
   7890   0.38268E-04
   7900   0.38159E-04
   7910   0.38064E-04
   7920   0.37957E-04
   7930   0.37828E-04
   7940   0.37721E-04
   7950   0.37615E-04
   7960   0.37514E-04
   7970   0.37407E-04
   7980   0.37295E-04
   7990   0.37175E-04
   8000   0.37067E-04
   8010   0.36946E-04
   8020   0.36840E-04
   8030   0.36737E-04
   8040   0.36624E-04
   8050   0.36509E-04
   8060   0.36388E-04
   8070   0.36270E-04
   8080   0.36179E-04
   8090   0.36077E-04
   8100   0.35955E-04
   8110   0.35838E-04
   8120   0.35710E-04
   8130   0.35615E-04
   8140   0.35494E-04
   8150   0.35380E-04
   8160   0.35266E-04
   8170   0.35151E-04
   8180   0.35047E-04
   8190   0.34921E-04
   8200   0.34817E-04
   8210   0.34703E-04
   8220   0.34600E-04
   8230   0.34472E-04
   8240   0.34369E-04
   8250   0.34259E-04
   8260   0.34135E-04
   8270   0.34040E-04
   8280   0.33917E-04
   8290   0.33817E-04
   8300   0.33697E-04
   8310   0.33579E-04
   8320   0.33475E-04
   8330   0.33341E-04
   8340   0.33228E-04
   8350   0.33141E-04
   8360   0.33022E-04
   8370   0.32916E-04
   8380   0.32800E-04
   8390   0.32677E-04
   8400   0.32578E-04
   8410   0.32463E-04
   8420   0.32355E-04
   8430   0.32255E-04
   8440   0.32128E-04
   8450   0.32040E-04
   8460   0.31916E-04
   8470   0.31788E-04
   8480   0.31689E-04
   8490   0.31587E-04
   8500   0.31479E-04
   8510   0.31354E-04
   8520   0.31254E-04
   8530   0.31135E-04
   8540   0.31040E-04
   8550   0.30921E-04
   8560   0.30812E-04
   8570   0.30711E-04
   8580   0.30601E-04
   8590   0.30490E-04
   8600   0.30389E-04
   8610   0.30275E-04
   8620   0.30170E-04
   8630   0.30060E-04
   8640   0.29959E-04
   8650   0.29859E-04
   8660   0.29739E-04
   8670   0.29643E-04
   8680   0.29530E-04
   8690   0.29426E-04
   8700   0.29326E-04
   8710   0.29222E-04
   8720   0.29116E-04
   8730   0.29014E-04
   8740   0.28888E-04
   8750   0.28805E-04
   8760   0.28704E-04
   8770   0.28590E-04
   8780   0.28503E-04
   8790   0.28382E-04
   8800   0.28285E-04
   8810   0.28167E-04
   8820   0.28075E-04
   8830   0.27963E-04
   8840   0.27855E-04
   8850   0.27746E-04
   8860   0.27651E-04
   8870   0.27553E-04
   8880   0.27458E-04
   8890   0.27353E-04
   8900   0.27238E-04
   8910   0.27132E-04
   8920   0.27033E-04
   8930   0.26922E-04
   8940   0.26815E-04
   8950   0.26724E-04
   8960   0.26611E-04
   8970   0.26514E-04
   8980   0.26402E-04
   8990   0.26322E-04
   9000   0.26219E-04
   9010   0.26117E-04
   9020   0.26011E-04
   9030   0.25895E-04
   9040   0.25804E-04
   9050   0.25706E-04
   9060   0.25617E-04
   9070   0.25515E-04
   9080   0.25402E-04
   9090   0.25289E-04
   9100   0.25197E-04
   9110   0.25085E-04
   9120   0.24993E-04
   9130   0.24886E-04
   9140   0.24809E-04
   9150   0.24693E-04
   9160   0.24593E-04
   9170   0.24494E-04
   9180   0.24395E-04
   9190   0.24312E-04
   9200   0.24196E-04
   9210   0.24093E-04
   9220   0.24005E-04
   9230   0.23914E-04
   9240   0.23793E-04
   9250   0.23697E-04
   9260   0.23619E-04
   9270   0.23516E-04
   9280   0.23428E-04
   9290   0.23324E-04
   9300   0.23235E-04
   9310   0.23130E-04
   9320   0.23051E-04
   9330   0.22951E-04
   9340   0.22838E-04
   9350   0.22758E-04
   9360   0.22652E-04
   9370   0.22572E-04
   9380   0.22473E-04
   9390   0.22382E-04
   9400   0.22293E-04
   9410   0.22181E-04
   9420   0.22105E-04
   9430   0.22016E-04
   9440   0.21929E-04
   9450   0.21835E-04
   9460   0.21744E-04
   9470   0.21664E-04
   9480   0.21566E-04
   9490   0.21478E-04
   9500   0.21393E-04
   9510   0.21306E-04
   9520   0.21229E-04
   9530   0.21128E-04
   9540   0.21040E-04
   9550   0.20956E-04
   9560   0.20871E-04
   9570   0.20775E-04
   9580   0.20695E-04
   9590   0.20594E-04
   9600   0.20520E-04
   9610   0.20431E-04
   9620   0.20361E-04
   9630   0.20272E-04
   9640   0.20189E-04
   9650   0.20119E-04
   9660   0.20020E-04
   9670   0.19946E-04
   9680   0.19863E-04
   9690   0.19773E-04
   9700   0.19698E-04
   9710   0.19616E-04
   9720   0.19549E-04
   9730   0.19441E-04
   9740   0.19391E-04
   9750   0.19278E-04
   9760   0.19215E-04
   9770   0.19139E-04
   9780   0.19045E-04
   9790   0.18972E-04
   9800   0.18903E-04
   9810   0.18823E-04
   9820   0.18748E-04
   9830   0.18642E-04
   9840   0.18587E-04
   9850   0.18514E-04
   9860   0.18431E-04
   9870   0.18343E-04
   9880   0.18280E-04
   9890   0.18208E-04
   9900   0.18109E-04
   9910   0.18046E-04
   9920   0.17952E-04
   9930   0.17880E-04
   9940   0.17817E-04
   9950   0.17729E-04
   9960   0.17659E-04
   9970   0.17565E-04
   9980   0.17477E-04
   9990   0.17423E-04
  10000   0.17325E-04
  10010   0.17253E-04
  10020   0.17168E-04
  10030   0.17099E-04
  10040   0.17018E-04
  10050   0.16949E-04
  10060   0.16860E-04
  10070   0.16787E-04
  10080   0.16708E-04
  10090   0.16636E-04
  10100   0.16547E-04
  10110   0.16471E-04
  10120   0.16400E-04
  10130   0.16310E-04
  10140   0.16230E-04
  10150   0.16166E-04
  10160   0.16095E-04
  10170   0.15988E-04
  10180   0.15911E-04
  10190   0.15842E-04
  10200   0.15763E-04
  10210   0.15680E-04
  10220   0.15584E-04
  10230   0.15503E-04
  10240   0.15439E-04
  10250   0.15365E-04
  10260   0.15275E-04
  10270   0.15193E-04
  10280   0.15116E-04
  10290   0.15012E-04
  10300   0.14944E-04
  10310   0.14858E-04
  10320   0.14775E-04
  10330   0.14680E-04
  10340   0.14613E-04
  10350   0.14500E-04
  10360   0.14431E-04
  10370   0.14348E-04
  10380   0.14268E-04
  10390   0.14181E-04
  10400   0.14103E-04
  10410   0.14007E-04
  10420   0.13922E-04
  10430   0.13827E-04
  10440   0.13759E-04
  10450   0.13660E-04
  10460   0.13577E-04
  10470   0.13496E-04
  10480   0.13412E-04
  10490   0.13327E-04
  10500   0.13243E-04
  10510   0.13144E-04
  10520   0.13064E-04
  10530   0.12981E-04
  10540   0.12916E-04
  10550   0.12823E-04
  10560   0.12737E-04
  10570   0.12663E-04
  10580   0.12577E-04
  10590   0.12495E-04
  10600   0.12412E-04
  10610   0.12337E-04
  10620   0.12245E-04
  10630   0.12174E-04
  10640   0.12082E-04
  10650   0.12007E-04
  10660   0.11919E-04
  10670   0.11836E-04
  10680   0.11758E-04
  10690   0.11680E-04
  10700   0.11605E-04
  10710   0.11519E-04
  10720   0.11441E-04
  10730   0.11365E-04
  10740   0.11283E-04
  10750   0.11193E-04
  10760   0.11119E-04
  10770   0.11041E-04
  10780   0.10957E-04
  10790   0.10887E-04
  10800   0.10813E-04
  10810   0.10727E-04
  10820   0.10643E-04
  10830   0.10584E-04
  10840   0.10490E-04
  10850   0.10398E-04
  10860   0.10345E-04
  10870   0.10263E-04
  10880   0.10193E-04
  10890   0.10106E-04
  10900   0.10044E-04
  10910   0.99742E-05
  10920   0.98886E-05
  10930   0.98155E-05
  10940   0.97531E-05
  10950   0.96842E-05
  10960   0.96061E-05
  10970   0.95362E-05
  10980   0.94670E-05
  10990   0.93908E-05
  11000   0.93216E-05
  11010   0.92552E-05
  11020   0.92004E-05
  11030   0.91137E-05
  11040   0.90534E-05
  11050   0.89784E-05
  11060   0.89110E-05
  11070   0.88599E-05
  11080   0.87969E-05
  11090   0.87112E-05
  11100   0.86369E-05
  11110   0.85723E-05
  11120   0.85187E-05
  11130   0.84459E-05
  11140   0.83889E-05
  11150   0.83044E-05
  11160   0.82464E-05
  11170   0.81904E-05
  11180   0.81212E-05
  11190   0.80578E-05
  11200   0.79874E-05
  11210   0.79386E-05
  11220   0.78757E-05
  11230   0.78066E-05
  11240   0.77487E-05
  11250   0.76916E-05
  11260   0.76161E-05
  11270   0.75583E-05
  11280   0.75061E-05
  11290   0.74455E-05
  11300   0.73884E-05
  11310   0.73272E-05
  11320   0.72639E-05
  11330   0.72017E-05
  11340   0.71471E-05
  11350   0.71009E-05
  11360   0.70360E-05
  11370   0.69733E-05
  11380   0.69176E-05
  11390   0.68686E-05
  11400   0.68217E-05
  11410   0.67494E-05
  11420   0.67049E-05
  11430   0.66424E-05
  11440   0.65856E-05
  11450   0.65305E-05
  11460   0.64858E-05
  11470   0.64350E-05
  11480   0.63715E-05
  11490   0.63301E-05
  11500   0.62830E-05
  11510   0.62240E-05
  11520   0.61617E-05
  11530   0.61176E-05
  11540   0.60570E-05
  11550   0.60110E-05
  11560   0.59569E-05
  11570   0.58984E-05
  11580   0.58698E-05
  11590   0.58174E-05
  11600   0.57748E-05
  11610   0.57245E-05
  11620   0.56831E-05
  11630   0.56253E-05
  11640   0.55831E-05
  11650   0.55303E-05
  11660   0.54925E-05
  11670   0.54454E-05
  11680   0.54002E-05
  11690   0.53436E-05
  11700   0.53100E-05
  11710   0.52589E-05
  11720   0.52333E-05
  11730   0.51912E-05
  11740   0.51436E-05
  11750   0.50940E-05
  11760   0.50547E-05
  11770   0.50198E-05
  11780   0.49769E-05
  11790   0.49242E-05
  11800   0.48892E-05
  11810   0.48403E-05
  11820   0.48032E-05
  11830   0.47781E-05
  11840   0.47200E-05
  11850   0.46995E-05
  11860   0.46734E-05
  11870   0.46273E-05
  11880   0.45879E-05
  11890   0.45567E-05
  11900   0.45115E-05
  11910   0.44834E-05
  11920   0.44241E-05
  11930   0.43934E-05
  11940   0.43565E-05
  11950   0.43292E-05
  11960   0.42950E-05
  11970   0.42659E-05
  11980   0.42372E-05
  11990   0.41956E-05
  12000   0.41659E-05
  12010   0.41283E-05
  12020   0.41082E-05
  12030   0.40704E-05
  12040   0.40432E-05
  12050   0.40070E-05
  12060   0.39810E-05
  12070   0.39488E-05
  12080   0.39269E-05
  12090   0.38923E-05
  12100   0.38579E-05
  12110   0.38342E-05
  12120   0.37987E-05
  12130   0.37733E-05
  12140   0.37578E-05
  12150   0.37306E-05
  12160   0.36980E-05
  12170   0.36634E-05
  12180   0.36440E-05
  12190   0.36161E-05
  12200   0.35898E-05
  12210   0.35659E-05
  12220   0.35408E-05
  12230   0.35199E-05
  12240   0.35006E-05
  12250   0.34667E-05
  12260   0.34508E-05
  12270   0.34223E-05
  12280   0.33997E-05
  12290   0.33778E-05
  12300   0.33410E-05
  12310   0.33340E-05
  12320   0.33142E-05
  12330   0.32842E-05
  12340   0.32618E-05
  12350   0.32480E-05
  12360   0.32290E-05
  12370   0.32072E-05
  12380   0.31881E-05
  12390   0.31657E-05
  12400   0.31493E-05
  12410   0.31291E-05
  12420   0.31116E-05
  12430   0.30927E-05
  12440   0.30645E-05
  12450   0.30426E-05
  12460   0.30148E-05
  12470   0.30061E-05
  12480   0.29896E-05
  12490   0.29715E-05
  12500   0.29653E-05
  12510   0.29468E-05
  12520   0.29307E-05
  12530   0.29066E-05
  12540   0.28898E-05
  12550   0.28737E-05
  12560   0.28651E-05
  12570   0.28396E-05
  12580   0.28221E-05
  12590   0.28013E-05
  12600   0.27858E-05
  12610   0.27768E-05
  12620   0.27649E-05
  12630   0.27518E-05
  12640   0.27288E-05
  12650   0.27194E-05
  12660   0.27027E-05
  12670   0.26935E-05
  12680   0.26791E-05
  12690   0.26614E-05
  12700   0.26471E-05
  12710   0.26343E-05
  12720   0.26229E-05
  12730   0.26025E-05
  12740   0.25938E-05
  12750   0.25757E-05
  12760   0.25608E-05
  12770   0.25417E-05
  12780   0.25249E-05
  12790   0.25190E-05
  12800   0.25075E-05
  12810   0.25043E-05
  12820   0.24920E-05
  12830   0.24797E-05
  12840   0.24598E-05
  12850   0.24491E-05
  12860   0.24341E-05
  12870   0.24167E-05
  12880   0.24049E-05
  12890   0.23957E-05
  12900   0.23811E-05
  12910   0.23636E-05
  12920   0.23625E-05
  12930   0.23452E-05
  12940   0.23475E-05
  12950   0.23266E-05
  12960   0.23254E-05
  12970   0.23116E-05
  12980   0.22944E-05
  12990   0.22896E-05
  13000   0.22777E-05
  13010   0.22688E-05
  13020   0.22588E-05
  13030   0.22496E-05
  13040   0.22410E-05
  13050   0.22364E-05
  13060   0.22260E-05
  13070   0.22076E-05
  13080   0.22046E-05
  13090   0.21958E-05
  13100   0.21807E-05
  13110   0.21657E-05
  13120   0.21538E-05
  13130   0.21475E-05
  13140   0.21372E-05
  13150   0.21411E-05
  13160   0.21380E-05
  13170   0.21102E-05
  13180   0.21104E-05
  13190   0.21014E-05
  13200   0.20981E-05
  13210   0.20933E-05
  13220   0.20778E-05
  13230   0.20711E-05
  13240   0.20583E-05
  13250   0.20581E-05
  13260   0.20452E-05
  13270   0.20317E-05
  13280   0.20319E-05
  13290   0.20134E-05
  13300   0.20067E-05
  13310   0.19991E-05
  13320   0.19915E-05
  13330   0.19822E-05
  13340   0.19801E-05
  13350   0.19765E-05
  13360   0.19675E-05
  13370   0.19621E-05
  13380   0.19661E-05
  13390   0.19346E-05
  13400   0.19354E-05
  13410   0.19485E-05
  13420   0.19361E-05
  13430   0.19273E-05
  13440   0.19226E-05
  13450   0.19299E-05
  13460   0.19221E-05
  13470   0.19262E-05
  13480   0.19072E-05
  13490   0.18919E-05
  13500   0.18822E-05
  13510   0.18782E-05
  13520   0.18842E-05
  13530   0.18888E-05
  13540   0.18808E-05
  13550   0.18747E-05
  13560   0.18773E-05
  13570   0.18741E-05
  13580   0.18654E-05
  13590   0.18539E-05
  13600   0.18469E-05
  13610   0.18350E-05
  13620   0.18310E-05
  13630   0.18312E-05
  13640   0.18245E-05
  13650   0.18177E-05
  13660   0.18139E-05
  13670   0.18060E-05
  13680   0.18081E-05
  13690   0.17904E-05
  13700   0.17765E-05
  13710   0.17918E-05
  13720   0.17723E-05
  13730   0.17658E-05
  13740   0.17620E-05
  13750   0.17601E-05
  13760   0.17606E-05
  13770   0.17557E-05
  13780   0.17560E-05
  13790   0.17425E-05
  13800   0.17313E-05
  13810   0.17334E-05
  13820   0.17162E-05
  13830   0.17141E-05
  13840   0.17153E-05
  13850   0.17109E-05
  13860   0.17015E-05
  13870   0.16959E-05
  13880   0.16963E-05
  13890   0.16852E-05
  13900   0.16798E-05
  13910   0.16905E-05
  13920   0.16765E-05
  13930   0.16688E-05
  13940   0.16615E-05
  13950   0.16527E-05
  13960   0.16428E-05
  13970   0.16493E-05
  13980   0.16403E-05
  13990   0.16321E-05
  14000   0.16297E-05
  14010   0.16191E-05
  14020   0.16062E-05
  14030   0.16040E-05
  14040   0.15939E-05
  14050   0.15848E-05
  14060   0.15939E-05
  14070   0.16101E-05
  14080   0.16057E-05
  14090   0.16056E-05
  14100   0.15969E-05
  14110   0.15812E-05
  14120   0.15893E-05
  14130   0.15813E-05
  14140   0.15804E-05
  14150   0.15749E-05
  14160   0.15704E-05
  14170   0.15637E-05
  14180   0.15652E-05
  14190   0.15524E-05
  14200   0.15550E-05
  14210   0.15540E-05
  14220   0.15573E-05
  14230   0.15458E-05
  14240   0.15462E-05
  14250   0.15381E-05
  14260   0.15263E-05
  14270   0.15287E-05
  14280   0.15131E-05
  14290   0.15218E-05
  14300   0.15052E-05
  14310   0.15145E-05
  14320   0.15109E-05
  14330   0.14992E-05
  14340   0.15080E-05
  14350   0.15082E-05
  14360   0.15035E-05
  14370   0.15032E-05
  14380   0.14936E-05
  14390   0.15029E-05
  14400   0.14994E-05
  14410   0.15032E-05
  14420   0.14878E-05
  14430   0.14890E-05
  14440   0.14862E-05
  14450   0.14727E-05
  14460   0.14626E-05
  14470   0.14598E-05
  14480   0.14425E-05
  14490   0.14470E-05
  14500   0.14477E-05
  14510   0.14466E-05
  14520   0.14485E-05
  14530   0.14341E-05
  14540   0.14363E-05
  14550   0.14492E-05
  14560   0.14481E-05
  14570   0.14298E-05
  14580   0.14433E-05
  14590   0.14299E-05
  14600   0.14255E-05
  14610   0.14247E-05
  14620   0.14262E-05
  14630   0.14125E-05
  14640   0.14187E-05
  14650   0.14113E-05
  14660   0.14197E-05
  14670   0.13965E-05
  14680   0.14063E-05
  14690   0.14114E-05
  14700   0.14121E-05
  14710   0.14062E-05
  14720   0.13987E-05
  14730   0.13978E-05
  14740   0.13945E-05
  14750   0.13821E-05
  14760   0.13902E-05
  14770   0.13662E-05
  14780   0.13717E-05
  14790   0.13695E-05
  14800   0.13844E-05
  14810   0.13697E-05
  14820   0.13686E-05
  14830   0.13607E-05
  14840   0.13657E-05
  14850   0.13603E-05
  14860   0.13478E-05
  14870   0.13501E-05
  14880   0.13464E-05
  14890   0.13336E-05
  14900   0.13338E-05
  14910   0.13203E-05
  14920   0.13341E-05
  14930   0.13334E-05
  14940   0.13329E-05
  14950   0.13090E-05
  14960   0.13284E-05
  14970   0.13325E-05
  14980   0.13324E-05
  14990   0.13162E-05
  15000   0.12954E-05
  15010   0.13029E-05
  15020   0.13095E-05
  15030   0.12995E-05
  15040   0.12982E-05
  15050   0.12988E-05
  15060   0.13005E-05
  15070   0.12983E-05
  15080   0.12910E-05
  15090   0.12930E-05
  15100   0.12772E-05
  15110   0.12721E-05
  15120   0.12677E-05
  15130   0.12796E-05
  15140   0.12651E-05
  15150   0.12583E-05
  15160   0.12540E-05
  15170   0.12583E-05
  15180   0.12581E-05
  15190   0.12340E-05
  15200   0.12527E-05
  15210   0.12490E-05
  15220   0.12426E-05
  15230   0.12269E-05
  15240   0.12222E-05
  15250   0.12156E-05
  15260   0.11936E-05
  15270   0.11990E-05
  15280   0.11892E-05
  15290   0.12050E-05
  15300   0.12044E-05
  15310   0.12015E-05
  15320   0.12062E-05
  15330   0.11973E-05
  15340   0.11964E-05
  15350   0.11896E-05
  15360   0.12026E-05
  15370   0.11921E-05
  15380   0.11902E-05
  15390   0.11929E-05
  15400   0.11984E-05
  15410   0.11811E-05
  15420   0.11827E-05
  15430   0.11693E-05
  15440   0.11543E-05
  15450   0.11700E-05
  15460   0.11570E-05
  15470   0.11474E-05
  15480   0.11403E-05
  15490   0.11314E-05
  15500   0.11327E-05
  15510   0.11217E-05
  15520   0.11112E-05
  15530   0.11360E-05
  15540   0.11145E-05
  15550   0.11149E-05
  15560   0.11206E-05
  15570   0.11061E-05
  15580   0.11060E-05
  15590   0.11084E-05
  15600   0.10926E-05
  15610   0.10687E-05
  15620   0.10581E-05
  15630   0.10443E-05
  15640   0.10558E-05
  15650   0.10594E-05
  15660   0.10601E-05
  15670   0.10686E-05
  15680   0.10561E-05
  15690   0.10614E-05
  15700   0.10645E-05
  15710   0.10522E-05
  15720   0.10392E-05
  15730   0.10409E-05
  15740   0.10294E-05
  15750   0.10030E-05
  15760   0.99646E-06
  15770   0.98616E-06
  15780   0.98239E-06
  15790   0.99022E-06
  15800   0.97973E-06
  15810   0.96770E-06
  15820   0.96361E-06
  15830   0.97098E-06
  15840   0.96896E-06
  15850   0.96645E-06
  15860   0.96731E-06
  15870   0.96217E-06
  15880   0.95130E-06
  15890   0.95913E-06
  15900   0.95194E-06
  15910   0.95346E-06
  15920   0.93592E-06
  15930   0.95019E-06
  15940   0.92354E-06
  15950   0.93255E-06
  15960   0.93936E-06
  15970   0.93984E-06
  15980   0.92793E-06
  15990   0.92152E-06
  16000   0.92453E-06
  16010   0.90900E-06
  16020   0.89095E-06
  16030   0.88655E-06
  16040   0.89550E-06
  16050   0.88184E-06
  16060   0.86863E-06
  16070   0.86455E-06
  16080   0.86390E-06
  16090   0.86800E-06
  16100   0.84663E-06
  16110   0.83827E-06
  16120   0.84645E-06
  16130   0.83701E-06
  16140   0.82097E-06
  16150   0.81988E-06
  16160   0.81105E-06
  16170   0.80910E-06
  16180   0.79980E-06
  16190   0.80726E-06
  16200   0.79484E-06
  16210   0.77696E-06
  16220   0.78321E-06
  16230   0.77168E-06
  16240   0.78208E-06
  16250   0.77476E-06
  16260   0.77666E-06
  16270   0.78044E-06
  16280   0.77799E-06
  16290   0.76877E-06
  16300   0.75941E-06
  16310   0.75915E-06
  16320   0.76516E-06
  16330   0.76523E-06
  16340   0.75547E-06
  16350   0.73756E-06
  16360   0.74707E-06
  16370   0.74381E-06
  16380   0.73312E-06
  16390   0.73642E-06
  16400   0.73007E-06
  16410   0.72073E-06
  16420   0.72021E-06
  16430   0.71612E-06
  16440   0.70936E-06
  16450   0.68766E-06
  16460   0.68130E-06
  16470   0.69265E-06
  16480   0.70101E-06
  16490   0.70298E-06
  16500   0.70468E-06
  16510   0.67599E-06
  16520   0.67510E-06
  16530   0.66511E-06
  16540   0.66211E-06
  16550   0.67029E-06
  16560   0.64027E-06
  16570   0.64357E-06
  16580   0.63750E-06
  16590   0.63903E-06
  16600   0.63941E-06
  16610   0.62593E-06
  16620   0.63500E-06
  16630   0.63187E-06
  16640   0.63307E-06
  16650   0.62454E-06
  16660   0.62969E-06
  16670   0.62846E-06
  16680   0.60731E-06
  16690   0.60857E-06
  16700   0.59543E-06
  16710   0.59934E-06
  16720   0.60262E-06
  16730   0.59023E-06
  16740   0.58177E-06
  16750   0.56914E-06
  16760   0.57951E-06
  16770   0.56170E-06
  16780   0.56247E-06
  16790   0.55696E-06
  16800   0.55695E-06
  16810   0.55985E-06
  16820   0.55447E-06
  16830   0.54388E-06
  16840   0.55058E-06
  16850   0.53778E-06
  16860   0.53198E-06
  16870   0.52342E-06
  16880   0.53024E-06
  16890   0.52977E-06
  16900   0.52263E-06
  16910   0.53149E-06
  16920   0.51280E-06
  16930   0.50118E-06
  16940   0.51412E-06
  16950   0.50067E-06
  16960   0.51283E-06
  16970   0.50454E-06
  16980   0.49268E-06
  16990   0.50848E-06
  17000   0.49840E-06
  17010   0.49848E-06
  17020   0.49089E-06
  17030   0.46671E-06
  17040   0.45836E-06
  17050   0.46566E-06
  17060   0.44691E-06
  17070   0.45099E-06
  17080   0.44672E-06
  17090   0.46510E-06
  17100   0.45983E-06
  17110   0.47423E-06
  17120   0.45337E-06
  17130   0.45405E-06
  17140   0.44027E-06
  17150   0.45795E-06
  17160   0.44742E-06
  17170   0.45215E-06
  17180   0.43040E-06
  17190   0.43801E-06
  17200   0.42811E-06
  17210   0.45145E-06
  17220   0.43987E-06
  17230   0.44763E-06
  17240   0.43269E-06
  17250   0.44633E-06
  17260   0.44579E-06
  17270   0.42669E-06
  17280   0.42926E-06
  17290   0.43632E-06
  17300   0.42217E-06
  17310   0.42869E-06
  17320   0.42271E-06
  17330   0.41396E-06
  17340   0.40931E-06
  17350   0.40953E-06
  17360   0.39721E-06
  17370   0.38885E-06
  17380   0.38886E-06
  17390   0.38848E-06
  17400   0.36850E-06
  17410   0.40434E-06
  17420   0.37824E-06
  17430   0.35990E-06
  17440   0.37559E-06
  17450   0.38110E-06
  17460   0.37477E-06
  17470   0.38355E-06
  17480   0.37138E-06
  17490   0.36667E-06
  17500   0.36033E-06
  17510   0.37885E-06
  17520   0.36593E-06
  17530   0.37215E-06
  17540   0.37366E-06
  17550   0.36027E-06
  17560   0.36412E-06
  17570   0.37730E-06
  17580   0.37674E-06
  17590   0.37286E-06
  17600   0.37257E-06
  17610   0.36386E-06
  17620   0.35992E-06
  17630   0.36761E-06
  17640   0.35688E-06
  17650   0.35160E-06
  17660   0.34413E-06
  17670   0.34434E-06
  17680   0.33436E-06
  17690   0.33827E-06
  17700   0.33679E-06
  17710   0.35833E-06
  17720   0.33756E-06
  17730   0.33766E-06
  17740   0.32723E-06
  17750   0.32637E-06
  17760   0.32156E-06
  17770   0.32071E-06
  17780   0.31944E-06
  17790   0.31246E-06
  17800   0.30949E-06
  17810   0.32463E-06
  17820   0.31171E-06
  17830   0.30577E-06
  17840   0.30558E-06
  17850   0.29403E-06
  17860   0.29577E-06
  17870   0.30130E-06
  17880   0.30500E-06
  17890   0.29358E-06
  17900   0.28774E-06
  17910   0.30010E-06
  17920   0.28292E-06
  17930   0.28257E-06
  17940   0.27874E-06
  17950   0.27026E-06
  17960   0.26901E-06
  17970   0.27620E-06
  17980   0.27541E-06
  17990   0.27264E-06
  18000   0.26713E-06
  18010   0.30662E-06
  18020   0.26998E-06
  18030   0.25708E-06
  18040   0.26016E-06
  18050   0.25956E-06
  18060   0.24879E-06
  18070   0.25287E-06
  18080   0.25000E-06
  18090   0.26383E-06
  18100   0.25900E-06
  18110   0.27886E-06
  18120   0.27151E-06
  18130   0.26434E-06
  18140   0.27605E-06
  18150   0.25251E-06
  18160   0.27344E-06
  18170   0.26417E-06
  18180   0.26620E-06
  18190   0.26916E-06
  18200   0.27127E-06
  18210   0.28292E-06
  18220   0.26446E-06
  18230   0.26853E-06
  18240   0.26451E-06
  18250   0.25634E-06
  18260   0.27193E-06
  18270   0.26569E-06
  18280   0.24763E-06
  18290   0.26882E-06
  18300   0.25891E-06
  18310   0.29782E-06
  18320   0.26505E-06
  18330   0.25281E-06
  18340   0.26441E-06
  18350   0.25233E-06
  18360   0.24927E-06
  18370   0.25911E-06
  18380   0.24469E-06
  18390   0.22955E-06
  18400   0.23870E-06
  18410   0.26562E-06
  18420   0.25242E-06
  18430   0.24116E-06
  18440   0.23818E-06
  18450   0.24755E-06
  18460   0.23815E-06
  18470   0.23851E-06
  18480   0.24582E-06
  18490   0.24631E-06
  18500   0.24319E-06
  18510   0.27317E-06
  18520   0.26086E-06
  18530   0.24697E-06
  18540   0.24376E-06
  18550   0.24965E-06
  18560   0.25228E-06
  18570   0.24869E-06
  18580   0.24713E-06
  18590   0.27151E-06
  18600   0.26080E-06
  18610   0.27351E-06
  18620   0.26595E-06
  18630   0.27546E-06
  18640   0.24232E-06
  18650   0.23542E-06
  18660   0.25014E-06
  18670   0.24709E-06
  18680   0.26204E-06
  18690   0.25203E-06
  18700   0.24609E-06
  18710   0.25621E-06
  18720   0.24120E-06
  18730   0.22661E-06
  18740   0.24195E-06
  18750   0.24930E-06
  18760   0.23358E-06
  18770   0.22843E-06
  18780   0.25511E-06
  18790   0.23743E-06
  18800   0.23997E-06
  18810   0.23822E-06
  18820   0.24910E-06
  18830   0.23731E-06
  18840   0.23465E-06
  18850   0.24640E-06
  18860   0.23475E-06
  18870   0.23432E-06
  18880   0.23615E-06
  18890   0.24002E-06
  18900   0.24429E-06
  18910   0.26566E-06
  18920   0.25405E-06
  18930   0.24020E-06
  18940   0.24195E-06
  18950   0.24541E-06
  18960   0.26137E-06
  18970   0.25932E-06
  18980   0.24768E-06
  18990   0.26158E-06
  19000   0.24670E-06
  19010   0.28561E-06
  19020   0.27581E-06
  19030   0.26938E-06
  19040   0.25009E-06
  19050   0.25001E-06
  19060   0.26320E-06
  19070   0.25169E-06
  19080   0.24211E-06
  19090   0.25824E-06
  19100   0.26441E-06
  19110   0.26759E-06
  19120   0.24450E-06
  19130   0.24182E-06
  19140   0.24355E-06
  19150   0.25673E-06
  19160   0.24881E-06
  19170   0.24827E-06
  19180   0.26385E-06
  19190   0.25328E-06
  19200   0.27757E-06
  19210   0.27880E-06
  19220   0.26421E-06
  19230   0.26723E-06
  19240   0.25286E-06
  19250   0.24248E-06
  19260   0.24613E-06
  19270   0.23637E-06
  19280   0.23890E-06
  19290   0.23602E-06
  19300   0.23556E-06
  19310   0.26004E-06
  19320   0.26019E-06
  19330   0.25126E-06
  19340   0.23057E-06
  19350   0.24050E-06
  19360   0.22952E-06
  19370   0.22230E-06
  19380   0.21826E-06
  19390   0.21393E-06
  19400   0.22417E-06
  19410   0.25036E-06
  19420   0.24194E-06
  19430   0.23565E-06
  19440   0.22079E-06
  19450   0.22562E-06
  19460   0.22311E-06
  19470   0.22080E-06
  19480   0.22766E-06
  19490   0.23262E-06
  19500   0.23179E-06
  19510   0.25207E-06
  19520   0.24139E-06
  19530   0.24324E-06
  19540   0.23182E-06
  19550   0.24764E-06
  19560   0.24404E-06
  19570   0.24284E-06
  19580   0.24776E-06
  19590   0.21459E-06
  19600   0.21657E-06
  19610   0.25018E-06
  19620   0.23019E-06
  19630   0.22992E-06
  19640   0.23138E-06
  19650   0.24171E-06
  19660   0.22194E-06
  19670   0.22708E-06
  19680   0.22051E-06
  19690   0.22097E-06
  19700   0.22928E-06
  19710   0.23696E-06
  19720   0.24383E-06
  19730   0.21524E-06
  19740   0.22015E-06
  19750   0.22998E-06
  19760   0.22294E-06
  19770   0.23778E-06
  19780   0.22938E-06
  19790   0.23689E-06
  19800   0.21370E-06
  19810   0.23615E-06
  19820   0.22684E-06
  19830   0.23474E-06
  19840   0.23161E-06
  19850   0.22639E-06
  19860   0.22528E-06
  19870   0.22035E-06
  19880   0.20023E-06
  19890   0.23142E-06
  19900   0.22179E-06
  19910   0.24519E-06
  19920   0.23906E-06
  19930   0.22867E-06
  19940   0.23058E-06
  19950   0.22909E-06
  19960   0.22301E-06
  19970   0.20327E-06
  19980   0.21266E-06
  19990   0.19920E-06
  20000   0.20573E-06
