     10   0.11107E-02
     20   0.94835E-03
     30   0.83917E-03
     40   0.76057E-03
     50   0.70079E-03
     60   0.65294E-03
     70   0.61288E-03
     80   0.57825E-03
     90   0.54760E-03
    100   0.51995E-03
    110   0.49417E-03
    120   0.47030E-03
    130   0.44815E-03
    140   0.42744E-03
    150   0.40791E-03
    160   0.38952E-03
    170   0.37217E-03
    180   0.35586E-03
    190   0.34048E-03
    200   0.32600E-03
    210   0.31218E-03
    220   0.29922E-03
    230   0.28705E-03
    240   0.27564E-03
    250   0.26496E-03
    260   0.25497E-03
    270   0.24563E-03
    280   0.23694E-03
    290   0.22882E-03
    300   0.22127E-03
    310   0.21421E-03
    320   0.20764E-03
    330   0.20156E-03
    340   0.19594E-03
    350   0.19077E-03
    360   0.18609E-03
    370   0.18182E-03
    380   0.17803E-03
    390   0.17467E-03
    400   0.17173E-03
    410   0.16918E-03
    420   0.16699E-03
    430   0.16504E-03
    440   0.16333E-03
    450   0.16179E-03
    460   0.16033E-03
    470   0.15892E-03
    480   0.15750E-03
    490   0.15603E-03
    500   0.15451E-03
    510   0.15298E-03
    520   0.15137E-03
    530   0.14972E-03
    540   0.14804E-03
    550   0.14636E-03
    560   0.14473E-03
    570   0.14318E-03
    580   0.14173E-03
    590   0.14041E-03
    600   0.13925E-03
    610   0.13829E-03
    620   0.13750E-03
    630   0.13692E-03
    640   0.13652E-03
    650   0.13630E-03
    660   0.13625E-03
    670   0.13636E-03
    680   0.13660E-03
    690   0.13696E-03
    700   0.13741E-03
    710   0.13793E-03
    720   0.13849E-03
    730   0.13907E-03
    740   0.13966E-03
    750   0.14021E-03
    760   0.14073E-03
    770   0.14118E-03
    780   0.14156E-03
    790   0.14187E-03
    800   0.14207E-03
    810   0.14217E-03
    820   0.14217E-03
    830   0.14206E-03
    840   0.14185E-03
    850   0.14154E-03
    860   0.14113E-03
    870   0.14062E-03
    880   0.14003E-03
    890   0.13938E-03
    900   0.13862E-03
    910   0.13782E-03
    920   0.13694E-03
    930   0.13601E-03
    940   0.13503E-03
    950   0.13401E-03
    960   0.13295E-03
    970   0.13187E-03
    980   0.13078E-03
    990   0.12968E-03
   1000   0.12860E-03
   1010   0.12752E-03
   1020   0.12649E-03
   1030   0.12549E-03
   1040   0.12455E-03
   1050   0.12369E-03
   1060   0.12291E-03
   1070   0.12223E-03
   1080   0.12164E-03
   1090   0.12117E-03
   1100   0.12079E-03
   1110   0.12051E-03
   1120   0.12035E-03
   1130   0.12029E-03
   1140   0.12030E-03
   1150   0.12041E-03
   1160   0.12059E-03
   1170   0.12082E-03
   1180   0.12109E-03
   1190   0.12138E-03
   1200   0.12172E-03
   1210   0.12202E-03
   1220   0.12233E-03
   1230   0.12260E-03
   1240   0.12285E-03
   1250   0.12306E-03
   1260   0.12321E-03
   1270   0.12330E-03
   1280   0.12335E-03
   1290   0.12331E-03
   1300   0.12324E-03
   1310   0.12310E-03
   1320   0.12290E-03
   1330   0.12263E-03
   1340   0.12234E-03
   1350   0.12202E-03
   1360   0.12163E-03
   1370   0.12126E-03
   1380   0.12085E-03
   1390   0.12045E-03
   1400   0.12004E-03
   1410   0.11966E-03
   1420   0.11929E-03
   1430   0.11896E-03
   1440   0.11867E-03
   1450   0.11842E-03
   1460   0.11823E-03
   1470   0.11807E-03
   1480   0.11797E-03
   1490   0.11791E-03
   1500   0.11789E-03
   1510   0.11792E-03
   1520   0.11797E-03
   1530   0.11806E-03
   1540   0.11817E-03
   1550   0.11829E-03
   1560   0.11842E-03
   1570   0.11853E-03
   1580   0.11863E-03
   1590   0.11870E-03
   1600   0.11875E-03
   1610   0.11876E-03
   1620   0.11872E-03
   1630   0.11864E-03
   1640   0.11852E-03
   1650   0.11832E-03
   1660   0.11809E-03
   1670   0.11779E-03
   1680   0.11746E-03
   1690   0.11705E-03
   1700   0.11661E-03
   1710   0.11614E-03
   1720   0.11562E-03
   1730   0.11508E-03
   1740   0.11450E-03
   1750   0.11392E-03
   1760   0.11333E-03
   1770   0.11275E-03
   1780   0.11219E-03
   1790   0.11164E-03
   1800   0.11115E-03
   1810   0.11068E-03
   1820   0.11028E-03
   1830   0.10994E-03
   1840   0.10967E-03
   1850   0.10948E-03
   1860   0.10938E-03
   1870   0.10937E-03
   1880   0.10946E-03
   1890   0.10966E-03
   1900   0.10995E-03
   1910   0.11036E-03
   1920   0.11086E-03
   1930   0.11148E-03
   1940   0.11220E-03
   1950   0.11301E-03
   1960   0.11391E-03
   1970   0.11490E-03
   1980   0.11597E-03
   1990   0.11709E-03
   2000   0.11829E-03
   2010   0.11954E-03
   2020   0.12083E-03
   2030   0.12216E-03
   2040   0.12352E-03
   2050   0.12488E-03
   2060   0.12626E-03
   2070   0.12765E-03
   2080   0.12903E-03
   2090   0.13040E-03
   2100   0.13175E-03
   2110   0.13308E-03
   2120   0.13438E-03
   2130   0.13566E-03
   2140   0.13691E-03
   2150   0.13811E-03
   2160   0.13928E-03
   2170   0.14040E-03
   2180   0.14148E-03
   2190   0.14252E-03
   2200   0.14352E-03
   2210   0.14446E-03
   2220   0.14536E-03
   2230   0.14621E-03
   2240   0.14701E-03
   2250   0.14776E-03
   2260   0.14848E-03
   2270   0.14913E-03
   2280   0.14975E-03
   2290   0.15028E-03
   2300   0.15079E-03
   2310   0.15123E-03
   2320   0.15163E-03
   2330   0.15199E-03
   2340   0.15229E-03
   2350   0.15252E-03
   2360   0.15272E-03
   2370   0.15286E-03
   2380   0.15296E-03
   2390   0.15299E-03
   2400   0.15298E-03
   2410   0.15292E-03
   2420   0.15277E-03
   2430   0.15262E-03
   2440   0.15243E-03
   2450   0.15216E-03
   2460   0.15184E-03
   2470   0.15151E-03
   2480   0.15110E-03
   2490   0.15068E-03
   2500   0.15019E-03
   2510   0.14967E-03
   2520   0.14912E-03
   2530   0.14856E-03
   2540   0.14794E-03
   2550   0.14728E-03
   2560   0.14659E-03
   2570   0.14589E-03
   2580   0.14515E-03
   2590   0.14443E-03
   2600   0.14362E-03
   2610   0.14283E-03
   2620   0.14201E-03
   2630   0.14118E-03
   2640   0.14032E-03
   2650   0.13945E-03
   2660   0.13858E-03
   2670   0.13766E-03
   2680   0.13677E-03
   2690   0.13584E-03
   2700   0.13490E-03
   2710   0.13396E-03
   2720   0.13297E-03
   2730   0.13200E-03
   2740   0.13102E-03
   2750   0.13000E-03
   2760   0.12900E-03
   2770   0.12800E-03
   2780   0.12698E-03
   2790   0.12593E-03
   2800   0.12486E-03
   2810   0.12379E-03
   2820   0.12273E-03
   2830   0.12166E-03
   2840   0.12055E-03
   2850   0.11945E-03
   2860   0.11835E-03
   2870   0.11723E-03
   2880   0.11611E-03
   2890   0.11497E-03
   2900   0.11383E-03
   2910   0.11271E-03
   2920   0.11156E-03
   2930   0.11041E-03
   2940   0.10926E-03
   2950   0.10812E-03
   2960   0.10695E-03
   2970   0.10584E-03
   2980   0.10468E-03
   2990   0.10353E-03
   3000   0.10241E-03
   3010   0.10130E-03
   3020   0.10018E-03
   3030   0.99066E-04
   3040   0.97982E-04
   3050   0.96903E-04
   3060   0.95835E-04
   3070   0.94779E-04
   3080   0.93751E-04
   3090   0.92734E-04
   3100   0.91741E-04
   3110   0.90761E-04
   3120   0.89778E-04
   3130   0.88859E-04
   3140   0.87922E-04
   3150   0.87020E-04
   3160   0.86141E-04
   3170   0.85284E-04
   3180   0.84442E-04
   3190   0.83611E-04
   3200   0.82840E-04
   3210   0.82041E-04
   3220   0.81310E-04
   3230   0.80580E-04
   3240   0.79864E-04
   3250   0.79165E-04
   3260   0.78497E-04
   3270   0.77850E-04
   3280   0.77208E-04
   3290   0.76609E-04
   3300   0.75997E-04
   3310   0.75428E-04
   3320   0.74876E-04
   3330   0.74322E-04
   3340   0.73829E-04
   3350   0.73290E-04
   3360   0.72805E-04
   3370   0.72323E-04
   3380   0.71848E-04
   3390   0.71403E-04
   3400   0.70996E-04
   3410   0.70552E-04
   3420   0.70147E-04
   3430   0.69751E-04
   3440   0.69339E-04
   3450   0.68967E-04
   3460   0.68612E-04
   3470   0.68252E-04
   3480   0.67902E-04
   3490   0.67553E-04
   3500   0.67243E-04
   3510   0.66921E-04
   3520   0.66594E-04
   3530   0.66284E-04
   3540   0.65991E-04
   3550   0.65712E-04
   3560   0.65436E-04
   3570   0.65163E-04
   3580   0.64869E-04
   3590   0.64618E-04
   3600   0.64346E-04
   3610   0.64106E-04
   3620   0.63852E-04
   3630   0.63630E-04
   3640   0.63382E-04
   3650   0.63153E-04
   3660   0.62933E-04
   3670   0.62708E-04
   3680   0.62493E-04
   3690   0.62285E-04
   3700   0.62070E-04
   3710   0.61879E-04
   3720   0.61670E-04
   3730   0.61462E-04
   3740   0.61264E-04
   3750   0.61069E-04
   3760   0.60894E-04
   3770   0.60716E-04
   3780   0.60535E-04
   3790   0.60350E-04
   3800   0.60179E-04
   3810   0.60023E-04
   3820   0.59846E-04
   3830   0.59688E-04
   3840   0.59520E-04
   3850   0.59365E-04
   3860   0.59205E-04
   3870   0.59071E-04
   3880   0.58929E-04
   3890   0.58793E-04
   3900   0.58644E-04
   3910   0.58526E-04
   3920   0.58387E-04
   3930   0.58256E-04
   3940   0.58138E-04
   3950   0.58003E-04
   3960   0.57915E-04
   3970   0.57793E-04
   3980   0.57711E-04
   3990   0.57595E-04
   4000   0.57528E-04
   4010   0.57415E-04
   4020   0.57347E-04
   4030   0.57285E-04
   4040   0.57191E-04
   4050   0.57128E-04
   4060   0.57075E-04
   4070   0.57001E-04
   4080   0.56950E-04
   4090   0.56897E-04
   4100   0.56871E-04
   4110   0.56822E-04
   4120   0.56815E-04
   4130   0.56782E-04
   4140   0.56770E-04
   4150   0.56740E-04
   4160   0.56738E-04
   4170   0.56737E-04
   4180   0.56737E-04
   4190   0.56743E-04
   4200   0.56749E-04
   4210   0.56767E-04
   4220   0.56781E-04
   4230   0.56821E-04
   4240   0.56828E-04
   4250   0.56878E-04
   4260   0.56926E-04
   4270   0.56963E-04
   4280   0.57011E-04
   4290   0.57065E-04
   4300   0.57124E-04
   4310   0.57167E-04
   4320   0.57252E-04
   4330   0.57300E-04
   4340   0.57386E-04
   4350   0.57449E-04
   4360   0.57520E-04
   4370   0.57604E-04
   4380   0.57684E-04
   4390   0.57761E-04
   4400   0.57838E-04
   4410   0.57926E-04
   4420   0.58025E-04
   4430   0.58113E-04
   4440   0.58196E-04
   4450   0.58271E-04
   4460   0.58371E-04
   4470   0.58455E-04
   4480   0.58543E-04
   4490   0.58625E-04
   4500   0.58726E-04
   4510   0.58810E-04
   4520   0.58905E-04
   4530   0.58978E-04
   4540   0.59075E-04
   4550   0.59168E-04
   4560   0.59249E-04
   4570   0.59329E-04
   4580   0.59406E-04
   4590   0.59490E-04
   4600   0.59561E-04
   4610   0.59637E-04
   4620   0.59709E-04
   4630   0.59775E-04
   4640   0.59847E-04
   4650   0.59905E-04
   4660   0.59958E-04
   4670   0.60020E-04
   4680   0.60083E-04
   4690   0.60124E-04
   4700   0.60158E-04
   4710   0.60204E-04
   4720   0.60252E-04
   4730   0.60289E-04
   4740   0.60311E-04
   4750   0.60332E-04
   4760   0.60364E-04
   4770   0.60372E-04
   4780   0.60374E-04
   4790   0.60421E-04
   4800   0.60412E-04
   4810   0.60408E-04
   4820   0.60405E-04
   4830   0.60399E-04
   4840   0.60390E-04
   4850   0.60359E-04
   4860   0.60358E-04
   4870   0.60333E-04
   4880   0.60301E-04
   4890   0.60288E-04
   4900   0.60237E-04
   4910   0.60202E-04
   4920   0.60156E-04
   4930   0.60120E-04
   4940   0.60065E-04
   4950   0.60019E-04
   4960   0.59953E-04
   4970   0.59906E-04
   4980   0.59845E-04
   4990   0.59774E-04
   5000   0.59708E-04
   5010   0.59644E-04
   5020   0.59567E-04
   5030   0.59487E-04
   5040   0.59405E-04
   5050   0.59339E-04
   5060   0.59254E-04
   5070   0.59168E-04
   5080   0.59088E-04
   5090   0.58998E-04
   5100   0.58898E-04
   5110   0.58810E-04
   5120   0.58726E-04
   5130   0.58631E-04
   5140   0.58543E-04
   5150   0.58448E-04
   5160   0.58358E-04
   5170   0.58270E-04
   5180   0.58164E-04
   5190   0.58081E-04
   5200   0.57992E-04
   5210   0.57897E-04
   5220   0.57799E-04
   5230   0.57712E-04
   5240   0.57621E-04
   5250   0.57532E-04
   5260   0.57438E-04
   5270   0.57337E-04
   5280   0.57255E-04
   5290   0.57167E-04
   5300   0.57098E-04
   5310   0.57009E-04
   5320   0.56927E-04
   5330   0.56855E-04
   5340   0.56766E-04
   5350   0.56686E-04
   5360   0.56609E-04
   5370   0.56537E-04
   5380   0.56459E-04
   5390   0.56387E-04
   5400   0.56326E-04
   5410   0.56271E-04
   5420   0.56193E-04
   5430   0.56129E-04
   5440   0.56073E-04
   5450   0.56022E-04
   5460   0.55952E-04
   5470   0.55916E-04
   5480   0.55861E-04
   5490   0.55809E-04
   5500   0.55774E-04
   5510   0.55725E-04
   5520   0.55692E-04
   5530   0.55655E-04
   5540   0.55613E-04
   5550   0.55579E-04
   5560   0.55541E-04
   5570   0.55518E-04
   5580   0.55500E-04
   5590   0.55463E-04
   5600   0.55449E-04
   5610   0.55429E-04
   5620   0.55399E-04
   5630   0.55390E-04
   5640   0.55363E-04
   5650   0.55355E-04
   5660   0.55346E-04
   5670   0.55331E-04
   5680   0.55331E-04
   5690   0.55308E-04
   5700   0.55316E-04
   5710   0.55302E-04
   5720   0.55289E-04
   5730   0.55303E-04
   5740   0.55302E-04
   5750   0.55305E-04
   5760   0.55301E-04
   5770   0.55315E-04
   5780   0.55309E-04
   5790   0.55327E-04
   5800   0.55324E-04
   5810   0.55328E-04
   5820   0.55344E-04
   5830   0.55350E-04
   5840   0.55359E-04
   5850   0.55382E-04
   5860   0.55378E-04
   5870   0.55390E-04
   5880   0.55390E-04
   5890   0.55400E-04
   5900   0.55424E-04
   5910   0.55438E-04
   5920   0.55439E-04
   5930   0.55461E-04
   5940   0.55467E-04
   5950   0.55484E-04
   5960   0.55495E-04
   5970   0.55510E-04
   5980   0.55525E-04
   5990   0.55521E-04
   6000   0.55533E-04
   6010   0.55553E-04
   6020   0.55559E-04
   6030   0.55578E-04
   6040   0.55575E-04
   6050   0.55584E-04
   6060   0.55596E-04
   6070   0.55619E-04
   6080   0.55610E-04
   6090   0.55608E-04
   6100   0.55613E-04
   6110   0.55630E-04
   6120   0.55642E-04
   6130   0.55635E-04
   6140   0.55630E-04
   6150   0.55625E-04
   6160   0.55641E-04
   6170   0.55650E-04
   6180   0.55639E-04
   6190   0.55639E-04
   6200   0.55629E-04
   6210   0.55631E-04
   6220   0.55620E-04
   6230   0.55622E-04
   6240   0.55611E-04
   6250   0.55597E-04
   6260   0.55579E-04
   6270   0.55575E-04
   6280   0.55564E-04
   6290   0.55551E-04
   6300   0.55535E-04
   6310   0.55518E-04
   6320   0.55495E-04
   6330   0.55467E-04
   6340   0.55436E-04
   6350   0.55408E-04
   6360   0.55380E-04
   6370   0.55355E-04
   6380   0.55310E-04
   6390   0.55275E-04
   6400   0.55244E-04
   6410   0.55194E-04
   6420   0.55143E-04
   6430   0.55103E-04
   6440   0.55056E-04
   6450   0.54996E-04
   6460   0.54937E-04
   6470   0.54882E-04
   6480   0.54824E-04
   6490   0.54779E-04
   6500   0.54708E-04
   6510   0.54639E-04
   6520   0.54564E-04
   6530   0.54480E-04
   6540   0.54408E-04
   6550   0.54326E-04
   6560   0.54239E-04
   6570   0.54172E-04
   6580   0.54082E-04
   6590   0.53993E-04
   6600   0.53903E-04
   6610   0.53809E-04
   6620   0.53715E-04
   6630   0.53608E-04
   6640   0.53515E-04
   6650   0.53415E-04
   6660   0.53310E-04
   6670   0.53212E-04
   6680   0.53107E-04
   6690   0.53004E-04
   6700   0.52888E-04
   6710   0.52781E-04
   6720   0.52662E-04
   6730   0.52557E-04
   6740   0.52458E-04
   6750   0.52338E-04
   6760   0.52236E-04
   6770   0.52113E-04
   6780   0.52003E-04
   6790   0.51897E-04
   6800   0.51775E-04
   6810   0.51676E-04
   6820   0.51554E-04
   6830   0.51441E-04
   6840   0.51342E-04
   6850   0.51235E-04
   6860   0.51126E-04
   6870   0.51019E-04
   6880   0.50919E-04
   6890   0.50819E-04
   6900   0.50718E-04
   6910   0.50614E-04
   6920   0.50509E-04
   6930   0.50418E-04
   6940   0.50328E-04
   6950   0.50229E-04
   6960   0.50136E-04
   6970   0.50039E-04
   6980   0.49948E-04
   6990   0.49863E-04
   7000   0.49784E-04
   7010   0.49694E-04
   7020   0.49619E-04
   7030   0.49544E-04
   7040   0.49459E-04
   7050   0.49384E-04
   7060   0.49311E-04
   7070   0.49241E-04
   7080   0.49171E-04
   7090   0.49111E-04
   7100   0.49028E-04
   7110   0.48965E-04
   7120   0.48911E-04
   7130   0.48835E-04
   7140   0.48788E-04
   7150   0.48720E-04
   7160   0.48675E-04
   7170   0.48606E-04
   7180   0.48554E-04
   7190   0.48501E-04
   7200   0.48457E-04
   7210   0.48396E-04
   7220   0.48343E-04
   7230   0.48292E-04
   7240   0.48253E-04
   7250   0.48206E-04
   7260   0.48158E-04
   7270   0.48120E-04
   7280   0.48075E-04
   7290   0.48036E-04
   7300   0.47992E-04
   7310   0.47935E-04
   7320   0.47908E-04
   7330   0.47877E-04
   7340   0.47837E-04
   7350   0.47799E-04
   7360   0.47760E-04
   7370   0.47720E-04
   7380   0.47698E-04
   7390   0.47656E-04
   7400   0.47619E-04
   7410   0.47585E-04
   7420   0.47559E-04
   7430   0.47529E-04
   7440   0.47503E-04
   7450   0.47464E-04
   7460   0.47435E-04
   7470   0.47409E-04
   7480   0.47387E-04
   7490   0.47350E-04
   7500   0.47323E-04
   7510   0.47292E-04
   7520   0.47274E-04
   7530   0.47247E-04
   7540   0.47227E-04
   7550   0.47201E-04
   7560   0.47157E-04
   7570   0.47146E-04
   7580   0.47120E-04
   7590   0.47096E-04
   7600   0.47069E-04
   7610   0.47036E-04
   7620   0.47029E-04
   7630   0.47002E-04
   7640   0.46977E-04
   7650   0.46967E-04
   7660   0.46927E-04
   7670   0.46908E-04
   7680   0.46878E-04
   7690   0.46867E-04
   7700   0.46851E-04
   7710   0.46821E-04
   7720   0.46785E-04
   7730   0.46766E-04
   7740   0.46733E-04
   7750   0.46712E-04
   7760   0.46685E-04
   7770   0.46667E-04
   7780   0.46635E-04
   7790   0.46607E-04
   7800   0.46586E-04
   7810   0.46557E-04
   7820   0.46543E-04
   7830   0.46518E-04
   7840   0.46478E-04
   7850   0.46421E-04
   7860   0.46415E-04
   7870   0.46385E-04
   7880   0.46342E-04
   7890   0.46315E-04
   7900   0.46279E-04
   7910   0.46254E-04
   7920   0.46221E-04
   7930   0.46191E-04
   7940   0.46157E-04
   7950   0.46116E-04
   7960   0.46077E-04
   7970   0.46036E-04
   7980   0.46017E-04
   7990   0.45953E-04
   8000   0.45927E-04
   8010   0.45895E-04
   8020   0.45863E-04
   8030   0.45827E-04
   8040   0.45763E-04
   8050   0.45731E-04
   8060   0.45693E-04
   8070   0.45653E-04
   8080   0.45615E-04
   8090   0.45563E-04
   8100   0.45522E-04
   8110   0.45489E-04
   8120   0.45441E-04
   8130   0.45403E-04
   8140   0.45337E-04
   8150   0.45303E-04
   8160   0.45268E-04
   8170   0.45209E-04
   8180   0.45170E-04
   8190   0.45103E-04
   8200   0.45062E-04
   8210   0.45010E-04
   8220   0.44959E-04
   8230   0.44909E-04
   8240   0.44863E-04
   8250   0.44813E-04
   8260   0.44765E-04
   8270   0.44709E-04
   8280   0.44665E-04
   8290   0.44597E-04
   8300   0.44561E-04
   8310   0.44508E-04
   8320   0.44452E-04
   8330   0.44390E-04
   8340   0.44340E-04
   8350   0.44289E-04
   8360   0.44225E-04
   8370   0.44177E-04
   8380   0.44117E-04
   8390   0.44049E-04
   8400   0.44011E-04
   8410   0.43950E-04
   8420   0.43882E-04
   8430   0.43820E-04
   8440   0.43764E-04
   8450   0.43706E-04
   8460   0.43648E-04
   8470   0.43607E-04
   8480   0.43529E-04
   8490   0.43466E-04
   8500   0.43422E-04
   8510   0.43340E-04
   8520   0.43284E-04
   8530   0.43225E-04
   8540   0.43171E-04
   8550   0.43102E-04
   8560   0.43037E-04
   8570   0.42978E-04
   8580   0.42915E-04
   8590   0.42860E-04
   8600   0.42778E-04
   8610   0.42737E-04
   8620   0.42679E-04
   8630   0.42596E-04
   8640   0.42546E-04
   8650   0.42471E-04
   8660   0.42402E-04
   8670   0.42337E-04
   8680   0.42259E-04
   8690   0.42210E-04
   8700   0.42134E-04
   8710   0.42087E-04
   8720   0.42022E-04
   8730   0.41950E-04
   8740   0.41866E-04
   8750   0.41822E-04
   8760   0.41741E-04
   8770   0.41681E-04
   8780   0.41604E-04
   8790   0.41545E-04
   8800   0.41473E-04
   8810   0.41412E-04
   8820   0.41338E-04
   8830   0.41264E-04
   8840   0.41203E-04
   8850   0.41143E-04
   8860   0.41060E-04
   8870   0.40991E-04
   8880   0.40912E-04
   8890   0.40853E-04
   8900   0.40779E-04
   8910   0.40709E-04
   8920   0.40643E-04
   8930   0.40560E-04
   8940   0.40497E-04
   8950   0.40413E-04
   8960   0.40334E-04
   8970   0.40266E-04
   8980   0.40182E-04
   8990   0.40112E-04
   9000   0.40044E-04
   9010   0.39958E-04
   9020   0.39873E-04
   9030   0.39823E-04
   9040   0.39744E-04
   9050   0.39664E-04
   9060   0.39589E-04
   9070   0.39506E-04
   9080   0.39427E-04
   9090   0.39346E-04
   9100   0.39269E-04
   9110   0.39187E-04
   9120   0.39124E-04
   9130   0.39050E-04
   9140   0.38968E-04
   9150   0.38884E-04
   9160   0.38792E-04
   9170   0.38709E-04
   9180   0.38623E-04
   9190   0.38545E-04
   9200   0.38476E-04
   9210   0.38353E-04
   9220   0.38302E-04
   9230   0.38205E-04
   9240   0.38135E-04
   9250   0.38050E-04
   9260   0.37962E-04
   9270   0.37868E-04
   9280   0.37776E-04
   9290   0.37691E-04
   9300   0.37605E-04
   9310   0.37518E-04
   9320   0.37406E-04
   9330   0.37330E-04
   9340   0.37248E-04
   9350   0.37151E-04
   9360   0.37063E-04
   9370   0.36987E-04
   9380   0.36877E-04
   9390   0.36796E-04
   9400   0.36701E-04
   9410   0.36608E-04
   9420   0.36531E-04
   9430   0.36424E-04
   9440   0.36317E-04
   9450   0.36233E-04
   9460   0.36147E-04
   9470   0.36054E-04
   9480   0.35958E-04
   9490   0.35854E-04
   9500   0.35767E-04
   9510   0.35674E-04
   9520   0.35577E-04
   9530   0.35495E-04
   9540   0.35399E-04
   9550   0.35292E-04
   9560   0.35206E-04
   9570   0.35097E-04
   9580   0.35004E-04
   9590   0.34908E-04
   9600   0.34809E-04
   9610   0.34713E-04
   9620   0.34619E-04
   9630   0.34506E-04
   9640   0.34439E-04
   9650   0.34343E-04
   9660   0.34230E-04
   9670   0.34149E-04
   9680   0.34043E-04
   9690   0.33938E-04
   9700   0.33866E-04
   9710   0.33777E-04
   9720   0.33683E-04
   9730   0.33587E-04
   9740   0.33486E-04
   9750   0.33390E-04
   9760   0.33298E-04
   9770   0.33193E-04
   9780   0.33105E-04
   9790   0.33017E-04
   9800   0.32922E-04
   9810   0.32819E-04
   9820   0.32723E-04
   9830   0.32643E-04
   9840   0.32552E-04
   9850   0.32470E-04
   9860   0.32380E-04
   9870   0.32285E-04
   9880   0.32196E-04
   9890   0.32110E-04
   9900   0.32023E-04
   9910   0.31932E-04
   9920   0.31846E-04
   9930   0.31778E-04
   9940   0.31670E-04
   9950   0.31588E-04
   9960   0.31512E-04
   9970   0.31409E-04
   9980   0.31329E-04
   9990   0.31259E-04
  10000   0.31139E-04
  10010   0.31085E-04
  10020   0.30996E-04
  10030   0.30913E-04
  10040   0.30837E-04
  10050   0.30768E-04
  10060   0.30682E-04
  10070   0.30590E-04
  10080   0.30509E-04
  10090   0.30430E-04
  10100   0.30361E-04
  10110   0.30274E-04
  10120   0.30200E-04
  10130   0.30116E-04
  10140   0.30041E-04
  10150   0.29976E-04
  10160   0.29898E-04
  10170   0.29817E-04
  10180   0.29733E-04
  10190   0.29647E-04
  10200   0.29605E-04
  10210   0.29507E-04
  10220   0.29445E-04
  10230   0.29361E-04
  10240   0.29284E-04
  10250   0.29204E-04
  10260   0.29120E-04
  10270   0.29063E-04
  10280   0.28986E-04
  10290   0.28908E-04
  10300   0.28822E-04
  10310   0.28759E-04
  10320   0.28697E-04
  10330   0.28618E-04
  10340   0.28549E-04
  10350   0.28496E-04
  10360   0.28401E-04
  10370   0.28334E-04
  10380   0.28247E-04
  10390   0.28172E-04
  10400   0.28115E-04
  10410   0.28030E-04
  10420   0.27981E-04
  10430   0.27902E-04
  10440   0.27815E-04
  10450   0.27742E-04
  10460   0.27676E-04
  10470   0.27612E-04
  10480   0.27534E-04
  10490   0.27467E-04
  10500   0.27370E-04
  10510   0.27294E-04
  10520   0.27217E-04
  10530   0.27131E-04
  10540   0.27091E-04
  10550   0.27005E-04
  10560   0.26920E-04
  10570   0.26854E-04
  10580   0.26751E-04
  10590   0.26690E-04
  10600   0.26609E-04
  10610   0.26526E-04
  10620   0.26455E-04
  10630   0.26375E-04
  10640   0.26271E-04
  10650   0.26202E-04
  10660   0.26121E-04
  10670   0.26040E-04
  10680   0.25958E-04
  10690   0.25884E-04
  10700   0.25779E-04
  10710   0.25712E-04
  10720   0.25634E-04
  10730   0.25532E-04
  10740   0.25424E-04
  10750   0.25352E-04
  10760   0.25271E-04
  10770   0.25187E-04
  10780   0.25083E-04
  10790   0.25005E-04
  10800   0.24923E-04
  10810   0.24802E-04
  10820   0.24741E-04
  10830   0.24657E-04
  10840   0.24551E-04
  10850   0.24470E-04
  10860   0.24374E-04
  10870   0.24282E-04
  10880   0.24198E-04
  10890   0.24116E-04
  10900   0.24024E-04
  10910   0.23940E-04
  10920   0.23817E-04
  10930   0.23744E-04
  10940   0.23660E-04
  10950   0.23544E-04
  10960   0.23471E-04
  10970   0.23380E-04
  10980   0.23276E-04
  10990   0.23190E-04
  11000   0.23100E-04
  11010   0.22995E-04
  11020   0.22913E-04
  11030   0.22823E-04
  11040   0.22731E-04
  11050   0.22649E-04
  11060   0.22502E-04
  11070   0.22429E-04
  11080   0.22354E-04
  11090   0.22257E-04
  11100   0.22171E-04
  11110   0.22049E-04
  11120   0.21969E-04
  11130   0.21876E-04
  11140   0.21780E-04
  11150   0.21703E-04
  11160   0.21598E-04
  11170   0.21503E-04
  11180   0.21409E-04
  11190   0.21314E-04
  11200   0.21192E-04
  11210   0.21136E-04
  11220   0.21034E-04
  11230   0.20938E-04
  11240   0.20844E-04
  11250   0.20754E-04
  11260   0.20661E-04
  11270   0.20575E-04
  11280   0.20465E-04
  11290   0.20363E-04
  11300   0.20288E-04
  11310   0.20204E-04
  11320   0.20114E-04
  11330   0.20009E-04
  11340   0.19931E-04
  11350   0.19828E-04
  11360   0.19748E-04
  11370   0.19661E-04
  11380   0.19559E-04
  11390   0.19469E-04
  11400   0.19389E-04
  11410   0.19279E-04
  11420   0.19195E-04
  11430   0.19126E-04
  11440   0.19038E-04
  11450   0.18963E-04
  11460   0.18870E-04
  11470   0.18761E-04
  11480   0.18681E-04
  11490   0.18590E-04
  11500   0.18508E-04
  11510   0.18416E-04
  11520   0.18335E-04
  11530   0.18251E-04
  11540   0.18168E-04
  11550   0.18073E-04
  11560   0.18006E-04
  11570   0.17908E-04
  11580   0.17823E-04
  11590   0.17743E-04
  11600   0.17657E-04
  11610   0.17579E-04
  11620   0.17486E-04
  11630   0.17402E-04
  11640   0.17321E-04
  11650   0.17230E-04
  11660   0.17170E-04
  11670   0.17057E-04
  11680   0.16995E-04
  11690   0.16922E-04
  11700   0.16844E-04
  11710   0.16747E-04
  11720   0.16674E-04
  11730   0.16607E-04
  11740   0.16506E-04
  11750   0.16439E-04
  11760   0.16352E-04
  11770   0.16290E-04
  11780   0.16189E-04
  11790   0.16099E-04
  11800   0.16013E-04
  11810   0.15947E-04
  11820   0.15883E-04
  11830   0.15799E-04
  11840   0.15721E-04
  11850   0.15646E-04
  11860   0.15546E-04
  11870   0.15489E-04
  11880   0.15417E-04
  11890   0.15334E-04
  11900   0.15255E-04
  11910   0.15170E-04
  11920   0.15094E-04
  11930   0.15027E-04
  11940   0.14954E-04
  11950   0.14869E-04
  11960   0.14787E-04
  11970   0.14722E-04
  11980   0.14650E-04
  11990   0.14573E-04
  12000   0.14497E-04
  12010   0.14417E-04
  12020   0.14338E-04
  12030   0.14259E-04
  12040   0.14199E-04
  12050   0.14133E-04
  12060   0.14025E-04
  12070   0.13974E-04
  12080   0.13904E-04
  12090   0.13819E-04
  12100   0.13762E-04
  12110   0.13693E-04
  12120   0.13601E-04
  12130   0.13545E-04
  12140   0.13453E-04
  12150   0.13380E-04
  12160   0.13329E-04
  12170   0.13247E-04
  12180   0.13181E-04
  12190   0.13120E-04
  12200   0.13040E-04
  12210   0.12980E-04
  12220   0.12912E-04
  12230   0.12847E-04
  12240   0.12775E-04
  12250   0.12716E-04
  12260   0.12662E-04
  12270   0.12563E-04
  12280   0.12497E-04
  12290   0.12444E-04
  12300   0.12360E-04
  12310   0.12311E-04
  12320   0.12252E-04
  12330   0.12184E-04
  12340   0.12127E-04
  12350   0.12040E-04
  12360   0.11993E-04
  12370   0.11930E-04
  12380   0.11863E-04
  12390   0.11810E-04
  12400   0.11739E-04
  12410   0.11691E-04
  12420   0.11613E-04
  12430   0.11553E-04
  12440   0.11502E-04
  12450   0.11452E-04
  12460   0.11366E-04
  12470   0.11314E-04
  12480   0.11273E-04
  12490   0.11203E-04
  12500   0.11150E-04
  12510   0.11095E-04
  12520   0.11063E-04
  12530   0.11005E-04
  12540   0.10927E-04
  12550   0.10886E-04
  12560   0.10810E-04
  12570   0.10760E-04
  12580   0.10703E-04
  12590   0.10652E-04
  12600   0.10604E-04
  12610   0.10558E-04
  12620   0.10510E-04
  12630   0.10442E-04
  12640   0.10398E-04
  12650   0.10353E-04
  12660   0.10292E-04
  12670   0.10241E-04
  12680   0.10188E-04
  12690   0.10159E-04
  12700   0.10089E-04
  12710   0.10041E-04
  12720   0.99987E-05
  12730   0.99480E-05
  12740   0.99115E-05
  12750   0.98583E-05
  12760   0.98085E-05
  12770   0.97621E-05
  12780   0.97131E-05
  12790   0.96626E-05
  12800   0.96241E-05
  12810   0.95875E-05
  12820   0.95387E-05
  12830   0.94817E-05
  12840   0.94480E-05
  12850   0.93953E-05
  12860   0.93488E-05
  12870   0.93063E-05
  12880   0.92661E-05
  12890   0.92238E-05
  12900   0.91754E-05
  12910   0.91484E-05
  12920   0.91058E-05
  12930   0.90645E-05
  12940   0.90015E-05
  12950   0.89597E-05
  12960   0.89289E-05
  12970   0.88892E-05
  12980   0.88520E-05
  12990   0.88188E-05
  13000   0.87637E-05
  13010   0.87238E-05
  13020   0.86977E-05
  13030   0.86380E-05
  13040   0.86092E-05
  13050   0.85656E-05
  13060   0.85350E-05
  13070   0.84941E-05
  13080   0.84619E-05
  13090   0.84372E-05
  13100   0.84183E-05
  13110   0.83819E-05
  13120   0.83322E-05
  13130   0.82827E-05
  13140   0.82603E-05
  13150   0.82323E-05
  13160   0.81833E-05
  13170   0.81560E-05
  13180   0.81123E-05
  13190   0.80935E-05
  13200   0.80673E-05
  13210   0.80266E-05
  13220   0.80018E-05
  13230   0.79759E-05
  13240   0.79401E-05
  13250   0.79154E-05
  13260   0.78692E-05
  13270   0.78496E-05
  13280   0.78162E-05
  13290   0.77847E-05
  13300   0.77520E-05
  13310   0.77280E-05
  13320   0.77124E-05
  13330   0.76669E-05
  13340   0.76602E-05
  13350   0.76238E-05
  13360   0.76032E-05
  13370   0.75707E-05
  13380   0.75587E-05
  13390   0.75419E-05
  13400   0.75025E-05
  13410   0.75042E-05
  13420   0.74658E-05
  13430   0.74506E-05
  13440   0.74340E-05
  13450   0.74061E-05
  13460   0.73873E-05
  13470   0.73777E-05
  13480   0.73556E-05
  13490   0.73486E-05
  13500   0.73323E-05
  13510   0.73048E-05
  13520   0.72943E-05
  13530   0.72728E-05
  13540   0.72554E-05
  13550   0.72370E-05
  13560   0.72291E-05
  13570   0.72238E-05
  13580   0.72069E-05
  13590   0.71918E-05
  13600   0.71701E-05
  13610   0.71600E-05
  13620   0.71523E-05
  13630   0.71604E-05
  13640   0.71468E-05
  13650   0.71384E-05
  13660   0.71258E-05
  13670   0.71177E-05
  13680   0.71198E-05
  13690   0.71264E-05
  13700   0.71104E-05
  13710   0.71090E-05
  13720   0.71078E-05
  13730   0.71042E-05
  13740   0.70893E-05
  13750   0.70930E-05
  13760   0.70822E-05
  13770   0.70965E-05
  13780   0.70941E-05
  13790   0.70916E-05
  13800   0.70893E-05
  13810   0.70802E-05
  13820   0.70766E-05
  13830   0.70891E-05
  13840   0.71075E-05
  13850   0.71148E-05
  13860   0.71108E-05
  13870   0.71140E-05
  13880   0.71253E-05
  13890   0.71330E-05
  13900   0.71241E-05
  13910   0.71462E-05
  13920   0.71422E-05
  13930   0.71560E-05
  13940   0.71582E-05
  13950   0.71724E-05
  13960   0.71684E-05
  13970   0.71911E-05
  13980   0.71987E-05
  13990   0.72179E-05
  14000   0.72245E-05
  14010   0.72420E-05
  14020   0.72484E-05
  14030   0.72496E-05
  14040   0.72656E-05
  14050   0.72851E-05
  14060   0.72944E-05
  14070   0.73114E-05
  14080   0.73327E-05
  14090   0.73457E-05
  14100   0.73579E-05
  14110   0.73739E-05
  14120   0.73951E-05
  14130   0.74128E-05
  14140   0.74265E-05
  14150   0.74313E-05
  14160   0.74496E-05
  14170   0.74601E-05
  14180   0.74864E-05
  14190   0.75014E-05
  14200   0.75271E-05
  14210   0.75450E-05
  14220   0.75585E-05
  14230   0.75823E-05
  14240   0.76060E-05
  14250   0.76257E-05
  14260   0.76603E-05
  14270   0.76775E-05
  14280   0.77107E-05
  14290   0.77326E-05
  14300   0.77564E-05
  14310   0.77763E-05
  14320   0.77875E-05
  14330   0.78039E-05
  14340   0.78394E-05
  14350   0.78615E-05
  14360   0.79014E-05
  14370   0.79381E-05
  14380   0.79646E-05
  14390   0.79933E-05
  14400   0.80215E-05
  14410   0.80454E-05
  14420   0.80774E-05
  14430   0.81179E-05
  14440   0.81481E-05
  14450   0.81866E-05
  14460   0.82238E-05
  14470   0.82574E-05
  14480   0.83005E-05
  14490   0.83318E-05
  14500   0.83588E-05
  14510   0.83949E-05
  14520   0.84408E-05
  14530   0.84877E-05
  14540   0.85255E-05
  14550   0.85602E-05
  14560   0.86135E-05
  14570   0.86612E-05
  14580   0.86907E-05
  14590   0.87514E-05
  14600   0.87971E-05
  14610   0.88362E-05
  14620   0.88873E-05
  14630   0.89411E-05
  14640   0.89855E-05
  14650   0.90412E-05
  14660   0.90902E-05
  14670   0.91508E-05
  14680   0.92065E-05
  14690   0.92496E-05
  14700   0.93039E-05
  14710   0.93497E-05
  14720   0.94077E-05
  14730   0.94627E-05
  14740   0.95270E-05
  14750   0.95713E-05
  14760   0.96300E-05
  14770   0.96777E-05
  14780   0.97339E-05
  14790   0.97895E-05
  14800   0.98399E-05
  14810   0.99090E-05
  14820   0.99655E-05
  14830   0.10030E-04
  14840   0.10078E-04
  14850   0.10146E-04
  14860   0.10194E-04
  14870   0.10249E-04
  14880   0.10321E-04
  14890   0.10374E-04
  14900   0.10445E-04
  14910   0.10509E-04
  14920   0.10576E-04
  14930   0.10627E-04
  14940   0.10687E-04
  14950   0.10745E-04
  14960   0.10816E-04
  14970   0.10880E-04
  14980   0.10942E-04
  14990   0.11004E-04
  15000   0.11068E-04
  15010   0.11133E-04
  15020   0.11203E-04
  15030   0.11265E-04
  15040   0.11339E-04
  15050   0.11403E-04
  15060   0.11479E-04
  15070   0.11556E-04
  15080   0.11614E-04
  15090   0.11686E-04
  15100   0.11758E-04
  15110   0.11830E-04
  15120   0.11901E-04
  15130   0.11970E-04
  15140   0.12046E-04
  15150   0.12125E-04
  15160   0.12184E-04
  15170   0.12234E-04
  15180   0.12303E-04
  15190   0.12380E-04
  15200   0.12448E-04
  15210   0.12516E-04
  15220   0.12577E-04
  15230   0.12651E-04
  15240   0.12714E-04
  15250   0.12765E-04
  15260   0.12823E-04
  15270   0.12892E-04
  15280   0.12960E-04
  15290   0.13018E-04
  15300   0.13079E-04
  15310   0.13149E-04
  15320   0.13195E-04
  15330   0.13259E-04
  15340   0.13314E-04
  15350   0.13388E-04
  15360   0.13457E-04
  15370   0.13497E-04
  15380   0.13566E-04
  15390   0.13604E-04
  15400   0.13685E-04
  15410   0.13737E-04
  15420   0.13783E-04
  15430   0.13856E-04
  15440   0.13903E-04
  15450   0.13979E-04
  15460   0.14028E-04
  15470   0.14076E-04
  15480   0.14139E-04
  15490   0.14207E-04
  15500   0.14256E-04
  15510   0.14329E-04
  15520   0.14364E-04
  15530   0.14446E-04
  15540   0.14489E-04
  15550   0.14551E-04
  15560   0.14623E-04
  15570   0.14678E-04
  15580   0.14735E-04
  15590   0.14801E-04
  15600   0.14866E-04
  15610   0.14928E-04
  15620   0.14974E-04
  15630   0.15053E-04
  15640   0.15109E-04
  15650   0.15177E-04
  15660   0.15229E-04
  15670   0.15291E-04
  15680   0.15367E-04
  15690   0.15424E-04
  15700   0.15483E-04
  15710   0.15543E-04
  15720   0.15605E-04
  15730   0.15666E-04
  15740   0.15729E-04
  15750   0.15793E-04
  15760   0.15836E-04
  15770   0.15911E-04
  15780   0.15975E-04
  15790   0.16027E-04
  15800   0.16075E-04
  15810   0.16138E-04
  15820   0.16211E-04
  15830   0.16262E-04
  15840   0.16332E-04
  15850   0.16393E-04
  15860   0.16459E-04
  15870   0.16515E-04
  15880   0.16585E-04
  15890   0.16644E-04
  15900   0.16711E-04
  15910   0.16800E-04
  15920   0.16859E-04
  15930   0.16932E-04
  15940   0.16994E-04
  15950   0.17090E-04
  15960   0.17159E-04
  15970   0.17232E-04
  15980   0.17315E-04
  15990   0.17384E-04
  16000   0.17468E-04
  16010   0.17547E-04
  16020   0.17641E-04
  16030   0.17723E-04
  16040   0.17817E-04
  16050   0.17902E-04
  16060   0.17999E-04
  16070   0.18089E-04
  16080   0.18183E-04
  16090   0.18277E-04
  16100   0.18370E-04
  16110   0.18467E-04
  16120   0.18564E-04
  16130   0.18673E-04
  16140   0.18770E-04
  16150   0.18874E-04
  16160   0.18987E-04
  16170   0.19083E-04
  16180   0.19186E-04
  16190   0.19288E-04
  16200   0.19400E-04
  16210   0.19515E-04
  16220   0.19620E-04
  16230   0.19733E-04
  16240   0.19847E-04
  16250   0.19954E-04
  16260   0.20076E-04
  16270   0.20173E-04
  16280   0.20291E-04
  16290   0.20415E-04
  16300   0.20520E-04
  16310   0.20632E-04
  16320   0.20750E-04
  16330   0.20867E-04
  16340   0.20986E-04
  16350   0.21099E-04
  16360   0.21223E-04
  16370   0.21344E-04
  16380   0.21459E-04
  16390   0.21572E-04
  16400   0.21694E-04
  16410   0.21816E-04
  16420   0.21933E-04
  16430   0.22050E-04
  16440   0.22170E-04
  16450   0.22293E-04
  16460   0.22415E-04
  16470   0.22531E-04
  16480   0.22656E-04
  16490   0.22779E-04
  16500   0.22889E-04
  16510   0.23015E-04
  16520   0.23129E-04
  16530   0.23254E-04
  16540   0.23363E-04
  16550   0.23485E-04
  16560   0.23605E-04
  16570   0.23714E-04
  16580   0.23831E-04
  16590   0.23939E-04
  16600   0.24051E-04
  16610   0.24163E-04
  16620   0.24272E-04
  16630   0.24376E-04
  16640   0.24486E-04
  16650   0.24585E-04
  16660   0.24694E-04
  16670   0.24793E-04
  16680   0.24892E-04
  16690   0.24996E-04
  16700   0.25093E-04
  16710   0.25186E-04
  16720   0.25279E-04
  16730   0.25375E-04
  16740   0.25466E-04
  16750   0.25561E-04
  16760   0.25652E-04
  16770   0.25742E-04
  16780   0.25826E-04
  16790   0.25917E-04
  16800   0.26000E-04
  16810   0.26089E-04
  16820   0.26174E-04
  16830   0.26251E-04
  16840   0.26330E-04
  16850   0.26417E-04
  16860   0.26487E-04
  16870   0.26571E-04
  16880   0.26647E-04
  16890   0.26722E-04
  16900   0.26796E-04
  16910   0.26868E-04
  16920   0.26939E-04
  16930   0.27006E-04
  16940   0.27077E-04
  16950   0.27142E-04
  16960   0.27207E-04
  16970   0.27273E-04
  16980   0.27329E-04
  16990   0.27390E-04
  17000   0.27441E-04
  17010   0.27492E-04
  17020   0.27546E-04
  17030   0.27598E-04
  17040   0.27644E-04
  17050   0.27683E-04
  17060   0.27725E-04
  17070   0.27758E-04
  17080   0.27800E-04
  17090   0.27830E-04
  17100   0.27862E-04
  17110   0.27889E-04
  17120   0.27922E-04
  17130   0.27945E-04
  17140   0.27967E-04
  17150   0.27982E-04
  17160   0.28000E-04
  17170   0.28015E-04
  17180   0.28023E-04
  17190   0.28034E-04
  17200   0.28036E-04
  17210   0.28048E-04
  17220   0.28054E-04
  17230   0.28053E-04
  17240   0.28054E-04
  17250   0.28057E-04
  17260   0.28052E-04
  17270   0.28045E-04
  17280   0.28039E-04
  17290   0.28035E-04
  17300   0.28021E-04
  17310   0.28010E-04
  17320   0.27999E-04
  17330   0.27990E-04
  17340   0.27976E-04
  17350   0.27955E-04
  17360   0.27944E-04
  17370   0.27931E-04
  17380   0.27921E-04
  17390   0.27897E-04
  17400   0.27888E-04
  17410   0.27858E-04
  17420   0.27844E-04
  17430   0.27833E-04
  17440   0.27811E-04
  17450   0.27789E-04
  17460   0.27763E-04
  17470   0.27746E-04
  17480   0.27719E-04
  17490   0.27699E-04
  17500   0.27685E-04
  17510   0.27657E-04
  17520   0.27629E-04
  17530   0.27606E-04
  17540   0.27573E-04
  17550   0.27553E-04
  17560   0.27527E-04
  17570   0.27498E-04
  17580   0.27467E-04
  17590   0.27438E-04
  17600   0.27416E-04
  17610   0.27370E-04
  17620   0.27348E-04
  17630   0.27319E-04
  17640   0.27289E-04
  17650   0.27249E-04
  17660   0.27218E-04
  17670   0.27187E-04
  17680   0.27141E-04
  17690   0.27099E-04
  17700   0.27073E-04
  17710   0.27024E-04
  17720   0.26990E-04
  17730   0.26962E-04
  17740   0.26921E-04
  17750   0.26868E-04
  17760   0.26829E-04
  17770   0.26791E-04
  17780   0.26757E-04
  17790   0.26707E-04
  17800   0.26671E-04
  17810   0.26628E-04
  17820   0.26585E-04
  17830   0.26549E-04
  17840   0.26511E-04
  17850   0.26470E-04
  17860   0.26426E-04
  17870   0.26397E-04
  17880   0.26348E-04
  17890   0.26315E-04
  17900   0.26280E-04
  17910   0.26242E-04
  17920   0.26211E-04
  17930   0.26182E-04
  17940   0.26142E-04
  17950   0.26117E-04
  17960   0.26094E-04
  17970   0.26067E-04
  17980   0.26046E-04
  17990   0.26024E-04
  18000   0.26008E-04
  18010   0.25990E-04
  18020   0.25976E-04
  18030   0.25961E-04
  18040   0.25951E-04
  18050   0.25949E-04
  18060   0.25942E-04
  18070   0.25948E-04
  18080   0.25949E-04
  18090   0.25961E-04
  18100   0.25964E-04
  18110   0.25980E-04
  18120   0.25995E-04
  18130   0.26013E-04
  18140   0.26046E-04
  18150   0.26072E-04
  18160   0.26094E-04
  18170   0.26132E-04
  18180   0.26172E-04
  18190   0.26210E-04
  18200   0.26252E-04
  18210   0.26308E-04
  18220   0.26365E-04
  18230   0.26419E-04
  18240   0.26472E-04
  18250   0.26541E-04
  18260   0.26606E-04
  18270   0.26690E-04
  18280   0.26758E-04
  18290   0.26840E-04
  18300   0.26920E-04
  18310   0.27000E-04
  18320   0.27094E-04
  18330   0.27181E-04
  18340   0.27276E-04
  18350   0.27370E-04
  18360   0.27476E-04
  18370   0.27583E-04
  18380   0.27689E-04
  18390   0.27796E-04
  18400   0.27907E-04
  18410   0.28026E-04
  18420   0.28144E-04
  18430   0.28265E-04
  18440   0.28384E-04
  18450   0.28511E-04
  18460   0.28642E-04
  18470   0.28760E-04
  18480   0.28889E-04
  18490   0.29022E-04
  18500   0.29156E-04
  18510   0.29285E-04
  18520   0.29417E-04
  18530   0.29557E-04
  18540   0.29693E-04
  18550   0.29835E-04
  18560   0.29967E-04
  18570   0.30101E-04
  18580   0.30245E-04
  18590   0.30388E-04
  18600   0.30524E-04
  18610   0.30660E-04
  18620   0.30797E-04
  18630   0.30942E-04
  18640   0.31070E-04
  18650   0.31212E-04
  18660   0.31350E-04
  18670   0.31483E-04
  18680   0.31618E-04
  18690   0.31762E-04
  18700   0.31889E-04
  18710   0.32022E-04
  18720   0.32157E-04
  18730   0.32289E-04
  18740   0.32419E-04
  18750   0.32536E-04
  18760   0.32658E-04
  18770   0.32790E-04
  18780   0.32913E-04
  18790   0.33027E-04
  18800   0.33148E-04
  18810   0.33265E-04
  18820   0.33376E-04
  18830   0.33490E-04
  18840   0.33597E-04
  18850   0.33709E-04
  18860   0.33805E-04
  18870   0.33920E-04
  18880   0.34021E-04
  18890   0.34120E-04
  18900   0.34219E-04
  18910   0.34303E-04
  18920   0.34406E-04
  18930   0.34491E-04
  18940   0.34578E-04
  18950   0.34654E-04
  18960   0.34747E-04
  18970   0.34830E-04
  18980   0.34902E-04
  18990   0.34974E-04
  19000   0.35053E-04
  19010   0.35114E-04
  19020   0.35189E-04
  19030   0.35255E-04
  19040   0.35319E-04
  19050   0.35376E-04
  19060   0.35437E-04
  19070   0.35485E-04
  19080   0.35549E-04
  19090   0.35602E-04
  19100   0.35643E-04
  19110   0.35692E-04
  19120   0.35743E-04
  19130   0.35782E-04
  19140   0.35823E-04
  19150   0.35860E-04
  19160   0.35902E-04
  19170   0.35936E-04
  19180   0.35969E-04
  19190   0.36002E-04
  19200   0.36026E-04
  19210   0.36057E-04
  19220   0.36079E-04
  19230   0.36107E-04
  19240   0.36124E-04
  19250   0.36154E-04
  19260   0.36166E-04
  19270   0.36183E-04
  19280   0.36205E-04
  19290   0.36216E-04
  19300   0.36240E-04
  19310   0.36258E-04
  19320   0.36260E-04
  19330   0.36269E-04
  19340   0.36270E-04
  19350   0.36286E-04
  19360   0.36298E-04
  19370   0.36305E-04
  19380   0.36312E-04
  19390   0.36309E-04
  19400   0.36325E-04
  19410   0.36329E-04
  19420   0.36333E-04
  19430   0.36342E-04
  19440   0.36330E-04
  19450   0.36344E-04
  19460   0.36346E-04
  19470   0.36335E-04
  19480   0.36347E-04
  19490   0.36338E-04
  19500   0.36352E-04
  19510   0.36349E-04
  19520   0.36348E-04
  19530   0.36359E-04
  19540   0.36359E-04
  19550   0.36364E-04
  19560   0.36368E-04
  19570   0.36367E-04
  19580   0.36378E-04
  19590   0.36370E-04
  19600   0.36389E-04
  19610   0.36393E-04
  19620   0.36407E-04
  19630   0.36417E-04
  19640   0.36415E-04
  19650   0.36430E-04
  19660   0.36441E-04
  19670   0.36445E-04
  19680   0.36460E-04
  19690   0.36469E-04
  19700   0.36478E-04
  19710   0.36497E-04
  19720   0.36509E-04
  19730   0.36527E-04
  19740   0.36527E-04
  19750   0.36562E-04
  19760   0.36567E-04
  19770   0.36584E-04
  19780   0.36615E-04
  19790   0.36633E-04
  19800   0.36655E-04
  19810   0.36679E-04
  19820   0.36697E-04
  19830   0.36716E-04
  19840   0.36735E-04
  19850   0.36758E-04
  19860   0.36782E-04
  19870   0.36801E-04
  19880   0.36834E-04
  19890   0.36859E-04
  19900   0.36879E-04
  19910   0.36918E-04
  19920   0.36940E-04
  19930   0.36971E-04
  19940   0.37000E-04
  19950   0.37024E-04
  19960   0.37042E-04
  19970   0.37084E-04
  19980   0.37111E-04
  19990   0.37127E-04
  20000   0.37167E-04
