     10   0.10437E-02
     20   0.93123E-03
     30   0.86488E-03
     40   0.82521E-03
     50   0.79144E-03
     60   0.76634E-03
     70   0.75280E-03
     80   0.74023E-03
     90   0.72644E-03
    100   0.71168E-03
    110   0.70106E-03
    120   0.69492E-03
    130   0.68969E-03
    140   0.68233E-03
    150   0.67324E-03
    160   0.66395E-03
    170   0.65481E-03
    180   0.64487E-03
    190   0.63503E-03
    200   0.62571E-03
    210   0.61706E-03
    220   0.61133E-03
    230   0.60608E-03
    240   0.60376E-03
    250   0.60242E-03
    260   0.59875E-03
    270   0.59145E-03
    280   0.58066E-03
    290   0.56796E-03
    300   0.55576E-03
    310   0.54625E-03
    320   0.54006E-03
    330   0.53627E-03
    340   0.53379E-03
    350   0.53204E-03
    360   0.53086E-03
    370   0.53011E-03
    380   0.52969E-03
    390   0.52948E-03
    400   0.52942E-03
    410   0.52954E-03
    420   0.52979E-03
    430   0.53015E-03
    440   0.53059E-03
    450   0.53112E-03
    460   0.53170E-03
    470   0.53233E-03
    480   0.53300E-03
    490   0.53366E-03
    500   0.53431E-03
    510   0.53494E-03
    520   0.53550E-03
    530   0.53598E-03
    540   0.53637E-03
    550   0.53665E-03
    560   0.53678E-03
    570   0.53680E-03
    580   0.53665E-03
    590   0.53636E-03
    600   0.53591E-03
    610   0.53532E-03
    620   0.53459E-03
    630   0.53371E-03
    640   0.53272E-03
    650   0.53163E-03
    660   0.53043E-03
    670   0.52915E-03
    680   0.52781E-03
    690   0.52640E-03
    700   0.52496E-03
    710   0.52349E-03
    720   0.52198E-03
    730   0.52049E-03
    740   0.51899E-03
    750   0.51750E-03
    760   0.51602E-03
    770   0.51456E-03
    780   0.51313E-03
    790   0.51168E-03
    800   0.51028E-03
    810   0.50886E-03
    820   0.50745E-03
    830   0.50603E-03
    840   0.50461E-03
    850   0.50315E-03
    860   0.50168E-03
    870   0.50016E-03
    880   0.49861E-03
    890   0.49700E-03
    900   0.49535E-03
    910   0.49360E-03
    920   0.49182E-03
    930   0.48997E-03
    940   0.48805E-03
    950   0.48603E-03
    960   0.48394E-03
    970   0.48176E-03
    980   0.47951E-03
    990   0.47717E-03
   1000   0.47473E-03
   1010   0.47223E-03
   1020   0.46965E-03
   1030   0.46699E-03
   1040   0.46423E-03
   1050   0.46136E-03
   1060   0.45845E-03
   1070   0.45546E-03
   1080   0.45239E-03
   1090   0.44925E-03
   1100   0.44604E-03
   1110   0.44275E-03
   1120   0.43942E-03
   1130   0.43607E-03
   1140   0.43265E-03
   1150   0.42919E-03
   1160   0.42572E-03
   1170   0.42223E-03
   1180   0.41874E-03
   1190   0.41521E-03
   1200   0.41179E-03
   1210   0.40832E-03
   1220   0.40491E-03
   1230   0.40154E-03
   1240   0.39821E-03
   1250   0.39495E-03
   1260   0.39179E-03
   1270   0.38863E-03
   1280   0.38560E-03
   1290   0.38268E-03
   1300   0.37982E-03
   1310   0.37705E-03
   1320   0.37439E-03
   1330   0.37183E-03
   1340   0.36938E-03
   1350   0.36703E-03
   1360   0.36473E-03
   1370   0.36258E-03
   1380   0.36050E-03
   1390   0.35854E-03
   1400   0.35662E-03
   1410   0.35482E-03
   1420   0.35303E-03
   1430   0.35136E-03
   1440   0.34972E-03
   1450   0.34811E-03
   1460   0.34657E-03
   1470   0.34514E-03
   1480   0.34354E-03
   1490   0.34185E-03
   1500   0.34023E-03
   1510   0.33861E-03
   1520   0.33693E-03
   1530   0.33529E-03
   1540   0.33360E-03
   1550   0.33185E-03
   1560   0.32999E-03
   1570   0.32817E-03
   1580   0.32626E-03
   1590   0.32425E-03
   1600   0.32223E-03
   1610   0.32017E-03
   1620   0.31805E-03
   1630   0.31581E-03
   1640   0.31354E-03
   1650   0.31123E-03
   1660   0.30881E-03
   1670   0.30637E-03
   1680   0.30391E-03
   1690   0.30134E-03
   1700   0.29880E-03
   1710   0.29632E-03
   1720   0.29380E-03
   1730   0.29135E-03
   1740   0.28893E-03
   1750   0.28644E-03
   1760   0.28386E-03
   1770   0.28129E-03
   1780   0.27871E-03
   1790   0.27627E-03
   1800   0.27397E-03
   1810   0.27173E-03
   1820   0.26947E-03
   1830   0.26714E-03
   1840   0.26487E-03
   1850   0.26270E-03
   1860   0.26063E-03
   1870   0.25873E-03
   1880   0.25694E-03
   1890   0.25517E-03
   1900   0.25348E-03
   1910   0.25181E-03
   1920   0.25022E-03
   1930   0.24873E-03
   1940   0.24735E-03
   1950   0.24610E-03
   1960   0.24498E-03
   1970   0.24395E-03
   1980   0.24295E-03
   1990   0.24203E-03
   2000   0.24115E-03
   2010   0.24038E-03
   2020   0.23966E-03
   2030   0.23906E-03
   2040   0.23849E-03
   2050   0.23802E-03
   2060   0.23759E-03
   2070   0.23721E-03
   2080   0.23688E-03
   2090   0.23661E-03
   2100   0.23638E-03
   2110   0.23622E-03
   2120   0.23602E-03
   2130   0.23590E-03
   2140   0.23578E-03
   2150   0.23569E-03
   2160   0.23561E-03
   2170   0.23558E-03
   2180   0.23560E-03
   2190   0.23561E-03
   2200   0.23565E-03
   2210   0.23571E-03
   2220   0.23580E-03
   2230   0.23587E-03
   2240   0.23598E-03
   2250   0.23608E-03
   2260   0.23618E-03
   2270   0.23632E-03
   2280   0.23648E-03
   2290   0.23665E-03
   2300   0.23686E-03
   2310   0.23706E-03
   2320   0.23731E-03
   2330   0.23760E-03
   2340   0.23782E-03
   2350   0.23809E-03
   2360   0.23836E-03
   2370   0.23865E-03
   2380   0.23894E-03
   2390   0.23918E-03
   2400   0.23947E-03
   2410   0.23974E-03
   2420   0.24002E-03
   2430   0.24034E-03
   2440   0.24062E-03
   2450   0.24095E-03
   2460   0.24126E-03
   2470   0.24158E-03
   2480   0.24188E-03
   2490   0.24218E-03
   2500   0.24246E-03
   2510   0.24273E-03
   2520   0.24298E-03
   2530   0.24322E-03
   2540   0.24346E-03
   2550   0.24364E-03
   2560   0.24383E-03
   2570   0.24401E-03
   2580   0.24421E-03
   2590   0.24438E-03
   2600   0.24453E-03
   2610   0.24465E-03
   2620   0.24480E-03
   2630   0.24491E-03
   2640   0.24501E-03
   2650   0.24514E-03
   2660   0.24520E-03
   2670   0.24525E-03
   2680   0.24526E-03
   2690   0.24526E-03
   2700   0.24525E-03
   2710   0.24524E-03
   2720   0.24518E-03
   2730   0.24505E-03
   2740   0.24497E-03
   2750   0.24485E-03
   2760   0.24470E-03
   2770   0.24453E-03
   2780   0.24436E-03
   2790   0.24417E-03
   2800   0.24397E-03
   2810   0.24377E-03
   2820   0.24354E-03
   2830   0.24332E-03
   2840   0.24304E-03
   2850   0.24278E-03
   2860   0.24250E-03
   2870   0.24220E-03
   2880   0.24186E-03
   2890   0.24158E-03
   2900   0.24123E-03
   2910   0.24086E-03
   2920   0.24050E-03
   2930   0.24014E-03
   2940   0.23975E-03
   2950   0.23936E-03
   2960   0.23895E-03
   2970   0.23855E-03
   2980   0.23813E-03
   2990   0.23772E-03
   3000   0.23728E-03
   3010   0.23687E-03
   3020   0.23644E-03
   3030   0.23605E-03
   3040   0.23561E-03
   3050   0.23516E-03
   3060   0.23473E-03
   3070   0.23435E-03
   3080   0.23390E-03
   3090   0.23350E-03
   3100   0.23308E-03
   3110   0.23267E-03
   3120   0.23225E-03
   3130   0.23183E-03
   3140   0.23140E-03
   3150   0.23097E-03
   3160   0.23060E-03
   3170   0.23018E-03
   3180   0.22976E-03
   3190   0.22936E-03
   3200   0.22894E-03
   3210   0.22856E-03
   3220   0.22814E-03
   3230   0.22774E-03
   3240   0.22736E-03
   3250   0.22699E-03
   3260   0.22662E-03
   3270   0.22626E-03
   3280   0.22589E-03
   3290   0.22554E-03
   3300   0.22521E-03
   3310   0.22488E-03
   3320   0.22458E-03
   3330   0.22428E-03
   3340   0.22398E-03
   3350   0.22371E-03
   3360   0.22346E-03
   3370   0.22320E-03
   3380   0.22299E-03
   3390   0.22278E-03
   3400   0.22256E-03
   3410   0.22239E-03
   3420   0.22219E-03
   3430   0.22201E-03
   3440   0.22184E-03
   3450   0.22171E-03
   3460   0.22158E-03
   3470   0.22143E-03
   3480   0.22132E-03
   3490   0.22122E-03
   3500   0.22111E-03
   3510   0.22106E-03
   3520   0.22097E-03
   3530   0.22087E-03
   3540   0.22084E-03
   3550   0.22079E-03
   3560   0.22074E-03
   3570   0.22071E-03
   3580   0.22068E-03
   3590   0.22064E-03
   3600   0.22064E-03
   3610   0.22065E-03
   3620   0.22064E-03
   3630   0.22068E-03
   3640   0.22068E-03
   3650   0.22072E-03
   3660   0.22078E-03
   3670   0.22082E-03
   3680   0.22089E-03
   3690   0.22096E-03
   3700   0.22104E-03
   3710   0.22114E-03
   3720   0.22123E-03
   3730   0.22134E-03
   3740   0.22147E-03
   3750   0.22159E-03
   3760   0.22172E-03
   3770   0.22188E-03
   3780   0.22202E-03
   3790   0.22218E-03
   3800   0.22235E-03
   3810   0.22253E-03
   3820   0.22271E-03
   3830   0.22289E-03
   3840   0.22309E-03
   3850   0.22326E-03
   3860   0.22350E-03
   3870   0.22368E-03
   3880   0.22390E-03
   3890   0.22412E-03
   3900   0.22434E-03
   3910   0.22454E-03
   3920   0.22477E-03
   3930   0.22502E-03
   3940   0.22525E-03
   3950   0.22547E-03
   3960   0.22573E-03
   3970   0.22597E-03
   3980   0.22620E-03
   3990   0.22647E-03
   4000   0.22671E-03
   4010   0.22697E-03
   4020   0.22724E-03
   4030   0.22748E-03
   4040   0.22777E-03
   4050   0.22804E-03
   4060   0.22830E-03
   4070   0.22856E-03
   4080   0.22887E-03
   4090   0.22913E-03
   4100   0.22943E-03
   4110   0.22970E-03
   4120   0.22999E-03
   4130   0.23027E-03
   4140   0.23059E-03
   4150   0.23088E-03
   4160   0.23119E-03
   4170   0.23147E-03
   4180   0.23180E-03
   4190   0.23211E-03
   4200   0.23243E-03
   4210   0.23277E-03
   4220   0.23307E-03
   4230   0.23340E-03
   4240   0.23372E-03
   4250   0.23406E-03
   4260   0.23439E-03
   4270   0.23474E-03
   4280   0.23506E-03
   4290   0.23541E-03
   4300   0.23575E-03
   4310   0.23607E-03
   4320   0.23644E-03
   4330   0.23679E-03
   4340   0.23713E-03
   4350   0.23748E-03
   4360   0.23784E-03
   4370   0.23817E-03
   4380   0.23852E-03
   4390   0.23888E-03
   4400   0.23921E-03
   4410   0.23957E-03
   4420   0.23990E-03
   4430   0.24026E-03
   4440   0.24060E-03
   4450   0.24093E-03
   4460   0.24128E-03
   4470   0.24162E-03
   4480   0.24194E-03
   4490   0.24227E-03
   4500   0.24261E-03
   4510   0.24293E-03
   4520   0.24324E-03
   4530   0.24354E-03
   4540   0.24387E-03
   4550   0.24417E-03
   4560   0.24445E-03
   4570   0.24475E-03
   4580   0.24504E-03
   4590   0.24532E-03
   4600   0.24558E-03
   4610   0.24584E-03
   4620   0.24610E-03
   4630   0.24636E-03
   4640   0.24658E-03
   4650   0.24683E-03
   4660   0.24703E-03
   4670   0.24723E-03
   4680   0.24745E-03
   4690   0.24766E-03
   4700   0.24783E-03
   4710   0.24799E-03
   4720   0.24815E-03
   4730   0.24828E-03
   4740   0.24842E-03
   4750   0.24854E-03
   4760   0.24866E-03
   4770   0.24874E-03
   4780   0.24883E-03
   4790   0.24887E-03
   4800   0.24894E-03
   4810   0.24897E-03
   4820   0.24900E-03
   4830   0.24899E-03
   4840   0.24899E-03
   4850   0.24896E-03
   4860   0.24892E-03
   4870   0.24887E-03
   4880   0.24879E-03
   4890   0.24870E-03
   4900   0.24859E-03
   4910   0.24846E-03
   4920   0.24834E-03
   4930   0.24816E-03
   4940   0.24799E-03
   4950   0.24782E-03
   4960   0.24761E-03
   4970   0.24737E-03
   4980   0.24713E-03
   4990   0.24689E-03
   5000   0.24657E-03
   5010   0.24629E-03
   5020   0.24600E-03
   5030   0.24565E-03
   5040   0.24532E-03
   5050   0.24494E-03
   5060   0.24456E-03
   5070   0.24418E-03
   5080   0.24377E-03
   5090   0.24332E-03
   5100   0.24290E-03
   5110   0.24245E-03
   5120   0.24197E-03
   5130   0.24149E-03
   5140   0.24094E-03
   5150   0.24044E-03
   5160   0.23988E-03
   5170   0.23933E-03
   5180   0.23875E-03
   5190   0.23815E-03
   5200   0.23755E-03
   5210   0.23694E-03
   5220   0.23631E-03
   5230   0.23566E-03
   5240   0.23498E-03
   5250   0.23432E-03
   5260   0.23365E-03
   5270   0.23293E-03
   5280   0.23224E-03
   5290   0.23151E-03
   5300   0.23074E-03
   5310   0.23001E-03
   5320   0.22924E-03
   5330   0.22846E-03
   5340   0.22768E-03
   5350   0.22689E-03
   5360   0.22609E-03
   5370   0.22528E-03
   5380   0.22446E-03
   5390   0.22365E-03
   5400   0.22281E-03
   5410   0.22196E-03
   5420   0.22110E-03
   5430   0.22023E-03
   5440   0.21937E-03
   5450   0.21849E-03
   5460   0.21759E-03
   5470   0.21672E-03
   5480   0.21580E-03
   5490   0.21491E-03
   5500   0.21399E-03
   5510   0.21306E-03
   5520   0.21213E-03
   5530   0.21121E-03
   5540   0.21028E-03
   5550   0.20934E-03
   5560   0.20841E-03
   5570   0.20748E-03
   5580   0.20651E-03
   5590   0.20557E-03
   5600   0.20460E-03
   5610   0.20365E-03
   5620   0.20270E-03
   5630   0.20174E-03
   5640   0.20078E-03
   5650   0.19982E-03
   5660   0.19885E-03
   5670   0.19788E-03
   5680   0.19689E-03
   5690   0.19594E-03
   5700   0.19498E-03
   5710   0.19398E-03
   5720   0.19301E-03
   5730   0.19204E-03
   5740   0.19108E-03
   5750   0.19009E-03
   5760   0.18913E-03
   5770   0.18815E-03
   5780   0.18717E-03
   5790   0.18620E-03
   5800   0.18523E-03
   5810   0.18425E-03
   5820   0.18330E-03
   5830   0.18230E-03
   5840   0.18134E-03
   5850   0.18037E-03
   5860   0.17942E-03
   5870   0.17844E-03
   5880   0.17747E-03
   5890   0.17650E-03
   5900   0.17554E-03
   5910   0.17458E-03
   5920   0.17365E-03
   5930   0.17267E-03
   5940   0.17173E-03
   5950   0.17080E-03
   5960   0.16984E-03
   5970   0.16891E-03
   5980   0.16797E-03
   5990   0.16702E-03
   6000   0.16610E-03
   6010   0.16515E-03
   6020   0.16423E-03
   6030   0.16331E-03
   6040   0.16240E-03
   6050   0.16147E-03
   6060   0.16055E-03
   6070   0.15968E-03
   6080   0.15877E-03
   6090   0.15787E-03
   6100   0.15697E-03
   6110   0.15606E-03
   6120   0.15520E-03
   6130   0.15433E-03
   6140   0.15346E-03
   6150   0.15257E-03
   6160   0.15174E-03
   6170   0.15087E-03
   6180   0.15002E-03
   6190   0.14915E-03
   6200   0.14833E-03
   6210   0.14750E-03
   6220   0.14664E-03
   6230   0.14582E-03
   6240   0.14502E-03
   6250   0.14420E-03
   6260   0.14341E-03
   6270   0.14257E-03
   6280   0.14179E-03
   6290   0.14099E-03
   6300   0.14021E-03
   6310   0.13947E-03
   6320   0.13867E-03
   6330   0.13793E-03
   6340   0.13716E-03
   6350   0.13641E-03
   6360   0.13564E-03
   6370   0.13493E-03
   6380   0.13418E-03
   6390   0.13346E-03
   6400   0.13273E-03
   6410   0.13202E-03
   6420   0.13135E-03
   6430   0.13061E-03
   6440   0.12994E-03
   6450   0.12926E-03
   6460   0.12857E-03
   6470   0.12792E-03
   6480   0.12725E-03
   6490   0.12661E-03
   6500   0.12594E-03
   6510   0.12529E-03
   6520   0.12468E-03
   6530   0.12404E-03
   6540   0.12344E-03
   6550   0.12280E-03
   6560   0.12222E-03
   6570   0.12161E-03
   6580   0.12101E-03
   6590   0.12043E-03
   6600   0.11983E-03
   6610   0.11927E-03
   6620   0.11871E-03
   6630   0.11814E-03
   6640   0.11760E-03
   6650   0.11705E-03
   6660   0.11652E-03
   6670   0.11600E-03
   6680   0.11545E-03
   6690   0.11498E-03
   6700   0.11446E-03
   6710   0.11397E-03
   6720   0.11348E-03
   6730   0.11300E-03
   6740   0.11252E-03
   6750   0.11204E-03
   6760   0.11156E-03
   6770   0.11111E-03
   6780   0.11066E-03
   6790   0.11020E-03
   6800   0.10977E-03
   6810   0.10933E-03
   6820   0.10892E-03
   6830   0.10849E-03
   6840   0.10808E-03
   6850   0.10768E-03
   6860   0.10725E-03
   6870   0.10686E-03
   6880   0.10647E-03
   6890   0.10609E-03
   6900   0.10569E-03
   6910   0.10533E-03
   6920   0.10497E-03
   6930   0.10461E-03
   6940   0.10425E-03
   6950   0.10389E-03
   6960   0.10356E-03
   6970   0.10323E-03
   6980   0.10291E-03
   6990   0.10258E-03
   7000   0.10228E-03
   7010   0.10196E-03
   7020   0.10163E-03
   7030   0.10133E-03
   7040   0.10106E-03
   7050   0.10078E-03
   7060   0.10048E-03
   7070   0.10021E-03
   7080   0.99906E-04
   7090   0.99624E-04
   7100   0.99385E-04
   7110   0.99134E-04
   7120   0.98879E-04
   7130   0.98633E-04
   7140   0.98371E-04
   7150   0.98123E-04
   7160   0.97871E-04
   7170   0.97659E-04
   7180   0.97425E-04
   7190   0.97203E-04
   7200   0.96967E-04
   7210   0.96773E-04
   7220   0.96533E-04
   7230   0.96354E-04
   7240   0.96137E-04
   7250   0.95952E-04
   7260   0.95717E-04
   7270   0.95538E-04
   7280   0.95367E-04
   7290   0.95181E-04
   7300   0.94996E-04
   7310   0.94831E-04
   7320   0.94649E-04
   7330   0.94482E-04
   7340   0.94311E-04
   7350   0.94155E-04
   7360   0.93996E-04
   7370   0.93846E-04
   7380   0.93697E-04
   7390   0.93550E-04
   7400   0.93420E-04
   7410   0.93249E-04
   7420   0.93098E-04
   7430   0.92977E-04
   7440   0.92840E-04
   7450   0.92720E-04
   7460   0.92573E-04
   7470   0.92454E-04
   7480   0.92333E-04
   7490   0.92224E-04
   7500   0.92102E-04
   7510   0.92001E-04
   7520   0.91862E-04
   7530   0.91782E-04
   7540   0.91681E-04
   7550   0.91572E-04
   7560   0.91503E-04
   7570   0.91402E-04
   7580   0.91302E-04
   7590   0.91196E-04
   7600   0.91124E-04
   7610   0.91045E-04
   7620   0.90973E-04
   7630   0.90891E-04
   7640   0.90812E-04
   7650   0.90746E-04
   7660   0.90644E-04
   7670   0.90600E-04
   7680   0.90526E-04
   7690   0.90456E-04
   7700   0.90399E-04
   7710   0.90302E-04
   7720   0.90259E-04
   7730   0.90192E-04
   7740   0.90132E-04
   7750   0.90100E-04
   7760   0.90012E-04
   7770   0.89974E-04
   7780   0.89934E-04
   7790   0.89879E-04
   7800   0.89803E-04
   7810   0.89763E-04
   7820   0.89720E-04
   7830   0.89689E-04
   7840   0.89649E-04
   7850   0.89597E-04
   7860   0.89573E-04
   7870   0.89532E-04
   7880   0.89484E-04
   7890   0.89481E-04
   7900   0.89441E-04
   7910   0.89412E-04
   7920   0.89381E-04
   7930   0.89368E-04
   7940   0.89332E-04
   7950   0.89309E-04
   7960   0.89288E-04
   7970   0.89281E-04
   7980   0.89258E-04
   7990   0.89244E-04
   8000   0.89238E-04
   8010   0.89216E-04
   8020   0.89206E-04
   8030   0.89188E-04
   8040   0.89195E-04
   8050   0.89187E-04
   8060   0.89170E-04
   8070   0.89176E-04
   8080   0.89170E-04
   8090   0.89176E-04
   8100   0.89166E-04
   8110   0.89157E-04
   8120   0.89178E-04
   8130   0.89171E-04
   8140   0.89162E-04
   8150   0.89188E-04
   8160   0.89191E-04
   8170   0.89180E-04
   8180   0.89201E-04
   8190   0.89192E-04
   8200   0.89213E-04
   8210   0.89212E-04
   8220   0.89246E-04
   8230   0.89251E-04
   8240   0.89262E-04
   8250   0.89275E-04
   8260   0.89295E-04
   8270   0.89291E-04
   8280   0.89312E-04
   8290   0.89333E-04
   8300   0.89371E-04
   8310   0.89368E-04
   8320   0.89398E-04
   8330   0.89407E-04
   8340   0.89461E-04
   8350   0.89455E-04
   8360   0.89490E-04
   8370   0.89492E-04
   8380   0.89537E-04
   8390   0.89574E-04
   8400   0.89595E-04
   8410   0.89627E-04
   8420   0.89650E-04
   8430   0.89708E-04
   8440   0.89724E-04
   8450   0.89783E-04
   8460   0.89800E-04
   8470   0.89842E-04
   8480   0.89882E-04
   8490   0.89901E-04
   8500   0.89940E-04
   8510   0.89979E-04
   8520   0.90024E-04
   8530   0.90065E-04
   8540   0.90086E-04
   8550   0.90127E-04
   8560   0.90183E-04
   8570   0.90239E-04
   8580   0.90255E-04
   8590   0.90302E-04
   8600   0.90359E-04
   8610   0.90396E-04
   8620   0.90432E-04
   8630   0.90452E-04
   8640   0.90519E-04
   8650   0.90564E-04
   8660   0.90622E-04
   8670   0.90654E-04
   8680   0.90718E-04
   8690   0.90766E-04
   8700   0.90803E-04
   8710   0.90868E-04
   8720   0.90926E-04
   8730   0.90984E-04
   8740   0.91013E-04
   8750   0.91072E-04
   8760   0.91103E-04
   8770   0.91171E-04
   8780   0.91234E-04
   8790   0.91285E-04
   8800   0.91317E-04
   8810   0.91383E-04
   8820   0.91434E-04
   8830   0.91490E-04
   8840   0.91536E-04
   8850   0.91594E-04
   8860   0.91641E-04
   8870   0.91708E-04
   8880   0.91752E-04
   8890   0.91813E-04
   8900   0.91867E-04
   8910   0.91920E-04
   8920   0.91969E-04
   8930   0.92032E-04
   8940   0.92106E-04
   8950   0.92148E-04
   8960   0.92209E-04
   8970   0.92251E-04
   8980   0.92307E-04
   8990   0.92395E-04
   9000   0.92441E-04
   9010   0.92512E-04
   9020   0.92573E-04
   9030   0.92648E-04
   9040   0.92684E-04
   9050   0.92754E-04
   9060   0.92824E-04
   9070   0.92867E-04
   9080   0.92930E-04
   9090   0.92989E-04
   9100   0.93017E-04
   9110   0.93079E-04
   9120   0.93173E-04
   9130   0.93223E-04
   9140   0.93287E-04
   9150   0.93344E-04
   9160   0.93393E-04
   9170   0.93458E-04
   9180   0.93504E-04
   9190   0.93570E-04
   9200   0.93619E-04
   9210   0.93684E-04
   9220   0.93749E-04
   9230   0.93784E-04
   9240   0.93848E-04
   9250   0.93925E-04
   9260   0.93979E-04
   9270   0.94027E-04
   9280   0.94070E-04
   9290   0.94118E-04
   9300   0.94209E-04
   9310   0.94247E-04
   9320   0.94298E-04
   9330   0.94358E-04
   9340   0.94408E-04
   9350   0.94473E-04
   9360   0.94526E-04
   9370   0.94575E-04
   9380   0.94641E-04
   9390   0.94700E-04
   9400   0.94732E-04
   9410   0.94799E-04
   9420   0.94884E-04
   9430   0.94941E-04
   9440   0.94973E-04
   9450   0.95021E-04
   9460   0.95086E-04
   9470   0.95112E-04
   9480   0.95175E-04
   9490   0.95233E-04
   9500   0.95276E-04
   9510   0.95309E-04
   9520   0.95370E-04
   9530   0.95427E-04
   9540   0.95466E-04
   9550   0.95515E-04
   9560   0.95557E-04
   9570   0.95606E-04
   9580   0.95657E-04
   9590   0.95704E-04
   9600   0.95754E-04
   9610   0.95782E-04
   9620   0.95835E-04
   9630   0.95897E-04
   9640   0.95960E-04
   9650   0.95982E-04
   9660   0.96011E-04
   9670   0.96049E-04
   9680   0.96107E-04
   9690   0.96148E-04
   9700   0.96175E-04
   9710   0.96220E-04
   9720   0.96276E-04
   9730   0.96310E-04
   9740   0.96340E-04
   9750   0.96396E-04
   9760   0.96389E-04
   9770   0.96438E-04
   9780   0.96480E-04
   9790   0.96531E-04
   9800   0.96588E-04
   9810   0.96583E-04
   9820   0.96634E-04
   9830   0.96654E-04
   9840   0.96706E-04
   9850   0.96730E-04
   9860   0.96743E-04
   9870   0.96787E-04
   9880   0.96815E-04
   9890   0.96825E-04
   9900   0.96871E-04
   9910   0.96892E-04
   9920   0.96906E-04
   9930   0.96943E-04
   9940   0.96976E-04
   9950   0.97000E-04
   9960   0.97026E-04
   9970   0.97038E-04
   9980   0.97081E-04
   9990   0.97120E-04
  10000   0.97108E-04
  10010   0.97144E-04
  10020   0.97160E-04
  10030   0.97204E-04
  10040   0.97211E-04
  10050   0.97213E-04
  10060   0.97266E-04
  10070   0.97263E-04
  10080   0.97293E-04
  10090   0.97264E-04
  10100   0.97274E-04
  10110   0.97298E-04
  10120   0.97311E-04
  10130   0.97294E-04
  10140   0.97341E-04
  10150   0.97337E-04
  10160   0.97331E-04
  10170   0.97335E-04
  10180   0.97376E-04
  10190   0.97363E-04
  10200   0.97393E-04
  10210   0.97381E-04
  10220   0.97389E-04
  10230   0.97421E-04
  10240   0.97407E-04
  10250   0.97416E-04
  10260   0.97415E-04
  10270   0.97421E-04
  10280   0.97436E-04
  10290   0.97439E-04
  10300   0.97403E-04
  10310   0.97406E-04
  10320   0.97425E-04
  10330   0.97390E-04
  10340   0.97404E-04
  10350   0.97403E-04
  10360   0.97397E-04
  10370   0.97384E-04
  10380   0.97356E-04
  10390   0.97334E-04
  10400   0.97339E-04
  10410   0.97321E-04
  10420   0.97288E-04
  10430   0.97253E-04
  10440   0.97229E-04
  10450   0.97212E-04
  10460   0.97171E-04
  10470   0.97182E-04
  10480   0.97129E-04
  10490   0.97129E-04
  10500   0.97097E-04
  10510   0.97085E-04
  10520   0.97057E-04
  10530   0.97043E-04
  10540   0.97003E-04
  10550   0.97006E-04
  10560   0.96956E-04
  10570   0.96931E-04
  10580   0.96917E-04
  10590   0.96884E-04
  10600   0.96827E-04
  10610   0.96772E-04
  10620   0.96752E-04
  10630   0.96693E-04
  10640   0.96654E-04
  10650   0.96618E-04
  10660   0.96557E-04
  10670   0.96531E-04
  10680   0.96492E-04
  10690   0.96485E-04
  10700   0.96420E-04
  10710   0.96391E-04
  10720   0.96379E-04
  10730   0.96304E-04
  10740   0.96249E-04
  10750   0.96219E-04
  10760   0.96177E-04
  10770   0.96100E-04
  10780   0.96043E-04
  10790   0.95991E-04
  10800   0.95941E-04
  10810   0.95871E-04
  10820   0.95816E-04
  10830   0.95753E-04
  10840   0.95682E-04
  10850   0.95612E-04
  10860   0.95560E-04
  10870   0.95500E-04
  10880   0.95424E-04
  10890   0.95345E-04
  10900   0.95280E-04
  10910   0.95219E-04
  10920   0.95142E-04
  10930   0.95084E-04
  10940   0.95006E-04
  10950   0.94918E-04
  10960   0.94858E-04
  10970   0.94767E-04
  10980   0.94671E-04
  10990   0.94598E-04
  11000   0.94559E-04
  11010   0.94444E-04
  11020   0.94383E-04
  11030   0.94290E-04
  11040   0.94222E-04
  11050   0.94116E-04
  11060   0.94057E-04
  11070   0.93954E-04
  11080   0.93883E-04
  11090   0.93779E-04
  11100   0.93703E-04
  11110   0.93606E-04
  11120   0.93506E-04
  11130   0.93413E-04
  11140   0.93310E-04
  11150   0.93206E-04
  11160   0.93137E-04
  11170   0.93022E-04
  11180   0.92907E-04
  11190   0.92823E-04
  11200   0.92713E-04
  11210   0.92585E-04
  11220   0.92498E-04
  11230   0.92361E-04
  11240   0.92253E-04
  11250   0.92144E-04
  11260   0.92067E-04
  11270   0.91935E-04
  11280   0.91814E-04
  11290   0.91716E-04
  11300   0.91609E-04
  11310   0.91516E-04
  11320   0.91401E-04
  11330   0.91282E-04
  11340   0.91161E-04
  11350   0.91059E-04
  11360   0.90918E-04
  11370   0.90797E-04
  11380   0.90657E-04
  11390   0.90545E-04
  11400   0.90414E-04
  11410   0.90271E-04
  11420   0.90156E-04
  11430   0.90019E-04
  11440   0.89870E-04
  11450   0.89741E-04
  11460   0.89581E-04
  11470   0.89464E-04
  11480   0.89341E-04
  11490   0.89154E-04
  11500   0.89037E-04
  11510   0.88886E-04
  11520   0.88751E-04
  11530   0.88604E-04
  11540   0.88460E-04
  11550   0.88328E-04
  11560   0.88178E-04
  11570   0.88020E-04
  11580   0.87916E-04
  11590   0.87765E-04
  11600   0.87613E-04
  11610   0.87483E-04
  11620   0.87367E-04
  11630   0.87191E-04
  11640   0.87044E-04
  11650   0.86901E-04
  11660   0.86733E-04
  11670   0.86584E-04
  11680   0.86421E-04
  11690   0.86298E-04
  11700   0.86080E-04
  11710   0.85939E-04
  11720   0.85772E-04
  11730   0.85628E-04
  11740   0.85478E-04
  11750   0.85308E-04
  11760   0.85138E-04
  11770   0.84968E-04
  11780   0.84827E-04
  11790   0.84632E-04
  11800   0.84490E-04
  11810   0.84315E-04
  11820   0.84151E-04
  11830   0.83946E-04
  11840   0.83813E-04
  11850   0.83610E-04
  11860   0.83433E-04
  11870   0.83268E-04
  11880   0.83062E-04
  11890   0.82885E-04
  11900   0.82722E-04
  11910   0.82534E-04
  11920   0.82352E-04
  11930   0.82160E-04
  11940   0.81989E-04
  11950   0.81815E-04
  11960   0.81615E-04
  11970   0.81443E-04
  11980   0.81239E-04
  11990   0.81075E-04
  12000   0.80897E-04
  12010   0.80727E-04
  12020   0.80517E-04
  12030   0.80353E-04
  12040   0.80155E-04
  12050   0.79958E-04
  12060   0.79800E-04
  12070   0.79577E-04
  12080   0.79410E-04
  12090   0.79227E-04
  12100   0.79011E-04
  12110   0.78821E-04
  12120   0.78637E-04
  12130   0.78446E-04
  12140   0.78244E-04
  12150   0.78061E-04
  12160   0.77833E-04
  12170   0.77652E-04
  12180   0.77441E-04
  12190   0.77215E-04
  12200   0.77037E-04
  12210   0.76817E-04
  12220   0.76608E-04
  12230   0.76429E-04
  12240   0.76219E-04
  12250   0.76006E-04
  12260   0.75815E-04
  12270   0.75584E-04
  12280   0.75402E-04
  12290   0.75190E-04
  12300   0.74966E-04
  12310   0.74761E-04
  12320   0.74533E-04
  12330   0.74345E-04
  12340   0.74139E-04
  12350   0.73950E-04
  12360   0.73724E-04
  12370   0.73539E-04
  12380   0.73308E-04
  12390   0.73062E-04
  12400   0.72906E-04
  12410   0.72660E-04
  12420   0.72457E-04
  12430   0.72251E-04
  12440   0.72024E-04
  12450   0.71795E-04
  12460   0.71570E-04
  12470   0.71343E-04
  12480   0.71147E-04
  12490   0.70940E-04
  12500   0.70702E-04
  12510   0.70497E-04
  12520   0.70280E-04
  12530   0.70061E-04
  12540   0.69835E-04
  12550   0.69636E-04
  12560   0.69408E-04
  12570   0.69188E-04
  12580   0.68967E-04
  12590   0.68747E-04
  12600   0.68515E-04
  12610   0.68252E-04
  12620   0.68081E-04
  12630   0.67843E-04
  12640   0.67610E-04
  12650   0.67373E-04
  12660   0.67150E-04
  12670   0.66918E-04
  12680   0.66696E-04
  12690   0.66466E-04
  12700   0.66230E-04
  12710   0.65990E-04
  12720   0.65767E-04
  12730   0.65517E-04
  12740   0.65273E-04
  12750   0.65067E-04
  12760   0.64814E-04
  12770   0.64594E-04
  12780   0.64371E-04
  12790   0.64176E-04
  12800   0.63947E-04
  12810   0.63685E-04
  12820   0.63469E-04
  12830   0.63239E-04
  12840   0.63048E-04
  12850   0.62789E-04
  12860   0.62555E-04
  12870   0.62317E-04
  12880   0.62108E-04
  12890   0.61868E-04
  12900   0.61622E-04
  12910   0.61398E-04
  12920   0.61172E-04
  12930   0.60925E-04
  12940   0.60693E-04
  12950   0.60463E-04
  12960   0.60237E-04
  12970   0.60005E-04
  12980   0.59765E-04
  12990   0.59496E-04
  13000   0.59269E-04
  13010   0.59036E-04
  13020   0.58811E-04
  13030   0.58573E-04
  13040   0.58320E-04
  13050   0.58102E-04
  13060   0.57866E-04
  13070   0.57635E-04
  13080   0.57378E-04
  13090   0.57152E-04
  13100   0.56900E-04
  13110   0.56648E-04
  13120   0.56413E-04
  13130   0.56167E-04
  13140   0.55924E-04
  13150   0.55693E-04
  13160   0.55444E-04
  13170   0.55208E-04
  13180   0.54922E-04
  13190   0.54705E-04
  13200   0.54437E-04
  13210   0.54229E-04
  13220   0.53972E-04
  13230   0.53737E-04
  13240   0.53490E-04
  13250   0.53247E-04
  13260   0.53024E-04
  13270   0.52786E-04
  13280   0.52531E-04
  13290   0.52308E-04
  13300   0.52059E-04
  13310   0.51816E-04
  13320   0.51600E-04
  13330   0.51355E-04
  13340   0.51112E-04
  13350   0.50875E-04
  13360   0.50616E-04
  13370   0.50401E-04
  13380   0.50136E-04
  13390   0.49927E-04
  13400   0.49712E-04
  13410   0.49452E-04
  13420   0.49229E-04
  13430   0.48998E-04
  13440   0.48754E-04
  13450   0.48513E-04
  13460   0.48300E-04
  13470   0.48032E-04
  13480   0.47817E-04
  13490   0.47572E-04
  13500   0.47311E-04
  13510   0.47072E-04
  13520   0.46802E-04
  13530   0.46593E-04
  13540   0.46327E-04
  13550   0.46118E-04
  13560   0.45856E-04
  13570   0.45631E-04
  13580   0.45399E-04
  13590   0.45151E-04
  13600   0.44919E-04
  13610   0.44668E-04
  13620   0.44470E-04
  13630   0.44214E-04
  13640   0.43963E-04
  13650   0.43732E-04
  13660   0.43504E-04
  13670   0.43250E-04
  13680   0.42983E-04
  13690   0.42800E-04
  13700   0.42544E-04
  13710   0.42314E-04
  13720   0.42064E-04
  13730   0.41857E-04
  13740   0.41616E-04
  13750   0.41387E-04
  13760   0.41147E-04
  13770   0.40903E-04
  13780   0.40672E-04
  13790   0.40453E-04
  13800   0.40216E-04
  13810   0.39960E-04
  13820   0.39730E-04
  13830   0.39500E-04
  13840   0.39269E-04
  13850   0.39033E-04
  13860   0.38811E-04
  13870   0.38586E-04
  13880   0.38373E-04
  13890   0.38135E-04
  13900   0.37900E-04
  13910   0.37681E-04
  13920   0.37425E-04
  13930   0.37212E-04
  13940   0.36987E-04
  13950   0.36774E-04
  13960   0.36546E-04
  13970   0.36290E-04
  13980   0.36061E-04
  13990   0.35840E-04
  14000   0.35601E-04
  14010   0.35397E-04
  14020   0.35178E-04
  14030   0.34941E-04
  14040   0.34742E-04
  14050   0.34509E-04
  14060   0.34266E-04
  14070   0.34072E-04
  14080   0.33835E-04
  14090   0.33642E-04
  14100   0.33390E-04
  14110   0.33142E-04
  14120   0.32935E-04
  14130   0.32751E-04
  14140   0.32504E-04
  14150   0.32307E-04
  14160   0.32081E-04
  14170   0.31856E-04
  14180   0.31645E-04
  14190   0.31410E-04
  14200   0.31194E-04
  14210   0.30994E-04
  14220   0.30760E-04
  14230   0.30550E-04
  14240   0.30329E-04
  14250   0.30114E-04
  14260   0.29925E-04
  14270   0.29688E-04
  14280   0.29466E-04
  14290   0.29252E-04
  14300   0.29076E-04
  14310   0.28880E-04
  14320   0.28657E-04
  14330   0.28425E-04
  14340   0.28229E-04
  14350   0.28032E-04
  14360   0.27816E-04
  14370   0.27630E-04
  14380   0.27430E-04
  14390   0.27221E-04
  14400   0.27035E-04
  14410   0.26802E-04
  14420   0.26634E-04
  14430   0.26432E-04
  14440   0.26240E-04
  14450   0.26047E-04
  14460   0.25839E-04
  14470   0.25635E-04
  14480   0.25483E-04
  14490   0.25258E-04
  14500   0.25091E-04
  14510   0.24893E-04
  14520   0.24722E-04
  14530   0.24492E-04
  14540   0.24346E-04
  14550   0.24180E-04
  14560   0.23993E-04
  14570   0.23804E-04
  14580   0.23572E-04
  14590   0.23406E-04
  14600   0.23231E-04
  14610   0.23066E-04
  14620   0.22851E-04
  14630   0.22724E-04
  14640   0.22526E-04
  14650   0.22342E-04
  14660   0.22191E-04
  14670   0.22026E-04
  14680   0.21822E-04
  14690   0.21665E-04
  14700   0.21453E-04
  14710   0.21319E-04
  14720   0.21116E-04
  14730   0.20983E-04
  14740   0.20832E-04
  14750   0.20670E-04
  14760   0.20516E-04
  14770   0.20331E-04
  14780   0.20208E-04
  14790   0.20051E-04
  14800   0.19889E-04
  14810   0.19761E-04
  14820   0.19585E-04
  14830   0.19420E-04
  14840   0.19291E-04
  14850   0.19122E-04
  14860   0.18959E-04
  14870   0.18830E-04
  14880   0.18665E-04
  14890   0.18566E-04
  14900   0.18416E-04
  14910   0.18285E-04
  14920   0.18115E-04
  14930   0.17970E-04
  14940   0.17850E-04
  14950   0.17707E-04
  14960   0.17560E-04
  14970   0.17443E-04
  14980   0.17322E-04
  14990   0.17177E-04
  15000   0.17047E-04
  15010   0.16887E-04
  15020   0.16820E-04
  15030   0.16701E-04
  15040   0.16571E-04
  15050   0.16439E-04
  15060   0.16321E-04
  15070   0.16224E-04
  15080   0.16094E-04
  15090   0.15995E-04
  15100   0.15883E-04
  15110   0.15798E-04
  15120   0.15673E-04
  15130   0.15567E-04
  15140   0.15462E-04
  15150   0.15369E-04
  15160   0.15294E-04
  15170   0.15207E-04
  15180   0.15088E-04
  15190   0.14993E-04
  15200   0.14923E-04
  15210   0.14856E-04
  15220   0.14746E-04
  15230   0.14705E-04
  15240   0.14588E-04
  15250   0.14520E-04
  15260   0.14456E-04
  15270   0.14398E-04
  15280   0.14294E-04
  15290   0.14265E-04
  15300   0.14197E-04
  15310   0.14131E-04
  15320   0.14050E-04
  15330   0.14012E-04
  15340   0.13959E-04
  15350   0.13888E-04
  15360   0.13839E-04
  15370   0.13794E-04
  15380   0.13758E-04
  15390   0.13715E-04
  15400   0.13661E-04
  15410   0.13603E-04
  15420   0.13574E-04
  15430   0.13552E-04
  15440   0.13504E-04
  15450   0.13483E-04
  15460   0.13460E-04
  15470   0.13413E-04
  15480   0.13389E-04
  15490   0.13387E-04
  15500   0.13358E-04
  15510   0.13354E-04
  15520   0.13314E-04
  15530   0.13330E-04
  15540   0.13338E-04
  15550   0.13294E-04
  15560   0.13285E-04
  15570   0.13278E-04
  15580   0.13273E-04
  15590   0.13251E-04
  15600   0.13280E-04
  15610   0.13271E-04
  15620   0.13269E-04
  15630   0.13285E-04
  15640   0.13287E-04
  15650   0.13313E-04
  15660   0.13316E-04
  15670   0.13352E-04
  15680   0.13361E-04
  15690   0.13378E-04
  15700   0.13390E-04
  15710   0.13412E-04
  15720   0.13441E-04
  15730   0.13458E-04
  15740   0.13480E-04
  15750   0.13519E-04
  15760   0.13570E-04
  15770   0.13585E-04
  15780   0.13599E-04
  15790   0.13633E-04
  15800   0.13650E-04
  15810   0.13694E-04
  15820   0.13726E-04
  15830   0.13778E-04
  15840   0.13778E-04
  15850   0.13830E-04
  15860   0.13886E-04
  15870   0.13917E-04
  15880   0.13958E-04
  15890   0.14000E-04
  15900   0.14052E-04
  15910   0.14097E-04
  15920   0.14143E-04
  15930   0.14165E-04
  15940   0.14212E-04
  15950   0.14262E-04
  15960   0.14312E-04
  15970   0.14375E-04
  15980   0.14430E-04
  15990   0.14485E-04
  16000   0.14537E-04
  16010   0.14589E-04
  16020   0.14618E-04
  16030   0.14661E-04
  16040   0.14734E-04
  16050   0.14797E-04
  16060   0.14847E-04
  16070   0.14893E-04
  16080   0.14957E-04
  16090   0.15007E-04
  16100   0.15091E-04
  16110   0.15156E-04
  16120   0.15216E-04
  16130   0.15287E-04
  16140   0.15340E-04
  16150   0.15401E-04
  16160   0.15477E-04
  16170   0.15534E-04
  16180   0.15596E-04
  16190   0.15670E-04
  16200   0.15729E-04
  16210   0.15792E-04
  16220   0.15827E-04
  16230   0.15880E-04
  16240   0.15959E-04
  16250   0.16034E-04
  16260   0.16088E-04
  16270   0.16177E-04
  16280   0.16217E-04
  16290   0.16311E-04
  16300   0.16362E-04
  16310   0.16432E-04
  16320   0.16499E-04
  16330   0.16547E-04
  16340   0.16624E-04
  16350   0.16675E-04
  16360   0.16759E-04
  16370   0.16815E-04
  16380   0.16909E-04
  16390   0.16945E-04
  16400   0.17020E-04
  16410   0.17107E-04
  16420   0.17180E-04
  16430   0.17232E-04
  16440   0.17294E-04
  16450   0.17327E-04
  16460   0.17402E-04
  16470   0.17479E-04
  16480   0.17553E-04
  16490   0.17593E-04
  16500   0.17668E-04
  16510   0.17715E-04
  16520   0.17816E-04
  16530   0.17862E-04
  16540   0.17898E-04
  16550   0.17971E-04
  16560   0.18037E-04
  16570   0.18114E-04
  16580   0.18171E-04
  16590   0.18222E-04
  16600   0.18281E-04
  16610   0.18370E-04
  16620   0.18404E-04
  16630   0.18456E-04
  16640   0.18526E-04
  16650   0.18577E-04
  16660   0.18645E-04
  16670   0.18704E-04
  16680   0.18782E-04
  16690   0.18818E-04
  16700   0.18885E-04
  16710   0.18949E-04
  16720   0.19014E-04
  16730   0.19090E-04
  16740   0.19162E-04
  16750   0.19198E-04
  16760   0.19241E-04
  16770   0.19329E-04
  16780   0.19375E-04
  16790   0.19443E-04
  16800   0.19512E-04
  16810   0.19563E-04
  16820   0.19615E-04
  16830   0.19665E-04
  16840   0.19733E-04
  16850   0.19796E-04
  16860   0.19843E-04
  16870   0.19913E-04
  16880   0.19954E-04
  16890   0.20023E-04
  16900   0.20051E-04
  16910   0.20139E-04
  16920   0.20190E-04
  16930   0.20219E-04
  16940   0.20282E-04
  16950   0.20354E-04
  16960   0.20400E-04
  16970   0.20479E-04
  16980   0.20496E-04
  16990   0.20561E-04
  17000   0.20597E-04
  17010   0.20629E-04
  17020   0.20677E-04
  17030   0.20739E-04
  17040   0.20790E-04
  17050   0.20811E-04
  17060   0.20859E-04
  17070   0.20906E-04
  17080   0.20971E-04
  17090   0.21017E-04
  17100   0.21073E-04
  17110   0.21095E-04
  17120   0.21147E-04
  17130   0.21187E-04
  17140   0.21250E-04
  17150   0.21287E-04
  17160   0.21355E-04
  17170   0.21388E-04
  17180   0.21426E-04
  17190   0.21452E-04
  17200   0.21515E-04
  17210   0.21520E-04
  17220   0.21588E-04
  17230   0.21631E-04
  17240   0.21659E-04
  17250   0.21711E-04
  17260   0.21774E-04
  17270   0.21758E-04
  17280   0.21842E-04
  17290   0.21863E-04
  17300   0.21895E-04
  17310   0.21912E-04
  17320   0.21956E-04
  17330   0.21981E-04
  17340   0.22043E-04
  17350   0.22062E-04
  17360   0.22074E-04
  17370   0.22118E-04
  17380   0.22165E-04
  17390   0.22195E-04
  17400   0.22241E-04
  17410   0.22267E-04
  17420   0.22306E-04
  17430   0.22343E-04
  17440   0.22387E-04
  17450   0.22399E-04
  17460   0.22445E-04
  17470   0.22473E-04
  17480   0.22492E-04
  17490   0.22545E-04
  17500   0.22528E-04
  17510   0.22588E-04
  17520   0.22585E-04
  17530   0.22632E-04
  17540   0.22655E-04
  17550   0.22677E-04
  17560   0.22720E-04
  17570   0.22710E-04
  17580   0.22767E-04
  17590   0.22791E-04
  17600   0.22844E-04
  17610   0.22861E-04
  17620   0.22886E-04
  17630   0.22928E-04
  17640   0.22950E-04
  17650   0.22992E-04
  17660   0.23009E-04
  17670   0.23033E-04
  17680   0.23084E-04
  17690   0.23092E-04
  17700   0.23106E-04
  17710   0.23127E-04
  17720   0.23152E-04
  17730   0.23163E-04
  17740   0.23180E-04
  17750   0.23221E-04
  17760   0.23182E-04
  17770   0.23249E-04
  17780   0.23233E-04
  17790   0.23262E-04
  17800   0.23289E-04
  17810   0.23250E-04
  17820   0.23313E-04
  17830   0.23291E-04
  17840   0.23335E-04
  17850   0.23316E-04
  17860   0.23356E-04
  17870   0.23378E-04
  17880   0.23391E-04
  17890   0.23388E-04
  17900   0.23433E-04
  17910   0.23413E-04
  17920   0.23450E-04
  17930   0.23428E-04
  17940   0.23475E-04
  17950   0.23462E-04
  17960   0.23494E-04
  17970   0.23466E-04
  17980   0.23478E-04
  17990   0.23477E-04
  18000   0.23506E-04
  18010   0.23537E-04
  18020   0.23534E-04
  18030   0.23536E-04
  18040   0.23532E-04
  18050   0.23556E-04
  18060   0.23567E-04
  18070   0.23548E-04
  18080   0.23561E-04
  18090   0.23538E-04
  18100   0.23580E-04
  18110   0.23596E-04
  18120   0.23567E-04
  18130   0.23587E-04
  18140   0.23575E-04
  18150   0.23537E-04
  18160   0.23575E-04
  18170   0.23583E-04
  18180   0.23576E-04
  18190   0.23584E-04
  18200   0.23603E-04
  18210   0.23575E-04
  18220   0.23576E-04
  18230   0.23577E-04
  18240   0.23567E-04
  18250   0.23576E-04
  18260   0.23570E-04
  18270   0.23555E-04
  18280   0.23607E-04
  18290   0.23573E-04
  18300   0.23575E-04
  18310   0.23562E-04
  18320   0.23567E-04
  18330   0.23561E-04
  18340   0.23560E-04
  18350   0.23544E-04
  18360   0.23518E-04
  18370   0.23512E-04
  18380   0.23509E-04
  18390   0.23531E-04
  18400   0.23515E-04
  18410   0.23525E-04
  18420   0.23512E-04
  18430   0.23506E-04
  18440   0.23479E-04
  18450   0.23513E-04
  18460   0.23496E-04
  18470   0.23481E-04
  18480   0.23463E-04
  18490   0.23445E-04
  18500   0.23451E-04
  18510   0.23454E-04
  18520   0.23419E-04
  18530   0.23401E-04
  18540   0.23386E-04
  18550   0.23384E-04
  18560   0.23384E-04
  18570   0.23346E-04
  18580   0.23342E-04
  18590   0.23332E-04
  18600   0.23307E-04
  18610   0.23274E-04
  18620   0.23279E-04
  18630   0.23267E-04
  18640   0.23234E-04
  18650   0.23248E-04
  18660   0.23219E-04
  18670   0.23210E-04
  18680   0.23175E-04
  18690   0.23179E-04
  18700   0.23146E-04
  18710   0.23123E-04
  18720   0.23088E-04
  18730   0.23116E-04
  18740   0.23084E-04
  18750   0.23075E-04
  18760   0.23036E-04
  18770   0.23035E-04
  18780   0.23024E-04
  18790   0.22992E-04
  18800   0.22983E-04
  18810   0.22967E-04
  18820   0.22953E-04
  18830   0.22933E-04
  18840   0.22898E-04
  18850   0.22888E-04
  18860   0.22867E-04
  18870   0.22848E-04
  18880   0.22839E-04
  18890   0.22799E-04
  18900   0.22810E-04
  18910   0.22755E-04
  18920   0.22743E-04
  18930   0.22719E-04
  18940   0.22693E-04
  18950   0.22671E-04
  18960   0.22691E-04
  18970   0.22649E-04
  18980   0.22619E-04
  18990   0.22576E-04
  19000   0.22580E-04
  19010   0.22531E-04
  19020   0.22518E-04
  19030   0.22488E-04
  19040   0.22487E-04
  19050   0.22468E-04
  19060   0.22441E-04
  19070   0.22427E-04
  19080   0.22379E-04
  19090   0.22371E-04
  19100   0.22353E-04
  19110   0.22329E-04
  19120   0.22311E-04
  19130   0.22235E-04
  19140   0.22238E-04
  19150   0.22182E-04
  19160   0.22143E-04
  19170   0.22139E-04
  19180   0.22104E-04
  19190   0.22086E-04
  19200   0.22056E-04
  19210   0.22007E-04
  19220   0.21986E-04
  19230   0.21946E-04
  19240   0.21907E-04
  19250   0.21866E-04
  19260   0.21850E-04
  19270   0.21827E-04
  19280   0.21803E-04
  19290   0.21763E-04
  19300   0.21718E-04
  19310   0.21706E-04
  19320   0.21671E-04
  19330   0.21655E-04
  19340   0.21648E-04
  19350   0.21599E-04
  19360   0.21585E-04
  19370   0.21530E-04
  19380   0.21536E-04
  19390   0.21481E-04
  19400   0.21439E-04
  19410   0.21414E-04
  19420   0.21367E-04
  19430   0.21368E-04
  19440   0.21341E-04
  19450   0.21292E-04
  19460   0.21255E-04
  19470   0.21250E-04
  19480   0.21202E-04
  19490   0.21155E-04
  19500   0.21119E-04
  19510   0.21085E-04
  19520   0.21045E-04
  19530   0.21023E-04
  19540   0.20959E-04
  19550   0.20951E-04
  19560   0.20903E-04
  19570   0.20847E-04
  19580   0.20820E-04
  19590   0.20778E-04
  19600   0.20750E-04
  19610   0.20719E-04
  19620   0.20718E-04
  19630   0.20684E-04
  19640   0.20662E-04
  19650   0.20630E-04
  19660   0.20600E-04
  19670   0.20591E-04
  19680   0.20506E-04
  19690   0.20498E-04
  19700   0.20436E-04
  19710   0.20397E-04
  19720   0.20369E-04
  19730   0.20342E-04
  19740   0.20279E-04
  19750   0.20251E-04
  19760   0.20189E-04
  19770   0.20171E-04
  19780   0.20140E-04
  19790   0.20104E-04
  19800   0.20067E-04
  19810   0.20017E-04
  19820   0.19969E-04
  19830   0.19932E-04
  19840   0.19892E-04
  19850   0.19863E-04
  19860   0.19820E-04
  19870   0.19783E-04
  19880   0.19743E-04
  19890   0.19714E-04
  19900   0.19643E-04
  19910   0.19614E-04
  19920   0.19581E-04
  19930   0.19532E-04
  19940   0.19505E-04
  19950   0.19472E-04
  19960   0.19424E-04
  19970   0.19410E-04
  19980   0.19368E-04
  19990   0.19334E-04
  20000   0.19308E-04
