     10   0.13763E-02
     20   0.13668E-02
     30   0.13576E-02
     40   0.13490E-02
     50   0.13395E-02
     60   0.13307E-02
     70   0.13220E-02
     80   0.13133E-02
     90   0.13054E-02
    100   0.12962E-02
    110   0.12870E-02
    120   0.12765E-02
    130   0.12683E-02
    140   0.12588E-02
    150   0.12492E-02
    160   0.12398E-02
    170   0.12312E-02
    180   0.12234E-02
    190   0.12136E-02
    200   0.12058E-02
    210   0.11976E-02
    220   0.11895E-02
    230   0.11819E-02
    240   0.11738E-02
    250   0.11643E-02
    260   0.11585E-02
    270   0.11499E-02
    280   0.11428E-02
    290   0.11358E-02
    300   0.11282E-02
    310   0.11215E-02
    320   0.11139E-02
    330   0.11076E-02
    340   0.11008E-02
    350   0.10946E-02
    360   0.10883E-02
    370   0.10815E-02
    380   0.10752E-02
    390   0.10688E-02
    400   0.10629E-02
    410   0.10563E-02
    420   0.10510E-02
    430   0.10443E-02
    440   0.10395E-02
    450   0.10329E-02
    460   0.10275E-02
    470   0.10214E-02
    480   0.10167E-02
    490   0.10107E-02
    500   0.10059E-02
    510   0.10004E-02
    520   0.99464E-03
    530   0.98977E-03
    540   0.98491E-03
    550   0.98007E-03
    560   0.97476E-03
    570   0.97086E-03
    580   0.96520E-03
    590   0.96155E-03
    600   0.95593E-03
    610   0.95213E-03
    620   0.94769E-03
    630   0.94320E-03
    640   0.93919E-03
    650   0.93458E-03
    660   0.93045E-03
    670   0.92535E-03
    680   0.92182E-03
    690   0.91760E-03
    700   0.91432E-03
    710   0.90918E-03
    720   0.90590E-03
    730   0.90217E-03
    740   0.89831E-03
    750   0.89464E-03
    760   0.89027E-03
    770   0.88733E-03
    780   0.88331E-03
    790   0.87992E-03
    800   0.87661E-03
    810   0.87250E-03
    820   0.86938E-03
    830   0.86568E-03
    840   0.86262E-03
    850   0.85938E-03
    860   0.85538E-03
    870   0.85281E-03
    880   0.84970E-03
    890   0.84618E-03
    900   0.84268E-03
    910   0.83981E-03
    920   0.83642E-03
    930   0.83356E-03
    940   0.82996E-03
    950   0.82669E-03
    960   0.82424E-03
    970   0.82118E-03
    980   0.81821E-03
    990   0.81587E-03
   1000   0.81292E-03
   1010   0.81000E-03
   1020   0.80698E-03
   1030   0.80351E-03
   1040   0.80160E-03
   1050   0.79881E-03
   1060   0.79588E-03
   1070   0.79351E-03
   1080   0.79105E-03
   1090   0.78904E-03
   1100   0.78586E-03
   1110   0.78379E-03
   1120   0.78054E-03
   1130   0.77831E-03
   1140   0.77627E-03
   1150   0.77383E-03
   1160   0.77147E-03
   1170   0.76891E-03
   1180   0.76647E-03
   1190   0.76398E-03
   1200   0.76159E-03
   1210   0.75977E-03
   1220   0.75701E-03
   1230   0.75502E-03
   1240   0.75259E-03
   1250   0.75049E-03
   1260   0.74880E-03
   1270   0.74687E-03
   1280   0.74435E-03
   1290   0.74161E-03
   1300   0.73948E-03
   1310   0.73766E-03
   1320   0.73564E-03
   1330   0.73356E-03
   1340   0.73131E-03
   1350   0.72969E-03
   1360   0.72734E-03
   1370   0.72478E-03
   1380   0.72270E-03
   1390   0.72116E-03
   1400   0.71909E-03
   1410   0.71708E-03
   1420   0.71485E-03
   1430   0.71333E-03
   1440   0.71180E-03
   1450   0.70986E-03
   1460   0.70805E-03
   1470   0.70614E-03
   1480   0.70467E-03
   1490   0.70282E-03
   1500   0.70043E-03
   1510   0.69882E-03
   1520   0.69705E-03
   1530   0.69539E-03
   1540   0.69288E-03
   1550   0.69126E-03
   1560   0.69030E-03
   1570   0.68845E-03
   1580   0.68669E-03
   1590   0.68460E-03
   1600   0.68296E-03
   1610   0.68154E-03
   1620   0.67991E-03
   1630   0.67810E-03
   1640   0.67607E-03
   1650   0.67504E-03
   1660   0.67341E-03
   1670   0.67209E-03
   1680   0.67019E-03
   1690   0.66826E-03
   1700   0.66738E-03
   1710   0.66657E-03
   1720   0.66482E-03
   1730   0.66261E-03
   1740   0.66077E-03
   1750   0.65968E-03
   1760   0.65831E-03
   1770   0.65664E-03
   1780   0.65523E-03
   1790   0.65342E-03
   1800   0.65234E-03
   1810   0.65092E-03
   1820   0.64931E-03
   1830   0.64775E-03
   1840   0.64591E-03
   1850   0.64465E-03
   1860   0.64319E-03
   1870   0.64185E-03
   1880   0.64070E-03
   1890   0.63866E-03
   1900   0.63711E-03
   1910   0.63588E-03
   1920   0.63449E-03
   1930   0.63344E-03
   1940   0.63225E-03
   1950   0.63079E-03
   1960   0.62938E-03
   1970   0.62833E-03
   1980   0.62713E-03
   1990   0.62570E-03
   2000   0.62422E-03
   2010   0.62290E-03
   2020   0.62185E-03
   2030   0.62000E-03
   2040   0.61865E-03
   2050   0.61768E-03
   2060   0.61623E-03
   2070   0.61452E-03
   2080   0.61333E-03
   2090   0.61257E-03
   2100   0.61101E-03
   2110   0.60981E-03
   2120   0.60825E-03
   2130   0.60705E-03
   2140   0.60619E-03
   2150   0.60474E-03
   2160   0.60347E-03
   2170   0.60236E-03
   2180   0.60142E-03
   2190   0.60024E-03
   2200   0.59875E-03
   2210   0.59792E-03
   2220   0.59675E-03
   2230   0.59539E-03
   2240   0.59441E-03
   2250   0.59322E-03
   2260   0.59181E-03
   2270   0.59051E-03
   2280   0.58972E-03
   2290   0.58853E-03
   2300   0.58750E-03
   2310   0.58638E-03
   2320   0.58518E-03
   2330   0.58424E-03
   2340   0.58265E-03
   2350   0.58159E-03
   2360   0.58056E-03
   2370   0.57944E-03
   2380   0.57835E-03
   2390   0.57708E-03
   2400   0.57620E-03
   2410   0.57485E-03
   2420   0.57408E-03
   2430   0.57291E-03
   2440   0.57163E-03
   2450   0.57079E-03
   2460   0.56934E-03
   2470   0.56811E-03
   2480   0.56667E-03
   2490   0.56565E-03
   2500   0.56520E-03
   2510   0.56437E-03
   2520   0.56314E-03
   2530   0.56227E-03
   2540   0.56101E-03
   2550   0.56008E-03
   2560   0.55905E-03
   2570   0.55807E-03
   2580   0.55683E-03
   2590   0.55555E-03
   2600   0.55483E-03
   2610   0.55400E-03
   2620   0.55264E-03
   2630   0.55193E-03
   2640   0.55089E-03
   2650   0.54962E-03
   2660   0.54891E-03
   2670   0.54809E-03
   2680   0.54680E-03
   2690   0.54614E-03
   2700   0.54520E-03
   2710   0.54371E-03
   2720   0.54264E-03
   2730   0.54126E-03
   2740   0.54060E-03
   2750   0.53963E-03
   2760   0.53856E-03
   2770   0.53772E-03
   2780   0.53668E-03
   2790   0.53568E-03
   2800   0.53516E-03
   2810   0.53405E-03
   2820   0.53316E-03
   2830   0.53194E-03
   2840   0.53124E-03
   2850   0.53025E-03
   2860   0.52906E-03
   2870   0.52816E-03
   2880   0.52714E-03
   2890   0.52634E-03
   2900   0.52567E-03
   2910   0.52443E-03
   2920   0.52367E-03
   2930   0.52267E-03
   2940   0.52184E-03
   2950   0.52093E-03
   2960   0.52007E-03
   2970   0.51940E-03
   2980   0.51829E-03
   2990   0.51729E-03
   3000   0.51587E-03
   3010   0.51495E-03
   3020   0.51449E-03
   3030   0.51366E-03
   3040   0.51266E-03
   3050   0.51191E-03
   3060   0.51092E-03
   3070   0.51003E-03
   3080   0.50973E-03
   3090   0.50843E-03
   3100   0.50763E-03
   3110   0.50679E-03
   3120   0.50555E-03
   3130   0.50448E-03
   3140   0.50339E-03
   3150   0.50246E-03
   3160   0.50142E-03
   3170   0.50073E-03
   3180   0.49984E-03
   3190   0.49942E-03
   3200   0.49847E-03
   3210   0.49779E-03
   3220   0.49668E-03
   3230   0.49582E-03
   3240   0.49460E-03
   3250   0.49397E-03
   3260   0.49337E-03
   3270   0.49221E-03
   3280   0.49139E-03
   3290   0.49054E-03
   3300   0.49010E-03
   3310   0.48912E-03
   3320   0.48832E-03
   3330   0.48787E-03
   3340   0.48691E-03
   3350   0.48603E-03
   3360   0.48524E-03
   3370   0.48436E-03
   3380   0.48368E-03
   3390   0.48308E-03
   3400   0.48242E-03
   3410   0.48167E-03
   3420   0.48082E-03
   3430   0.47999E-03
   3440   0.47966E-03
   3450   0.47835E-03
   3460   0.47767E-03
   3470   0.47665E-03
   3480   0.47593E-03
   3490   0.47497E-03
   3500   0.47411E-03
   3510   0.47348E-03
   3520   0.47264E-03
   3530   0.47155E-03
   3540   0.47094E-03
   3550   0.47004E-03
   3560   0.46900E-03
   3570   0.46836E-03
   3580   0.46769E-03
   3590   0.46712E-03
   3600   0.46624E-03
   3610   0.46559E-03
   3620   0.46457E-03
   3630   0.46381E-03
   3640   0.46292E-03
   3650   0.46232E-03
   3660   0.46192E-03
   3670   0.46085E-03
   3680   0.46001E-03
   3690   0.45952E-03
   3700   0.45885E-03
   3710   0.45797E-03
   3720   0.45751E-03
   3730   0.45666E-03
   3740   0.45576E-03
   3750   0.45523E-03
   3760   0.45449E-03
   3770   0.45366E-03
   3780   0.45297E-03
   3790   0.45198E-03
   3800   0.45158E-03
   3810   0.45101E-03
   3820   0.45043E-03
   3830   0.44935E-03
   3840   0.44902E-03
   3850   0.44810E-03
   3860   0.44749E-03
   3870   0.44674E-03
   3880   0.44588E-03
   3890   0.44511E-03
   3900   0.44403E-03
   3910   0.44362E-03
   3920   0.44283E-03
   3930   0.44220E-03
   3940   0.44170E-03
   3950   0.44083E-03
   3960   0.44035E-03
   3970   0.43968E-03
   3980   0.43912E-03
   3990   0.43835E-03
   4000   0.43738E-03
   4010   0.43660E-03
   4020   0.43615E-03
   4030   0.43513E-03
   4040   0.43478E-03
   4050   0.43386E-03
   4060   0.43320E-03
   4070   0.43253E-03
   4080   0.43187E-03
   4090   0.43119E-03
   4100   0.43045E-03
   4110   0.42974E-03
   4120   0.42877E-03
   4130   0.42820E-03
   4140   0.42760E-03
   4150   0.42709E-03
   4160   0.42638E-03
   4170   0.42572E-03
   4180   0.42550E-03
   4190   0.42485E-03
   4200   0.42428E-03
   4210   0.42355E-03
   4220   0.42297E-03
   4230   0.42247E-03
   4240   0.42175E-03
   4250   0.42121E-03
   4260   0.42082E-03
   4270   0.42039E-03
   4280   0.41961E-03
   4290   0.41938E-03
   4300   0.41897E-03
   4310   0.41834E-03
   4320   0.41788E-03
   4330   0.41703E-03
   4340   0.41655E-03
   4350   0.41553E-03
   4360   0.41514E-03
   4370   0.41483E-03
   4380   0.41421E-03
   4390   0.41390E-03
   4400   0.41326E-03
   4410   0.41272E-03
   4420   0.41213E-03
   4430   0.41162E-03
   4440   0.41114E-03
   4450   0.41069E-03
   4460   0.41026E-03
   4470   0.40956E-03
   4480   0.40915E-03
   4490   0.40855E-03
   4500   0.40805E-03
   4510   0.40744E-03
   4520   0.40690E-03
   4530   0.40657E-03
   4540   0.40618E-03
   4550   0.40566E-03
   4560   0.40535E-03
   4570   0.40483E-03
   4580   0.40458E-03
   4590   0.40441E-03
   4600   0.40401E-03
   4610   0.40353E-03
   4620   0.40318E-03
   4630   0.40289E-03
   4640   0.40257E-03
   4650   0.40225E-03
   4660   0.40154E-03
   4670   0.40126E-03
   4680   0.40111E-03
   4690   0.40065E-03
   4700   0.40040E-03
   4710   0.40027E-03
   4720   0.39978E-03
   4730   0.39964E-03
   4740   0.39956E-03
   4750   0.39965E-03
   4760   0.39944E-03
   4770   0.39933E-03
   4780   0.39928E-03
   4790   0.39916E-03
   4800   0.39891E-03
   4810   0.39897E-03
   4820   0.39884E-03
   4830   0.39863E-03
   4840   0.39866E-03
   4850   0.39854E-03
   4860   0.39862E-03
   4870   0.39837E-03
   4880   0.39838E-03
   4890   0.39829E-03
   4900   0.39838E-03
   4910   0.39815E-03
   4920   0.39826E-03
   4930   0.39827E-03
   4940   0.39818E-03
   4950   0.39812E-03
   4960   0.39851E-03
   4970   0.39854E-03
   4980   0.39867E-03
   4990   0.39855E-03
   5000   0.39860E-03
   5010   0.39880E-03
   5020   0.39875E-03
   5030   0.39895E-03
   5040   0.39922E-03
   5050   0.39940E-03
   5060   0.39979E-03
   5070   0.39997E-03
   5080   0.40023E-03
   5090   0.40065E-03
   5100   0.40099E-03
   5110   0.40140E-03
   5120   0.40183E-03
   5130   0.40230E-03
   5140   0.40270E-03
   5150   0.40291E-03
   5160   0.40341E-03
   5170   0.40390E-03
   5180   0.40467E-03
   5190   0.40536E-03
   5200   0.40616E-03
   5210   0.40690E-03
   5220   0.40714E-03
   5230   0.40751E-03
   5240   0.40816E-03
   5250   0.40911E-03
   5260   0.41024E-03
   5270   0.41148E-03
   5280   0.41219E-03
   5290   0.41282E-03
   5300   0.41349E-03
   5310   0.41420E-03
   5320   0.41548E-03
   5330   0.41667E-03
   5340   0.41752E-03
   5350   0.41864E-03
   5360   0.41948E-03
   5370   0.42085E-03
   5380   0.42200E-03
   5390   0.42263E-03
   5400   0.42380E-03
   5410   0.42413E-03
   5420   0.42507E-03
   5430   0.42666E-03
   5440   0.42832E-03
   5450   0.42906E-03
   5460   0.42877E-03
   5470   0.42791E-03
   5480   0.42939E-03
   5490   0.42894E-03
   5500   0.43062E-03
   5510   0.43237E-03
   5520   0.43326E-03
   5530   0.43269E-03
   5540   0.43161E-03
   5550   0.43068E-03
   5560   0.43241E-03
   5570   0.43462E-03
   5580   0.43734E-03
   5590   0.43893E-03
   5600   0.43960E-03
   5610   0.43901E-03
   5620   0.43878E-03
   5630   0.43928E-03
   5640   0.44064E-03
   5650   0.44214E-03
   5660   0.44316E-03
   5670   0.44341E-03
   5680   0.44342E-03
   5690   0.44326E-03
   5700   0.44357E-03
   5710   0.44365E-03
   5720   0.44419E-03
   5730   0.44464E-03
   5740   0.44513E-03
   5750   0.44562E-03
   5760   0.44593E-03
   5770   0.44620E-03
   5780   0.44653E-03
   5790   0.44732E-03
   5800   0.44845E-03
   5810   0.44969E-03
   5820   0.45069E-03
   5830   0.45120E-03
   5840   0.45189E-03
   5850   0.45277E-03
   5860   0.45352E-03
   5870   0.45437E-03
   5880   0.45505E-03
   5890   0.45551E-03
   5900   0.45614E-03
   5910   0.45739E-03
   5920   0.45092E-03
   5930   0.46028E-03
   5940   0.46605E-03
   5950   0.47099E-03
   5960   0.47556E-03
   5970   0.47777E-03
   5980   0.47731E-03
   5990   0.47425E-03
   6000   0.46910E-03
   6010   0.46349E-03
   6020   0.45896E-03
   6030   0.45870E-03
   6040   0.46219E-03
   6050   0.46824E-03
   6060   0.47473E-03
   6070   0.47791E-03
   6080   0.47735E-03
   6090   0.47291E-03
   6100   0.46665E-03
   6110   0.46127E-03
   6120   0.45890E-03
   6130   0.46097E-03
   6140   0.46497E-03
   6150   0.47287E-03
   6160   0.47905E-03
   6170   0.48280E-03
   6180   0.48268E-03
   6190   0.47767E-03
   6200   0.47371E-03
   6210   0.46528E-03
   6220   0.46001E-03
   6230   0.45852E-03
   6240   0.46819E-03
   6250   0.46768E-03
   6260   0.49323E-03
   6270   0.17429E-02
   6280   0.11032E-01
   6290           NaN
   6300           NaN
   6310           NaN
   6320           NaN
   6330           NaN
   6340           NaN
   6350           NaN
   6360           NaN
   6370           NaN
   6380           NaN
   6390           NaN
   6400           NaN
   6410           NaN
   6420           NaN
   6430           NaN
   6440           NaN
   6450           NaN
   6460           NaN
   6470           NaN
   6480           NaN
   6490           NaN
   6500           NaN
   6510           NaN
   6520           NaN
   6530           NaN
   6540           NaN
   6550           NaN
   6560           NaN
   6570           NaN
   6580           NaN
   6590           NaN
   6600           NaN
   6610           NaN
   6620           NaN
   6630           NaN
   6640           NaN
   6650           NaN
   6660           NaN
   6670           NaN
   6680           NaN
   6690           NaN
   6700           NaN
   6710           NaN
   6720           NaN
   6730           NaN
   6740           NaN
   6750           NaN
   6760           NaN
   6770           NaN
   6780           NaN
   6790           NaN
   6800           NaN
   6810           NaN
   6820           NaN
   6830           NaN
   6840           NaN
   6850           NaN
   6860           NaN
   6870           NaN
   6880           NaN
   6890           NaN
   6900           NaN
   6910           NaN
   6920           NaN
   6930           NaN
   6940           NaN
   6950           NaN
   6960           NaN
   6970           NaN
   6980           NaN
   6990           NaN
   7000           NaN
   7010           NaN
   7020           NaN
   7030           NaN
   7040           NaN
   7050           NaN
   7060           NaN
   7070           NaN
   7080           NaN
   7090           NaN
   7100           NaN
   7110           NaN
   7120           NaN
   7130           NaN
   7140           NaN
   7150           NaN
   7160           NaN
   7170           NaN
   7180           NaN
   7190           NaN
   7200           NaN
   7210           NaN
   7220           NaN
   7230           NaN
   7240           NaN
   7250           NaN
   7260           NaN
   7270           NaN
   7280           NaN
   7290           NaN
   7300           NaN
   7310           NaN
   7320           NaN
   7330           NaN
   7340           NaN
   7350           NaN
   7360           NaN
   7370           NaN
   7380           NaN
   7390           NaN
   7400           NaN
   7410           NaN
   7420           NaN
   7430           NaN
   7440           NaN
   7450           NaN
   7460           NaN
   7470           NaN
   7480           NaN
   7490           NaN
   7500           NaN
   7510           NaN
   7520           NaN
   7530           NaN
   7540           NaN
   7550           NaN
   7560           NaN
   7570           NaN
   7580           NaN
   7590           NaN
   7600           NaN
   7610           NaN
   7620           NaN
   7630           NaN
   7640           NaN
   7650           NaN
   7660           NaN
   7670           NaN
   7680           NaN
   7690           NaN
   7700           NaN
   7710           NaN
   7720           NaN
   7730           NaN
   7740           NaN
   7750           NaN
   7760           NaN
   7770           NaN
   7780           NaN
   7790           NaN
   7800           NaN
   7810           NaN
   7820           NaN
   7830           NaN
   7840           NaN
   7850           NaN
   7860           NaN
   7870           NaN
   7880           NaN
   7890           NaN
   7900           NaN
   7910           NaN
   7920           NaN
   7930           NaN
   7940           NaN
   7950           NaN
   7960           NaN
   7970           NaN
   7980           NaN
   7990           NaN
   8000           NaN
   8010           NaN
   8020           NaN
   8030           NaN
   8040           NaN
   8050           NaN
   8060           NaN
   8070           NaN
   8080           NaN
   8090           NaN
   8100           NaN
   8110           NaN
   8120           NaN
   8130           NaN
   8140           NaN
   8150           NaN
   8160           NaN
   8170           NaN
   8180           NaN
   8190           NaN
   8200           NaN
   8210           NaN
   8220           NaN
   8230           NaN
   8240           NaN
   8250           NaN
   8260           NaN
   8270           NaN
   8280           NaN
   8290           NaN
   8300           NaN
   8310           NaN
   8320           NaN
   8330           NaN
   8340           NaN
   8350           NaN
   8360           NaN
   8370           NaN
   8380           NaN
   8390           NaN
   8400           NaN
   8410           NaN
   8420           NaN
   8430           NaN
   8440           NaN
   8450           NaN
   8460           NaN
   8470           NaN
   8480           NaN
   8490           NaN
   8500           NaN
   8510           NaN
   8520           NaN
   8530           NaN
   8540           NaN
   8550           NaN
   8560           NaN
   8570           NaN
   8580           NaN
   8590           NaN
   8600           NaN
   8610           NaN
   8620           NaN
   8630           NaN
   8640           NaN
   8650           NaN
   8660           NaN
   8670           NaN
   8680           NaN
   8690           NaN
   8700           NaN
   8710           NaN
   8720           NaN
   8730           NaN
   8740           NaN
   8750           NaN
   8760           NaN
   8770           NaN
   8780           NaN
   8790           NaN
   8800           NaN
   8810           NaN
   8820           NaN
   8830           NaN
   8840           NaN
   8850           NaN
   8860           NaN
   8870           NaN
   8880           NaN
   8890           NaN
   8900           NaN
   8910           NaN
   8920           NaN
   8930           NaN
   8940           NaN
   8950           NaN
   8960           NaN
   8970           NaN
   8980           NaN
   8990           NaN
   9000           NaN
   9010           NaN
   9020           NaN
   9030           NaN
   9040           NaN
   9050           NaN
   9060           NaN
   9070           NaN
   9080           NaN
   9090           NaN
   9100           NaN
   9110           NaN
   9120           NaN
   9130           NaN
   9140           NaN
   9150           NaN
   9160           NaN
   9170           NaN
   9180           NaN
   9190           NaN
   9200           NaN
   9210           NaN
   9220           NaN
   9230           NaN
   9240           NaN
   9250           NaN
   9260           NaN
   9270           NaN
   9280           NaN
   9290           NaN
   9300           NaN
   9310           NaN
   9320           NaN
   9330           NaN
   9340           NaN
   9350           NaN
   9360           NaN
   9370           NaN
   9380           NaN
   9390           NaN
   9400           NaN
   9410           NaN
   9420           NaN
   9430           NaN
   9440           NaN
   9450           NaN
   9460           NaN
   9470           NaN
   9480           NaN
   9490           NaN
   9500           NaN
   9510           NaN
   9520           NaN
   9530           NaN
   9540           NaN
   9550           NaN
   9560           NaN
   9570           NaN
   9580           NaN
   9590           NaN
   9600           NaN
   9610           NaN
   9620           NaN
   9630           NaN
   9640           NaN
   9650           NaN
   9660           NaN
   9670           NaN
   9680           NaN
   9690           NaN
   9700           NaN
   9710           NaN
   9720           NaN
   9730           NaN
   9740           NaN
   9750           NaN
   9760           NaN
   9770           NaN
   9780           NaN
   9790           NaN
   9800           NaN
   9810           NaN
   9820           NaN
   9830           NaN
   9840           NaN
   9850           NaN
   9860           NaN
   9870           NaN
   9880           NaN
   9890           NaN
   9900           NaN
   9910           NaN
   9920           NaN
   9930           NaN
   9940           NaN
   9950           NaN
   9960           NaN
   9970           NaN
   9980           NaN
   9990           NaN
  10000           NaN
  10010           NaN
  10020           NaN
  10030           NaN
  10040           NaN
  10050           NaN
  10060           NaN
  10070           NaN
  10080           NaN
  10090           NaN
  10100           NaN
  10110           NaN
  10120           NaN
  10130           NaN
  10140           NaN
  10150           NaN
  10160           NaN
  10170           NaN
  10180           NaN
  10190           NaN
  10200           NaN
  10210           NaN
  10220           NaN
  10230           NaN
  10240           NaN
  10250           NaN
  10260           NaN
  10270           NaN
  10280           NaN
  10290           NaN
  10300           NaN
  10310           NaN
  10320           NaN
  10330           NaN
  10340           NaN
  10350           NaN
  10360           NaN
  10370           NaN
  10380           NaN
  10390           NaN
  10400           NaN
  10410           NaN
  10420           NaN
  10430           NaN
  10440           NaN
  10450           NaN
  10460           NaN
  10470           NaN
  10480           NaN
  10490           NaN
  10500           NaN
  10510           NaN
  10520           NaN
  10530           NaN
  10540           NaN
  10550           NaN
  10560           NaN
  10570           NaN
  10580           NaN
  10590           NaN
  10600           NaN
  10610           NaN
  10620           NaN
  10630           NaN
  10640           NaN
  10650           NaN
  10660           NaN
  10670           NaN
  10680           NaN
  10690           NaN
  10700           NaN
  10710           NaN
  10720           NaN
  10730           NaN
  10740           NaN
  10750           NaN
  10760           NaN
  10770           NaN
  10780           NaN
  10790           NaN
  10800           NaN
  10810           NaN
  10820           NaN
  10830           NaN
  10840           NaN
  10850           NaN
  10860           NaN
  10870           NaN
  10880           NaN
  10890           NaN
  10900           NaN
  10910           NaN
  10920           NaN
  10930           NaN
  10940           NaN
  10950           NaN
  10960           NaN
  10970           NaN
  10980           NaN
  10990           NaN
  11000           NaN
  11010           NaN
  11020           NaN
  11030           NaN
  11040           NaN
  11050           NaN
  11060           NaN
  11070           NaN
  11080           NaN
  11090           NaN
  11100           NaN
  11110           NaN
  11120           NaN
  11130           NaN
  11140           NaN
  11150           NaN
  11160           NaN
  11170           NaN
  11180           NaN
  11190           NaN
  11200           NaN
  11210           NaN
  11220           NaN
  11230           NaN
  11240           NaN
  11250           NaN
  11260           NaN
  11270           NaN
  11280           NaN
  11290           NaN
  11300           NaN
  11310           NaN
  11320           NaN
  11330           NaN
  11340           NaN
  11350           NaN
  11360           NaN
  11370           NaN
  11380           NaN
  11390           NaN
  11400           NaN
  11410           NaN
  11420           NaN
  11430           NaN
  11440           NaN
  11450           NaN
  11460           NaN
  11470           NaN
  11480           NaN
  11490           NaN
  11500           NaN
  11510           NaN
  11520           NaN
  11530           NaN
  11540           NaN
  11550           NaN
  11560           NaN
  11570           NaN
  11580           NaN
  11590           NaN
  11600           NaN
  11610           NaN
  11620           NaN
  11630           NaN
  11640           NaN
  11650           NaN
  11660           NaN
  11670           NaN
  11680           NaN
  11690           NaN
  11700           NaN
  11710           NaN
  11720           NaN
  11730           NaN
  11740           NaN
  11750           NaN
  11760           NaN
  11770           NaN
  11780           NaN
  11790           NaN
  11800           NaN
  11810           NaN
  11820           NaN
  11830           NaN
  11840           NaN
  11850           NaN
  11860           NaN
  11870           NaN
  11880           NaN
  11890           NaN
  11900           NaN
  11910           NaN
  11920           NaN
  11930           NaN
  11940           NaN
  11950           NaN
  11960           NaN
  11970           NaN
  11980           NaN
  11990           NaN
  12000           NaN
  12010           NaN
  12020           NaN
  12030           NaN
  12040           NaN
  12050           NaN
  12060           NaN
  12070           NaN
  12080           NaN
  12090           NaN
  12100           NaN
  12110           NaN
  12120           NaN
  12130           NaN
  12140           NaN
  12150           NaN
  12160           NaN
  12170           NaN
  12180           NaN
  12190           NaN
  12200           NaN
  12210           NaN
  12220           NaN
  12230           NaN
  12240           NaN
  12250           NaN
  12260           NaN
  12270           NaN
  12280           NaN
  12290           NaN
  12300           NaN
  12310           NaN
  12320           NaN
  12330           NaN
  12340           NaN
  12350           NaN
  12360           NaN
  12370           NaN
  12380           NaN
  12390           NaN
  12400           NaN
  12410           NaN
  12420           NaN
  12430           NaN
  12440           NaN
  12450           NaN
  12460           NaN
  12470           NaN
  12480           NaN
  12490           NaN
  12500           NaN
  12510           NaN
  12520           NaN
  12530           NaN
  12540           NaN
  12550           NaN
  12560           NaN
  12570           NaN
  12580           NaN
  12590           NaN
  12600           NaN
  12610           NaN
  12620           NaN
  12630           NaN
  12640           NaN
  12650           NaN
  12660           NaN
  12670           NaN
  12680           NaN
  12690           NaN
  12700           NaN
  12710           NaN
  12720           NaN
  12730           NaN
  12740           NaN
  12750           NaN
  12760           NaN
  12770           NaN
  12780           NaN
  12790           NaN
  12800           NaN
  12810           NaN
  12820           NaN
  12830           NaN
  12840           NaN
  12850           NaN
  12860           NaN
  12870           NaN
  12880           NaN
  12890           NaN
  12900           NaN
  12910           NaN
  12920           NaN
  12930           NaN
  12940           NaN
  12950           NaN
  12960           NaN
  12970           NaN
  12980           NaN
  12990           NaN
  13000           NaN
  13010           NaN
  13020           NaN
  13030           NaN
  13040           NaN
  13050           NaN
  13060           NaN
  13070           NaN
  13080           NaN
  13090           NaN
  13100           NaN
  13110           NaN
  13120           NaN
  13130           NaN
  13140           NaN
  13150           NaN
  13160           NaN
  13170           NaN
  13180           NaN
  13190           NaN
  13200           NaN
  13210           NaN
  13220           NaN
  13230           NaN
  13240           NaN
  13250           NaN
  13260           NaN
  13270           NaN
  13280           NaN
  13290           NaN
  13300           NaN
  13310           NaN
  13320           NaN
  13330           NaN
  13340           NaN
  13350           NaN
  13360           NaN
  13370           NaN
  13380           NaN
  13390           NaN
  13400           NaN
  13410           NaN
  13420           NaN
  13430           NaN
  13440           NaN
  13450           NaN
  13460           NaN
  13470           NaN
  13480           NaN
  13490           NaN
  13500           NaN
  13510           NaN
  13520           NaN
  13530           NaN
  13540           NaN
  13550           NaN
  13560           NaN
  13570           NaN
  13580           NaN
  13590           NaN
  13600           NaN
  13610           NaN
  13620           NaN
  13630           NaN
  13640           NaN
  13650           NaN
  13660           NaN
  13670           NaN
  13680           NaN
  13690           NaN
  13700           NaN
  13710           NaN
  13720           NaN
  13730           NaN
  13740           NaN
  13750           NaN
  13760           NaN
  13770           NaN
  13780           NaN
  13790           NaN
  13800           NaN
  13810           NaN
  13820           NaN
  13830           NaN
  13840           NaN
  13850           NaN
  13860           NaN
  13870           NaN
  13880           NaN
  13890           NaN
  13900           NaN
  13910           NaN
  13920           NaN
  13930           NaN
  13940           NaN
  13950           NaN
  13960           NaN
  13970           NaN
  13980           NaN
  13990           NaN
  14000           NaN
  14010           NaN
  14020           NaN
  14030           NaN
  14040           NaN
  14050           NaN
  14060           NaN
  14070           NaN
  14080           NaN
  14090           NaN
  14100           NaN
  14110           NaN
  14120           NaN
  14130           NaN
  14140           NaN
  14150           NaN
  14160           NaN
  14170           NaN
  14180           NaN
  14190           NaN
  14200           NaN
  14210           NaN
  14220           NaN
  14230           NaN
  14240           NaN
  14250           NaN
  14260           NaN
  14270           NaN
  14280           NaN
  14290           NaN
  14300           NaN
  14310           NaN
  14320           NaN
  14330           NaN
  14340           NaN
  14350           NaN
  14360           NaN
  14370           NaN
  14380           NaN
  14390           NaN
  14400           NaN
  14410           NaN
  14420           NaN
  14430           NaN
  14440           NaN
  14450           NaN
  14460           NaN
  14470           NaN
  14480           NaN
  14490           NaN
  14500           NaN
  14510           NaN
  14520           NaN
  14530           NaN
  14540           NaN
  14550           NaN
  14560           NaN
  14570           NaN
  14580           NaN
  14590           NaN
  14600           NaN
  14610           NaN
  14620           NaN
  14630           NaN
  14640           NaN
  14650           NaN
  14660           NaN
  14670           NaN
  14680           NaN
  14690           NaN
  14700           NaN
  14710           NaN
  14720           NaN
  14730           NaN
  14740           NaN
  14750           NaN
  14760           NaN
  14770           NaN
  14780           NaN
  14790           NaN
  14800           NaN
  14810           NaN
  14820           NaN
  14830           NaN
  14840           NaN
  14850           NaN
  14860           NaN
  14870           NaN
  14880           NaN
  14890           NaN
  14900           NaN
  14910           NaN
  14920           NaN
  14930           NaN
  14940           NaN
  14950           NaN
  14960           NaN
  14970           NaN
  14980           NaN
  14990           NaN
  15000           NaN
  15010           NaN
  15020           NaN
  15030           NaN
  15040           NaN
  15050           NaN
  15060           NaN
  15070           NaN
  15080           NaN
  15090           NaN
  15100           NaN
  15110           NaN
  15120           NaN
  15130           NaN
  15140           NaN
  15150           NaN
  15160           NaN
  15170           NaN
  15180           NaN
  15190           NaN
  15200           NaN
  15210           NaN
  15220           NaN
  15230           NaN
  15240           NaN
  15250           NaN
  15260           NaN
  15270           NaN
  15280           NaN
  15290           NaN
  15300           NaN
  15310           NaN
  15320           NaN
  15330           NaN
  15340           NaN
  15350           NaN
  15360           NaN
  15370           NaN
  15380           NaN
  15390           NaN
  15400           NaN
  15410           NaN
  15420           NaN
  15430           NaN
  15440           NaN
  15450           NaN
  15460           NaN
  15470           NaN
  15480           NaN
  15490           NaN
  15500           NaN
  15510           NaN
  15520           NaN
  15530           NaN
  15540           NaN
  15550           NaN
  15560           NaN
  15570           NaN
  15580           NaN
  15590           NaN
  15600           NaN
  15610           NaN
  15620           NaN
  15630           NaN
  15640           NaN
  15650           NaN
  15660           NaN
  15670           NaN
  15680           NaN
  15690           NaN
  15700           NaN
  15710           NaN
  15720           NaN
  15730           NaN
  15740           NaN
  15750           NaN
  15760           NaN
  15770           NaN
  15780           NaN
  15790           NaN
  15800           NaN
  15810           NaN
  15820           NaN
  15830           NaN
  15840           NaN
  15850           NaN
  15860           NaN
  15870           NaN
  15880           NaN
  15890           NaN
  15900           NaN
  15910           NaN
  15920           NaN
  15930           NaN
  15940           NaN
  15950           NaN
  15960           NaN
  15970           NaN
  15980           NaN
  15990           NaN
  16000           NaN
  16010           NaN
  16020           NaN
  16030           NaN
  16040           NaN
  16050           NaN
  16060           NaN
  16070           NaN
  16080           NaN
  16090           NaN
  16100           NaN
  16110           NaN
  16120           NaN
  16130           NaN
  16140           NaN
  16150           NaN
  16160           NaN
  16170           NaN
  16180           NaN
  16190           NaN
  16200           NaN
  16210           NaN
  16220           NaN
  16230           NaN
  16240           NaN
  16250           NaN
  16260           NaN
  16270           NaN
  16280           NaN
  16290           NaN
  16300           NaN
  16310           NaN
  16320           NaN
  16330           NaN
  16340           NaN
  16350           NaN
  16360           NaN
  16370           NaN
  16380           NaN
  16390           NaN
  16400           NaN
  16410           NaN
  16420           NaN
  16430           NaN
  16440           NaN
  16450           NaN
  16460           NaN
  16470           NaN
  16480           NaN
  16490           NaN
  16500           NaN
  16510           NaN
  16520           NaN
  16530           NaN
  16540           NaN
  16550           NaN
  16560           NaN
  16570           NaN
  16580           NaN
  16590           NaN
  16600           NaN
  16610           NaN
  16620           NaN
  16630           NaN
  16640           NaN
  16650           NaN
  16660           NaN
  16670           NaN
  16680           NaN
  16690           NaN
  16700           NaN
  16710           NaN
  16720           NaN
  16730           NaN
  16740           NaN
  16750           NaN
  16760           NaN
  16770           NaN
  16780           NaN
  16790           NaN
  16800           NaN
  16810           NaN
  16820           NaN
  16830           NaN
  16840           NaN
  16850           NaN
  16860           NaN
  16870           NaN
  16880           NaN
  16890           NaN
  16900           NaN
  16910           NaN
  16920           NaN
  16930           NaN
  16940           NaN
  16950           NaN
  16960           NaN
  16970           NaN
  16980           NaN
  16990           NaN
  17000           NaN
  17010           NaN
  17020           NaN
  17030           NaN
  17040           NaN
  17050           NaN
  17060           NaN
  17070           NaN
  17080           NaN
  17090           NaN
  17100           NaN
  17110           NaN
  17120           NaN
  17130           NaN
  17140           NaN
  17150           NaN
  17160           NaN
  17170           NaN
  17180           NaN
  17190           NaN
  17200           NaN
  17210           NaN
  17220           NaN
  17230           NaN
  17240           NaN
  17250           NaN
  17260           NaN
  17270           NaN
  17280           NaN
  17290           NaN
  17300           NaN
  17310           NaN
  17320           NaN
  17330           NaN
  17340           NaN
  17350           NaN
  17360           NaN
  17370           NaN
  17380           NaN
  17390           NaN
  17400           NaN
  17410           NaN
  17420           NaN
  17430           NaN
  17440           NaN
  17450           NaN
  17460           NaN
  17470           NaN
  17480           NaN
  17490           NaN
  17500           NaN
  17510           NaN
  17520           NaN
  17530           NaN
  17540           NaN
  17550           NaN
  17560           NaN
  17570           NaN
  17580           NaN
  17590           NaN
  17600           NaN
  17610           NaN
  17620           NaN
  17630           NaN
  17640           NaN
  17650           NaN
  17660           NaN
  17670           NaN
  17680           NaN
  17690           NaN
  17700           NaN
  17710           NaN
  17720           NaN
  17730           NaN
  17740           NaN
  17750           NaN
  17760           NaN
  17770           NaN
  17780           NaN
  17790           NaN
  17800           NaN
  17810           NaN
  17820           NaN
  17830           NaN
  17840           NaN
  17850           NaN
  17860           NaN
  17870           NaN
  17880           NaN
  17890           NaN
  17900           NaN
  17910           NaN
  17920           NaN
  17930           NaN
  17940           NaN
  17950           NaN
  17960           NaN
  17970           NaN
  17980           NaN
  17990           NaN
  18000           NaN
  18010           NaN
  18020           NaN
  18030           NaN
  18040           NaN
  18050           NaN
  18060           NaN
  18070           NaN
  18080           NaN
  18090           NaN
  18100           NaN
  18110           NaN
  18120           NaN
  18130           NaN
  18140           NaN
  18150           NaN
  18160           NaN
  18170           NaN
  18180           NaN
  18190           NaN
  18200           NaN
  18210           NaN
  18220           NaN
  18230           NaN
  18240           NaN
  18250           NaN
  18260           NaN
  18270           NaN
  18280           NaN
  18290           NaN
  18300           NaN
  18310           NaN
  18320           NaN
  18330           NaN
  18340           NaN
  18350           NaN
  18360           NaN
  18370           NaN
  18380           NaN
  18390           NaN
  18400           NaN
  18410           NaN
  18420           NaN
  18430           NaN
  18440           NaN
  18450           NaN
  18460           NaN
  18470           NaN
  18480           NaN
  18490           NaN
  18500           NaN
  18510           NaN
  18520           NaN
  18530           NaN
  18540           NaN
  18550           NaN
  18560           NaN
  18570           NaN
  18580           NaN
  18590           NaN
  18600           NaN
  18610           NaN
  18620           NaN
  18630           NaN
  18640           NaN
  18650           NaN
  18660           NaN
  18670           NaN
  18680           NaN
  18690           NaN
  18700           NaN
  18710           NaN
  18720           NaN
  18730           NaN
  18740           NaN
  18750           NaN
  18760           NaN
  18770           NaN
  18780           NaN
  18790           NaN
  18800           NaN
  18810           NaN
  18820           NaN
  18830           NaN
  18840           NaN
  18850           NaN
  18860           NaN
  18870           NaN
  18880           NaN
  18890           NaN
  18900           NaN
  18910           NaN
  18920           NaN
  18930           NaN
  18940           NaN
  18950           NaN
  18960           NaN
  18970           NaN
  18980           NaN
  18990           NaN
  19000           NaN
  19010           NaN
  19020           NaN
  19030           NaN
  19040           NaN
  19050           NaN
  19060           NaN
  19070           NaN
  19080           NaN
  19090           NaN
  19100           NaN
  19110           NaN
  19120           NaN
  19130           NaN
  19140           NaN
  19150           NaN
  19160           NaN
  19170           NaN
  19180           NaN
  19190           NaN
  19200           NaN
  19210           NaN
  19220           NaN
  19230           NaN
  19240           NaN
  19250           NaN
  19260           NaN
  19270           NaN
  19280           NaN
  19290           NaN
  19300           NaN
  19310           NaN
  19320           NaN
  19330           NaN
  19340           NaN
  19350           NaN
  19360           NaN
  19370           NaN
  19380           NaN
  19390           NaN
  19400           NaN
  19410           NaN
  19420           NaN
  19430           NaN
  19440           NaN
  19450           NaN
  19460           NaN
  19470           NaN
  19480           NaN
  19490           NaN
  19500           NaN
  19510           NaN
  19520           NaN
  19530           NaN
  19540           NaN
  19550           NaN
  19560           NaN
  19570           NaN
  19580           NaN
  19590           NaN
  19600           NaN
  19610           NaN
  19620           NaN
  19630           NaN
  19640           NaN
  19650           NaN
  19660           NaN
  19670           NaN
  19680           NaN
  19690           NaN
  19700           NaN
  19710           NaN
  19720           NaN
  19730           NaN
  19740           NaN
  19750           NaN
  19760           NaN
  19770           NaN
  19780           NaN
  19790           NaN
  19800           NaN
  19810           NaN
  19820           NaN
  19830           NaN
  19840           NaN
  19850           NaN
  19860           NaN
  19870           NaN
  19880           NaN
  19890           NaN
  19900           NaN
  19910           NaN
  19920           NaN
  19930           NaN
  19940           NaN
  19950           NaN
  19960           NaN
  19970           NaN
  19980           NaN
  19990           NaN
  20000           NaN
