     10   0.11057E-02
     20   0.94156E-03
     30   0.83164E-03
     40   0.75287E-03
     50   0.69309E-03
     60   0.64514E-03
     70   0.60499E-03
     80   0.57028E-03
     90   0.53957E-03
    100   0.51181E-03
    110   0.48707E-03
    120   0.46416E-03
    130   0.44282E-03
    140   0.42280E-03
    150   0.40386E-03
    160   0.38598E-03
    170   0.36903E-03
    180   0.35311E-03
    190   0.33802E-03
    200   0.32373E-03
    210   0.31014E-03
    220   0.29730E-03
    230   0.28520E-03
    240   0.27376E-03
    250   0.26300E-03
    260   0.25288E-03
    270   0.24334E-03
    280   0.23441E-03
    290   0.22600E-03
    300   0.21813E-03
    310   0.21071E-03
    320   0.20375E-03
    330   0.19724E-03
    340   0.19112E-03
    350   0.18543E-03
    360   0.18016E-03
    370   0.17532E-03
    380   0.17087E-03
    390   0.16689E-03
    400   0.16329E-03
    410   0.16007E-03
    420   0.15723E-03
    430   0.15475E-03
    440   0.15253E-03
    450   0.15056E-03
    460   0.14873E-03
    470   0.14702E-03
    480   0.14533E-03
    490   0.14367E-03
    500   0.14193E-03
    510   0.14009E-03
    520   0.13818E-03
    530   0.13618E-03
    540   0.13411E-03
    550   0.13201E-03
    560   0.12990E-03
    570   0.12781E-03
    580   0.12581E-03
    590   0.12391E-03
    600   0.12218E-03
    610   0.12061E-03
    620   0.11928E-03
    630   0.11819E-03
    640   0.11735E-03
    650   0.11679E-03
    660   0.11648E-03
    670   0.11641E-03
    680   0.11655E-03
    690   0.11689E-03
    700   0.11739E-03
    710   0.11803E-03
    720   0.11876E-03
    730   0.11956E-03
    740   0.12038E-03
    750   0.12119E-03
    760   0.12196E-03
    770   0.12267E-03
    780   0.12328E-03
    790   0.12377E-03
    800   0.12415E-03
    810   0.12437E-03
    820   0.12445E-03
    830   0.12438E-03
    840   0.12417E-03
    850   0.12379E-03
    860   0.12328E-03
    870   0.12263E-03
    880   0.12185E-03
    890   0.12095E-03
    900   0.11995E-03
    910   0.11885E-03
    920   0.11767E-03
    930   0.11641E-03
    940   0.11508E-03
    950   0.11371E-03
    960   0.11230E-03
    970   0.11086E-03
    980   0.10944E-03
    990   0.10801E-03
   1000   0.10661E-03
   1010   0.10526E-03
   1020   0.10399E-03
   1030   0.10280E-03
   1040   0.10171E-03
   1050   0.10075E-03
   1060   0.99948E-04
   1070   0.99292E-04
   1080   0.98786E-04
   1090   0.98475E-04
   1100   0.98319E-04
   1110   0.98335E-04
   1120   0.98500E-04
   1130   0.98822E-04
   1140   0.99300E-04
   1150   0.99874E-04
   1160   0.10055E-03
   1170   0.10131E-03
   1180   0.10213E-03
   1190   0.10300E-03
   1200   0.10387E-03
   1210   0.10476E-03
   1220   0.10563E-03
   1230   0.10647E-03
   1240   0.10727E-03
   1250   0.10800E-03
   1260   0.10866E-03
   1270   0.10928E-03
   1280   0.10981E-03
   1290   0.11028E-03
   1300   0.11067E-03
   1310   0.11100E-03
   1320   0.11126E-03
   1330   0.11148E-03
   1340   0.11163E-03
   1350   0.11177E-03
   1360   0.11186E-03
   1370   0.11194E-03
   1380   0.11202E-03
   1390   0.11209E-03
   1400   0.11218E-03
   1410   0.11230E-03
   1420   0.11244E-03
   1430   0.11264E-03
   1440   0.11285E-03
   1450   0.11311E-03
   1460   0.11343E-03
   1470   0.11376E-03
   1480   0.11414E-03
   1490   0.11457E-03
   1500   0.11500E-03
   1510   0.11545E-03
   1520   0.11592E-03
   1530   0.11636E-03
   1540   0.11682E-03
   1550   0.11722E-03
   1560   0.11759E-03
   1570   0.11793E-03
   1580   0.11821E-03
   1590   0.11843E-03
   1600   0.11858E-03
   1610   0.11866E-03
   1620   0.11866E-03
   1630   0.11859E-03
   1640   0.11844E-03
   1650   0.11821E-03
   1660   0.11791E-03
   1670   0.11753E-03
   1680   0.11708E-03
   1690   0.11660E-03
   1700   0.11605E-03
   1710   0.11546E-03
   1720   0.11483E-03
   1730   0.11418E-03
   1740   0.11352E-03
   1750   0.11286E-03
   1760   0.11222E-03
   1770   0.11160E-03
   1780   0.11102E-03
   1790   0.11049E-03
   1800   0.11002E-03
   1810   0.10962E-03
   1820   0.10931E-03
   1830   0.10911E-03
   1840   0.10900E-03
   1850   0.10901E-03
   1860   0.10912E-03
   1870   0.10936E-03
   1880   0.10972E-03
   1890   0.11021E-03
   1900   0.11081E-03
   1910   0.11153E-03
   1920   0.11237E-03
   1930   0.11330E-03
   1940   0.11434E-03
   1950   0.11547E-03
   1960   0.11668E-03
   1970   0.11796E-03
   1980   0.11928E-03
   1990   0.12069E-03
   2000   0.12212E-03
   2010   0.12358E-03
   2020   0.12507E-03
   2030   0.12658E-03
   2040   0.12806E-03
   2050   0.12956E-03
   2060   0.13105E-03
   2070   0.13249E-03
   2080   0.13393E-03
   2090   0.13533E-03
   2100   0.13669E-03
   2110   0.13802E-03
   2120   0.13928E-03
   2130   0.14052E-03
   2140   0.14168E-03
   2150   0.14281E-03
   2160   0.14387E-03
   2170   0.14487E-03
   2180   0.14581E-03
   2190   0.14671E-03
   2200   0.14755E-03
   2210   0.14831E-03
   2220   0.14900E-03
   2230   0.14965E-03
   2240   0.15022E-03
   2250   0.15074E-03
   2260   0.15121E-03
   2270   0.15163E-03
   2280   0.15197E-03
   2290   0.15224E-03
   2300   0.15245E-03
   2310   0.15263E-03
   2320   0.15275E-03
   2330   0.15279E-03
   2340   0.15280E-03
   2350   0.15274E-03
   2360   0.15263E-03
   2370   0.15248E-03
   2380   0.15228E-03
   2390   0.15202E-03
   2400   0.15172E-03
   2410   0.15136E-03
   2420   0.15099E-03
   2430   0.15053E-03
   2440   0.15005E-03
   2450   0.14953E-03
   2460   0.14898E-03
   2470   0.14838E-03
   2480   0.14774E-03
   2490   0.14706E-03
   2500   0.14638E-03
   2510   0.14562E-03
   2520   0.14487E-03
   2530   0.14410E-03
   2540   0.14326E-03
   2550   0.14241E-03
   2560   0.14157E-03
   2570   0.14067E-03
   2580   0.13975E-03
   2590   0.13883E-03
   2600   0.13788E-03
   2610   0.13690E-03
   2620   0.13591E-03
   2630   0.13490E-03
   2640   0.13387E-03
   2650   0.13282E-03
   2660   0.13176E-03
   2670   0.13067E-03
   2680   0.12959E-03
   2690   0.12849E-03
   2700   0.12736E-03
   2710   0.12619E-03
   2720   0.12503E-03
   2730   0.12384E-03
   2740   0.12265E-03
   2750   0.12143E-03
   2760   0.12021E-03
   2770   0.11898E-03
   2780   0.11773E-03
   2790   0.11646E-03
   2800   0.11520E-03
   2810   0.11394E-03
   2820   0.11264E-03
   2830   0.11138E-03
   2840   0.11008E-03
   2850   0.10881E-03
   2860   0.10751E-03
   2870   0.10625E-03
   2880   0.10496E-03
   2890   0.10371E-03
   2900   0.10245E-03
   2910   0.10120E-03
   2920   0.99982E-04
   2930   0.98768E-04
   2940   0.97565E-04
   2950   0.96389E-04
   2960   0.95247E-04
   2970   0.94101E-04
   2980   0.93014E-04
   2990   0.91898E-04
   3000   0.90830E-04
   3010   0.89814E-04
   3020   0.88808E-04
   3030   0.87815E-04
   3040   0.86860E-04
   3050   0.85917E-04
   3060   0.85020E-04
   3070   0.84153E-04
   3080   0.83268E-04
   3090   0.82450E-04
   3100   0.81641E-04
   3110   0.80871E-04
   3120   0.80109E-04
   3130   0.79370E-04
   3140   0.78659E-04
   3150   0.77956E-04
   3160   0.77283E-04
   3170   0.76632E-04
   3180   0.76002E-04
   3190   0.75376E-04
   3200   0.74791E-04
   3210   0.74189E-04
   3220   0.73647E-04
   3230   0.73076E-04
   3240   0.72525E-04
   3250   0.72007E-04
   3260   0.71501E-04
   3270   0.70992E-04
   3280   0.70515E-04
   3290   0.70046E-04
   3300   0.69560E-04
   3310   0.69132E-04
   3320   0.68687E-04
   3330   0.68246E-04
   3340   0.67838E-04
   3350   0.67420E-04
   3360   0.67025E-04
   3370   0.66640E-04
   3380   0.66258E-04
   3390   0.65898E-04
   3400   0.65542E-04
   3410   0.65189E-04
   3420   0.64857E-04
   3430   0.64519E-04
   3440   0.64222E-04
   3450   0.63909E-04
   3460   0.63609E-04
   3470   0.63337E-04
   3480   0.63053E-04
   3490   0.62803E-04
   3500   0.62541E-04
   3510   0.62298E-04
   3520   0.62065E-04
   3530   0.61839E-04
   3540   0.61628E-04
   3550   0.61422E-04
   3560   0.61220E-04
   3570   0.61026E-04
   3580   0.60860E-04
   3590   0.60670E-04
   3600   0.60517E-04
   3610   0.60366E-04
   3620   0.60222E-04
   3630   0.60073E-04
   3640   0.59952E-04
   3650   0.59824E-04
   3660   0.59715E-04
   3670   0.59596E-04
   3680   0.59504E-04
   3690   0.59396E-04
   3700   0.59298E-04
   3710   0.59211E-04
   3720   0.59151E-04
   3730   0.59058E-04
   3740   0.58985E-04
   3750   0.58926E-04
   3760   0.58891E-04
   3770   0.58827E-04
   3780   0.58778E-04
   3790   0.58731E-04
   3800   0.58703E-04
   3810   0.58678E-04
   3820   0.58632E-04
   3830   0.58606E-04
   3840   0.58591E-04
   3850   0.58573E-04
   3860   0.58562E-04
   3870   0.58552E-04
   3880   0.58553E-04
   3890   0.58553E-04
   3900   0.58565E-04
   3910   0.58544E-04
   3920   0.58572E-04
   3930   0.58588E-04
   3940   0.58595E-04
   3950   0.58621E-04
   3960   0.58649E-04
   3970   0.58669E-04
   3980   0.58711E-04
   3990   0.58752E-04
   4000   0.58781E-04
   4010   0.58824E-04
   4020   0.58865E-04
   4030   0.58911E-04
   4040   0.58965E-04
   4050   0.59018E-04
   4060   0.59063E-04
   4070   0.59131E-04
   4080   0.59205E-04
   4090   0.59265E-04
   4100   0.59343E-04
   4110   0.59414E-04
   4120   0.59469E-04
   4130   0.59548E-04
   4140   0.59632E-04
   4150   0.59702E-04
   4160   0.59777E-04
   4170   0.59860E-04
   4180   0.59946E-04
   4190   0.60029E-04
   4200   0.60111E-04
   4210   0.60198E-04
   4220   0.60281E-04
   4230   0.60366E-04
   4240   0.60456E-04
   4250   0.60550E-04
   4260   0.60637E-04
   4270   0.60719E-04
   4280   0.60802E-04
   4290   0.60888E-04
   4300   0.60969E-04
   4310   0.61061E-04
   4320   0.61135E-04
   4330   0.61229E-04
   4340   0.61299E-04
   4350   0.61379E-04
   4360   0.61469E-04
   4370   0.61535E-04
   4380   0.61607E-04
   4390   0.61684E-04
   4400   0.61736E-04
   4410   0.61811E-04
   4420   0.61869E-04
   4430   0.61913E-04
   4440   0.61972E-04
   4450   0.62031E-04
   4460   0.62091E-04
   4470   0.62109E-04
   4480   0.62155E-04
   4490   0.62186E-04
   4500   0.62226E-04
   4510   0.62252E-04
   4520   0.62279E-04
   4530   0.62281E-04
   4540   0.62302E-04
   4550   0.62315E-04
   4560   0.62308E-04
   4570   0.62299E-04
   4580   0.62304E-04
   4590   0.62286E-04
   4600   0.62273E-04
   4610   0.62253E-04
   4620   0.62223E-04
   4630   0.62194E-04
   4640   0.62153E-04
   4650   0.62110E-04
   4660   0.62072E-04
   4670   0.62014E-04
   4680   0.61978E-04
   4690   0.61907E-04
   4700   0.61849E-04
   4710   0.61780E-04
   4720   0.61703E-04
   4730   0.61642E-04
   4740   0.61560E-04
   4750   0.61470E-04
   4760   0.61391E-04
   4770   0.61319E-04
   4780   0.61210E-04
   4790   0.61131E-04
   4800   0.61029E-04
   4810   0.60940E-04
   4820   0.60845E-04
   4830   0.60748E-04
   4840   0.60630E-04
   4850   0.60521E-04
   4860   0.60426E-04
   4870   0.60326E-04
   4880   0.60215E-04
   4890   0.60106E-04
   4900   0.60003E-04
   4910   0.59881E-04
   4920   0.59772E-04
   4930   0.59672E-04
   4940   0.59558E-04
   4950   0.59456E-04
   4960   0.59351E-04
   4970   0.59246E-04
   4980   0.59133E-04
   4990   0.59038E-04
   5000   0.58942E-04
   5010   0.58841E-04
   5020   0.58740E-04
   5030   0.58650E-04
   5040   0.58568E-04
   5050   0.58465E-04
   5060   0.58367E-04
   5070   0.58288E-04
   5080   0.58210E-04
   5090   0.58125E-04
   5100   0.58057E-04
   5110   0.57985E-04
   5120   0.57907E-04
   5130   0.57842E-04
   5140   0.57775E-04
   5150   0.57702E-04
   5160   0.57656E-04
   5170   0.57586E-04
   5180   0.57535E-04
   5190   0.57491E-04
   5200   0.57443E-04
   5210   0.57391E-04
   5220   0.57353E-04
   5230   0.57310E-04
   5240   0.57267E-04
   5250   0.57234E-04
   5260   0.57204E-04
   5270   0.57176E-04
   5280   0.57149E-04
   5290   0.57125E-04
   5300   0.57115E-04
   5310   0.57085E-04
   5320   0.57077E-04
   5330   0.57044E-04
   5340   0.57039E-04
   5350   0.57030E-04
   5360   0.57021E-04
   5370   0.57012E-04
   5380   0.57009E-04
   5390   0.56996E-04
   5400   0.57006E-04
   5410   0.56999E-04
   5420   0.57016E-04
   5430   0.57013E-04
   5440   0.57005E-04
   5450   0.57014E-04
   5460   0.57028E-04
   5470   0.57036E-04
   5480   0.57051E-04
   5490   0.57041E-04
   5500   0.57054E-04
   5510   0.57067E-04
   5520   0.57094E-04
   5530   0.57085E-04
   5540   0.57094E-04
   5550   0.57111E-04
   5560   0.57121E-04
   5570   0.57137E-04
   5580   0.57148E-04
   5590   0.57167E-04
   5600   0.57170E-04
   5610   0.57196E-04
   5620   0.57202E-04
   5630   0.57199E-04
   5640   0.57212E-04
   5650   0.57226E-04
   5660   0.57237E-04
   5670   0.57241E-04
   5680   0.57255E-04
   5690   0.57254E-04
   5700   0.57285E-04
   5710   0.57284E-04
   5720   0.57282E-04
   5730   0.57286E-04
   5740   0.57290E-04
   5750   0.57285E-04
   5760   0.57288E-04
   5770   0.57279E-04
   5780   0.57308E-04
   5790   0.57302E-04
   5800   0.57307E-04
   5810   0.57292E-04
   5820   0.57284E-04
   5830   0.57275E-04
   5840   0.57274E-04
   5850   0.57273E-04
   5860   0.57249E-04
   5870   0.57265E-04
   5880   0.57237E-04
   5890   0.57236E-04
   5900   0.57225E-04
   5910   0.57199E-04
   5920   0.57189E-04
   5930   0.57172E-04
   5940   0.57151E-04
   5950   0.57136E-04
   5960   0.57112E-04
   5970   0.57090E-04
   5980   0.57068E-04
   5990   0.57037E-04
   6000   0.57008E-04
   6010   0.56982E-04
   6020   0.56949E-04
   6030   0.56925E-04
   6040   0.56888E-04
   6050   0.56839E-04
   6060   0.56825E-04
   6070   0.56776E-04
   6080   0.56737E-04
   6090   0.56690E-04
   6100   0.56650E-04
   6110   0.56607E-04
   6120   0.56553E-04
   6130   0.56482E-04
   6140   0.56445E-04
   6150   0.56385E-04
   6160   0.56328E-04
   6170   0.56265E-04
   6180   0.56202E-04
   6190   0.56134E-04
   6200   0.56069E-04
   6210   0.55990E-04
   6220   0.55915E-04
   6230   0.55837E-04
   6240   0.55769E-04
   6250   0.55691E-04
   6260   0.55590E-04
   6270   0.55506E-04
   6280   0.55405E-04
   6290   0.55332E-04
   6300   0.55232E-04
   6310   0.55137E-04
   6320   0.55033E-04
   6330   0.54922E-04
   6340   0.54815E-04
   6350   0.54709E-04
   6360   0.54594E-04
   6370   0.54486E-04
   6380   0.54370E-04
   6390   0.54232E-04
   6400   0.54110E-04
   6410   0.53987E-04
   6420   0.53868E-04
   6430   0.53737E-04
   6440   0.53598E-04
   6450   0.53477E-04
   6460   0.53333E-04
   6470   0.53191E-04
   6480   0.53059E-04
   6490   0.52918E-04
   6500   0.52786E-04
   6510   0.52636E-04
   6520   0.52494E-04
   6530   0.52346E-04
   6540   0.52193E-04
   6550   0.52056E-04
   6560   0.51906E-04
   6570   0.51753E-04
   6580   0.51609E-04
   6590   0.51457E-04
   6600   0.51312E-04
   6610   0.51167E-04
   6620   0.51032E-04
   6630   0.50880E-04
   6640   0.50731E-04
   6650   0.50598E-04
   6660   0.50448E-04
   6670   0.50300E-04
   6680   0.50157E-04
   6690   0.50041E-04
   6700   0.49901E-04
   6710   0.49767E-04
   6720   0.49636E-04
   6730   0.49492E-04
   6740   0.49357E-04
   6750   0.49232E-04
   6760   0.49106E-04
   6770   0.48980E-04
   6780   0.48848E-04
   6790   0.48728E-04
   6800   0.48607E-04
   6810   0.48486E-04
   6820   0.48388E-04
   6830   0.48257E-04
   6840   0.48148E-04
   6850   0.48040E-04
   6860   0.47937E-04
   6870   0.47811E-04
   6880   0.47703E-04
   6890   0.47610E-04
   6900   0.47497E-04
   6910   0.47407E-04
   6920   0.47302E-04
   6930   0.47205E-04
   6940   0.47103E-04
   6950   0.47003E-04
   6960   0.46925E-04
   6970   0.46837E-04
   6980   0.46736E-04
   6990   0.46645E-04
   7000   0.46543E-04
   7010   0.46447E-04
   7020   0.46371E-04
   7030   0.46268E-04
   7040   0.46185E-04
   7050   0.46114E-04
   7060   0.46026E-04
   7070   0.45939E-04
   7080   0.45860E-04
   7090   0.45781E-04
   7100   0.45689E-04
   7110   0.45617E-04
   7120   0.45528E-04
   7130   0.45455E-04
   7140   0.45370E-04
   7150   0.45288E-04
   7160   0.45204E-04
   7170   0.45133E-04
   7180   0.45062E-04
   7190   0.44982E-04
   7200   0.44921E-04
   7210   0.44832E-04
   7220   0.44756E-04
   7230   0.44690E-04
   7240   0.44618E-04
   7250   0.44546E-04
   7260   0.44457E-04
   7270   0.44384E-04
   7280   0.44317E-04
   7290   0.44236E-04
   7300   0.44176E-04
   7310   0.44089E-04
   7320   0.44027E-04
   7330   0.43955E-04
   7340   0.43886E-04
   7350   0.43815E-04
   7360   0.43754E-04
   7370   0.43670E-04
   7380   0.43590E-04
   7390   0.43511E-04
   7400   0.43432E-04
   7410   0.43370E-04
   7420   0.43300E-04
   7430   0.43220E-04
   7440   0.43147E-04
   7450   0.43083E-04
   7460   0.43001E-04
   7470   0.42923E-04
   7480   0.42850E-04
   7490   0.42775E-04
   7500   0.42684E-04
   7510   0.42606E-04
   7520   0.42537E-04
   7530   0.42480E-04
   7540   0.42385E-04
   7550   0.42301E-04
   7560   0.42220E-04
   7570   0.42152E-04
   7580   0.42057E-04
   7590   0.41969E-04
   7600   0.41887E-04
   7610   0.41811E-04
   7620   0.41712E-04
   7630   0.41642E-04
   7640   0.41558E-04
   7650   0.41455E-04
   7660   0.41373E-04
   7670   0.41297E-04
   7680   0.41211E-04
   7690   0.41124E-04
   7700   0.41030E-04
   7710   0.40945E-04
   7720   0.40845E-04
   7730   0.40750E-04
   7740   0.40641E-04
   7750   0.40575E-04
   7760   0.40482E-04
   7770   0.40381E-04
   7780   0.40290E-04
   7790   0.40193E-04
   7800   0.40078E-04
   7810   0.39991E-04
   7820   0.39880E-04
   7830   0.39793E-04
   7840   0.39672E-04
   7850   0.39581E-04
   7860   0.39482E-04
   7870   0.39379E-04
   7880   0.39279E-04
   7890   0.39190E-04
   7900   0.39077E-04
   7910   0.38968E-04
   7920   0.38867E-04
   7930   0.38777E-04
   7940   0.38683E-04
   7950   0.38573E-04
   7960   0.38472E-04
   7970   0.38336E-04
   7980   0.38242E-04
   7990   0.38136E-04
   8000   0.38036E-04
   8010   0.37928E-04
   8020   0.37822E-04
   8030   0.37697E-04
   8040   0.37604E-04
   8050   0.37503E-04
   8060   0.37382E-04
   8070   0.37284E-04
   8080   0.37183E-04
   8090   0.37050E-04
   8100   0.36956E-04
   8110   0.36833E-04
   8120   0.36711E-04
   8130   0.36609E-04
   8140   0.36520E-04
   8150   0.36389E-04
   8160   0.36294E-04
   8170   0.36179E-04
   8180   0.36050E-04
   8190   0.35967E-04
   8200   0.35858E-04
   8210   0.35756E-04
   8220   0.35637E-04
   8230   0.35511E-04
   8240   0.35409E-04
   8250   0.35293E-04
   8260   0.35192E-04
   8270   0.35083E-04
   8280   0.34957E-04
   8290   0.34845E-04
   8300   0.34733E-04
   8310   0.34643E-04
   8320   0.34533E-04
   8330   0.34404E-04
   8340   0.34289E-04
   8350   0.34199E-04
   8360   0.34078E-04
   8370   0.33966E-04
   8380   0.33869E-04
   8390   0.33749E-04
   8400   0.33643E-04
   8410   0.33538E-04
   8420   0.33446E-04
   8430   0.33303E-04
   8440   0.33193E-04
   8450   0.33101E-04
   8460   0.32998E-04
   8470   0.32890E-04
   8480   0.32762E-04
   8490   0.32666E-04
   8500   0.32549E-04
   8510   0.32427E-04
   8520   0.32351E-04
   8530   0.32228E-04
   8540   0.32115E-04
   8550   0.32022E-04
   8560   0.31910E-04
   8570   0.31808E-04
   8580   0.31709E-04
   8590   0.31590E-04
   8600   0.31491E-04
   8610   0.31380E-04
   8620   0.31270E-04
   8630   0.31166E-04
   8640   0.31056E-04
   8650   0.30957E-04
   8660   0.30859E-04
   8670   0.30761E-04
   8680   0.30648E-04
   8690   0.30562E-04
   8700   0.30424E-04
   8710   0.30334E-04
   8720   0.30230E-04
   8730   0.30112E-04
   8740   0.30012E-04
   8750   0.29896E-04
   8760   0.29798E-04
   8770   0.29702E-04
   8780   0.29587E-04
   8790   0.29483E-04
   8800   0.29388E-04
   8810   0.29300E-04
   8820   0.29180E-04
   8830   0.29093E-04
   8840   0.28960E-04
   8850   0.28861E-04
   8860   0.28761E-04
   8870   0.28657E-04
   8880   0.28550E-04
   8890   0.28450E-04
   8900   0.28356E-04
   8910   0.28246E-04
   8920   0.28151E-04
   8930   0.28042E-04
   8940   0.27940E-04
   8950   0.27845E-04
   8960   0.27760E-04
   8970   0.27626E-04
   8980   0.27543E-04
   8990   0.27436E-04
   9000   0.27310E-04
   9010   0.27228E-04
   9020   0.27120E-04
   9030   0.27017E-04
   9040   0.26911E-04
   9050   0.26812E-04
   9060   0.26719E-04
   9070   0.26599E-04
   9080   0.26526E-04
   9090   0.26401E-04
   9100   0.26310E-04
   9110   0.26195E-04
   9120   0.26089E-04
   9130   0.26009E-04
   9140   0.25886E-04
   9150   0.25810E-04
   9160   0.25698E-04
   9170   0.25599E-04
   9180   0.25494E-04
   9190   0.25392E-04
   9200   0.25310E-04
   9210   0.25200E-04
   9220   0.25081E-04
   9230   0.24997E-04
   9240   0.24898E-04
   9250   0.24810E-04
   9260   0.24685E-04
   9270   0.24587E-04
   9280   0.24501E-04
   9290   0.24403E-04
   9300   0.24279E-04
   9310   0.24196E-04
   9320   0.24117E-04
   9330   0.24021E-04
   9340   0.23927E-04
   9350   0.23838E-04
   9360   0.23730E-04
   9370   0.23650E-04
   9380   0.23550E-04
   9390   0.23442E-04
   9400   0.23343E-04
   9410   0.23260E-04
   9420   0.23162E-04
   9430   0.23072E-04
   9440   0.22983E-04
   9450   0.22882E-04
   9460   0.22794E-04
   9470   0.22697E-04
   9480   0.22619E-04
   9490   0.22525E-04
   9500   0.22426E-04
   9510   0.22339E-04
   9520   0.22260E-04
   9530   0.22169E-04
   9540   0.22076E-04
   9550   0.21989E-04
   9560   0.21890E-04
   9570   0.21787E-04
   9580   0.21717E-04
   9590   0.21639E-04
   9600   0.21537E-04
   9610   0.21461E-04
   9620   0.21375E-04
   9630   0.21293E-04
   9640   0.21206E-04
   9650   0.21128E-04
   9660   0.21041E-04
   9670   0.20934E-04
   9680   0.20865E-04
   9690   0.20791E-04
   9700   0.20698E-04
   9710   0.20617E-04
   9720   0.20532E-04
   9730   0.20438E-04
   9740   0.20370E-04
   9750   0.20270E-04
   9760   0.20213E-04
   9770   0.20117E-04
   9780   0.20023E-04
   9790   0.19961E-04
   9800   0.19867E-04
   9810   0.19797E-04
   9820   0.19724E-04
   9830   0.19628E-04
   9840   0.19568E-04
   9850   0.19482E-04
   9860   0.19404E-04
   9870   0.19324E-04
   9880   0.19237E-04
   9890   0.19166E-04
   9900   0.19088E-04
   9910   0.19010E-04
   9920   0.18940E-04
   9930   0.18839E-04
   9940   0.18779E-04
   9950   0.18688E-04
   9960   0.18620E-04
   9970   0.18535E-04
   9980   0.18448E-04
   9990   0.18373E-04
  10000   0.18311E-04
  10010   0.18239E-04
  10020   0.18156E-04
  10030   0.18084E-04
  10040   0.17994E-04
  10050   0.17916E-04
  10060   0.17824E-04
  10070   0.17744E-04
  10080   0.17678E-04
  10090   0.17598E-04
  10100   0.17529E-04
  10110   0.17455E-04
  10120   0.17354E-04
  10130   0.17304E-04
  10140   0.17220E-04
  10150   0.17123E-04
  10160   0.17072E-04
  10170   0.16981E-04
  10180   0.16904E-04
  10190   0.16839E-04
  10200   0.16762E-04
  10210   0.16691E-04
  10220   0.16587E-04
  10230   0.16508E-04
  10240   0.16419E-04
  10250   0.16345E-04
  10260   0.16278E-04
  10270   0.16182E-04
  10280   0.16111E-04
  10290   0.16025E-04
  10300   0.15948E-04
  10310   0.15856E-04
  10320   0.15773E-04
  10330   0.15690E-04
  10340   0.15621E-04
  10350   0.15549E-04
  10360   0.15440E-04
  10370   0.15363E-04
  10380   0.15285E-04
  10390   0.15211E-04
  10400   0.15109E-04
  10410   0.15022E-04
  10420   0.14946E-04
  10430   0.14859E-04
  10440   0.14777E-04
  10450   0.14704E-04
  10460   0.14609E-04
  10470   0.14512E-04
  10480   0.14440E-04
  10490   0.14357E-04
  10500   0.14267E-04
  10510   0.14179E-04
  10520   0.14092E-04
  10530   0.14011E-04
  10540   0.13930E-04
  10550   0.13837E-04
  10560   0.13763E-04
  10570   0.13687E-04
  10580   0.13594E-04
  10590   0.13489E-04
  10600   0.13427E-04
  10610   0.13321E-04
  10620   0.13260E-04
  10630   0.13159E-04
  10640   0.13089E-04
  10650   0.12994E-04
  10660   0.12917E-04
  10670   0.12828E-04
  10680   0.12761E-04
  10690   0.12675E-04
  10700   0.12593E-04
  10710   0.12503E-04
  10720   0.12415E-04
  10730   0.12335E-04
  10740   0.12254E-04
  10750   0.12170E-04
  10760   0.12094E-04
  10770   0.12011E-04
  10780   0.11931E-04
  10790   0.11851E-04
  10800   0.11784E-04
  10810   0.11693E-04
  10820   0.11620E-04
  10830   0.11545E-04
  10840   0.11449E-04
  10850   0.11383E-04
  10860   0.11297E-04
  10870   0.11215E-04
  10880   0.11152E-04
  10890   0.11065E-04
  10900   0.10978E-04
  10910   0.10916E-04
  10920   0.10820E-04
  10930   0.10740E-04
  10940   0.10686E-04
  10950   0.10598E-04
  10960   0.10528E-04
  10970   0.10460E-04
  10980   0.10371E-04
  10990   0.10297E-04
  11000   0.10226E-04
  11010   0.10151E-04
  11020   0.10073E-04
  11030   0.10009E-04
  11040   0.99343E-05
  11050   0.98778E-05
  11060   0.97898E-05
  11070   0.97114E-05
  11080   0.96441E-05
  11090   0.95846E-05
  11100   0.95176E-05
  11110   0.94352E-05
  11120   0.93763E-05
  11130   0.93111E-05
  11140   0.92429E-05
  11150   0.91676E-05
  11160   0.91053E-05
  11170   0.90411E-05
  11180   0.89781E-05
  11190   0.89023E-05
  11200   0.88391E-05
  11210   0.87786E-05
  11220   0.87189E-05
  11230   0.86365E-05
  11240   0.85782E-05
  11250   0.85032E-05
  11260   0.84411E-05
  11270   0.83848E-05
  11280   0.83180E-05
  11290   0.82466E-05
  11300   0.81786E-05
  11310   0.81307E-05
  11320   0.80526E-05
  11330   0.79969E-05
  11340   0.79303E-05
  11350   0.78778E-05
  11360   0.78256E-05
  11370   0.77523E-05
  11380   0.76943E-05
  11390   0.76292E-05
  11400   0.75740E-05
  11410   0.75063E-05
  11420   0.74616E-05
  11430   0.73991E-05
  11440   0.73206E-05
  11450   0.72770E-05
  11460   0.72304E-05
  11470   0.71641E-05
  11480   0.71052E-05
  11490   0.70522E-05
  11500   0.69822E-05
  11510   0.69407E-05
  11520   0.68828E-05
  11530   0.68393E-05
  11540   0.67821E-05
  11550   0.67155E-05
  11560   0.66565E-05
  11570   0.65978E-05
  11580   0.65635E-05
  11590   0.65072E-05
  11600   0.64676E-05
  11610   0.64045E-05
  11620   0.63457E-05
  11630   0.62932E-05
  11640   0.62394E-05
  11650   0.61772E-05
  11660   0.61514E-05
  11670   0.60913E-05
  11680   0.60359E-05
  11690   0.59804E-05
  11700   0.59299E-05
  11710   0.58943E-05
  11720   0.58368E-05
  11730   0.58003E-05
  11740   0.57580E-05
  11750   0.57033E-05
  11760   0.56573E-05
  11770   0.56223E-05
  11780   0.55601E-05
  11790   0.55196E-05
  11800   0.54690E-05
  11810   0.54308E-05
  11820   0.53965E-05
  11830   0.53466E-05
  11840   0.53012E-05
  11850   0.52629E-05
  11860   0.52246E-05
  11870   0.51823E-05
  11880   0.51397E-05
  11890   0.51069E-05
  11900   0.50535E-05
  11910   0.50031E-05
  11920   0.49705E-05
  11930   0.49370E-05
  11940   0.49018E-05
  11950   0.48674E-05
  11960   0.48246E-05
  11970   0.47890E-05
  11980   0.47354E-05
  11990   0.47052E-05
  12000   0.46635E-05
  12010   0.46165E-05
  12020   0.45957E-05
  12030   0.45584E-05
  12040   0.45161E-05
  12050   0.44974E-05
  12060   0.44509E-05
  12070   0.44234E-05
  12080   0.43757E-05
  12090   0.43451E-05
  12100   0.43151E-05
  12110   0.42887E-05
  12120   0.42509E-05
  12130   0.42162E-05
  12140   0.41800E-05
  12150   0.41498E-05
  12160   0.41228E-05
  12170   0.40777E-05
  12180   0.40495E-05
  12190   0.40157E-05
  12200   0.39941E-05
  12210   0.39751E-05
  12220   0.39361E-05
  12230   0.39051E-05
  12240   0.38785E-05
  12250   0.38488E-05
  12260   0.38221E-05
  12270   0.37984E-05
  12280   0.37822E-05
  12290   0.37559E-05
  12300   0.37272E-05
  12310   0.36947E-05
  12320   0.36592E-05
  12330   0.36369E-05
  12340   0.36240E-05
  12350   0.35985E-05
  12360   0.35572E-05
  12370   0.35421E-05
  12380   0.35141E-05
  12390   0.34999E-05
  12400   0.34746E-05
  12410   0.34564E-05
  12420   0.34367E-05
  12430   0.33981E-05
  12440   0.33879E-05
  12450   0.33701E-05
  12460   0.33351E-05
  12470   0.33153E-05
  12480   0.33076E-05
  12490   0.32771E-05
  12500   0.32506E-05
  12510   0.32318E-05
  12520   0.32141E-05
  12530   0.31898E-05
  12540   0.31761E-05
  12550   0.31544E-05
  12560   0.31362E-05
  12570   0.31147E-05
  12580   0.31004E-05
  12590   0.30877E-05
  12600   0.30626E-05
  12610   0.30386E-05
  12620   0.30197E-05
  12630   0.29948E-05
  12640   0.29889E-05
  12650   0.29617E-05
  12660   0.29558E-05
  12670   0.29410E-05
  12680   0.29148E-05
  12690   0.29071E-05
  12700   0.28972E-05
  12710   0.28650E-05
  12720   0.28579E-05
  12730   0.28430E-05
  12740   0.28261E-05
  12750   0.28182E-05
  12760   0.27986E-05
  12770   0.27880E-05
  12780   0.27607E-05
  12790   0.27520E-05
  12800   0.27385E-05
  12810   0.27246E-05
  12820   0.27121E-05
  12830   0.26941E-05
  12840   0.26784E-05
  12850   0.26655E-05
  12860   0.26492E-05
  12870   0.26417E-05
  12880   0.26341E-05
  12890   0.26124E-05
  12900   0.26065E-05
  12910   0.25939E-05
  12920   0.25798E-05
  12930   0.25597E-05
  12940   0.25376E-05
  12950   0.25333E-05
  12960   0.25176E-05
  12970   0.25073E-05
  12980   0.24964E-05
  12990   0.24893E-05
  13000   0.24757E-05
  13010   0.24650E-05
  13020   0.24519E-05
  13030   0.24451E-05
  13040   0.24254E-05
  13050   0.24112E-05
  13060   0.23984E-05
  13070   0.23907E-05
  13080   0.23936E-05
  13090   0.23798E-05
  13100   0.23656E-05
  13110   0.23499E-05
  13120   0.23441E-05
  13130   0.23351E-05
  13140   0.23241E-05
  13150   0.23092E-05
  13160   0.22916E-05
  13170   0.22784E-05
  13180   0.22653E-05
  13190   0.22692E-05
  13200   0.22597E-05
  13210   0.22526E-05
  13220   0.22439E-05
  13230   0.22361E-05
  13240   0.22314E-05
  13250   0.22155E-05
  13260   0.22149E-05
  13270   0.22108E-05
  13280   0.21979E-05
  13290   0.21801E-05
  13300   0.21605E-05
  13310   0.21696E-05
  13320   0.21454E-05
  13330   0.21420E-05
  13340   0.21264E-05
  13350   0.21188E-05
  13360   0.21130E-05
  13370   0.21059E-05
  13380   0.21027E-05
  13390   0.20844E-05
  13400   0.20813E-05
  13410   0.20870E-05
  13420   0.20774E-05
  13430   0.20681E-05
  13440   0.20561E-05
  13450   0.20551E-05
  13460   0.20450E-05
  13470   0.20277E-05
  13480   0.20183E-05
  13490   0.20123E-05
  13500   0.20033E-05
  13510   0.20063E-05
  13520   0.20001E-05
  13530   0.19833E-05
  13540   0.19731E-05
  13550   0.19834E-05
  13560   0.19720E-05
  13570   0.19611E-05
  13580   0.19491E-05
  13590   0.19511E-05
  13600   0.19519E-05
  13610   0.19400E-05
  13620   0.19299E-05
  13630   0.19283E-05
  13640   0.19251E-05
  13650   0.19206E-05
  13660   0.19317E-05
  13670   0.19072E-05
  13680   0.19097E-05
  13690   0.18916E-05
  13700   0.18763E-05
  13710   0.18830E-05
  13720   0.18825E-05
  13730   0.18750E-05
  13740   0.18668E-05
  13750   0.18645E-05
  13760   0.18608E-05
  13770   0.18470E-05
  13780   0.18468E-05
  13790   0.18447E-05
  13800   0.18404E-05
  13810   0.18365E-05
  13820   0.18353E-05
  13830   0.18312E-05
  13840   0.18144E-05
  13850   0.18121E-05
  13860   0.17967E-05
  13870   0.17895E-05
  13880   0.17889E-05
  13890   0.17819E-05
  13900   0.17830E-05
  13910   0.17860E-05
  13920   0.17714E-05
  13930   0.17791E-05
  13940   0.17625E-05
  13950   0.17583E-05
  13960   0.17561E-05
  13970   0.17395E-05
  13980   0.17451E-05
  13990   0.17310E-05
  14000   0.17344E-05
  14010   0.17379E-05
  14020   0.17271E-05
  14030   0.17249E-05
  14040   0.17176E-05
  14050   0.17135E-05
  14060   0.17112E-05
  14070   0.16864E-05
  14080   0.16833E-05
  14090   0.16886E-05
  14100   0.16853E-05
  14110   0.16849E-05
  14120   0.16758E-05
  14130   0.16558E-05
  14140   0.16492E-05
  14150   0.16446E-05
  14160   0.16332E-05
  14170   0.16366E-05
  14180   0.16340E-05
  14190   0.16488E-05
  14200   0.16380E-05
  14210   0.16328E-05
  14220   0.16430E-05
  14230   0.16320E-05
  14240   0.16130E-05
  14250   0.16163E-05
  14260   0.16022E-05
  14270   0.15970E-05
  14280   0.15879E-05
  14290   0.15991E-05
  14300   0.15878E-05
  14310   0.15854E-05
  14320   0.15726E-05
  14330   0.15591E-05
  14340   0.15778E-05
  14350   0.15698E-05
  14360   0.15687E-05
  14370   0.15628E-05
  14380   0.15613E-05
  14390   0.15612E-05
  14400   0.15461E-05
  14410   0.15558E-05
  14420   0.15517E-05
  14430   0.15490E-05
  14440   0.15438E-05
  14450   0.15423E-05
  14460   0.15536E-05
  14470   0.15392E-05
  14480   0.15115E-05
  14490   0.15102E-05
  14500   0.15104E-05
  14510   0.14973E-05
  14520   0.15065E-05
  14530   0.14961E-05
  14540   0.14962E-05
  14550   0.15051E-05
  14560   0.14933E-05
  14570   0.15014E-05
  14580   0.14886E-05
  14590   0.14834E-05
  14600   0.14634E-05
  14610   0.14670E-05
  14620   0.14607E-05
  14630   0.14573E-05
  14640   0.14482E-05
  14650   0.14500E-05
  14660   0.14587E-05
  14670   0.14662E-05
  14680   0.14621E-05
  14690   0.14658E-05
  14700   0.14537E-05
  14710   0.14569E-05
  14720   0.14385E-05
  14730   0.14365E-05
  14740   0.14258E-05
  14750   0.14298E-05
  14760   0.14206E-05
  14770   0.14200E-05
  14780   0.14023E-05
  14790   0.14099E-05
  14800   0.14302E-05
  14810   0.14533E-05
  14820   0.14224E-05
  14830   0.14110E-05
  14840   0.13936E-05
  14850   0.14139E-05
  14860   0.14026E-05
  14870   0.14030E-05
  14880   0.14055E-05
  14890   0.13940E-05
  14900   0.13992E-05
  14910   0.14028E-05
  14920   0.13971E-05
  14930   0.13837E-05
  14940   0.13869E-05
  14950   0.13784E-05
  14960   0.13622E-05
  14970   0.13692E-05
  14980   0.13760E-05
  14990   0.13721E-05
  15000   0.13619E-05
  15010   0.13719E-05
  15020   0.13404E-05
  15030   0.13486E-05
  15040   0.13449E-05
  15050   0.13253E-05
  15060   0.13392E-05
  15070   0.13348E-05
  15080   0.13372E-05
  15090   0.13385E-05
  15100   0.13271E-05
  15110   0.13205E-05
  15120   0.13241E-05
  15130   0.13107E-05
  15140   0.13216E-05
  15150   0.13076E-05
  15160   0.13201E-05
  15170   0.13048E-05
  15180   0.13075E-05
  15190   0.13064E-05
  15200   0.12975E-05
  15210   0.12841E-05
  15220   0.12793E-05
  15230   0.12998E-05
  15240   0.12914E-05
  15250   0.12905E-05
  15260   0.12678E-05
  15270   0.12507E-05
  15280   0.12545E-05
  15290   0.12463E-05
  15300   0.12334E-05
  15310   0.12349E-05
  15320   0.12266E-05
  15330   0.12369E-05
  15340   0.12338E-05
  15350   0.12231E-05
  15360   0.12148E-05
  15370   0.12341E-05
  15380   0.12161E-05
  15390   0.12108E-05
  15400   0.12218E-05
  15410   0.12115E-05
  15420   0.12170E-05
  15430   0.12163E-05
  15440   0.12169E-05
  15450   0.12179E-05
  15460   0.12117E-05
  15470   0.12118E-05
  15480   0.11916E-05
  15490   0.11834E-05
  15500   0.11823E-05
  15510   0.11778E-05
  15520   0.11752E-05
  15530   0.11859E-05
  15540   0.11877E-05
  15550   0.11690E-05
  15560   0.11845E-05
  15570   0.11748E-05
  15580   0.11639E-05
  15590   0.11700E-05
  15600   0.11705E-05
  15610   0.11425E-05
  15620   0.11427E-05
  15630   0.11443E-05
  15640   0.11263E-05
  15650   0.11278E-05
  15660   0.11249E-05
  15670   0.11144E-05
  15680   0.11023E-05
  15690   0.11020E-05
  15700   0.10906E-05
  15710   0.10930E-05
  15720   0.10979E-05
  15730   0.10938E-05
  15740   0.10800E-05
  15750   0.10781E-05
  15760   0.10794E-05
  15770   0.10799E-05
  15780   0.10783E-05
  15790   0.10796E-05
  15800   0.10645E-05
  15810   0.10580E-05
  15820   0.10716E-05
  15830   0.10632E-05
  15840   0.10648E-05
  15850   0.10482E-05
  15860   0.10613E-05
  15870   0.10444E-05
  15880   0.10480E-05
  15890   0.10243E-05
  15900   0.10319E-05
  15910   0.10243E-05
  15920   0.10141E-05
  15930   0.10130E-05
  15940   0.10122E-05
  15950   0.10081E-05
  15960   0.10079E-05
  15970   0.10052E-05
  15980   0.99876E-06
  15990   0.98269E-06
  16000   0.96844E-06
  16010   0.96893E-06
  16020   0.96643E-06
  16030   0.96745E-06
  16040   0.96492E-06
  16050   0.96019E-06
  16060   0.95667E-06
  16070   0.95880E-06
  16080   0.96582E-06
  16090   0.94095E-06
  16100   0.94595E-06
  16110   0.94256E-06
  16120   0.93121E-06
  16130   0.93297E-06
  16140   0.91783E-06
  16150   0.90789E-06
  16160   0.91694E-06
  16170   0.91765E-06
  16180   0.91490E-06
  16190   0.89510E-06
  16200   0.88430E-06
  16210   0.89036E-06
  16220   0.88091E-06
  16230   0.86271E-06
  16240   0.86861E-06
  16250   0.86074E-06
  16260   0.84713E-06
  16270   0.84668E-06
  16280   0.85056E-06
  16290   0.84717E-06
  16300   0.82363E-06
  16310   0.83740E-06
  16320   0.82457E-06
  16330   0.83567E-06
  16340   0.80929E-06
  16350   0.79040E-06
  16360   0.77858E-06
  16370   0.78408E-06
  16380   0.78668E-06
  16390   0.78509E-06
  16400   0.79048E-06
  16410   0.77801E-06
  16420   0.76937E-06
  16430   0.77347E-06
  16440   0.76631E-06
  16450   0.77708E-06
  16460   0.76492E-06
  16470   0.75438E-06
  16480   0.76387E-06
  16490   0.75446E-06
  16500   0.74819E-06
  16510   0.74652E-06
  16520   0.75160E-06
  16530   0.74848E-06
  16540   0.72694E-06
  16550   0.73591E-06
  16560   0.74095E-06
  16570   0.72702E-06
  16580   0.72078E-06
  16590   0.71903E-06
  16600   0.70271E-06
  16610   0.69259E-06
  16620   0.69785E-06
  16630   0.68349E-06
  16640   0.67713E-06
  16650   0.69621E-06
  16660   0.67741E-06
  16670   0.68153E-06
  16680   0.69150E-06
  16690   0.69086E-06
  16700   0.67255E-06
  16710   0.68353E-06
  16720   0.67950E-06
  16730   0.66740E-06
  16740   0.65222E-06
  16750   0.66626E-06
  16760   0.65205E-06
  16770   0.64286E-06
  16780   0.63027E-06
  16790   0.63481E-06
  16800   0.62462E-06
  16810   0.63550E-06
  16820   0.64489E-06
  16830   0.61659E-06
  16840   0.62407E-06
  16850   0.59986E-06
  16860   0.59593E-06
  16870   0.60392E-06
  16880   0.57987E-06
  16890   0.58577E-06
  16900   0.58080E-06
  16910   0.56946E-06
  16920   0.58548E-06
  16930   0.57273E-06
  16940   0.58409E-06
  16950   0.58073E-06
  16960   0.56508E-06
  16970   0.57149E-06
  16980   0.54828E-06
  16990   0.55597E-06
  17000   0.53706E-06
  17010   0.53394E-06
  17020   0.52871E-06
  17030   0.51999E-06
  17040   0.52549E-06
  17050   0.52215E-06
  17060   0.52963E-06
  17070   0.53721E-06
  17080   0.53743E-06
  17090   0.52233E-06
  17100   0.51903E-06
  17110   0.53133E-06
  17120   0.53258E-06
  17130   0.52661E-06
  17140   0.52087E-06
  17150   0.49648E-06
  17160   0.49996E-06
  17170   0.50293E-06
  17180   0.47952E-06
  17190   0.49171E-06
  17200   0.49208E-06
  17210   0.49656E-06
  17220   0.47196E-06
  17230   0.48642E-06
  17240   0.46977E-06
  17250   0.47938E-06
  17260   0.47364E-06
  17270   0.48321E-06
  17280   0.47192E-06
  17290   0.47307E-06
  17300   0.46045E-06
  17310   0.44672E-06
  17320   0.45458E-06
  17330   0.44736E-06
  17340   0.44083E-06
  17350   0.42629E-06
  17360   0.41297E-06
  17370   0.41234E-06
  17380   0.40759E-06
  17390   0.41203E-06
  17400   0.40601E-06
  17410   0.41414E-06
  17420   0.40897E-06
  17430   0.41255E-06
  17440   0.40323E-06
  17450   0.39634E-06
  17460   0.37966E-06
  17470   0.36753E-06
  17480   0.38957E-06
  17490   0.38747E-06
  17500   0.37882E-06
  17510   0.38365E-06
  17520   0.39545E-06
  17530   0.39760E-06
  17540   0.39197E-06
  17550   0.37844E-06
  17560   0.39855E-06
  17570   0.38682E-06
  17580   0.39378E-06
  17590   0.39652E-06
  17600   0.38408E-06
  17610   0.40021E-06
  17620   0.39216E-06
  17630   0.39136E-06
  17640   0.38711E-06
  17650   0.37355E-06
  17660   0.38116E-06
  17670   0.38640E-06
  17680   0.37596E-06
  17690   0.38533E-06
  17700   0.41314E-06
  17710   0.38633E-06
  17720   0.38637E-06
  17730   0.39400E-06
  17740   0.38445E-06
  17750   0.38590E-06
  17760   0.38224E-06
  17770   0.36621E-06
  17780   0.37359E-06
  17790   0.35962E-06
  17800   0.35944E-06
  17810   0.38191E-06
  17820   0.35697E-06
  17830   0.37973E-06
  17840   0.36280E-06
  17850   0.35369E-06
  17860   0.34737E-06
  17870   0.35950E-06
  17880   0.35934E-06
  17890   0.34675E-06
  17900   0.34287E-06
  17910   0.36376E-06
  17920   0.32796E-06
  17930   0.33285E-06
  17940   0.32749E-06
  17950   0.32627E-06
  17960   0.31960E-06
  17970   0.32663E-06
  17980   0.33114E-06
  17990   0.32522E-06
  18000   0.31384E-06
  18010   0.33128E-06
  18020   0.30601E-06
  18030   0.31898E-06
  18040   0.30465E-06
  18050   0.32670E-06
  18060   0.31356E-06
  18070   0.31881E-06
  18080   0.32371E-06
  18090   0.31733E-06
  18100   0.33223E-06
  18110   0.32007E-06
  18120   0.30342E-06
  18130   0.31478E-06
  18140   0.30306E-06
  18150   0.29574E-06
  18160   0.30578E-06
  18170   0.30247E-06
  18180   0.30390E-06
  18190   0.31666E-06
  18200   0.29669E-06
  18210   0.30891E-06
  18220   0.31475E-06
  18230   0.31747E-06
  18240   0.29700E-06
  18250   0.29444E-06
  18260   0.29975E-06
  18270   0.30139E-06
  18280   0.28647E-06
  18290   0.31108E-06
  18300   0.30706E-06
  18310   0.31685E-06
  18320   0.30693E-06
  18330   0.30065E-06
  18340   0.30688E-06
  18350   0.30958E-06
  18360   0.30155E-06
  18370   0.30463E-06
  18380   0.29783E-06
  18390   0.30162E-06
  18400   0.29761E-06
  18410   0.30386E-06
  18420   0.29041E-06
  18430   0.28441E-06
  18440   0.27953E-06
  18450   0.27955E-06
  18460   0.27377E-06
  18470   0.28363E-06
  18480   0.27070E-06
  18490   0.27052E-06
  18500   0.27803E-06
  18510   0.30320E-06
  18520   0.26635E-06
  18530   0.27387E-06
  18540   0.25612E-06
  18550   0.25604E-06
  18560   0.26341E-06
  18570   0.27271E-06
  18580   0.26948E-06
  18590   0.26986E-06
  18600   0.27540E-06
  18610   0.29569E-06
  18620   0.28137E-06
  18630   0.28391E-06
  18640   0.27375E-06
  18650   0.26422E-06
  18660   0.27848E-06
  18670   0.27663E-06
  18680   0.27084E-06
  18690   0.26669E-06
  18700   0.27487E-06
  18710   0.26557E-06
  18720   0.25947E-06
  18730   0.24708E-06
  18740   0.26037E-06
  18750   0.24073E-06
  18760   0.23367E-06
  18770   0.24774E-06
  18780   0.22875E-06
  18790   0.25259E-06
  18800   0.25579E-06
  18810   0.26877E-06
  18820   0.25301E-06
  18830   0.24776E-06
  18840   0.23071E-06
  18850   0.24456E-06
  18860   0.24256E-06
  18870   0.24594E-06
  18880   0.26700E-06
  18890   0.25119E-06
  18900   0.25257E-06
  18910   0.26473E-06
  18920   0.25136E-06
  18930   0.25623E-06
  18940   0.24728E-06
  18950   0.25351E-06
  18960   0.24757E-06
  18970   0.25773E-06
  18980   0.25533E-06
  18990   0.24818E-06
  19000   0.23419E-06
  19010   0.27204E-06
  19020   0.25225E-06
  19030   0.24842E-06
  19040   0.24195E-06
  19050   0.25412E-06
  19060   0.27042E-06
  19070   0.24812E-06
  19080   0.23022E-06
  19090   0.24130E-06
  19100   0.25079E-06
  19110   0.25817E-06
  19120   0.25110E-06
  19130   0.25148E-06
  19140   0.25679E-06
  19150   0.25784E-06
  19160   0.26242E-06
  19170   0.25783E-06
  19180   0.25375E-06
  19190   0.24795E-06
  19200   0.24399E-06
  19210   0.26885E-06
  19220   0.25200E-06
  19230   0.25039E-06
  19240   0.23194E-06
  19250   0.23761E-06
  19260   0.25614E-06
  19270   0.25239E-06
  19280   0.23444E-06
  19290   0.24783E-06
  19300   0.25459E-06
  19310   0.26158E-06
  19320   0.27210E-06
  19330   0.25895E-06
  19340   0.26026E-06
  19350   0.26053E-06
  19360   0.25964E-06
  19370   0.25546E-06
  19380   0.25126E-06
  19390   0.24581E-06
  19400   0.25151E-06
  19410   0.26459E-06
  19420   0.25346E-06
  19430   0.26000E-06
  19440   0.25113E-06
  19450   0.24475E-06
  19460   0.24869E-06
  19470   0.24916E-06
  19480   0.24731E-06
  19490   0.24636E-06
  19500   0.23965E-06
  19510   0.25034E-06
  19520   0.25893E-06
  19530   0.24604E-06
  19540   0.25982E-06
  19550   0.24731E-06
  19560   0.23393E-06
  19570   0.23922E-06
  19580   0.24351E-06
  19590   0.24144E-06
  19600   0.23901E-06
  19610   0.23719E-06
  19620   0.23865E-06
  19630   0.25088E-06
  19640   0.25480E-06
  19650   0.23765E-06
  19660   0.24970E-06
  19670   0.24769E-06
  19680   0.24280E-06
  19690   0.23249E-06
  19700   0.22460E-06
  19710   0.23827E-06
  19720   0.24083E-06
  19730   0.26175E-06
  19740   0.25920E-06
  19750   0.25157E-06
  19760   0.24609E-06
  19770   0.24932E-06
  19780   0.25370E-06
  19790   0.24947E-06
  19800   0.25268E-06
  19810   0.25440E-06
  19820   0.23717E-06
  19830   0.25530E-06
  19840   0.26317E-06
  19850   0.23524E-06
  19860   0.26521E-06
  19870   0.26014E-06
  19880   0.24874E-06
  19890   0.24700E-06
  19900   0.25504E-06
  19910   0.24787E-06
  19920   0.23072E-06
  19930   0.24260E-06
  19940   0.24742E-06
  19950   0.24476E-06
  19960   0.24434E-06
  19970   0.24932E-06
  19980   0.25412E-06
  19990   0.24799E-06
  20000   0.24067E-06
