     10   0.12425E-02
     20   0.11140E-02
     30   0.10145E-02
     40   0.93585E-03
     50   0.87246E-03
     60   0.82016E-03
     70   0.77623E-03
     80   0.73858E-03
     90   0.70570E-03
    100   0.67662E-03
    110   0.65035E-03
    120   0.62652E-03
    130   0.60462E-03
    140   0.58435E-03
    150   0.56533E-03
    160   0.54750E-03
    170   0.53065E-03
    180   0.51470E-03
    190   0.49950E-03
    200   0.48498E-03
    210   0.47092E-03
    220   0.45745E-03
    230   0.44449E-03
    240   0.43190E-03
    250   0.41977E-03
    260   0.40812E-03
    270   0.39682E-03
    280   0.38593E-03
    290   0.37544E-03
    300   0.36531E-03
    310   0.35562E-03
    320   0.34623E-03
    330   0.33717E-03
    340   0.32837E-03
    350   0.31990E-03
    360   0.31171E-03
    370   0.30382E-03
    380   0.29618E-03
    390   0.28881E-03
    400   0.28171E-03
    410   0.27498E-03
    420   0.26845E-03
    430   0.26216E-03
    440   0.25612E-03
    450   0.25030E-03
    460   0.24469E-03
    470   0.23930E-03
    480   0.23408E-03
    490   0.22907E-03
    500   0.22429E-03
    510   0.21968E-03
    520   0.21523E-03
    530   0.21098E-03
    540   0.20686E-03
    550   0.20293E-03
    560   0.19912E-03
    570   0.19544E-03
    580   0.19195E-03
    590   0.18858E-03
    600   0.18533E-03
    610   0.18223E-03
    620   0.17925E-03
    630   0.17646E-03
    640   0.17378E-03
    650   0.17124E-03
    660   0.16885E-03
    670   0.16661E-03
    680   0.16448E-03
    690   0.16251E-03
    700   0.16066E-03
    710   0.15892E-03
    720   0.15731E-03
    730   0.15583E-03
    740   0.15440E-03
    750   0.15309E-03
    760   0.15184E-03
    770   0.15064E-03
    780   0.14951E-03
    790   0.14843E-03
    800   0.14733E-03
    810   0.14628E-03
    820   0.14524E-03
    830   0.14420E-03
    840   0.14312E-03
    850   0.14203E-03
    860   0.14097E-03
    870   0.13983E-03
    880   0.13871E-03
    890   0.13755E-03
    900   0.13633E-03
    910   0.13514E-03
    920   0.13389E-03
    930   0.13263E-03
    940   0.13140E-03
    950   0.13015E-03
    960   0.12890E-03
    970   0.12767E-03
    980   0.12644E-03
    990   0.12526E-03
   1000   0.12410E-03
   1010   0.12302E-03
   1020   0.12195E-03
   1030   0.12096E-03
   1040   0.12002E-03
   1050   0.11916E-03
   1060   0.11836E-03
   1070   0.11766E-03
   1080   0.11703E-03
   1090   0.11649E-03
   1100   0.11603E-03
   1110   0.11565E-03
   1120   0.11535E-03
   1130   0.11515E-03
   1140   0.11503E-03
   1150   0.11497E-03
   1160   0.11499E-03
   1170   0.11509E-03
   1180   0.11524E-03
   1190   0.11545E-03
   1200   0.11572E-03
   1210   0.11603E-03
   1220   0.11638E-03
   1230   0.11677E-03
   1240   0.11718E-03
   1250   0.11760E-03
   1260   0.11803E-03
   1270   0.11848E-03
   1280   0.11891E-03
   1290   0.11933E-03
   1300   0.11975E-03
   1310   0.12015E-03
   1320   0.12052E-03
   1330   0.12085E-03
   1340   0.12116E-03
   1350   0.12142E-03
   1360   0.12165E-03
   1370   0.12183E-03
   1380   0.12196E-03
   1390   0.12205E-03
   1400   0.12208E-03
   1410   0.12208E-03
   1420   0.12202E-03
   1430   0.12192E-03
   1440   0.12177E-03
   1450   0.12158E-03
   1460   0.12131E-03
   1470   0.12103E-03
   1480   0.12070E-03
   1490   0.12033E-03
   1500   0.11991E-03
   1510   0.11946E-03
   1520   0.11896E-03
   1530   0.11843E-03
   1540   0.11787E-03
   1550   0.11729E-03
   1560   0.11667E-03
   1570   0.11603E-03
   1580   0.11537E-03
   1590   0.11469E-03
   1600   0.11398E-03
   1610   0.11325E-03
   1620   0.11249E-03
   1630   0.11172E-03
   1640   0.11094E-03
   1650   0.11015E-03
   1660   0.10935E-03
   1670   0.10852E-03
   1680   0.10771E-03
   1690   0.10689E-03
   1700   0.10607E-03
   1710   0.10525E-03
   1720   0.10446E-03
   1730   0.10366E-03
   1740   0.10287E-03
   1750   0.10210E-03
   1760   0.10138E-03
   1770   0.10067E-03
   1780   0.99983E-04
   1790   0.99343E-04
   1800   0.98727E-04
   1810   0.98174E-04
   1820   0.97642E-04
   1830   0.97187E-04
   1840   0.96778E-04
   1850   0.96429E-04
   1860   0.96136E-04
   1870   0.95909E-04
   1880   0.95709E-04
   1890   0.95602E-04
   1900   0.95540E-04
   1910   0.95537E-04
   1920   0.95612E-04
   1930   0.95723E-04
   1940   0.95891E-04
   1950   0.96111E-04
   1960   0.96379E-04
   1970   0.96699E-04
   1980   0.97075E-04
   1990   0.97470E-04
   2000   0.97888E-04
   2010   0.98342E-04
   2020   0.98819E-04
   2030   0.99322E-04
   2040   0.99837E-04
   2050   0.10037E-03
   2060   0.10091E-03
   2070   0.10146E-03
   2080   0.10199E-03
   2090   0.10252E-03
   2100   0.10304E-03
   2110   0.10357E-03
   2120   0.10407E-03
   2130   0.10456E-03
   2140   0.10504E-03
   2150   0.10548E-03
   2160   0.10591E-03
   2170   0.10631E-03
   2180   0.10669E-03
   2190   0.10704E-03
   2200   0.10739E-03
   2210   0.10769E-03
   2220   0.10796E-03
   2230   0.10823E-03
   2240   0.10846E-03
   2250   0.10867E-03
   2260   0.10884E-03
   2270   0.10902E-03
   2280   0.10916E-03
   2290   0.10926E-03
   2300   0.10938E-03
   2310   0.10948E-03
   2320   0.10956E-03
   2330   0.10962E-03
   2340   0.10969E-03
   2350   0.10974E-03
   2360   0.10980E-03
   2370   0.10985E-03
   2380   0.10990E-03
   2390   0.10997E-03
   2400   0.11003E-03
   2410   0.11010E-03
   2420   0.11018E-03
   2430   0.11024E-03
   2440   0.11035E-03
   2450   0.11047E-03
   2460   0.11057E-03
   2470   0.11071E-03
   2480   0.11086E-03
   2490   0.11103E-03
   2500   0.11122E-03
   2510   0.11140E-03
   2520   0.11161E-03
   2530   0.11185E-03
   2540   0.11210E-03
   2550   0.11234E-03
   2560   0.11261E-03
   2570   0.11288E-03
   2580   0.11316E-03
   2590   0.11347E-03
   2600   0.11375E-03
   2610   0.11407E-03
   2620   0.11436E-03
   2630   0.11465E-03
   2640   0.11497E-03
   2650   0.11525E-03
   2660   0.11556E-03
   2670   0.11583E-03
   2680   0.11611E-03
   2690   0.11635E-03
   2700   0.11661E-03
   2710   0.11684E-03
   2720   0.11705E-03
   2730   0.11724E-03
   2740   0.11740E-03
   2750   0.11755E-03
   2760   0.11769E-03
   2770   0.11780E-03
   2780   0.11789E-03
   2790   0.11794E-03
   2800   0.11799E-03
   2810   0.11800E-03
   2820   0.11797E-03
   2830   0.11794E-03
   2840   0.11786E-03
   2850   0.11777E-03
   2860   0.11765E-03
   2870   0.11751E-03
   2880   0.11732E-03
   2890   0.11715E-03
   2900   0.11693E-03
   2910   0.11672E-03
   2920   0.11646E-03
   2930   0.11619E-03
   2940   0.11591E-03
   2950   0.11560E-03
   2960   0.11529E-03
   2970   0.11497E-03
   2980   0.11465E-03
   2990   0.11431E-03
   3000   0.11399E-03
   3010   0.11364E-03
   3020   0.11330E-03
   3030   0.11298E-03
   3040   0.11263E-03
   3050   0.11231E-03
   3060   0.11200E-03
   3070   0.11169E-03
   3080   0.11142E-03
   3090   0.11114E-03
   3100   0.11090E-03
   3110   0.11067E-03
   3120   0.11048E-03
   3130   0.11031E-03
   3140   0.11015E-03
   3150   0.11004E-03
   3160   0.10995E-03
   3170   0.10991E-03
   3180   0.10988E-03
   3190   0.10990E-03
   3200   0.10996E-03
   3210   0.11007E-03
   3220   0.11021E-03
   3230   0.11036E-03
   3240   0.11057E-03
   3250   0.11082E-03
   3260   0.11116E-03
   3270   0.11147E-03
   3280   0.11184E-03
   3290   0.11226E-03
   3300   0.11272E-03
   3310   0.11320E-03
   3320   0.11373E-03
   3330   0.11429E-03
   3340   0.11487E-03
   3350   0.11551E-03
   3360   0.11617E-03
   3370   0.11686E-03
   3380   0.11756E-03
   3390   0.11830E-03
   3400   0.11907E-03
   3410   0.11986E-03
   3420   0.12065E-03
   3430   0.12148E-03
   3440   0.12231E-03
   3450   0.12316E-03
   3460   0.12401E-03
   3470   0.12488E-03
   3480   0.12575E-03
   3490   0.12664E-03
   3500   0.12755E-03
   3510   0.12843E-03
   3520   0.12931E-03
   3530   0.13019E-03
   3540   0.13110E-03
   3550   0.13196E-03
   3560   0.13283E-03
   3570   0.13370E-03
   3580   0.13455E-03
   3590   0.13542E-03
   3600   0.13624E-03
   3610   0.13710E-03
   3620   0.13793E-03
   3630   0.13868E-03
   3640   0.13948E-03
   3650   0.14027E-03
   3660   0.14105E-03
   3670   0.14178E-03
   3680   0.14250E-03
   3690   0.14320E-03
   3700   0.14389E-03
   3710   0.14456E-03
   3720   0.14523E-03
   3730   0.14587E-03
   3740   0.14646E-03
   3750   0.14704E-03
   3760   0.14765E-03
   3770   0.14821E-03
   3780   0.14873E-03
   3790   0.14925E-03
   3800   0.14975E-03
   3810   0.15021E-03
   3820   0.15066E-03
   3830   0.15109E-03
   3840   0.15151E-03
   3850   0.15189E-03
   3860   0.15226E-03
   3870   0.15260E-03
   3880   0.15295E-03
   3890   0.15324E-03
   3900   0.15350E-03
   3910   0.15381E-03
   3920   0.15404E-03
   3930   0.15428E-03
   3940   0.15448E-03
   3950   0.15467E-03
   3960   0.15478E-03
   3970   0.15494E-03
   3980   0.15508E-03
   3990   0.15519E-03
   4000   0.15529E-03
   4010   0.15532E-03
   4020   0.15538E-03
   4030   0.15539E-03
   4040   0.15544E-03
   4050   0.15543E-03
   4060   0.15539E-03
   4070   0.15534E-03
   4080   0.15526E-03
   4090   0.15521E-03
   4100   0.15510E-03
   4110   0.15501E-03
   4120   0.15485E-03
   4130   0.15468E-03
   4140   0.15451E-03
   4150   0.15433E-03
   4160   0.15415E-03
   4170   0.15394E-03
   4180   0.15368E-03
   4190   0.15343E-03
   4200   0.15318E-03
   4210   0.15287E-03
   4220   0.15257E-03
   4230   0.15227E-03
   4240   0.15194E-03
   4250   0.15165E-03
   4260   0.15127E-03
   4270   0.15093E-03
   4280   0.15054E-03
   4290   0.15015E-03
   4300   0.14979E-03
   4310   0.14938E-03
   4320   0.14898E-03
   4330   0.14855E-03
   4340   0.14811E-03
   4350   0.14763E-03
   4360   0.14721E-03
   4370   0.14674E-03
   4380   0.14628E-03
   4390   0.14577E-03
   4400   0.14532E-03
   4410   0.14483E-03
   4420   0.14430E-03
   4430   0.14383E-03
   4440   0.14332E-03
   4450   0.14278E-03
   4460   0.14225E-03
   4470   0.14175E-03
   4480   0.14123E-03
   4490   0.14068E-03
   4500   0.14017E-03
   4510   0.13959E-03
   4520   0.13908E-03
   4530   0.13849E-03
   4540   0.13798E-03
   4550   0.13742E-03
   4560   0.13684E-03
   4570   0.13630E-03
   4580   0.13571E-03
   4590   0.13516E-03
   4600   0.13459E-03
   4610   0.13397E-03
   4620   0.13341E-03
   4630   0.13281E-03
   4640   0.13222E-03
   4650   0.13162E-03
   4660   0.13104E-03
   4670   0.13043E-03
   4680   0.12981E-03
   4690   0.12923E-03
   4700   0.12860E-03
   4710   0.12801E-03
   4720   0.12736E-03
   4730   0.12672E-03
   4740   0.12608E-03
   4750   0.12541E-03
   4760   0.12479E-03
   4770   0.12413E-03
   4780   0.12346E-03
   4790   0.12283E-03
   4800   0.12216E-03
   4810   0.12147E-03
   4820   0.12079E-03
   4830   0.12013E-03
   4840   0.11944E-03
   4850   0.11872E-03
   4860   0.11803E-03
   4870   0.11730E-03
   4880   0.11663E-03
   4890   0.11590E-03
   4900   0.11518E-03
   4910   0.11450E-03
   4920   0.11376E-03
   4930   0.11301E-03
   4940   0.11228E-03
   4950   0.11154E-03
   4960   0.11081E-03
   4970   0.11006E-03
   4980   0.10931E-03
   4990   0.10858E-03
   5000   0.10783E-03
   5010   0.10709E-03
   5020   0.10634E-03
   5030   0.10559E-03
   5040   0.10486E-03
   5050   0.10410E-03
   5060   0.10337E-03
   5070   0.10261E-03
   5080   0.10189E-03
   5090   0.10113E-03
   5100   0.10034E-03
   5110   0.99649E-04
   5120   0.98950E-04
   5130   0.98212E-04
   5140   0.97506E-04
   5150   0.96768E-04
   5160   0.96071E-04
   5170   0.95349E-04
   5180   0.94712E-04
   5190   0.93958E-04
   5200   0.93256E-04
   5210   0.92601E-04
   5220   0.91948E-04
   5230   0.91290E-04
   5240   0.90638E-04
   5250   0.89955E-04
   5260   0.89349E-04
   5270   0.88682E-04
   5280   0.88086E-04
   5290   0.87434E-04
   5300   0.86848E-04
   5310   0.86272E-04
   5320   0.85659E-04
   5330   0.85100E-04
   5340   0.84509E-04
   5350   0.83963E-04
   5360   0.83424E-04
   5370   0.82889E-04
   5380   0.82362E-04
   5390   0.81823E-04
   5400   0.81308E-04
   5410   0.80823E-04
   5420   0.80321E-04
   5430   0.79810E-04
   5440   0.79371E-04
   5450   0.78891E-04
   5460   0.78443E-04
   5470   0.77977E-04
   5480   0.77538E-04
   5490   0.77138E-04
   5500   0.76698E-04
   5510   0.76295E-04
   5520   0.75903E-04
   5530   0.75524E-04
   5540   0.75150E-04
   5550   0.74753E-04
   5560   0.74351E-04
   5570   0.74019E-04
   5580   0.73638E-04
   5590   0.73307E-04
   5600   0.72970E-04
   5610   0.72623E-04
   5620   0.72312E-04
   5630   0.71994E-04
   5640   0.71691E-04
   5650   0.71362E-04
   5660   0.71054E-04
   5670   0.70778E-04
   5680   0.70479E-04
   5690   0.70194E-04
   5700   0.69898E-04
   5710   0.69630E-04
   5720   0.69370E-04
   5730   0.69137E-04
   5740   0.68871E-04
   5750   0.68629E-04
   5760   0.68384E-04
   5770   0.68157E-04
   5780   0.67901E-04
   5790   0.67659E-04
   5800   0.67425E-04
   5810   0.67190E-04
   5820   0.66993E-04
   5830   0.66781E-04
   5840   0.66572E-04
   5850   0.66360E-04
   5860   0.66158E-04
   5870   0.65964E-04
   5880   0.65765E-04
   5890   0.65572E-04
   5900   0.65375E-04
   5910   0.65180E-04
   5920   0.65018E-04
   5930   0.64865E-04
   5940   0.64643E-04
   5950   0.64487E-04
   5960   0.64311E-04
   5970   0.64175E-04
   5980   0.64000E-04
   5990   0.63823E-04
   6000   0.63648E-04
   6010   0.63518E-04
   6020   0.63376E-04
   6030   0.63207E-04
   6040   0.63075E-04
   6050   0.62942E-04
   6060   0.62804E-04
   6070   0.62669E-04
   6080   0.62529E-04
   6090   0.62377E-04
   6100   0.62274E-04
   6110   0.62148E-04
   6120   0.62013E-04
   6130   0.61878E-04
   6140   0.61775E-04
   6150   0.61650E-04
   6160   0.61520E-04
   6170   0.61400E-04
   6180   0.61322E-04
   6190   0.61211E-04
   6200   0.61073E-04
   6210   0.60977E-04
   6220   0.60872E-04
   6230   0.60756E-04
   6240   0.60663E-04
   6250   0.60545E-04
   6260   0.60450E-04
   6270   0.60353E-04
   6280   0.60279E-04
   6290   0.60161E-04
   6300   0.60055E-04
   6310   0.60002E-04
   6320   0.59873E-04
   6330   0.59813E-04
   6340   0.59725E-04
   6350   0.59638E-04
   6360   0.59541E-04
   6370   0.59477E-04
   6380   0.59394E-04
   6390   0.59301E-04
   6400   0.59212E-04
   6410   0.59148E-04
   6420   0.59109E-04
   6430   0.58998E-04
   6440   0.58939E-04
   6450   0.58855E-04
   6460   0.58806E-04
   6470   0.58727E-04
   6480   0.58668E-04
   6490   0.58608E-04
   6500   0.58526E-04
   6510   0.58462E-04
   6520   0.58414E-04
   6530   0.58368E-04
   6540   0.58278E-04
   6550   0.58261E-04
   6560   0.58166E-04
   6570   0.58125E-04
   6580   0.58083E-04
   6590   0.58042E-04
   6600   0.57966E-04
   6610   0.57915E-04
   6620   0.57863E-04
   6630   0.57831E-04
   6640   0.57803E-04
   6650   0.57721E-04
   6660   0.57702E-04
   6670   0.57672E-04
   6680   0.57627E-04
   6690   0.57582E-04
   6700   0.57561E-04
   6710   0.57529E-04
   6720   0.57510E-04
   6730   0.57471E-04
   6740   0.57426E-04
   6750   0.57404E-04
   6760   0.57375E-04
   6770   0.57341E-04
   6780   0.57320E-04
   6790   0.57301E-04
   6800   0.57301E-04
   6810   0.57244E-04
   6820   0.57234E-04
   6830   0.57246E-04
   6840   0.57231E-04
   6850   0.57196E-04
   6860   0.57186E-04
   6870   0.57184E-04
   6880   0.57206E-04
   6890   0.57165E-04
   6900   0.57184E-04
   6910   0.57189E-04
   6920   0.57182E-04
   6930   0.57170E-04
   6940   0.57214E-04
   6950   0.57171E-04
   6960   0.57194E-04
   6970   0.57215E-04
   6980   0.57194E-04
   6990   0.57204E-04
   7000   0.57247E-04
   7010   0.57278E-04
   7020   0.57287E-04
   7030   0.57289E-04
   7040   0.57335E-04
   7050   0.57327E-04
   7060   0.57332E-04
   7070   0.57385E-04
   7080   0.57401E-04
   7090   0.57445E-04
   7100   0.57464E-04
   7110   0.57487E-04
   7120   0.57519E-04
   7130   0.57583E-04
   7140   0.57580E-04
   7150   0.57636E-04
   7160   0.57661E-04
   7170   0.57694E-04
   7180   0.57708E-04
   7190   0.57762E-04
   7200   0.57812E-04
   7210   0.57874E-04
   7220   0.57898E-04
   7230   0.57936E-04
   7240   0.57987E-04
   7250   0.58016E-04
   7260   0.58078E-04
   7270   0.58132E-04
   7280   0.58179E-04
   7290   0.58198E-04
   7300   0.58267E-04
   7310   0.58328E-04
   7320   0.58356E-04
   7330   0.58411E-04
   7340   0.58474E-04
   7350   0.58516E-04
   7360   0.58584E-04
   7370   0.58631E-04
   7380   0.58695E-04
   7390   0.58745E-04
   7400   0.58792E-04
   7410   0.58833E-04
   7420   0.58900E-04
   7430   0.58968E-04
   7440   0.59021E-04
   7450   0.59058E-04
   7460   0.59128E-04
   7470   0.59172E-04
   7480   0.59227E-04
   7490   0.59285E-04
   7500   0.59353E-04
   7510   0.59374E-04
   7520   0.59456E-04
   7530   0.59517E-04
   7540   0.59522E-04
   7550   0.59624E-04
   7560   0.59668E-04
   7570   0.59707E-04
   7580   0.59777E-04
   7590   0.59827E-04
   7600   0.59866E-04
   7610   0.59922E-04
   7620   0.59987E-04
   7630   0.60007E-04
   7640   0.60069E-04
   7650   0.60091E-04
   7660   0.60157E-04
   7670   0.60204E-04
   7680   0.60257E-04
   7690   0.60258E-04
   7700   0.60314E-04
   7710   0.60347E-04
   7720   0.60391E-04
   7730   0.60441E-04
   7740   0.60491E-04
   7750   0.60513E-04
   7760   0.60557E-04
   7770   0.60566E-04
   7780   0.60596E-04
   7790   0.60626E-04
   7800   0.60640E-04
   7810   0.60687E-04
   7820   0.60731E-04
   7830   0.60740E-04
   7840   0.60764E-04
   7850   0.60770E-04
   7860   0.60798E-04
   7870   0.60812E-04
   7880   0.60826E-04
   7890   0.60831E-04
   7900   0.60872E-04
   7910   0.60860E-04
   7920   0.60851E-04
   7930   0.60837E-04
   7940   0.60874E-04
   7950   0.60880E-04
   7960   0.60875E-04
   7970   0.60884E-04
   7980   0.60882E-04
   7990   0.60872E-04
   8000   0.60869E-04
   8010   0.60844E-04
   8020   0.60855E-04
   8030   0.60856E-04
   8040   0.60832E-04
   8050   0.60839E-04
   8060   0.60817E-04
   8070   0.60791E-04
   8080   0.60737E-04
   8090   0.60722E-04
   8100   0.60710E-04
   8110   0.60698E-04
   8120   0.60650E-04
   8130   0.60634E-04
   8140   0.60622E-04
   8150   0.60590E-04
   8160   0.60560E-04
   8170   0.60534E-04
   8180   0.60470E-04
   8190   0.60446E-04
   8200   0.60411E-04
   8210   0.60388E-04
   8220   0.60331E-04
   8230   0.60310E-04
   8240   0.60238E-04
   8250   0.60220E-04
   8260   0.60168E-04
   8270   0.60104E-04
   8280   0.60084E-04
   8290   0.60017E-04
   8300   0.59979E-04
   8310   0.59912E-04
   8320   0.59884E-04
   8330   0.59826E-04
   8340   0.59757E-04
   8350   0.59692E-04
   8360   0.59661E-04
   8370   0.59578E-04
   8380   0.59551E-04
   8390   0.59491E-04
   8400   0.59428E-04
   8410   0.59393E-04
   8420   0.59340E-04
   8430   0.59264E-04
   8440   0.59190E-04
   8450   0.59138E-04
   8460   0.59080E-04
   8470   0.59010E-04
   8480   0.58961E-04
   8490   0.58902E-04
   8500   0.58838E-04
   8510   0.58762E-04
   8520   0.58721E-04
   8530   0.58621E-04
   8540   0.58588E-04
   8550   0.58527E-04
   8560   0.58455E-04
   8570   0.58421E-04
   8580   0.58343E-04
   8590   0.58302E-04
   8600   0.58233E-04
   8610   0.58148E-04
   8620   0.58095E-04
   8630   0.58059E-04
   8640   0.57987E-04
   8650   0.57944E-04
   8660   0.57871E-04
   8670   0.57805E-04
   8680   0.57757E-04
   8690   0.57727E-04
   8700   0.57649E-04
   8710   0.57604E-04
   8720   0.57546E-04
   8730   0.57499E-04
   8740   0.57423E-04
   8750   0.57381E-04
   8760   0.57333E-04
   8770   0.57272E-04
   8780   0.57246E-04
   8790   0.57197E-04
   8800   0.57149E-04
   8810   0.57118E-04
   8820   0.57066E-04
   8830   0.56980E-04
   8840   0.56957E-04
   8850   0.56899E-04
   8860   0.56852E-04
   8870   0.56814E-04
   8880   0.56796E-04
   8890   0.56743E-04
   8900   0.56683E-04
   8910   0.56646E-04
   8920   0.56619E-04
   8930   0.56572E-04
   8940   0.56540E-04
   8950   0.56519E-04
   8960   0.56482E-04
   8970   0.56479E-04
   8980   0.56418E-04
   8990   0.56396E-04
   9000   0.56365E-04
   9010   0.56339E-04
   9020   0.56304E-04
   9030   0.56291E-04
   9040   0.56268E-04
   9050   0.56239E-04
   9060   0.56193E-04
   9070   0.56204E-04
   9080   0.56162E-04
   9090   0.56145E-04
   9100   0.56131E-04
   9110   0.56120E-04
   9120   0.56075E-04
   9130   0.56068E-04
   9140   0.56050E-04
   9150   0.56067E-04
   9160   0.56038E-04
   9170   0.56021E-04
   9180   0.56008E-04
   9190   0.56006E-04
   9200   0.55980E-04
   9210   0.55990E-04
   9220   0.55968E-04
   9230   0.55988E-04
   9240   0.55959E-04
   9250   0.55948E-04
   9260   0.55937E-04
   9270   0.55946E-04
   9280   0.55944E-04
   9290   0.55927E-04
   9300   0.55947E-04
   9310   0.55948E-04
   9320   0.55953E-04
   9330   0.55940E-04
   9340   0.55955E-04
   9350   0.55948E-04
   9360   0.55941E-04
   9370   0.55954E-04
   9380   0.55966E-04
   9390   0.55955E-04
   9400   0.55961E-04
   9410   0.55974E-04
   9420   0.55993E-04
   9430   0.55997E-04
   9440   0.55993E-04
   9450   0.56006E-04
   9460   0.56021E-04
   9470   0.56020E-04
   9480   0.56048E-04
   9490   0.56051E-04
   9500   0.56048E-04
   9510   0.56066E-04
   9520   0.56073E-04
   9530   0.56071E-04
   9540   0.56091E-04
   9550   0.56087E-04
   9560   0.56108E-04
   9570   0.56129E-04
   9580   0.56149E-04
   9590   0.56143E-04
   9600   0.56174E-04
   9610   0.56186E-04
   9620   0.56191E-04
   9630   0.56189E-04
   9640   0.56214E-04
   9650   0.56223E-04
   9660   0.56242E-04
   9670   0.56253E-04
   9680   0.56262E-04
   9690   0.56237E-04
   9700   0.56288E-04
   9710   0.56286E-04
   9720   0.56291E-04
   9730   0.56313E-04
   9740   0.56304E-04
   9750   0.56330E-04
   9760   0.56355E-04
   9770   0.56368E-04
   9780   0.56365E-04
   9790   0.56387E-04
   9800   0.56407E-04
   9810   0.56417E-04
   9820   0.56403E-04
   9830   0.56449E-04
   9840   0.56449E-04
   9850   0.56467E-04
   9860   0.56483E-04
   9870   0.56481E-04
   9880   0.56497E-04
   9890   0.56514E-04
   9900   0.56513E-04
   9910   0.56507E-04
   9920   0.56535E-04
   9930   0.56542E-04
   9940   0.56539E-04
   9950   0.56545E-04
   9960   0.56575E-04
   9970   0.56558E-04
   9980   0.56567E-04
   9990   0.56551E-04
  10000   0.56558E-04
  10010   0.56581E-04
  10020   0.56580E-04
  10030   0.56602E-04
  10040   0.56594E-04
  10050   0.56626E-04
  10060   0.56624E-04
  10070   0.56611E-04
  10080   0.56625E-04
  10090   0.56616E-04
  10100   0.56636E-04
  10110   0.56630E-04
  10120   0.56621E-04
  10130   0.56624E-04
  10140   0.56625E-04
  10150   0.56621E-04
  10160   0.56627E-04
  10170   0.56626E-04
  10180   0.56629E-04
  10190   0.56625E-04
  10200   0.56638E-04
  10210   0.56600E-04
  10220   0.56630E-04
  10230   0.56604E-04
  10240   0.56605E-04
  10250   0.56600E-04
  10260   0.56600E-04
  10270   0.56600E-04
  10280   0.56605E-04
  10290   0.56605E-04
  10300   0.56588E-04
  10310   0.56595E-04
  10320   0.56573E-04
  10330   0.56567E-04
  10340   0.56545E-04
  10350   0.56528E-04
  10360   0.56517E-04
  10370   0.56516E-04
  10380   0.56512E-04
  10390   0.56475E-04
  10400   0.56476E-04
  10410   0.56467E-04
  10420   0.56438E-04
  10430   0.56417E-04
  10440   0.56385E-04
  10450   0.56374E-04
  10460   0.56363E-04
  10470   0.56339E-04
  10480   0.56327E-04
  10490   0.56283E-04
  10500   0.56274E-04
  10510   0.56254E-04
  10520   0.56225E-04
  10530   0.56220E-04
  10540   0.56185E-04
  10550   0.56158E-04
  10560   0.56131E-04
  10570   0.56087E-04
  10580   0.56070E-04
  10590   0.56034E-04
  10600   0.55997E-04
  10610   0.55952E-04
  10620   0.55909E-04
  10630   0.55879E-04
  10640   0.55845E-04
  10650   0.55805E-04
  10660   0.55776E-04
  10670   0.55738E-04
  10680   0.55705E-04
  10690   0.55671E-04
  10700   0.55622E-04
  10710   0.55580E-04
  10720   0.55537E-04
  10730   0.55475E-04
  10740   0.55407E-04
  10750   0.55375E-04
  10760   0.55323E-04
  10770   0.55265E-04
  10780   0.55213E-04
  10790   0.55160E-04
  10800   0.55100E-04
  10810   0.55050E-04
  10820   0.55008E-04
  10830   0.54948E-04
  10840   0.54889E-04
  10850   0.54852E-04
  10860   0.54779E-04
  10870   0.54732E-04
  10880   0.54669E-04
  10890   0.54588E-04
  10900   0.54521E-04
  10910   0.54451E-04
  10920   0.54391E-04
  10930   0.54328E-04
  10940   0.54243E-04
  10950   0.54157E-04
  10960   0.54107E-04
  10970   0.54039E-04
  10980   0.53962E-04
  10990   0.53914E-04
  11000   0.53817E-04
  11010   0.53765E-04
  11020   0.53691E-04
  11030   0.53610E-04
  11040   0.53549E-04
  11050   0.53468E-04
  11060   0.53379E-04
  11070   0.53293E-04
  11080   0.53242E-04
  11090   0.53176E-04
  11100   0.53083E-04
  11110   0.53005E-04
  11120   0.52935E-04
  11130   0.52870E-04
  11140   0.52795E-04
  11150   0.52721E-04
  11160   0.52634E-04
  11170   0.52556E-04
  11180   0.52481E-04
  11190   0.52415E-04
  11200   0.52338E-04
  11210   0.52260E-04
  11220   0.52184E-04
  11230   0.52109E-04
  11240   0.52028E-04
  11250   0.51955E-04
  11260   0.51878E-04
  11270   0.51800E-04
  11280   0.51715E-04
  11290   0.51640E-04
  11300   0.51582E-04
  11310   0.51507E-04
  11320   0.51445E-04
  11330   0.51374E-04
  11340   0.51304E-04
  11350   0.51236E-04
  11360   0.51171E-04
  11370   0.51089E-04
  11380   0.51027E-04
  11390   0.50945E-04
  11400   0.50886E-04
  11410   0.50807E-04
  11420   0.50736E-04
  11430   0.50681E-04
  11440   0.50626E-04
  11450   0.50541E-04
  11460   0.50473E-04
  11470   0.50416E-04
  11480   0.50375E-04
  11490   0.50302E-04
  11500   0.50234E-04
  11510   0.50145E-04
  11520   0.50104E-04
  11530   0.50043E-04
  11540   0.49982E-04
  11550   0.49924E-04
  11560   0.49850E-04
  11570   0.49807E-04
  11580   0.49761E-04
  11590   0.49706E-04
  11600   0.49651E-04
  11610   0.49606E-04
  11620   0.49520E-04
  11630   0.49487E-04
  11640   0.49439E-04
  11650   0.49388E-04
  11660   0.49328E-04
  11670   0.49252E-04
  11680   0.49210E-04
  11690   0.49168E-04
  11700   0.49136E-04
  11710   0.49063E-04
  11720   0.49023E-04
  11730   0.48984E-04
  11740   0.48942E-04
  11750   0.48889E-04
  11760   0.48849E-04
  11770   0.48812E-04
  11780   0.48744E-04
  11790   0.48692E-04
  11800   0.48645E-04
  11810   0.48596E-04
  11820   0.48569E-04
  11830   0.48510E-04
  11840   0.48484E-04
  11850   0.48445E-04
  11860   0.48401E-04
  11870   0.48359E-04
  11880   0.48322E-04
  11890   0.48281E-04
  11900   0.48236E-04
  11910   0.48192E-04
  11920   0.48178E-04
  11930   0.48155E-04
  11940   0.48090E-04
  11950   0.48036E-04
  11960   0.48014E-04
  11970   0.47981E-04
  11980   0.47937E-04
  11990   0.47912E-04
  12000   0.47867E-04
  12010   0.47855E-04
  12020   0.47793E-04
  12030   0.47766E-04
  12040   0.47722E-04
  12050   0.47695E-04
  12060   0.47643E-04
  12070   0.47629E-04
  12080   0.47604E-04
  12090   0.47562E-04
  12100   0.47537E-04
  12110   0.47508E-04
  12120   0.47474E-04
  12130   0.47427E-04
  12140   0.47418E-04
  12150   0.47381E-04
  12160   0.47347E-04
  12170   0.47305E-04
  12180   0.47252E-04
  12190   0.47223E-04
  12200   0.47189E-04
  12210   0.47153E-04
  12220   0.47157E-04
  12230   0.47114E-04
  12240   0.47091E-04
  12250   0.47065E-04
  12260   0.47029E-04
  12270   0.47004E-04
  12280   0.46961E-04
  12290   0.46927E-04
  12300   0.46905E-04
  12310   0.46878E-04
  12320   0.46866E-04
  12330   0.46834E-04
  12340   0.46796E-04
  12350   0.46760E-04
  12360   0.46734E-04
  12370   0.46714E-04
  12380   0.46694E-04
  12390   0.46666E-04
  12400   0.46637E-04
  12410   0.46606E-04
  12420   0.46580E-04
  12430   0.46547E-04
  12440   0.46524E-04
  12450   0.46528E-04
  12460   0.46512E-04
  12470   0.46489E-04
  12480   0.46446E-04
  12490   0.46421E-04
  12500   0.46390E-04
  12510   0.46354E-04
  12520   0.46327E-04
  12530   0.46301E-04
  12540   0.46261E-04
  12550   0.46250E-04
  12560   0.46227E-04
  12570   0.46210E-04
  12580   0.46190E-04
  12590   0.46149E-04
  12600   0.46137E-04
  12610   0.46089E-04
  12620   0.46065E-04
  12630   0.46032E-04
  12640   0.46011E-04
  12650   0.45980E-04
  12660   0.45952E-04
  12670   0.45946E-04
  12680   0.45907E-04
  12690   0.45866E-04
  12700   0.45855E-04
  12710   0.45821E-04
  12720   0.45807E-04
  12730   0.45788E-04
  12740   0.45768E-04
  12750   0.45738E-04
  12760   0.45702E-04
  12770   0.45662E-04
  12780   0.45643E-04
  12790   0.45629E-04
  12800   0.45597E-04
  12810   0.45569E-04
  12820   0.45551E-04
  12830   0.45492E-04
  12840   0.45465E-04
  12850   0.45438E-04
  12860   0.45395E-04
  12870   0.45360E-04
  12880   0.45346E-04
  12890   0.45330E-04
  12900   0.45313E-04
  12910   0.45284E-04
  12920   0.45237E-04
  12930   0.45213E-04
  12940   0.45192E-04
  12950   0.45146E-04
  12960   0.45112E-04
  12970   0.45085E-04
  12980   0.45053E-04
  12990   0.45033E-04
  13000   0.44997E-04
  13010   0.44960E-04
  13020   0.44909E-04
  13030   0.44876E-04
  13040   0.44845E-04
  13050   0.44820E-04
  13060   0.44795E-04
  13070   0.44762E-04
  13080   0.44738E-04
  13090   0.44700E-04
  13100   0.44668E-04
  13110   0.44664E-04
  13120   0.44612E-04
  13130   0.44561E-04
  13140   0.44524E-04
  13150   0.44517E-04
  13160   0.44463E-04
  13170   0.44421E-04
  13180   0.44394E-04
  13190   0.44355E-04
  13200   0.44324E-04
  13210   0.44301E-04
  13220   0.44246E-04
  13230   0.44198E-04
  13240   0.44160E-04
  13250   0.44109E-04
  13260   0.44078E-04
  13270   0.44051E-04
  13280   0.44021E-04
  13290   0.43971E-04
  13300   0.43965E-04
  13310   0.43929E-04
  13320   0.43881E-04
  13330   0.43859E-04
  13340   0.43807E-04
  13350   0.43760E-04
  13360   0.43723E-04
  13370   0.43688E-04
  13380   0.43654E-04
  13390   0.43618E-04
  13400   0.43574E-04
  13410   0.43516E-04
  13420   0.43461E-04
  13430   0.43443E-04
  13440   0.43418E-04
  13450   0.43379E-04
  13460   0.43335E-04
  13470   0.43290E-04
  13480   0.43255E-04
  13490   0.43180E-04
  13500   0.43121E-04
  13510   0.43134E-04
  13520   0.43065E-04
  13530   0.43002E-04
  13540   0.42960E-04
  13550   0.42919E-04
  13560   0.42873E-04
  13570   0.42849E-04
  13580   0.42804E-04
  13590   0.42743E-04
  13600   0.42694E-04
  13610   0.42667E-04
  13620   0.42613E-04
  13630   0.42572E-04
  13640   0.42552E-04
  13650   0.42490E-04
  13660   0.42443E-04
  13670   0.42387E-04
  13680   0.42343E-04
  13690   0.42290E-04
  13700   0.42242E-04
  13710   0.42198E-04
  13720   0.42167E-04
  13730   0.42131E-04
  13740   0.42065E-04
  13750   0.42030E-04
  13760   0.41983E-04
  13770   0.41961E-04
  13780   0.41875E-04
  13790   0.41841E-04
  13800   0.41810E-04
  13810   0.41722E-04
  13820   0.41695E-04
  13830   0.41649E-04
  13840   0.41598E-04
  13850   0.41560E-04
  13860   0.41507E-04
  13870   0.41467E-04
  13880   0.41422E-04
  13890   0.41365E-04
  13900   0.41319E-04
  13910   0.41266E-04
  13920   0.41220E-04
  13930   0.41125E-04
  13940   0.41081E-04
  13950   0.41044E-04
  13960   0.40980E-04
  13970   0.40941E-04
  13980   0.40926E-04
  13990   0.40892E-04
  14000   0.40807E-04
  14010   0.40754E-04
  14020   0.40732E-04
  14030   0.40660E-04
  14040   0.40624E-04
  14050   0.40561E-04
  14060   0.40503E-04
  14070   0.40448E-04
  14080   0.40414E-04
  14090   0.40356E-04
  14100   0.40316E-04
  14110   0.40276E-04
  14120   0.40188E-04
  14130   0.40132E-04
  14140   0.40093E-04
  14150   0.40046E-04
  14160   0.40017E-04
  14170   0.39943E-04
  14180   0.39894E-04
  14190   0.39825E-04
  14200   0.39769E-04
  14210   0.39733E-04
  14220   0.39670E-04
  14230   0.39619E-04
  14240   0.39542E-04
  14250   0.39518E-04
  14260   0.39441E-04
  14270   0.39400E-04
  14280   0.39341E-04
  14290   0.39303E-04
  14300   0.39278E-04
  14310   0.39191E-04
  14320   0.39160E-04
  14330   0.39075E-04
  14340   0.39045E-04
  14350   0.38993E-04
  14360   0.38916E-04
  14370   0.38873E-04
  14380   0.38808E-04
  14390   0.38757E-04
  14400   0.38705E-04
  14410   0.38657E-04
  14420   0.38619E-04
  14430   0.38552E-04
  14440   0.38477E-04
  14450   0.38448E-04
  14460   0.38387E-04
  14470   0.38345E-04
  14480   0.38282E-04
  14490   0.38226E-04
  14500   0.38160E-04
  14510   0.38126E-04
  14520   0.38089E-04
  14530   0.38022E-04
  14540   0.37961E-04
  14550   0.37900E-04
  14560   0.37857E-04
  14570   0.37773E-04
  14580   0.37754E-04
  14590   0.37685E-04
  14600   0.37637E-04
  14610   0.37561E-04
  14620   0.37517E-04
  14630   0.37433E-04
  14640   0.37386E-04
  14650   0.37325E-04
  14660   0.37264E-04
  14670   0.37221E-04
  14680   0.37193E-04
  14690   0.37122E-04
  14700   0.37057E-04
  14710   0.37015E-04
  14720   0.36958E-04
  14730   0.36919E-04
  14740   0.36852E-04
  14750   0.36804E-04
  14760   0.36708E-04
  14770   0.36646E-04
  14780   0.36618E-04
  14790   0.36541E-04
  14800   0.36481E-04
  14810   0.36432E-04
  14820   0.36373E-04
  14830   0.36321E-04
  14840   0.36293E-04
  14850   0.36234E-04
  14860   0.36155E-04
  14870   0.36118E-04
  14880   0.36030E-04
  14890   0.35965E-04
  14900   0.35923E-04
  14910   0.35848E-04
  14920   0.35824E-04
  14930   0.35750E-04
  14940   0.35688E-04
  14950   0.35629E-04
  14960   0.35572E-04
  14970   0.35501E-04
  14980   0.35478E-04
  14990   0.35441E-04
  15000   0.35354E-04
  15010   0.35289E-04
  15020   0.35248E-04
  15030   0.35177E-04
  15040   0.35079E-04
  15050   0.35042E-04
  15060   0.34990E-04
  15070   0.34939E-04
  15080   0.34866E-04
  15090   0.34808E-04
  15100   0.34727E-04
  15110   0.34699E-04
  15120   0.34621E-04
  15130   0.34558E-04
  15140   0.34500E-04
  15150   0.34443E-04
  15160   0.34366E-04
  15170   0.34323E-04
  15180   0.34289E-04
  15190   0.34240E-04
  15200   0.34155E-04
  15210   0.34103E-04
  15220   0.34022E-04
  15230   0.33971E-04
  15240   0.33913E-04
  15250   0.33847E-04
  15260   0.33780E-04
  15270   0.33704E-04
  15280   0.33643E-04
  15290   0.33574E-04
  15300   0.33539E-04
  15310   0.33454E-04
  15320   0.33380E-04
  15330   0.33354E-04
  15340   0.33274E-04
  15350   0.33237E-04
  15360   0.33186E-04
  15370   0.33097E-04
  15380   0.33027E-04
  15390   0.32967E-04
  15400   0.32917E-04
  15410   0.32850E-04
  15420   0.32790E-04
  15430   0.32721E-04
  15440   0.32661E-04
  15450   0.32593E-04
  15460   0.32551E-04
  15470   0.32508E-04
  15480   0.32456E-04
  15490   0.32399E-04
  15500   0.32324E-04
  15510   0.32241E-04
  15520   0.32165E-04
  15530   0.32143E-04
  15540   0.32063E-04
  15550   0.32006E-04
  15560   0.31964E-04
  15570   0.31905E-04
  15580   0.31874E-04
  15590   0.31784E-04
  15600   0.31690E-04
  15610   0.31623E-04
  15620   0.31572E-04
  15630   0.31533E-04
  15640   0.31474E-04
  15650   0.31383E-04
  15660   0.31331E-04
  15670   0.31282E-04
  15680   0.31240E-04
  15690   0.31174E-04
  15700   0.31137E-04
  15710   0.31047E-04
  15720   0.31018E-04
  15730   0.30960E-04
  15740   0.30898E-04
  15750   0.30862E-04
  15760   0.30790E-04
  15770   0.30735E-04
  15780   0.30664E-04
  15790   0.30603E-04
  15800   0.30543E-04
  15810   0.30434E-04
  15820   0.30400E-04
  15830   0.30332E-04
  15840   0.30266E-04
  15850   0.30233E-04
  15860   0.30180E-04
  15870   0.30101E-04
  15880   0.30044E-04
  15890   0.29999E-04
  15900   0.29945E-04
  15910   0.29899E-04
  15920   0.29827E-04
  15930   0.29775E-04
  15940   0.29702E-04
  15950   0.29674E-04
  15960   0.29633E-04
  15970   0.29560E-04
  15980   0.29474E-04
  15990   0.29425E-04
  16000   0.29363E-04
  16010   0.29316E-04
  16020   0.29283E-04
  16030   0.29205E-04
  16040   0.29153E-04
  16050   0.29096E-04
  16060   0.29047E-04
  16070   0.29020E-04
  16080   0.28940E-04
  16090   0.28880E-04
  16100   0.28836E-04
  16110   0.28788E-04
  16120   0.28747E-04
  16130   0.28692E-04
  16140   0.28616E-04
  16150   0.28550E-04
  16160   0.28493E-04
  16170   0.28429E-04
  16180   0.28385E-04
  16190   0.28337E-04
  16200   0.28293E-04
  16210   0.28234E-04
  16220   0.28166E-04
  16230   0.28129E-04
  16240   0.28089E-04
  16250   0.28031E-04
  16260   0.27977E-04
  16270   0.27942E-04
  16280   0.27901E-04
  16290   0.27834E-04
  16300   0.27776E-04
  16310   0.27737E-04
  16320   0.27653E-04
  16330   0.27608E-04
  16340   0.27572E-04
  16350   0.27522E-04
  16360   0.27462E-04
  16370   0.27413E-04
  16380   0.27348E-04
  16390   0.27323E-04
  16400   0.27277E-04
  16410   0.27218E-04
  16420   0.27163E-04
  16430   0.27130E-04
  16440   0.27082E-04
  16450   0.27026E-04
  16460   0.26978E-04
  16470   0.26964E-04
  16480   0.26915E-04
  16490   0.26861E-04
  16500   0.26818E-04
  16510   0.26787E-04
  16520   0.26711E-04
  16530   0.26644E-04
  16540   0.26614E-04
  16550   0.26556E-04
  16560   0.26517E-04
  16570   0.26472E-04
  16580   0.26405E-04
  16590   0.26398E-04
  16600   0.26371E-04
  16610   0.26293E-04
  16620   0.26228E-04
  16630   0.26162E-04
  16640   0.26125E-04
  16650   0.26091E-04
  16660   0.26026E-04
  16670   0.26013E-04
  16680   0.25931E-04
  16690   0.25938E-04
  16700   0.25888E-04
  16710   0.25854E-04
  16720   0.25808E-04
  16730   0.25745E-04
  16740   0.25703E-04
  16750   0.25662E-04
  16760   0.25629E-04
  16770   0.25565E-04
  16780   0.25527E-04
  16790   0.25495E-04
  16800   0.25450E-04
  16810   0.25379E-04
  16820   0.25332E-04
  16830   0.25300E-04
  16840   0.25243E-04
  16850   0.25198E-04
  16860   0.25211E-04
  16870   0.25152E-04
  16880   0.25094E-04
  16890   0.25057E-04
  16900   0.25003E-04
  16910   0.24982E-04
  16920   0.24924E-04
  16930   0.24878E-04
  16940   0.24838E-04
  16950   0.24785E-04
  16960   0.24735E-04
  16970   0.24708E-04
  16980   0.24660E-04
  16990   0.24636E-04
  17000   0.24605E-04
  17010   0.24551E-04
  17020   0.24479E-04
  17030   0.24426E-04
  17040   0.24403E-04
  17050   0.24358E-04
  17060   0.24307E-04
  17070   0.24279E-04
  17080   0.24250E-04
  17090   0.24196E-04
  17100   0.24155E-04
  17110   0.24115E-04
  17120   0.24038E-04
  17130   0.24009E-04
  17140   0.23960E-04
  17150   0.23942E-04
  17160   0.23881E-04
  17170   0.23853E-04
  17180   0.23821E-04
  17190   0.23799E-04
  17200   0.23727E-04
  17210   0.23653E-04
  17220   0.23612E-04
  17230   0.23566E-04
  17240   0.23518E-04
  17250   0.23475E-04
  17260   0.23432E-04
  17270   0.23371E-04
  17280   0.23311E-04
  17290   0.23245E-04
  17300   0.23233E-04
  17310   0.23197E-04
  17320   0.23142E-04
  17330   0.23097E-04
  17340   0.23036E-04
  17350   0.22981E-04
  17360   0.22927E-04
  17370   0.22898E-04
  17380   0.22864E-04
  17390   0.22825E-04
  17400   0.22783E-04
  17410   0.22703E-04
  17420   0.22660E-04
  17430   0.22592E-04
  17440   0.22566E-04
  17450   0.22490E-04
  17460   0.22473E-04
  17470   0.22428E-04
  17480   0.22388E-04
  17490   0.22330E-04
  17500   0.22278E-04
  17510   0.22204E-04
  17520   0.22147E-04
  17530   0.22087E-04
  17540   0.22052E-04
  17550   0.21991E-04
  17560   0.21953E-04
  17570   0.21905E-04
  17580   0.21859E-04
  17590   0.21805E-04
  17600   0.21722E-04
  17610   0.21696E-04
  17620   0.21660E-04
  17630   0.21586E-04
  17640   0.21518E-04
  17650   0.21498E-04
  17660   0.21459E-04
  17670   0.21399E-04
  17680   0.21339E-04
  17690   0.21249E-04
  17700   0.21201E-04
  17710   0.21155E-04
  17720   0.21102E-04
  17730   0.21060E-04
  17740   0.21000E-04
  17750   0.20948E-04
  17760   0.20882E-04
  17770   0.20834E-04
  17780   0.20802E-04
  17790   0.20759E-04
  17800   0.20713E-04
  17810   0.20655E-04
  17820   0.20596E-04
  17830   0.20529E-04
  17840   0.20499E-04
  17850   0.20456E-04
  17860   0.20378E-04
  17870   0.20321E-04
  17880   0.20285E-04
  17890   0.20198E-04
  17900   0.20138E-04
  17910   0.20084E-04
  17920   0.20045E-04
  17930   0.20005E-04
  17940   0.19932E-04
  17950   0.19882E-04
  17960   0.19825E-04
  17970   0.19792E-04
  17980   0.19733E-04
  17990   0.19696E-04
  18000   0.19656E-04
  18010   0.19576E-04
  18020   0.19545E-04
  18030   0.19454E-04
  18040   0.19419E-04
  18050   0.19369E-04
  18060   0.19306E-04
  18070   0.19252E-04
  18080   0.19203E-04
  18090   0.19140E-04
  18100   0.19109E-04
  18110   0.19034E-04
  18120   0.18977E-04
  18130   0.18941E-04
  18140   0.18892E-04
  18150   0.18837E-04
  18160   0.18781E-04
  18170   0.18730E-04
  18180   0.18699E-04
  18190   0.18612E-04
  18200   0.18552E-04
  18210   0.18508E-04
  18220   0.18475E-04
  18230   0.18430E-04
  18240   0.18354E-04
  18250   0.18291E-04
  18260   0.18263E-04
  18270   0.18195E-04
  18280   0.18150E-04
  18290   0.18104E-04
  18300   0.18036E-04
  18310   0.17992E-04
  18320   0.17933E-04
  18330   0.17911E-04
  18340   0.17832E-04
  18350   0.17793E-04
  18360   0.17751E-04
  18370   0.17716E-04
  18380   0.17671E-04
  18390   0.17610E-04
  18400   0.17542E-04
  18410   0.17460E-04
  18420   0.17410E-04
  18430   0.17368E-04
  18440   0.17313E-04
  18450   0.17283E-04
  18460   0.17223E-04
  18470   0.17189E-04
  18480   0.17118E-04
  18490   0.17088E-04
  18500   0.17065E-04
  18510   0.17016E-04
  18520   0.16953E-04
  18530   0.16884E-04
  18540   0.16796E-04
  18550   0.16747E-04
  18560   0.16728E-04
  18570   0.16688E-04
  18580   0.16617E-04
  18590   0.16581E-04
  18600   0.16546E-04
  18610   0.16472E-04
  18620   0.16430E-04
  18630   0.16366E-04
  18640   0.16325E-04
  18650   0.16271E-04
  18660   0.16229E-04
  18670   0.16178E-04
  18680   0.16154E-04
  18690   0.16105E-04
  18700   0.16069E-04
  18710   0.16015E-04
  18720   0.15940E-04
  18730   0.15902E-04
  18740   0.15829E-04
  18750   0.15771E-04
  18760   0.15754E-04
  18770   0.15701E-04
  18780   0.15663E-04
  18790   0.15594E-04
  18800   0.15584E-04
  18810   0.15510E-04
  18820   0.15455E-04
  18830   0.15416E-04
  18840   0.15392E-04
  18850   0.15330E-04
  18860   0.15273E-04
  18870   0.15239E-04
  18880   0.15171E-04
  18890   0.15135E-04
  18900   0.15083E-04
  18910   0.15025E-04
  18920   0.15002E-04
  18930   0.14957E-04
  18940   0.14891E-04
  18950   0.14816E-04
  18960   0.14796E-04
  18970   0.14754E-04
  18980   0.14730E-04
  18990   0.14678E-04
  19000   0.14603E-04
  19010   0.14541E-04
  19020   0.14489E-04
  19030   0.14486E-04
  19040   0.14452E-04
  19050   0.14383E-04
  19060   0.14330E-04
  19070   0.14291E-04
  19080   0.14239E-04
  19090   0.14204E-04
  19100   0.14152E-04
  19110   0.14104E-04
  19120   0.14058E-04
  19130   0.14015E-04
  19140   0.13976E-04
  19150   0.13941E-04
  19160   0.13900E-04
  19170   0.13831E-04
  19180   0.13760E-04
  19190   0.13722E-04
  19200   0.13692E-04
  19210   0.13649E-04
  19220   0.13629E-04
  19230   0.13554E-04
  19240   0.13510E-04
  19250   0.13471E-04
  19260   0.13388E-04
  19270   0.13361E-04
  19280   0.13312E-04
  19290   0.13275E-04
  19300   0.13252E-04
  19310   0.13197E-04
  19320   0.13152E-04
  19330   0.13106E-04
  19340   0.13074E-04
  19350   0.13013E-04
  19360   0.12974E-04
  19370   0.12936E-04
  19380   0.12878E-04
  19390   0.12848E-04
  19400   0.12801E-04
  19410   0.12744E-04
  19420   0.12715E-04
  19430   0.12668E-04
  19440   0.12638E-04
  19450   0.12582E-04
  19460   0.12543E-04
  19470   0.12503E-04
  19480   0.12474E-04
  19490   0.12435E-04
  19500   0.12401E-04
  19510   0.12326E-04
  19520   0.12287E-04
  19530   0.12227E-04
  19540   0.12180E-04
  19550   0.12156E-04
  19560   0.12111E-04
  19570   0.12110E-04
  19580   0.12056E-04
  19590   0.12027E-04
  19600   0.11972E-04
  19610   0.11914E-04
  19620   0.11865E-04
  19630   0.11825E-04
  19640   0.11783E-04
  19650   0.11740E-04
  19660   0.11707E-04
  19670   0.11671E-04
  19680   0.11621E-04
  19690   0.11567E-04
  19700   0.11541E-04
  19710   0.11502E-04
  19720   0.11469E-04
  19730   0.11423E-04
  19740   0.11388E-04
  19750   0.11349E-04
  19760   0.11282E-04
  19770   0.11236E-04
  19780   0.11194E-04
  19790   0.11162E-04
  19800   0.11133E-04
  19810   0.11103E-04
  19820   0.11095E-04
  19830   0.11020E-04
  19840   0.10967E-04
  19850   0.10923E-04
  19860   0.10883E-04
  19870   0.10825E-04
  19880   0.10808E-04
  19890   0.10776E-04
  19900   0.10766E-04
  19910   0.10717E-04
  19920   0.10630E-04
  19930   0.10631E-04
  19940   0.10549E-04
  19950   0.10521E-04
  19960   0.10495E-04
  19970   0.10487E-04
  19980   0.10452E-04
  19990   0.10406E-04
  20000   0.10340E-04
