     10   0.12470E-02
     20   0.11210E-02
     30   0.10227E-02
     40   0.94456E-03
     50   0.88143E-03
     60   0.82912E-03
     70   0.78518E-03
     80   0.74744E-03
     90   0.71463E-03
    100   0.68561E-03
    110   0.65946E-03
    120   0.63577E-03
    130   0.61406E-03
    140   0.59405E-03
    150   0.57527E-03
    160   0.55764E-03
    170   0.54101E-03
    180   0.52529E-03
    190   0.51034E-03
    200   0.49607E-03
    210   0.48219E-03
    220   0.46883E-03
    230   0.45605E-03
    240   0.44364E-03
    250   0.43167E-03
    260   0.42010E-03
    270   0.40898E-03
    280   0.39821E-03
    290   0.38778E-03
    300   0.37772E-03
    310   0.36813E-03
    320   0.35882E-03
    330   0.34983E-03
    340   0.34114E-03
    350   0.33272E-03
    360   0.32455E-03
    370   0.31666E-03
    380   0.30909E-03
    390   0.30171E-03
    400   0.29461E-03
    410   0.28789E-03
    420   0.28136E-03
    430   0.27508E-03
    440   0.26899E-03
    450   0.26317E-03
    460   0.25751E-03
    470   0.25209E-03
    480   0.24686E-03
    490   0.24181E-03
    500   0.23694E-03
    510   0.23229E-03
    520   0.22786E-03
    530   0.22352E-03
    540   0.21937E-03
    550   0.21535E-03
    560   0.21148E-03
    570   0.20778E-03
    580   0.20417E-03
    590   0.20073E-03
    600   0.19742E-03
    610   0.19419E-03
    620   0.19111E-03
    630   0.18818E-03
    640   0.18533E-03
    650   0.18268E-03
    660   0.18013E-03
    670   0.17771E-03
    680   0.17541E-03
    690   0.17326E-03
    700   0.17123E-03
    710   0.16934E-03
    720   0.16758E-03
    730   0.16589E-03
    740   0.16438E-03
    750   0.16295E-03
    760   0.16161E-03
    770   0.16034E-03
    780   0.15916E-03
    790   0.15804E-03
    800   0.15697E-03
    810   0.15594E-03
    820   0.15495E-03
    830   0.15396E-03
    840   0.15299E-03
    850   0.15200E-03
    860   0.15102E-03
    870   0.15001E-03
    880   0.14899E-03
    890   0.14794E-03
    900   0.14687E-03
    910   0.14573E-03
    920   0.14458E-03
    930   0.14339E-03
    940   0.14216E-03
    950   0.14093E-03
    960   0.13966E-03
    970   0.13835E-03
    980   0.13707E-03
    990   0.13576E-03
   1000   0.13444E-03
   1010   0.13314E-03
   1020   0.13186E-03
   1030   0.13060E-03
   1040   0.12937E-03
   1050   0.12818E-03
   1060   0.12704E-03
   1070   0.12597E-03
   1080   0.12494E-03
   1090   0.12400E-03
   1100   0.12313E-03
   1110   0.12234E-03
   1120   0.12163E-03
   1130   0.12099E-03
   1140   0.12046E-03
   1150   0.12000E-03
   1160   0.11966E-03
   1170   0.11938E-03
   1180   0.11920E-03
   1190   0.11910E-03
   1200   0.11908E-03
   1210   0.11914E-03
   1220   0.11927E-03
   1230   0.11946E-03
   1240   0.11972E-03
   1250   0.12003E-03
   1260   0.12039E-03
   1270   0.12077E-03
   1280   0.12118E-03
   1290   0.12163E-03
   1300   0.12209E-03
   1310   0.12258E-03
   1320   0.12305E-03
   1330   0.12350E-03
   1340   0.12397E-03
   1350   0.12441E-03
   1360   0.12481E-03
   1370   0.12519E-03
   1380   0.12554E-03
   1390   0.12585E-03
   1400   0.12613E-03
   1410   0.12634E-03
   1420   0.12652E-03
   1430   0.12664E-03
   1440   0.12673E-03
   1450   0.12674E-03
   1460   0.12671E-03
   1470   0.12662E-03
   1480   0.12648E-03
   1490   0.12630E-03
   1500   0.12606E-03
   1510   0.12578E-03
   1520   0.12544E-03
   1530   0.12503E-03
   1540   0.12461E-03
   1550   0.12413E-03
   1560   0.12363E-03
   1570   0.12308E-03
   1580   0.12248E-03
   1590   0.12186E-03
   1600   0.12120E-03
   1610   0.12050E-03
   1620   0.11978E-03
   1630   0.11904E-03
   1640   0.11827E-03
   1650   0.11746E-03
   1660   0.11663E-03
   1670   0.11582E-03
   1680   0.11494E-03
   1690   0.11407E-03
   1700   0.11319E-03
   1710   0.11231E-03
   1720   0.11140E-03
   1730   0.11047E-03
   1740   0.10956E-03
   1750   0.10866E-03
   1760   0.10772E-03
   1770   0.10684E-03
   1780   0.10593E-03
   1790   0.10507E-03
   1800   0.10421E-03
   1810   0.10336E-03
   1820   0.10256E-03
   1830   0.10176E-03
   1840   0.10102E-03
   1850   0.10032E-03
   1860   0.99639E-04
   1870   0.99024E-04
   1880   0.98467E-04
   1890   0.97938E-04
   1900   0.97485E-04
   1910   0.97087E-04
   1920   0.96745E-04
   1930   0.96486E-04
   1940   0.96269E-04
   1950   0.96135E-04
   1960   0.96046E-04
   1970   0.96037E-04
   1980   0.96094E-04
   1990   0.96189E-04
   2000   0.96374E-04
   2010   0.96630E-04
   2020   0.96908E-04
   2030   0.97246E-04
   2040   0.97635E-04
   2050   0.98085E-04
   2060   0.98548E-04
   2070   0.99070E-04
   2080   0.99614E-04
   2090   0.10016E-03
   2100   0.10078E-03
   2110   0.10138E-03
   2120   0.10201E-03
   2130   0.10263E-03
   2140   0.10330E-03
   2150   0.10394E-03
   2160   0.10457E-03
   2170   0.10520E-03
   2180   0.10582E-03
   2190   0.10644E-03
   2200   0.10704E-03
   2210   0.10764E-03
   2220   0.10819E-03
   2230   0.10872E-03
   2240   0.10925E-03
   2250   0.10973E-03
   2260   0.11021E-03
   2270   0.11065E-03
   2280   0.11107E-03
   2290   0.11146E-03
   2300   0.11183E-03
   2310   0.11218E-03
   2320   0.11248E-03
   2330   0.11277E-03
   2340   0.11304E-03
   2350   0.11328E-03
   2360   0.11351E-03
   2370   0.11373E-03
   2380   0.11392E-03
   2390   0.11410E-03
   2400   0.11425E-03
   2410   0.11440E-03
   2420   0.11454E-03
   2430   0.11467E-03
   2440   0.11482E-03
   2450   0.11494E-03
   2460   0.11508E-03
   2470   0.11519E-03
   2480   0.11535E-03
   2490   0.11548E-03
   2500   0.11562E-03
   2510   0.11578E-03
   2520   0.11594E-03
   2530   0.11610E-03
   2540   0.11630E-03
   2550   0.11648E-03
   2560   0.11669E-03
   2570   0.11691E-03
   2580   0.11713E-03
   2590   0.11736E-03
   2600   0.11762E-03
   2610   0.11787E-03
   2620   0.11815E-03
   2630   0.11844E-03
   2640   0.11873E-03
   2650   0.11900E-03
   2660   0.11929E-03
   2670   0.11959E-03
   2680   0.11990E-03
   2690   0.12021E-03
   2700   0.12052E-03
   2710   0.12079E-03
   2720   0.12109E-03
   2730   0.12139E-03
   2740   0.12166E-03
   2750   0.12192E-03
   2760   0.12216E-03
   2770   0.12240E-03
   2780   0.12263E-03
   2790   0.12283E-03
   2800   0.12302E-03
   2810   0.12317E-03
   2820   0.12333E-03
   2830   0.12346E-03
   2840   0.12356E-03
   2850   0.12362E-03
   2860   0.12369E-03
   2870   0.12372E-03
   2880   0.12370E-03
   2890   0.12370E-03
   2900   0.12364E-03
   2910   0.12356E-03
   2920   0.12344E-03
   2930   0.12332E-03
   2940   0.12317E-03
   2950   0.12297E-03
   2960   0.12277E-03
   2970   0.12252E-03
   2980   0.12227E-03
   2990   0.12200E-03
   3000   0.12168E-03
   3010   0.12137E-03
   3020   0.12104E-03
   3030   0.12069E-03
   3040   0.12031E-03
   3050   0.11992E-03
   3060   0.11952E-03
   3070   0.11909E-03
   3080   0.11868E-03
   3090   0.11825E-03
   3100   0.11783E-03
   3110   0.11737E-03
   3120   0.11693E-03
   3130   0.11650E-03
   3140   0.11606E-03
   3150   0.11565E-03
   3160   0.11521E-03
   3170   0.11481E-03
   3180   0.11441E-03
   3190   0.11402E-03
   3200   0.11365E-03
   3210   0.11332E-03
   3220   0.11297E-03
   3230   0.11268E-03
   3240   0.11240E-03
   3250   0.11215E-03
   3260   0.11193E-03
   3270   0.11175E-03
   3280   0.11158E-03
   3290   0.11146E-03
   3300   0.11138E-03
   3310   0.11134E-03
   3320   0.11133E-03
   3330   0.11133E-03
   3340   0.11141E-03
   3350   0.11150E-03
   3360   0.11163E-03
   3370   0.11183E-03
   3380   0.11206E-03
   3390   0.11230E-03
   3400   0.11262E-03
   3410   0.11296E-03
   3420   0.11333E-03
   3430   0.11373E-03
   3440   0.11421E-03
   3450   0.11470E-03
   3460   0.11523E-03
   3470   0.11577E-03
   3480   0.11635E-03
   3490   0.11696E-03
   3500   0.11758E-03
   3510   0.11823E-03
   3520   0.11896E-03
   3530   0.11967E-03
   3540   0.12040E-03
   3550   0.12116E-03
   3560   0.12193E-03
   3570   0.12271E-03
   3580   0.12350E-03
   3590   0.12430E-03
   3600   0.12512E-03
   3610   0.12596E-03
   3620   0.12680E-03
   3630   0.12764E-03
   3640   0.12848E-03
   3650   0.12933E-03
   3660   0.13016E-03
   3670   0.13102E-03
   3680   0.13186E-03
   3690   0.13272E-03
   3700   0.13355E-03
   3710   0.13436E-03
   3720   0.13522E-03
   3730   0.13599E-03
   3740   0.13681E-03
   3750   0.13760E-03
   3760   0.13842E-03
   3770   0.13915E-03
   3780   0.13992E-03
   3790   0.14069E-03
   3800   0.14144E-03
   3810   0.14215E-03
   3820   0.14288E-03
   3830   0.14357E-03
   3840   0.14425E-03
   3850   0.14490E-03
   3860   0.14553E-03
   3870   0.14619E-03
   3880   0.14676E-03
   3890   0.14737E-03
   3900   0.14794E-03
   3910   0.14850E-03
   3920   0.14902E-03
   3930   0.14955E-03
   3940   0.15005E-03
   3950   0.15054E-03
   3960   0.15099E-03
   3970   0.15139E-03
   3980   0.15182E-03
   3990   0.15223E-03
   4000   0.15262E-03
   4010   0.15298E-03
   4020   0.15331E-03
   4030   0.15363E-03
   4040   0.15393E-03
   4050   0.15422E-03
   4060   0.15450E-03
   4070   0.15470E-03
   4080   0.15492E-03
   4090   0.15508E-03
   4100   0.15528E-03
   4110   0.15546E-03
   4120   0.15557E-03
   4130   0.15567E-03
   4140   0.15581E-03
   4150   0.15586E-03
   4160   0.15595E-03
   4170   0.15599E-03
   4180   0.15601E-03
   4190   0.15602E-03
   4200   0.15600E-03
   4210   0.15595E-03
   4220   0.15593E-03
   4230   0.15580E-03
   4240   0.15575E-03
   4250   0.15563E-03
   4260   0.15551E-03
   4270   0.15538E-03
   4280   0.15523E-03
   4290   0.15506E-03
   4300   0.15486E-03
   4310   0.15465E-03
   4320   0.15441E-03
   4330   0.15417E-03
   4340   0.15393E-03
   4350   0.15363E-03
   4360   0.15340E-03
   4370   0.15311E-03
   4380   0.15280E-03
   4390   0.15246E-03
   4400   0.15213E-03
   4410   0.15182E-03
   4420   0.15144E-03
   4430   0.15103E-03
   4440   0.15070E-03
   4450   0.15030E-03
   4460   0.14990E-03
   4470   0.14946E-03
   4480   0.14906E-03
   4490   0.14863E-03
   4500   0.14817E-03
   4510   0.14771E-03
   4520   0.14726E-03
   4530   0.14679E-03
   4540   0.14629E-03
   4550   0.14580E-03
   4560   0.14528E-03
   4570   0.14480E-03
   4580   0.14429E-03
   4590   0.14380E-03
   4600   0.14325E-03
   4610   0.14269E-03
   4620   0.14218E-03
   4630   0.14162E-03
   4640   0.14107E-03
   4650   0.14049E-03
   4660   0.13996E-03
   4670   0.13937E-03
   4680   0.13878E-03
   4690   0.13819E-03
   4700   0.13758E-03
   4710   0.13699E-03
   4720   0.13637E-03
   4730   0.13575E-03
   4740   0.13515E-03
   4750   0.13454E-03
   4760   0.13390E-03
   4770   0.13323E-03
   4780   0.13259E-03
   4790   0.13199E-03
   4800   0.13130E-03
   4810   0.13061E-03
   4820   0.12993E-03
   4830   0.12929E-03
   4840   0.12856E-03
   4850   0.12790E-03
   4860   0.12721E-03
   4870   0.12648E-03
   4880   0.12579E-03
   4890   0.12507E-03
   4900   0.12436E-03
   4910   0.12364E-03
   4920   0.12291E-03
   4930   0.12220E-03
   4940   0.12148E-03
   4950   0.12072E-03
   4960   0.11996E-03
   4970   0.11921E-03
   4980   0.11847E-03
   4990   0.11769E-03
   5000   0.11694E-03
   5010   0.11616E-03
   5020   0.11541E-03
   5030   0.11464E-03
   5040   0.11388E-03
   5050   0.11309E-03
   5060   0.11233E-03
   5070   0.11156E-03
   5080   0.11079E-03
   5090   0.11000E-03
   5100   0.10925E-03
   5110   0.10845E-03
   5120   0.10770E-03
   5130   0.10693E-03
   5140   0.10616E-03
   5150   0.10540E-03
   5160   0.10466E-03
   5170   0.10389E-03
   5180   0.10315E-03
   5190   0.10239E-03
   5200   0.10163E-03
   5210   0.10090E-03
   5220   0.10016E-03
   5230   0.99451E-04
   5240   0.98728E-04
   5250   0.98018E-04
   5260   0.97286E-04
   5270   0.96625E-04
   5280   0.95914E-04
   5290   0.95235E-04
   5300   0.94559E-04
   5310   0.93860E-04
   5320   0.93216E-04
   5330   0.92562E-04
   5340   0.91923E-04
   5350   0.91260E-04
   5360   0.90662E-04
   5370   0.90040E-04
   5380   0.89428E-04
   5390   0.88800E-04
   5400   0.88222E-04
   5410   0.87662E-04
   5420   0.87092E-04
   5430   0.86510E-04
   5440   0.85962E-04
   5450   0.85444E-04
   5460   0.84877E-04
   5470   0.84360E-04
   5480   0.83841E-04
   5490   0.83343E-04
   5500   0.82859E-04
   5510   0.82362E-04
   5520   0.81896E-04
   5530   0.81401E-04
   5540   0.80931E-04
   5550   0.80502E-04
   5560   0.80053E-04
   5570   0.79609E-04
   5580   0.79188E-04
   5590   0.78775E-04
   5600   0.78348E-04
   5610   0.77945E-04
   5620   0.77524E-04
   5630   0.77187E-04
   5640   0.76835E-04
   5650   0.76406E-04
   5660   0.76049E-04
   5670   0.75683E-04
   5680   0.75315E-04
   5690   0.74984E-04
   5700   0.74655E-04
   5710   0.74294E-04
   5720   0.73991E-04
   5730   0.73666E-04
   5740   0.73328E-04
   5750   0.73037E-04
   5760   0.72725E-04
   5770   0.72414E-04
   5780   0.72121E-04
   5790   0.71791E-04
   5800   0.71567E-04
   5810   0.71227E-04
   5820   0.70961E-04
   5830   0.70698E-04
   5840   0.70423E-04
   5850   0.70181E-04
   5860   0.69884E-04
   5870   0.69658E-04
   5880   0.69381E-04
   5890   0.69139E-04
   5900   0.68895E-04
   5910   0.68642E-04
   5920   0.68433E-04
   5930   0.68173E-04
   5940   0.67978E-04
   5950   0.67705E-04
   5960   0.67529E-04
   5970   0.67291E-04
   5980   0.67064E-04
   5990   0.66837E-04
   6000   0.66673E-04
   6010   0.66445E-04
   6020   0.66231E-04
   6030   0.66060E-04
   6040   0.65840E-04
   6050   0.65668E-04
   6060   0.65477E-04
   6070   0.65273E-04
   6080   0.65103E-04
   6090   0.64928E-04
   6100   0.64757E-04
   6110   0.64585E-04
   6120   0.64422E-04
   6130   0.64259E-04
   6140   0.64112E-04
   6150   0.63931E-04
   6160   0.63788E-04
   6170   0.63634E-04
   6180   0.63510E-04
   6190   0.63372E-04
   6200   0.63227E-04
   6210   0.63101E-04
   6220   0.62961E-04
   6230   0.62834E-04
   6240   0.62728E-04
   6250   0.62600E-04
   6260   0.62479E-04
   6270   0.62387E-04
   6280   0.62259E-04
   6290   0.62144E-04
   6300   0.62061E-04
   6310   0.61974E-04
   6320   0.61888E-04
   6330   0.61773E-04
   6340   0.61689E-04
   6350   0.61632E-04
   6360   0.61523E-04
   6370   0.61461E-04
   6380   0.61393E-04
   6390   0.61307E-04
   6400   0.61237E-04
   6410   0.61174E-04
   6420   0.61166E-04
   6430   0.61080E-04
   6440   0.61032E-04
   6450   0.60962E-04
   6460   0.60920E-04
   6470   0.60870E-04
   6480   0.60832E-04
   6490   0.60769E-04
   6500   0.60730E-04
   6510   0.60694E-04
   6520   0.60680E-04
   6530   0.60662E-04
   6540   0.60577E-04
   6550   0.60585E-04
   6560   0.60543E-04
   6570   0.60547E-04
   6580   0.60510E-04
   6590   0.60530E-04
   6600   0.60505E-04
   6610   0.60474E-04
   6620   0.60440E-04
   6630   0.60426E-04
   6640   0.60437E-04
   6650   0.60448E-04
   6660   0.60404E-04
   6670   0.60400E-04
   6680   0.60416E-04
   6690   0.60412E-04
   6700   0.60425E-04
   6710   0.60435E-04
   6720   0.60411E-04
   6730   0.60404E-04
   6740   0.60426E-04
   6750   0.60449E-04
   6760   0.60457E-04
   6770   0.60429E-04
   6780   0.60437E-04
   6790   0.60450E-04
   6800   0.60473E-04
   6810   0.60475E-04
   6820   0.60503E-04
   6830   0.60535E-04
   6840   0.60541E-04
   6850   0.60536E-04
   6860   0.60580E-04
   6870   0.60594E-04
   6880   0.60602E-04
   6890   0.60614E-04
   6900   0.60619E-04
   6910   0.60650E-04
   6920   0.60674E-04
   6930   0.60682E-04
   6940   0.60716E-04
   6950   0.60764E-04
   6960   0.60782E-04
   6970   0.60788E-04
   6980   0.60803E-04
   6990   0.60837E-04
   7000   0.60849E-04
   7010   0.60892E-04
   7020   0.60934E-04
   7030   0.60953E-04
   7040   0.60974E-04
   7050   0.61005E-04
   7060   0.61012E-04
   7070   0.61046E-04
   7080   0.61079E-04
   7090   0.61096E-04
   7100   0.61153E-04
   7110   0.61160E-04
   7120   0.61220E-04
   7130   0.61247E-04
   7140   0.61273E-04
   7150   0.61287E-04
   7160   0.61346E-04
   7170   0.61375E-04
   7180   0.61408E-04
   7190   0.61432E-04
   7200   0.61461E-04
   7210   0.61504E-04
   7220   0.61530E-04
   7230   0.61568E-04
   7240   0.61615E-04
   7250   0.61645E-04
   7260   0.61687E-04
   7270   0.61715E-04
   7280   0.61753E-04
   7290   0.61793E-04
   7300   0.61828E-04
   7310   0.61875E-04
   7320   0.61933E-04
   7330   0.61952E-04
   7340   0.61987E-04
   7350   0.62010E-04
   7360   0.62068E-04
   7370   0.62123E-04
   7380   0.62104E-04
   7390   0.62194E-04
   7400   0.62233E-04
   7410   0.62253E-04
   7420   0.62289E-04
   7430   0.62332E-04
   7440   0.62391E-04
   7450   0.62437E-04
   7460   0.62467E-04
   7470   0.62503E-04
   7480   0.62564E-04
   7490   0.62581E-04
   7500   0.62649E-04
   7510   0.62669E-04
   7520   0.62697E-04
   7530   0.62746E-04
   7540   0.62762E-04
   7550   0.62821E-04
   7560   0.62857E-04
   7570   0.62928E-04
   7580   0.62961E-04
   7590   0.62971E-04
   7600   0.63005E-04
   7610   0.63067E-04
   7620   0.63099E-04
   7630   0.63144E-04
   7640   0.63192E-04
   7650   0.63208E-04
   7660   0.63256E-04
   7670   0.63289E-04
   7680   0.63332E-04
   7690   0.63372E-04
   7700   0.63417E-04
   7710   0.63424E-04
   7720   0.63468E-04
   7730   0.63515E-04
   7740   0.63544E-04
   7750   0.63572E-04
   7760   0.63611E-04
   7770   0.63621E-04
   7780   0.63670E-04
   7790   0.63670E-04
   7800   0.63717E-04
   7810   0.63741E-04
   7820   0.63793E-04
   7830   0.63793E-04
   7840   0.63806E-04
   7850   0.63854E-04
   7860   0.63868E-04
   7870   0.63879E-04
   7880   0.63889E-04
   7890   0.63903E-04
   7900   0.63924E-04
   7910   0.63954E-04
   7920   0.63989E-04
   7930   0.63993E-04
   7940   0.63999E-04
   7950   0.64013E-04
   7960   0.64018E-04
   7970   0.64037E-04
   7980   0.64062E-04
   7990   0.64067E-04
   8000   0.64056E-04
   8010   0.64066E-04
   8020   0.64061E-04
   8030   0.64068E-04
   8040   0.64064E-04
   8050   0.64066E-04
   8060   0.64053E-04
   8070   0.64030E-04
   8080   0.64039E-04
   8090   0.64035E-04
   8100   0.64031E-04
   8110   0.64023E-04
   8120   0.64007E-04
   8130   0.64001E-04
   8140   0.64004E-04
   8150   0.63991E-04
   8160   0.63936E-04
   8170   0.63940E-04
   8180   0.63911E-04
   8190   0.63879E-04
   8200   0.63868E-04
   8210   0.63859E-04
   8220   0.63829E-04
   8230   0.63805E-04
   8240   0.63789E-04
   8250   0.63724E-04
   8260   0.63706E-04
   8270   0.63667E-04
   8280   0.63655E-04
   8290   0.63618E-04
   8300   0.63603E-04
   8310   0.63557E-04
   8320   0.63547E-04
   8330   0.63486E-04
   8340   0.63430E-04
   8350   0.63412E-04
   8360   0.63362E-04
   8370   0.63301E-04
   8380   0.63284E-04
   8390   0.63211E-04
   8400   0.63175E-04
   8410   0.63139E-04
   8420   0.63104E-04
   8430   0.63051E-04
   8440   0.63006E-04
   8450   0.62940E-04
   8460   0.62898E-04
   8470   0.62847E-04
   8480   0.62789E-04
   8490   0.62756E-04
   8500   0.62709E-04
   8510   0.62642E-04
   8520   0.62562E-04
   8530   0.62526E-04
   8540   0.62470E-04
   8550   0.62412E-04
   8560   0.62357E-04
   8570   0.62310E-04
   8580   0.62235E-04
   8590   0.62176E-04
   8600   0.62145E-04
   8610   0.62085E-04
   8620   0.62026E-04
   8630   0.61964E-04
   8640   0.61893E-04
   8650   0.61843E-04
   8660   0.61767E-04
   8670   0.61735E-04
   8680   0.61692E-04
   8690   0.61623E-04
   8700   0.61557E-04
   8710   0.61477E-04
   8720   0.61419E-04
   8730   0.61400E-04
   8740   0.61312E-04
   8750   0.61250E-04
   8760   0.61208E-04
   8770   0.61157E-04
   8780   0.61081E-04
   8790   0.61018E-04
   8800   0.60978E-04
   8810   0.60934E-04
   8820   0.60872E-04
   8830   0.60824E-04
   8840   0.60773E-04
   8850   0.60697E-04
   8860   0.60659E-04
   8870   0.60604E-04
   8880   0.60553E-04
   8890   0.60483E-04
   8900   0.60446E-04
   8910   0.60383E-04
   8920   0.60330E-04
   8930   0.60280E-04
   8940   0.60228E-04
   8950   0.60194E-04
   8960   0.60156E-04
   8970   0.60088E-04
   8980   0.60073E-04
   8990   0.60029E-04
   9000   0.59983E-04
   9010   0.59941E-04
   9020   0.59870E-04
   9030   0.59852E-04
   9040   0.59785E-04
   9050   0.59775E-04
   9060   0.59733E-04
   9070   0.59693E-04
   9080   0.59647E-04
   9090   0.59610E-04
   9100   0.59563E-04
   9110   0.59532E-04
   9120   0.59499E-04
   9130   0.59470E-04
   9140   0.59445E-04
   9150   0.59414E-04
   9160   0.59387E-04
   9170   0.59369E-04
   9180   0.59310E-04
   9190   0.59267E-04
   9200   0.59263E-04
   9210   0.59229E-04
   9220   0.59198E-04
   9230   0.59162E-04
   9240   0.59151E-04
   9250   0.59139E-04
   9260   0.59081E-04
   9270   0.59064E-04
   9280   0.59066E-04
   9290   0.59027E-04
   9300   0.59005E-04
   9310   0.58988E-04
   9320   0.58962E-04
   9330   0.58961E-04
   9340   0.58952E-04
   9350   0.58911E-04
   9360   0.58898E-04
   9370   0.58896E-04
   9380   0.58881E-04
   9390   0.58886E-04
   9400   0.58857E-04
   9410   0.58834E-04
   9420   0.58828E-04
   9430   0.58814E-04
   9440   0.58801E-04
   9450   0.58801E-04
   9460   0.58775E-04
   9470   0.58772E-04
   9480   0.58758E-04
   9490   0.58741E-04
   9500   0.58762E-04
   9510   0.58743E-04
   9520   0.58748E-04
   9530   0.58716E-04
   9540   0.58708E-04
   9550   0.58715E-04
   9560   0.58729E-04
   9570   0.58690E-04
   9580   0.58695E-04
   9590   0.58696E-04
   9600   0.58689E-04
   9610   0.58700E-04
   9620   0.58673E-04
   9630   0.58668E-04
   9640   0.58668E-04
   9650   0.58667E-04
   9660   0.58659E-04
   9670   0.58652E-04
   9680   0.58655E-04
   9690   0.58625E-04
   9700   0.58639E-04
   9710   0.58642E-04
   9720   0.58637E-04
   9730   0.58635E-04
   9740   0.58625E-04
   9750   0.58645E-04
   9760   0.58635E-04
   9770   0.58630E-04
   9780   0.58614E-04
   9790   0.58618E-04
   9800   0.58615E-04
   9810   0.58606E-04
   9820   0.58607E-04
   9830   0.58632E-04
   9840   0.58604E-04
   9850   0.58610E-04
   9860   0.58607E-04
   9870   0.58607E-04
   9880   0.58608E-04
   9890   0.58592E-04
   9900   0.58587E-04
   9910   0.58586E-04
   9920   0.58575E-04
   9930   0.58570E-04
   9940   0.58581E-04
   9950   0.58576E-04
   9960   0.58553E-04
   9970   0.58572E-04
   9980   0.58556E-04
   9990   0.58572E-04
  10000   0.58567E-04
  10010   0.58550E-04
  10020   0.58554E-04
  10030   0.58544E-04
  10040   0.58521E-04
  10050   0.58524E-04
  10060   0.58524E-04
  10070   0.58523E-04
  10080   0.58517E-04
  10090   0.58506E-04
  10100   0.58496E-04
  10110   0.58478E-04
  10120   0.58460E-04
  10130   0.58453E-04
  10140   0.58456E-04
  10150   0.58450E-04
  10160   0.58419E-04
  10170   0.58412E-04
  10180   0.58434E-04
  10190   0.58418E-04
  10200   0.58396E-04
  10210   0.58398E-04
  10220   0.58386E-04
  10230   0.58363E-04
  10240   0.58343E-04
  10250   0.58329E-04
  10260   0.58341E-04
  10270   0.58356E-04
  10280   0.58339E-04
  10290   0.58307E-04
  10300   0.58288E-04
  10310   0.58264E-04
  10320   0.58264E-04
  10330   0.58252E-04
  10340   0.58248E-04
  10350   0.58219E-04
  10360   0.58202E-04
  10370   0.58178E-04
  10380   0.58177E-04
  10390   0.58154E-04
  10400   0.58141E-04
  10410   0.58102E-04
  10420   0.58113E-04
  10430   0.58083E-04
  10440   0.58066E-04
  10450   0.58040E-04
  10460   0.58032E-04
  10470   0.57990E-04
  10480   0.57998E-04
  10490   0.57992E-04
  10500   0.57962E-04
  10510   0.57937E-04
  10520   0.57921E-04
  10530   0.57899E-04
  10540   0.57875E-04
  10550   0.57842E-04
  10560   0.57828E-04
  10570   0.57817E-04
  10580   0.57779E-04
  10590   0.57768E-04
  10600   0.57739E-04
  10610   0.57713E-04
  10620   0.57670E-04
  10630   0.57644E-04
  10640   0.57652E-04
  10650   0.57616E-04
  10660   0.57573E-04
  10670   0.57537E-04
  10680   0.57502E-04
  10690   0.57464E-04
  10700   0.57445E-04
  10710   0.57415E-04
  10720   0.57405E-04
  10730   0.57375E-04
  10740   0.57332E-04
  10750   0.57279E-04
  10760   0.57255E-04
  10770   0.57240E-04
  10780   0.57197E-04
  10790   0.57159E-04
  10800   0.57121E-04
  10810   0.57089E-04
  10820   0.57060E-04
  10830   0.57026E-04
  10840   0.57008E-04
  10850   0.56975E-04
  10860   0.56948E-04
  10870   0.56891E-04
  10880   0.56884E-04
  10890   0.56830E-04
  10900   0.56793E-04
  10910   0.56741E-04
  10920   0.56706E-04
  10930   0.56648E-04
  10940   0.56577E-04
  10950   0.56572E-04
  10960   0.56514E-04
  10970   0.56471E-04
  10980   0.56424E-04
  10990   0.56373E-04
  11000   0.56329E-04
  11010   0.56281E-04
  11020   0.56237E-04
  11030   0.56193E-04
  11040   0.56156E-04
  11050   0.56095E-04
  11060   0.56041E-04
  11070   0.56002E-04
  11080   0.55959E-04
  11090   0.55905E-04
  11100   0.55873E-04
  11110   0.55787E-04
  11120   0.55725E-04
  11130   0.55672E-04
  11140   0.55587E-04
  11150   0.55555E-04
  11160   0.55492E-04
  11170   0.55428E-04
  11180   0.55357E-04
  11190   0.55320E-04
  11200   0.55229E-04
  11210   0.55181E-04
  11220   0.55149E-04
  11230   0.55056E-04
  11240   0.54993E-04
  11250   0.54914E-04
  11260   0.54862E-04
  11270   0.54789E-04
  11280   0.54745E-04
  11290   0.54647E-04
  11300   0.54569E-04
  11310   0.54505E-04
  11320   0.54429E-04
  11330   0.54361E-04
  11340   0.54268E-04
  11350   0.54221E-04
  11360   0.54150E-04
  11370   0.54053E-04
  11380   0.54006E-04
  11390   0.53910E-04
  11400   0.53838E-04
  11410   0.53763E-04
  11420   0.53672E-04
  11430   0.53586E-04
  11440   0.53493E-04
  11450   0.53421E-04
  11460   0.53351E-04
  11470   0.53242E-04
  11480   0.53149E-04
  11490   0.53069E-04
  11500   0.52976E-04
  11510   0.52901E-04
  11520   0.52805E-04
  11530   0.52727E-04
  11540   0.52614E-04
  11550   0.52512E-04
  11560   0.52431E-04
  11570   0.52341E-04
  11580   0.52245E-04
  11590   0.52178E-04
  11600   0.52069E-04
  11610   0.51966E-04
  11620   0.51875E-04
  11630   0.51773E-04
  11640   0.51688E-04
  11650   0.51600E-04
  11660   0.51486E-04
  11670   0.51403E-04
  11680   0.51284E-04
  11690   0.51188E-04
  11700   0.51097E-04
  11710   0.51004E-04
  11720   0.50901E-04
  11730   0.50801E-04
  11740   0.50684E-04
  11750   0.50577E-04
  11760   0.50486E-04
  11770   0.50377E-04
  11780   0.50284E-04
  11790   0.50165E-04
  11800   0.50070E-04
  11810   0.49995E-04
  11820   0.49887E-04
  11830   0.49774E-04
  11840   0.49651E-04
  11850   0.49541E-04
  11860   0.49452E-04
  11870   0.49353E-04
  11880   0.49250E-04
  11890   0.49141E-04
  11900   0.49045E-04
  11910   0.48956E-04
  11920   0.48839E-04
  11930   0.48758E-04
  11940   0.48661E-04
  11950   0.48555E-04
  11960   0.48445E-04
  11970   0.48334E-04
  11980   0.48256E-04
  11990   0.48168E-04
  12000   0.48015E-04
  12010   0.47953E-04
  12020   0.47845E-04
  12030   0.47756E-04
  12040   0.47659E-04
  12050   0.47565E-04
  12060   0.47480E-04
  12070   0.47379E-04
  12080   0.47261E-04
  12090   0.47162E-04
  12100   0.47100E-04
  12110   0.46998E-04
  12120   0.46893E-04
  12130   0.46815E-04
  12140   0.46723E-04
  12150   0.46610E-04
  12160   0.46524E-04
  12170   0.46439E-04
  12180   0.46346E-04
  12190   0.46247E-04
  12200   0.46150E-04
  12210   0.46065E-04
  12220   0.45967E-04
  12230   0.45858E-04
  12240   0.45777E-04
  12250   0.45686E-04
  12260   0.45613E-04
  12270   0.45508E-04
  12280   0.45421E-04
  12290   0.45356E-04
  12300   0.45274E-04
  12310   0.45191E-04
  12320   0.45098E-04
  12330   0.45014E-04
  12340   0.44900E-04
  12350   0.44833E-04
  12360   0.44746E-04
  12370   0.44677E-04
  12380   0.44572E-04
  12390   0.44487E-04
  12400   0.44401E-04
  12410   0.44327E-04
  12420   0.44224E-04
  12430   0.44153E-04
  12440   0.44058E-04
  12450   0.44019E-04
  12460   0.43910E-04
  12470   0.43846E-04
  12480   0.43742E-04
  12490   0.43665E-04
  12500   0.43607E-04
  12510   0.43519E-04
  12520   0.43471E-04
  12530   0.43372E-04
  12540   0.43292E-04
  12550   0.43198E-04
  12560   0.43139E-04
  12570   0.43071E-04
  12580   0.42989E-04
  12590   0.42913E-04
  12600   0.42845E-04
  12610   0.42804E-04
  12620   0.42690E-04
  12630   0.42590E-04
  12640   0.42535E-04
  12650   0.42464E-04
  12660   0.42404E-04
  12670   0.42317E-04
  12680   0.42245E-04
  12690   0.42176E-04
  12700   0.42113E-04
  12710   0.42046E-04
  12720   0.41980E-04
  12730   0.41928E-04
  12740   0.41829E-04
  12750   0.41729E-04
  12760   0.41658E-04
  12770   0.41585E-04
  12780   0.41519E-04
  12790   0.41452E-04
  12800   0.41392E-04
  12810   0.41343E-04
  12820   0.41270E-04
  12830   0.41175E-04
  12840   0.41084E-04
  12850   0.41059E-04
  12860   0.40972E-04
  12870   0.40919E-04
  12880   0.40850E-04
  12890   0.40793E-04
  12900   0.40737E-04
  12910   0.40637E-04
  12920   0.40568E-04
  12930   0.40496E-04
  12940   0.40413E-04
  12950   0.40334E-04
  12960   0.40290E-04
  12970   0.40233E-04
  12980   0.40188E-04
  12990   0.40122E-04
  13000   0.40040E-04
  13010   0.39960E-04
  13020   0.39892E-04
  13030   0.39829E-04
  13040   0.39755E-04
  13050   0.39690E-04
  13060   0.39626E-04
  13070   0.39556E-04
  13080   0.39493E-04
  13090   0.39432E-04
  13100   0.39371E-04
  13110   0.39278E-04
  13120   0.39205E-04
  13130   0.39138E-04
  13140   0.39086E-04
  13150   0.39022E-04
  13160   0.38964E-04
  13170   0.38902E-04
  13180   0.38832E-04
  13190   0.38753E-04
  13200   0.38672E-04
  13210   0.38610E-04
  13220   0.38539E-04
  13230   0.38483E-04
  13240   0.38425E-04
  13250   0.38352E-04
  13260   0.38274E-04
  13270   0.38201E-04
  13280   0.38124E-04
  13290   0.38084E-04
  13300   0.37987E-04
  13310   0.37921E-04
  13320   0.37863E-04
  13330   0.37798E-04
  13340   0.37756E-04
  13350   0.37673E-04
  13360   0.37619E-04
  13370   0.37545E-04
  13380   0.37483E-04
  13390   0.37413E-04
  13400   0.37346E-04
  13410   0.37276E-04
  13420   0.37207E-04
  13430   0.37143E-04
  13440   0.37111E-04
  13450   0.37025E-04
  13460   0.36971E-04
  13470   0.36896E-04
  13480   0.36802E-04
  13490   0.36759E-04
  13500   0.36697E-04
  13510   0.36595E-04
  13520   0.36536E-04
  13530   0.36462E-04
  13540   0.36396E-04
  13550   0.36352E-04
  13560   0.36303E-04
  13570   0.36234E-04
  13580   0.36144E-04
  13590   0.36056E-04
  13600   0.36000E-04
  13610   0.35925E-04
  13620   0.35848E-04
  13630   0.35785E-04
  13640   0.35687E-04
  13650   0.35615E-04
  13660   0.35553E-04
  13670   0.35511E-04
  13680   0.35445E-04
  13690   0.35377E-04
  13700   0.35294E-04
  13710   0.35219E-04
  13720   0.35143E-04
  13730   0.35091E-04
  13740   0.35000E-04
  13750   0.34941E-04
  13760   0.34881E-04
  13770   0.34829E-04
  13780   0.34759E-04
  13790   0.34684E-04
  13800   0.34580E-04
  13810   0.34526E-04
  13820   0.34455E-04
  13830   0.34382E-04
  13840   0.34319E-04
  13850   0.34269E-04
  13860   0.34206E-04
  13870   0.34145E-04
  13880   0.34040E-04
  13890   0.33968E-04
  13900   0.33887E-04
  13910   0.33831E-04
  13920   0.33735E-04
  13930   0.33681E-04
  13940   0.33597E-04
  13950   0.33524E-04
  13960   0.33483E-04
  13970   0.33425E-04
  13980   0.33342E-04
  13990   0.33262E-04
  14000   0.33215E-04
  14010   0.33086E-04
  14020   0.33033E-04
  14030   0.32977E-04
  14040   0.32872E-04
  14050   0.32808E-04
  14060   0.32734E-04
  14070   0.32690E-04
  14080   0.32645E-04
  14090   0.32575E-04
  14100   0.32498E-04
  14110   0.32441E-04
  14120   0.32377E-04
  14130   0.32285E-04
  14140   0.32223E-04
  14150   0.32168E-04
  14160   0.32058E-04
  14170   0.32004E-04
  14180   0.31925E-04
  14190   0.31877E-04
  14200   0.31797E-04
  14210   0.31706E-04
  14220   0.31664E-04
  14230   0.31606E-04
  14240   0.31509E-04
  14250   0.31435E-04
  14260   0.31374E-04
  14270   0.31308E-04
  14280   0.31215E-04
  14290   0.31134E-04
  14300   0.31086E-04
  14310   0.31005E-04
  14320   0.30927E-04
  14330   0.30863E-04
  14340   0.30794E-04
  14350   0.30752E-04
  14360   0.30661E-04
  14370   0.30573E-04
  14380   0.30509E-04
  14390   0.30453E-04
  14400   0.30376E-04
  14410   0.30329E-04
  14420   0.30256E-04
  14430   0.30186E-04
  14440   0.30112E-04
  14450   0.30038E-04
  14460   0.29997E-04
  14470   0.29916E-04
  14480   0.29830E-04
  14490   0.29779E-04
  14500   0.29720E-04
  14510   0.29630E-04
  14520   0.29582E-04
  14530   0.29527E-04
  14540   0.29452E-04
  14550   0.29396E-04
  14560   0.29303E-04
  14570   0.29233E-04
  14580   0.29162E-04
  14590   0.29094E-04
  14600   0.29040E-04
  14610   0.28981E-04
  14620   0.28884E-04
  14630   0.28859E-04
  14640   0.28784E-04
  14650   0.28742E-04
  14660   0.28671E-04
  14670   0.28560E-04
  14680   0.28506E-04
  14690   0.28423E-04
  14700   0.28365E-04
  14710   0.28287E-04
  14720   0.28253E-04
  14730   0.28177E-04
  14740   0.28118E-04
  14750   0.28028E-04
  14760   0.27988E-04
  14770   0.27940E-04
  14780   0.27873E-04
  14790   0.27790E-04
  14800   0.27730E-04
  14810   0.27656E-04
  14820   0.27586E-04
  14830   0.27527E-04
  14840   0.27459E-04
  14850   0.27421E-04
  14860   0.27323E-04
  14870   0.27259E-04
  14880   0.27215E-04
  14890   0.27109E-04
  14900   0.27059E-04
  14910   0.27000E-04
  14920   0.26940E-04
  14930   0.26885E-04
  14940   0.26815E-04
  14950   0.26744E-04
  14960   0.26681E-04
  14970   0.26618E-04
  14980   0.26537E-04
  14990   0.26474E-04
  15000   0.26416E-04
  15010   0.26359E-04
  15020   0.26300E-04
  15030   0.26238E-04
  15040   0.26131E-04
  15050   0.26100E-04
  15060   0.26047E-04
  15070   0.25976E-04
  15080   0.25919E-04
  15090   0.25864E-04
  15100   0.25793E-04
  15110   0.25721E-04
  15120   0.25677E-04
  15130   0.25587E-04
  15140   0.25530E-04
  15150   0.25457E-04
  15160   0.25405E-04
  15170   0.25356E-04
  15180   0.25293E-04
  15190   0.25239E-04
  15200   0.25178E-04
  15210   0.25115E-04
  15220   0.25091E-04
  15230   0.24992E-04
  15240   0.24928E-04
  15250   0.24855E-04
  15260   0.24794E-04
  15270   0.24727E-04
  15280   0.24662E-04
  15290   0.24605E-04
  15300   0.24551E-04
  15310   0.24452E-04
  15320   0.24387E-04
  15330   0.24349E-04
  15340   0.24287E-04
  15350   0.24210E-04
  15360   0.24132E-04
  15370   0.24098E-04
  15380   0.24016E-04
  15390   0.23942E-04
  15400   0.23888E-04
  15410   0.23838E-04
  15420   0.23754E-04
  15430   0.23725E-04
  15440   0.23663E-04
  15450   0.23598E-04
  15460   0.23553E-04
  15470   0.23480E-04
  15480   0.23403E-04
  15490   0.23332E-04
  15500   0.23263E-04
  15510   0.23198E-04
  15520   0.23160E-04
  15530   0.23094E-04
  15540   0.23021E-04
  15550   0.22982E-04
  15560   0.22899E-04
  15570   0.22853E-04
  15580   0.22784E-04
  15590   0.22751E-04
  15600   0.22677E-04
  15610   0.22622E-04
  15620   0.22563E-04
  15630   0.22489E-04
  15640   0.22431E-04
  15650   0.22372E-04
  15660   0.22287E-04
  15670   0.22236E-04
  15680   0.22211E-04
  15690   0.22147E-04
  15700   0.22077E-04
  15710   0.22036E-04
  15720   0.21967E-04
  15730   0.21930E-04
  15740   0.21857E-04
  15750   0.21798E-04
  15760   0.21747E-04
  15770   0.21673E-04
  15780   0.21621E-04
  15790   0.21568E-04
  15800   0.21499E-04
  15810   0.21419E-04
  15820   0.21361E-04
  15830   0.21331E-04
  15840   0.21250E-04
  15850   0.21197E-04
  15860   0.21117E-04
  15870   0.21065E-04
  15880   0.21006E-04
  15890   0.20962E-04
  15900   0.20925E-04
  15910   0.20854E-04
  15920   0.20806E-04
  15930   0.20720E-04
  15940   0.20656E-04
  15950   0.20597E-04
  15960   0.20544E-04
  15970   0.20468E-04
  15980   0.20392E-04
  15990   0.20353E-04
  16000   0.20257E-04
  16010   0.20219E-04
  16020   0.20164E-04
  16030   0.20115E-04
  16040   0.20021E-04
  16050   0.19973E-04
  16060   0.19931E-04
  16070   0.19869E-04
  16080   0.19813E-04
  16090   0.19753E-04
  16100   0.19716E-04
  16110   0.19635E-04
  16120   0.19586E-04
  16130   0.19525E-04
  16140   0.19453E-04
  16150   0.19385E-04
  16160   0.19336E-04
  16170   0.19295E-04
  16180   0.19213E-04
  16190   0.19137E-04
  16200   0.19060E-04
  16210   0.19028E-04
  16220   0.19000E-04
  16230   0.18935E-04
  16240   0.18877E-04
  16250   0.18789E-04
  16260   0.18755E-04
  16270   0.18704E-04
  16280   0.18668E-04
  16290   0.18561E-04
  16300   0.18528E-04
  16310   0.18470E-04
  16320   0.18446E-04
  16330   0.18369E-04
  16340   0.18298E-04
  16350   0.18239E-04
  16360   0.18182E-04
  16370   0.18113E-04
  16380   0.18052E-04
  16390   0.18009E-04
  16400   0.17959E-04
  16410   0.17878E-04
  16420   0.17818E-04
  16430   0.17778E-04
  16440   0.17730E-04
  16450   0.17680E-04
  16460   0.17617E-04
  16470   0.17533E-04
  16480   0.17505E-04
  16490   0.17474E-04
  16500   0.17416E-04
  16510   0.17355E-04
  16520   0.17298E-04
  16530   0.17229E-04
  16540   0.17184E-04
  16550   0.17131E-04
  16560   0.17104E-04
  16570   0.17050E-04
  16580   0.16973E-04
  16590   0.16896E-04
  16600   0.16846E-04
  16610   0.16790E-04
  16620   0.16724E-04
  16630   0.16677E-04
  16640   0.16636E-04
  16650   0.16584E-04
  16660   0.16542E-04
  16670   0.16481E-04
  16680   0.16430E-04
  16690   0.16346E-04
  16700   0.16313E-04
  16710   0.16281E-04
  16720   0.16200E-04
  16730   0.16183E-04
  16740   0.16123E-04
  16750   0.16061E-04
  16760   0.16019E-04
  16770   0.15936E-04
  16780   0.15910E-04
  16790   0.15836E-04
  16800   0.15806E-04
  16810   0.15745E-04
  16820   0.15701E-04
  16830   0.15623E-04
  16840   0.15578E-04
  16850   0.15517E-04
  16860   0.15487E-04
  16870   0.15434E-04
  16880   0.15422E-04
  16890   0.15382E-04
  16900   0.15265E-04
  16910   0.15238E-04
  16920   0.15172E-04
  16930   0.15137E-04
  16940   0.15095E-04
  16950   0.15070E-04
  16960   0.14990E-04
  16970   0.14948E-04
  16980   0.14876E-04
  16990   0.14826E-04
  17000   0.14781E-04
  17010   0.14739E-04
  17020   0.14714E-04
  17030   0.14657E-04
  17040   0.14608E-04
  17050   0.14581E-04
  17060   0.14496E-04
  17070   0.14463E-04
  17080   0.14411E-04
  17090   0.14349E-04
  17100   0.14311E-04
  17110   0.14254E-04
  17120   0.14210E-04
  17130   0.14173E-04
  17140   0.14148E-04
  17150   0.14109E-04
  17160   0.14070E-04
  17170   0.14018E-04
  17180   0.13949E-04
  17190   0.13904E-04
  17200   0.13865E-04
  17210   0.13816E-04
  17220   0.13756E-04
  17230   0.13724E-04
  17240   0.13651E-04
  17250   0.13624E-04
  17260   0.13595E-04
  17270   0.13519E-04
  17280   0.13492E-04
  17290   0.13452E-04
  17300   0.13425E-04
  17310   0.13362E-04
  17320   0.13317E-04
  17330   0.13254E-04
  17340   0.13248E-04
  17350   0.13187E-04
  17360   0.13154E-04
  17370   0.13089E-04
  17380   0.13045E-04
  17390   0.13001E-04
  17400   0.12973E-04
  17410   0.12928E-04
  17420   0.12869E-04
  17430   0.12848E-04
  17440   0.12780E-04
  17450   0.12729E-04
  17460   0.12685E-04
  17470   0.12653E-04
  17480   0.12621E-04
  17490   0.12595E-04
  17500   0.12532E-04
  17510   0.12514E-04
  17520   0.12446E-04
  17530   0.12412E-04
  17540   0.12364E-04
  17550   0.12318E-04
  17560   0.12290E-04
  17570   0.12214E-04
  17580   0.12169E-04
  17590   0.12129E-04
  17600   0.12112E-04
  17610   0.12070E-04
  17620   0.12034E-04
  17630   0.11989E-04
  17640   0.11911E-04
  17650   0.11883E-04
  17660   0.11864E-04
  17670   0.11787E-04
  17680   0.11764E-04
  17690   0.11709E-04
  17700   0.11662E-04
  17710   0.11660E-04
  17720   0.11608E-04
  17730   0.11558E-04
  17740   0.11533E-04
  17750   0.11456E-04
  17760   0.11428E-04
  17770   0.11410E-04
  17780   0.11343E-04
  17790   0.11284E-04
  17800   0.11249E-04
  17810   0.11215E-04
  17820   0.11181E-04
  17830   0.11145E-04
  17840   0.11107E-04
  17850   0.11067E-04
  17860   0.11041E-04
  17870   0.10997E-04
  17880   0.10973E-04
  17890   0.10912E-04
  17900   0.10882E-04
  17910   0.10819E-04
  17920   0.10780E-04
  17930   0.10756E-04
  17940   0.10738E-04
  17950   0.10703E-04
  17960   0.10653E-04
  17970   0.10598E-04
  17980   0.10574E-04
  17990   0.10532E-04
  18000   0.10473E-04
  18010   0.10414E-04
  18020   0.10397E-04
  18030   0.10363E-04
  18040   0.10326E-04
  18050   0.10298E-04
  18060   0.10260E-04
  18070   0.10223E-04
  18080   0.10182E-04
  18090   0.10144E-04
  18100   0.10092E-04
  18110   0.10070E-04
  18120   0.10034E-04
  18130   0.99936E-05
  18140   0.99568E-05
  18150   0.99490E-05
  18160   0.98676E-05
  18170   0.98416E-05
  18180   0.98006E-05
  18190   0.97526E-05
  18200   0.97243E-05
  18210   0.96796E-05
  18220   0.96427E-05
  18230   0.96148E-05
  18240   0.96016E-05
  18250   0.95489E-05
  18260   0.95116E-05
  18270   0.94698E-05
  18280   0.94446E-05
  18290   0.93936E-05
  18300   0.93619E-05
  18310   0.93236E-05
  18320   0.92908E-05
  18330   0.92404E-05
  18340   0.92183E-05
  18350   0.91686E-05
  18360   0.91390E-05
  18370   0.90950E-05
  18380   0.90676E-05
  18390   0.90234E-05
  18400   0.89627E-05
  18410   0.89255E-05
  18420   0.89194E-05
  18430   0.88857E-05
  18440   0.88436E-05
  18450   0.87958E-05
  18460   0.87508E-05
  18470   0.87135E-05
  18480   0.86855E-05
  18490   0.86683E-05
  18500   0.86158E-05
  18510   0.85662E-05
  18520   0.85245E-05
  18530   0.85085E-05
  18540   0.84641E-05
  18550   0.84307E-05
  18560   0.83840E-05
  18570   0.83410E-05
  18580   0.82938E-05
  18590   0.82621E-05
  18600   0.82234E-05
  18610   0.82353E-05
  18620   0.82109E-05
  18630   0.81310E-05
  18640   0.81210E-05
  18650   0.80436E-05
  18660   0.80248E-05
  18670   0.80007E-05
  18680   0.79764E-05
  18690   0.79241E-05
  18700   0.78705E-05
  18710   0.78579E-05
  18720   0.78137E-05
  18730   0.77701E-05
  18740   0.77197E-05
  18750   0.77188E-05
  18760   0.76903E-05
  18770   0.76512E-05
  18780   0.76370E-05
  18790   0.75981E-05
  18800   0.75533E-05
  18810   0.74987E-05
  18820   0.74651E-05
  18830   0.74363E-05
  18840   0.73988E-05
  18850   0.73748E-05
  18860   0.73489E-05
  18870   0.73139E-05
  18880   0.72632E-05
  18890   0.72524E-05
  18900   0.72218E-05
  18910   0.71784E-05
  18920   0.71635E-05
  18930   0.71482E-05
  18940   0.70854E-05
  18950   0.70593E-05
  18960   0.70172E-05
  18970   0.69812E-05
  18980   0.69540E-05
  18990   0.69278E-05
  19000   0.68909E-05
  19010   0.68453E-05
  19020   0.68206E-05
  19030   0.68131E-05
  19040   0.67834E-05
  19050   0.67572E-05
  19060   0.67158E-05
  19070   0.66692E-05
  19080   0.66489E-05
  19090   0.66106E-05
  19100   0.65647E-05
  19110   0.65367E-05
  19120   0.65096E-05
  19130   0.64719E-05
  19140   0.64619E-05
  19150   0.64311E-05
  19160   0.63932E-05
  19170   0.63791E-05
  19180   0.63356E-05
  19190   0.63065E-05
  19200   0.62584E-05
  19210   0.62366E-05
  19220   0.62151E-05
  19230   0.61787E-05
  19240   0.61322E-05
  19250   0.61267E-05
  19260   0.60948E-05
  19270   0.60667E-05
  19280   0.60268E-05
  19290   0.59989E-05
  19300   0.59661E-05
  19310   0.59363E-05
  19320   0.59022E-05
  19330   0.58720E-05
  19340   0.58479E-05
  19350   0.58234E-05
  19360   0.57950E-05
  19370   0.57687E-05
  19380   0.57385E-05
  19390   0.57132E-05
  19400   0.56953E-05
  19410   0.56665E-05
  19420   0.56319E-05
  19430   0.56036E-05
  19440   0.55779E-05
  19450   0.55457E-05
  19460   0.55319E-05
  19470   0.54927E-05
  19480   0.54696E-05
  19490   0.54341E-05
  19500   0.53993E-05
  19510   0.53746E-05
  19520   0.53482E-05
  19530   0.53288E-05
  19540   0.52839E-05
  19550   0.52717E-05
  19560   0.52503E-05
  19570   0.52454E-05
  19580   0.52226E-05
  19590   0.52039E-05
  19600   0.51745E-05
  19610   0.51295E-05
  19620   0.50897E-05
  19630   0.50626E-05
  19640   0.50232E-05
  19650   0.50063E-05
  19660   0.49899E-05
  19670   0.49713E-05
  19680   0.49661E-05
  19690   0.49172E-05
  19700   0.48883E-05
  19710   0.48691E-05
  19720   0.48512E-05
  19730   0.48101E-05
  19740   0.47971E-05
  19750   0.47705E-05
  19760   0.47445E-05
  19770   0.47294E-05
  19780   0.47085E-05
  19790   0.46833E-05
  19800   0.46541E-05
  19810   0.46080E-05
  19820   0.45920E-05
  19830   0.45812E-05
  19840   0.45664E-05
  19850   0.45431E-05
  19860   0.45345E-05
  19870   0.45119E-05
  19880   0.44854E-05
  19890   0.44702E-05
  19900   0.44544E-05
  19910   0.44120E-05
  19920   0.44128E-05
  19930   0.43820E-05
  19940   0.43484E-05
  19950   0.43177E-05
  19960   0.42907E-05
  19970   0.42913E-05
  19980   0.42608E-05
  19990   0.42214E-05
  20000   0.41916E-05
