     10   0.10030E-02
     20   0.87586E-03
     30   0.79364E-03
     40   0.73988E-03
     50   0.70132E-03
     60   0.66801E-03
     70   0.64292E-03
     80   0.61752E-03
     90   0.59840E-03
    100   0.57779E-03
    110   0.56276E-03
    120   0.54903E-03
    130   0.53478E-03
    140   0.52242E-03
    150   0.51053E-03
    160   0.49831E-03
    170   0.48704E-03
    180   0.47676E-03
    190   0.46663E-03
    200   0.45678E-03
    210   0.44694E-03
    220   0.43804E-03
    230   0.43047E-03
    240   0.42397E-03
    250   0.41757E-03
    260   0.41121E-03
    270   0.40442E-03
    280   0.39706E-03
    290   0.38946E-03
    300   0.38241E-03
    310   0.37633E-03
    320   0.37114E-03
    330   0.36661E-03
    340   0.36260E-03
    350   0.35903E-03
    360   0.35585E-03
    370   0.35303E-03
    380   0.35053E-03
    390   0.34831E-03
    400   0.34634E-03
    410   0.34454E-03
    420   0.34286E-03
    430   0.34123E-03
    440   0.33960E-03
    450   0.33792E-03
    460   0.33615E-03
    470   0.33423E-03
    480   0.33214E-03
    490   0.32986E-03
    500   0.32737E-03
    510   0.32465E-03
    520   0.32171E-03
    530   0.31855E-03
    540   0.31517E-03
    550   0.31160E-03
    560   0.30787E-03
    570   0.30400E-03
    580   0.30003E-03
    590   0.29599E-03
    600   0.29191E-03
    610   0.28787E-03
    620   0.28385E-03
    630   0.27992E-03
    640   0.27611E-03
    650   0.27245E-03
    660   0.26899E-03
    670   0.26573E-03
    680   0.26271E-03
    690   0.25996E-03
    700   0.25748E-03
    710   0.25528E-03
    720   0.25338E-03
    730   0.25175E-03
    740   0.25038E-03
    750   0.24926E-03
    760   0.24834E-03
    770   0.24761E-03
    780   0.24702E-03
    790   0.24652E-03
    800   0.24610E-03
    810   0.24569E-03
    820   0.24527E-03
    830   0.24479E-03
    840   0.24422E-03
    850   0.24354E-03
    860   0.24273E-03
    870   0.24178E-03
    880   0.24065E-03
    890   0.23937E-03
    900   0.23791E-03
    910   0.23630E-03
    920   0.23452E-03
    930   0.23259E-03
    940   0.23052E-03
    950   0.22832E-03
    960   0.22599E-03
    970   0.22359E-03
    980   0.22108E-03
    990   0.21847E-03
   1000   0.21581E-03
   1010   0.21309E-03
   1020   0.21032E-03
   1030   0.20752E-03
   1040   0.20471E-03
   1050   0.20188E-03
   1060   0.19905E-03
   1070   0.19622E-03
   1080   0.19341E-03
   1090   0.19066E-03
   1100   0.18793E-03
   1110   0.18528E-03
   1120   0.18272E-03
   1130   0.18027E-03
   1140   0.17793E-03
   1150   0.17572E-03
   1160   0.17365E-03
   1170   0.17177E-03
   1180   0.17005E-03
   1190   0.16855E-03
   1200   0.16724E-03
   1210   0.16614E-03
   1220   0.16527E-03
   1230   0.16461E-03
   1240   0.16417E-03
   1250   0.16395E-03
   1260   0.16391E-03
   1270   0.16409E-03
   1280   0.16444E-03
   1290   0.16494E-03
   1300   0.16558E-03
   1310   0.16638E-03
   1320   0.16726E-03
   1330   0.16823E-03
   1340   0.16926E-03
   1350   0.17034E-03
   1360   0.17145E-03
   1370   0.17256E-03
   1380   0.17365E-03
   1390   0.17474E-03
   1400   0.17580E-03
   1410   0.17678E-03
   1420   0.17769E-03
   1430   0.17855E-03
   1440   0.17931E-03
   1450   0.17998E-03
   1460   0.18056E-03
   1470   0.18102E-03
   1480   0.18137E-03
   1490   0.18160E-03
   1500   0.18171E-03
   1510   0.18172E-03
   1520   0.18160E-03
   1530   0.18135E-03
   1540   0.18100E-03
   1550   0.18049E-03
   1560   0.17986E-03
   1570   0.17914E-03
   1580   0.17828E-03
   1590   0.17730E-03
   1600   0.17621E-03
   1610   0.17502E-03
   1620   0.17370E-03
   1630   0.17229E-03
   1640   0.17075E-03
   1650   0.16915E-03
   1660   0.16742E-03
   1670   0.16562E-03
   1680   0.16375E-03
   1690   0.16176E-03
   1700   0.15974E-03
   1710   0.15764E-03
   1720   0.15545E-03
   1730   0.15326E-03
   1740   0.15098E-03
   1750   0.14867E-03
   1760   0.14632E-03
   1770   0.14398E-03
   1780   0.14159E-03
   1790   0.13920E-03
   1800   0.13683E-03
   1810   0.13444E-03
   1820   0.13209E-03
   1830   0.12977E-03
   1840   0.12749E-03
   1850   0.12525E-03
   1860   0.12309E-03
   1870   0.12097E-03
   1880   0.11894E-03
   1890   0.11701E-03
   1900   0.11519E-03
   1910   0.11348E-03
   1920   0.11187E-03
   1930   0.11040E-03
   1940   0.10906E-03
   1950   0.10788E-03
   1960   0.10682E-03
   1970   0.10593E-03
   1980   0.10520E-03
   1990   0.10463E-03
   2000   0.10420E-03
   2010   0.10396E-03
   2020   0.10385E-03
   2030   0.10389E-03
   2040   0.10409E-03
   2050   0.10441E-03
   2060   0.10490E-03
   2070   0.10550E-03
   2080   0.10619E-03
   2090   0.10703E-03
   2100   0.10792E-03
   2110   0.10893E-03
   2120   0.11003E-03
   2130   0.11116E-03
   2140   0.11239E-03
   2150   0.11363E-03
   2160   0.11495E-03
   2170   0.11628E-03
   2180   0.11764E-03
   2190   0.11902E-03
   2200   0.12040E-03
   2210   0.12179E-03
   2220   0.12319E-03
   2230   0.12455E-03
   2240   0.12592E-03
   2250   0.12727E-03
   2260   0.12861E-03
   2270   0.12992E-03
   2280   0.13119E-03
   2290   0.13243E-03
   2300   0.13362E-03
   2310   0.13481E-03
   2320   0.13594E-03
   2330   0.13704E-03
   2340   0.13807E-03
   2350   0.13911E-03
   2360   0.14002E-03
   2370   0.14095E-03
   2380   0.14182E-03
   2390   0.14263E-03
   2400   0.14338E-03
   2410   0.14415E-03
   2420   0.14482E-03
   2430   0.14543E-03
   2440   0.14603E-03
   2450   0.14658E-03
   2460   0.14707E-03
   2470   0.14751E-03
   2480   0.14789E-03
   2490   0.14824E-03
   2500   0.14855E-03
   2510   0.14881E-03
   2520   0.14904E-03
   2530   0.14918E-03
   2540   0.14928E-03
   2550   0.14939E-03
   2560   0.14942E-03
   2570   0.14940E-03
   2580   0.14934E-03
   2590   0.14926E-03
   2600   0.14911E-03
   2610   0.14893E-03
   2620   0.14871E-03
   2630   0.14846E-03
   2640   0.14816E-03
   2650   0.14782E-03
   2660   0.14744E-03
   2670   0.14700E-03
   2680   0.14659E-03
   2690   0.14605E-03
   2700   0.14555E-03
   2710   0.14501E-03
   2720   0.14438E-03
   2730   0.14379E-03
   2740   0.14310E-03
   2750   0.14241E-03
   2760   0.14168E-03
   2770   0.14094E-03
   2780   0.14013E-03
   2790   0.13934E-03
   2800   0.13850E-03
   2810   0.13764E-03
   2820   0.13673E-03
   2830   0.13582E-03
   2840   0.13486E-03
   2850   0.13391E-03
   2860   0.13293E-03
   2870   0.13192E-03
   2880   0.13092E-03
   2890   0.12989E-03
   2900   0.12882E-03
   2910   0.12773E-03
   2920   0.12663E-03
   2930   0.12556E-03
   2940   0.12444E-03
   2950   0.12334E-03
   2960   0.12221E-03
   2970   0.12104E-03
   2980   0.11992E-03
   2990   0.11879E-03
   3000   0.11764E-03
   3010   0.11647E-03
   3020   0.11535E-03
   3030   0.11417E-03
   3040   0.11304E-03
   3050   0.11187E-03
   3060   0.11073E-03
   3070   0.10962E-03
   3080   0.10846E-03
   3090   0.10735E-03
   3100   0.10623E-03
   3110   0.10513E-03
   3120   0.10403E-03
   3130   0.10296E-03
   3140   0.10186E-03
   3150   0.10084E-03
   3160   0.99805E-04
   3170   0.98760E-04
   3180   0.97772E-04
   3190   0.96767E-04
   3200   0.95785E-04
   3210   0.94836E-04
   3220   0.93919E-04
   3230   0.92982E-04
   3240   0.92098E-04
   3250   0.91237E-04
   3260   0.90406E-04
   3270   0.89567E-04
   3280   0.88754E-04
   3290   0.87993E-04
   3300   0.87239E-04
   3310   0.86477E-04
   3320   0.85797E-04
   3330   0.85096E-04
   3340   0.84435E-04
   3350   0.83812E-04
   3360   0.83166E-04
   3370   0.82563E-04
   3380   0.82004E-04
   3390   0.81457E-04
   3400   0.80905E-04
   3410   0.80402E-04
   3420   0.79909E-04
   3430   0.79454E-04
   3440   0.78994E-04
   3450   0.78551E-04
   3460   0.78171E-04
   3470   0.77760E-04
   3480   0.77392E-04
   3490   0.77036E-04
   3500   0.76695E-04
   3510   0.76335E-04
   3520   0.76039E-04
   3530   0.75750E-04
   3540   0.75467E-04
   3550   0.75164E-04
   3560   0.74909E-04
   3570   0.74687E-04
   3580   0.74431E-04
   3590   0.74194E-04
   3600   0.73968E-04
   3610   0.73773E-04
   3620   0.73556E-04
   3630   0.73360E-04
   3640   0.73164E-04
   3650   0.72966E-04
   3660   0.72798E-04
   3670   0.72630E-04
   3680   0.72452E-04
   3690   0.72268E-04
   3700   0.72120E-04
   3710   0.71957E-04
   3720   0.71781E-04
   3730   0.71646E-04
   3740   0.71462E-04
   3750   0.71323E-04
   3760   0.71163E-04
   3770   0.71012E-04
   3780   0.70860E-04
   3790   0.70706E-04
   3800   0.70560E-04
   3810   0.70395E-04
   3820   0.70222E-04
   3830   0.70055E-04
   3840   0.69919E-04
   3850   0.69739E-04
   3860   0.69577E-04
   3870   0.69418E-04
   3880   0.69241E-04
   3890   0.69075E-04
   3900   0.68900E-04
   3910   0.68725E-04
   3920   0.68555E-04
   3930   0.68359E-04
   3940   0.68203E-04
   3950   0.67997E-04
   3960   0.67817E-04
   3970   0.67632E-04
   3980   0.67408E-04
   3990   0.67209E-04
   4000   0.67020E-04
   4010   0.66820E-04
   4020   0.66610E-04
   4030   0.66409E-04
   4040   0.66183E-04
   4050   0.65958E-04
   4060   0.65757E-04
   4070   0.65523E-04
   4080   0.65355E-04
   4090   0.65097E-04
   4100   0.64841E-04
   4110   0.64633E-04
   4120   0.64420E-04
   4130   0.64180E-04
   4140   0.63935E-04
   4150   0.63689E-04
   4160   0.63469E-04
   4170   0.63232E-04
   4180   0.62985E-04
   4190   0.62718E-04
   4200   0.62495E-04
   4210   0.62249E-04
   4220   0.62018E-04
   4230   0.61761E-04
   4240   0.61488E-04
   4250   0.61249E-04
   4260   0.60984E-04
   4270   0.60742E-04
   4280   0.60484E-04
   4290   0.60264E-04
   4300   0.60032E-04
   4310   0.59775E-04
   4320   0.59486E-04
   4330   0.59248E-04
   4340   0.58979E-04
   4350   0.58740E-04
   4360   0.58485E-04
   4370   0.58240E-04
   4380   0.57973E-04
   4390   0.57704E-04
   4400   0.57484E-04
   4410   0.57234E-04
   4420   0.56975E-04
   4430   0.56699E-04
   4440   0.56490E-04
   4450   0.56204E-04
   4460   0.55974E-04
   4470   0.55729E-04
   4480   0.55473E-04
   4490   0.55252E-04
   4500   0.54992E-04
   4510   0.54734E-04
   4520   0.54475E-04
   4530   0.54255E-04
   4540   0.54004E-04
   4550   0.53776E-04
   4560   0.53559E-04
   4570   0.53317E-04
   4580   0.53088E-04
   4590   0.52841E-04
   4600   0.52591E-04
   4610   0.52390E-04
   4620   0.52166E-04
   4630   0.51945E-04
   4640   0.51697E-04
   4650   0.51479E-04
   4660   0.51261E-04
   4670   0.51047E-04
   4680   0.50821E-04
   4690   0.50613E-04
   4700   0.50392E-04
   4710   0.50184E-04
   4720   0.49983E-04
   4730   0.49766E-04
   4740   0.49555E-04
   4750   0.49359E-04
   4760   0.49186E-04
   4770   0.48957E-04
   4780   0.48765E-04
   4790   0.48582E-04
   4800   0.48372E-04
   4810   0.48203E-04
   4820   0.47994E-04
   4830   0.47825E-04
   4840   0.47625E-04
   4850   0.47462E-04
   4860   0.47256E-04
   4870   0.47084E-04
   4880   0.46909E-04
   4890   0.46735E-04
   4900   0.46533E-04
   4910   0.46368E-04
   4920   0.46200E-04
   4930   0.46030E-04
   4940   0.45852E-04
   4950   0.45706E-04
   4960   0.45530E-04
   4970   0.45374E-04
   4980   0.45193E-04
   4990   0.45042E-04
   5000   0.44905E-04
   5010   0.44755E-04
   5020   0.44577E-04
   5030   0.44433E-04
   5040   0.44274E-04
   5050   0.44131E-04
   5060   0.43965E-04
   5070   0.43824E-04
   5080   0.43686E-04
   5090   0.43534E-04
   5100   0.43380E-04
   5110   0.43255E-04
   5120   0.43103E-04
   5130   0.42947E-04
   5140   0.42801E-04
   5150   0.42685E-04
   5160   0.42542E-04
   5170   0.42393E-04
   5180   0.42255E-04
   5190   0.42109E-04
   5200   0.42000E-04
   5210   0.41854E-04
   5220   0.41742E-04
   5230   0.41609E-04
   5240   0.41461E-04
   5250   0.41330E-04
   5260   0.41192E-04
   5270   0.41069E-04
   5280   0.40933E-04
   5290   0.40814E-04
   5300   0.40672E-04
   5310   0.40564E-04
   5320   0.40454E-04
   5330   0.40333E-04
   5340   0.40172E-04
   5350   0.40058E-04
   5360   0.39936E-04
   5370   0.39802E-04
   5380   0.39696E-04
   5390   0.39582E-04
   5400   0.39452E-04
   5410   0.39328E-04
   5420   0.39209E-04
   5430   0.39057E-04
   5440   0.38954E-04
   5450   0.38837E-04
   5460   0.38702E-04
   5470   0.38605E-04
   5480   0.38478E-04
   5490   0.38358E-04
   5500   0.38238E-04
   5510   0.38117E-04
   5520   0.37982E-04
   5530   0.37866E-04
   5540   0.37750E-04
   5550   0.37625E-04
   5560   0.37500E-04
   5570   0.37419E-04
   5580   0.37283E-04
   5590   0.37176E-04
   5600   0.37067E-04
   5610   0.36925E-04
   5620   0.36801E-04
   5630   0.36687E-04
   5640   0.36586E-04
   5650   0.36474E-04
   5660   0.36349E-04
   5670   0.36257E-04
   5680   0.36124E-04
   5690   0.36004E-04
   5700   0.35897E-04
   5710   0.35759E-04
   5720   0.35649E-04
   5730   0.35547E-04
   5740   0.35434E-04
   5750   0.35314E-04
   5760   0.35201E-04
   5770   0.35108E-04
   5780   0.34993E-04
   5790   0.34884E-04
   5800   0.34757E-04
   5810   0.34663E-04
   5820   0.34540E-04
   5830   0.34425E-04
   5840   0.34327E-04
   5850   0.34210E-04
   5860   0.34114E-04
   5870   0.34011E-04
   5880   0.33881E-04
   5890   0.33786E-04
   5900   0.33673E-04
   5910   0.33562E-04
   5920   0.33457E-04
   5930   0.33344E-04
   5940   0.33256E-04
   5950   0.33127E-04
   5960   0.33034E-04
   5970   0.32918E-04
   5980   0.32802E-04
   5990   0.32691E-04
   6000   0.32593E-04
   6010   0.32527E-04
   6020   0.32382E-04
   6030   0.32289E-04
   6040   0.32193E-04
   6050   0.32087E-04
   6060   0.31975E-04
   6070   0.31877E-04
   6080   0.31763E-04
   6090   0.31657E-04
   6100   0.31566E-04
   6110   0.31479E-04
   6120   0.31359E-04
   6130   0.31251E-04
   6140   0.31163E-04
   6150   0.31052E-04
   6160   0.30979E-04
   6170   0.30875E-04
   6180   0.30781E-04
   6190   0.30647E-04
   6200   0.30577E-04
   6210   0.30478E-04
   6220   0.30383E-04
   6230   0.30263E-04
   6240   0.30173E-04
   6250   0.30071E-04
   6260   0.29999E-04
   6270   0.29904E-04
   6280   0.29801E-04
   6290   0.29706E-04
   6300   0.29591E-04
   6310   0.29540E-04
   6320   0.29423E-04
   6330   0.29334E-04
   6340   0.29235E-04
   6350   0.29156E-04
   6360   0.29035E-04
   6370   0.28972E-04
   6380   0.28883E-04
   6390   0.28786E-04
   6400   0.28667E-04
   6410   0.28606E-04
   6420   0.28497E-04
   6430   0.28429E-04
   6440   0.28314E-04
   6450   0.28215E-04
   6460   0.28151E-04
   6470   0.28048E-04
   6480   0.27958E-04
   6490   0.27870E-04
   6500   0.27807E-04
   6510   0.27710E-04
   6520   0.27608E-04
   6530   0.27511E-04
   6540   0.27446E-04
   6550   0.27342E-04
   6560   0.27257E-04
   6570   0.27168E-04
   6580   0.27109E-04
   6590   0.26996E-04
   6600   0.26922E-04
   6610   0.26839E-04
   6620   0.26762E-04
   6630   0.26648E-04
   6640   0.26575E-04
   6650   0.26493E-04
   6660   0.26388E-04
   6670   0.26319E-04
   6680   0.26225E-04
   6690   0.26147E-04
   6700   0.26058E-04
   6710   0.25988E-04
   6720   0.25889E-04
   6730   0.25800E-04
   6740   0.25711E-04
   6750   0.25641E-04
   6760   0.25558E-04
   6770   0.25465E-04
   6780   0.25380E-04
   6790   0.25311E-04
   6800   0.25218E-04
   6810   0.25147E-04
   6820   0.25061E-04
   6830   0.25022E-04
   6840   0.24890E-04
   6850   0.24822E-04
   6860   0.24748E-04
   6870   0.24669E-04
   6880   0.24588E-04
   6890   0.24487E-04
   6900   0.24413E-04
   6910   0.24341E-04
   6920   0.24255E-04
   6930   0.24184E-04
   6940   0.24104E-04
   6950   0.24011E-04
   6960   0.23934E-04
   6970   0.23865E-04
   6980   0.23789E-04
   6990   0.23716E-04
   7000   0.23619E-04
   7010   0.23545E-04
   7020   0.23478E-04
   7030   0.23396E-04
   7040   0.23320E-04
   7050   0.23234E-04
   7060   0.23139E-04
   7070   0.23090E-04
   7080   0.23030E-04
   7090   0.22925E-04
   7100   0.22868E-04
   7110   0.22791E-04
   7120   0.22746E-04
   7130   0.22648E-04
   7140   0.22596E-04
   7150   0.22507E-04
   7160   0.22446E-04
   7170   0.22375E-04
   7180   0.22296E-04
   7190   0.22213E-04
   7200   0.22142E-04
   7210   0.22073E-04
   7220   0.21993E-04
   7230   0.21944E-04
   7240   0.21847E-04
   7250   0.21805E-04
   7260   0.21728E-04
   7270   0.21658E-04
   7280   0.21592E-04
   7290   0.21520E-04
   7300   0.21443E-04
   7310   0.21376E-04
   7320   0.21309E-04
   7330   0.21242E-04
   7340   0.21170E-04
   7350   0.21101E-04
   7360   0.21040E-04
   7370   0.20975E-04
   7380   0.20916E-04
   7390   0.20839E-04
   7400   0.20758E-04
   7410   0.20700E-04
   7420   0.20633E-04
   7430   0.20559E-04
   7440   0.20516E-04
   7450   0.20468E-04
   7460   0.20395E-04
   7470   0.20311E-04
   7480   0.20252E-04
   7490   0.20197E-04
   7500   0.20121E-04
   7510   0.20079E-04
   7520   0.20008E-04
   7530   0.19967E-04
   7540   0.19897E-04
   7550   0.19823E-04
   7560   0.19776E-04
   7570   0.19706E-04
   7580   0.19661E-04
   7590   0.19599E-04
   7600   0.19536E-04
   7610   0.19467E-04
   7620   0.19413E-04
   7630   0.19358E-04
   7640   0.19293E-04
   7650   0.19244E-04
   7660   0.19207E-04
   7670   0.19145E-04
   7680   0.19082E-04
   7690   0.19035E-04
   7700   0.18972E-04
   7710   0.18922E-04
   7720   0.18896E-04
   7730   0.18817E-04
   7740   0.18756E-04
   7750   0.18700E-04
   7760   0.18652E-04
   7770   0.18606E-04
   7780   0.18547E-04
   7790   0.18517E-04
   7800   0.18451E-04
   7810   0.18393E-04
   7820   0.18343E-04
   7830   0.18292E-04
   7840   0.18234E-04
   7850   0.18191E-04
   7860   0.18136E-04
   7870   0.18090E-04
   7880   0.18069E-04
   7890   0.18012E-04
   7900   0.17960E-04
   7910   0.17911E-04
   7920   0.17864E-04
   7930   0.17834E-04
   7940   0.17785E-04
   7950   0.17736E-04
   7960   0.17691E-04
   7970   0.17666E-04
   7980   0.17618E-04
   7990   0.17561E-04
   8000   0.17508E-04
   8010   0.17476E-04
   8020   0.17433E-04
   8030   0.17399E-04
   8040   0.17352E-04
   8050   0.17329E-04
   8060   0.17301E-04
   8070   0.17241E-04
   8080   0.17190E-04
   8090   0.17170E-04
   8100   0.17107E-04
   8110   0.17080E-04
   8120   0.17048E-04
   8130   0.17004E-04
   8140   0.16978E-04
   8150   0.16942E-04
   8160   0.16901E-04
   8170   0.16861E-04
   8180   0.16843E-04
   8190   0.16799E-04
   8200   0.16781E-04
   8210   0.16738E-04
   8220   0.16681E-04
   8230   0.16648E-04
   8240   0.16604E-04
   8250   0.16571E-04
   8260   0.16551E-04
   8270   0.16515E-04
   8280   0.16474E-04
   8290   0.16463E-04
   8300   0.16407E-04
   8310   0.16380E-04
   8320   0.16365E-04
   8330   0.16320E-04
   8340   0.16285E-04
   8350   0.16247E-04
   8360   0.16220E-04
   8370   0.16176E-04
   8380   0.16144E-04
   8390   0.16117E-04
   8400   0.16098E-04
   8410   0.16052E-04
   8420   0.16017E-04
   8430   0.15993E-04
   8440   0.15957E-04
   8450   0.15920E-04
   8460   0.15888E-04
   8470   0.15855E-04
   8480   0.15821E-04
   8490   0.15773E-04
   8500   0.15752E-04
   8510   0.15725E-04
   8520   0.15696E-04
   8530   0.15674E-04
   8540   0.15639E-04
   8550   0.15576E-04
   8560   0.15535E-04
   8570   0.15507E-04
   8580   0.15491E-04
   8590   0.15459E-04
   8600   0.15403E-04
   8610   0.15389E-04
   8620   0.15335E-04
   8630   0.15310E-04
   8640   0.15289E-04
   8650   0.15236E-04
   8660   0.15201E-04
   8670   0.15171E-04
   8680   0.15128E-04
   8690   0.15111E-04
   8700   0.15073E-04
   8710   0.15035E-04
   8720   0.14986E-04
   8730   0.14955E-04
   8740   0.14898E-04
   8750   0.14855E-04
   8760   0.14831E-04
   8770   0.14817E-04
   8780   0.14771E-04
   8790   0.14737E-04
   8800   0.14690E-04
   8810   0.14664E-04
   8820   0.14623E-04
   8830   0.14593E-04
   8840   0.14567E-04
   8850   0.14530E-04
   8860   0.14484E-04
   8870   0.14458E-04
   8880   0.14420E-04
   8890   0.14392E-04
   8900   0.14351E-04
   8910   0.14312E-04
   8920   0.14267E-04
   8930   0.14248E-04
   8940   0.14238E-04
   8950   0.14206E-04
   8960   0.14165E-04
   8970   0.14129E-04
   8980   0.14094E-04
   8990   0.14080E-04
   9000   0.14052E-04
   9010   0.14007E-04
   9020   0.13971E-04
   9030   0.13947E-04
   9040   0.13934E-04
   9050   0.13911E-04
   9060   0.13856E-04
   9070   0.13829E-04
   9080   0.13802E-04
   9090   0.13760E-04
   9100   0.13718E-04
   9110   0.13701E-04
   9120   0.13679E-04
   9130   0.13639E-04
   9140   0.13612E-04
   9150   0.13598E-04
   9160   0.13547E-04
   9170   0.13544E-04
   9180   0.13491E-04
   9190   0.13460E-04
   9200   0.13419E-04
   9210   0.13400E-04
   9220   0.13376E-04
   9230   0.13353E-04
   9240   0.13313E-04
   9250   0.13275E-04
   9260   0.13248E-04
   9270   0.13229E-04
   9280   0.13198E-04
   9290   0.13161E-04
   9300   0.13136E-04
   9310   0.13112E-04
   9320   0.13076E-04
   9330   0.13054E-04
   9340   0.13053E-04
   9350   0.13026E-04
   9360   0.13002E-04
   9370   0.12972E-04
   9380   0.12944E-04
   9390   0.12912E-04
   9400   0.12889E-04
   9410   0.12847E-04
   9420   0.12837E-04
   9430   0.12800E-04
   9440   0.12791E-04
   9450   0.12772E-04
   9460   0.12761E-04
   9470   0.12721E-04
   9480   0.12701E-04
   9490   0.12668E-04
   9500   0.12659E-04
   9510   0.12650E-04
   9520   0.12625E-04
   9530   0.12610E-04
   9540   0.12582E-04
   9550   0.12550E-04
   9560   0.12545E-04
   9570   0.12519E-04
   9580   0.12496E-04
   9590   0.12469E-04
   9600   0.12464E-04
   9610   0.12423E-04
   9620   0.12416E-04
   9630   0.12399E-04
   9640   0.12386E-04
   9650   0.12374E-04
   9660   0.12347E-04
   9670   0.12311E-04
   9680   0.12292E-04
   9690   0.12296E-04
   9700   0.12266E-04
   9710   0.12251E-04
   9720   0.12234E-04
   9730   0.12217E-04
   9740   0.12204E-04
   9750   0.12205E-04
   9760   0.12177E-04
   9770   0.12148E-04
   9780   0.12147E-04
   9790   0.12130E-04
   9800   0.12119E-04
   9810   0.12086E-04
   9820   0.12083E-04
   9830   0.12067E-04
   9840   0.12052E-04
   9850   0.12027E-04
   9860   0.12001E-04
   9870   0.12014E-04
   9880   0.11996E-04
   9890   0.11970E-04
   9900   0.11963E-04
   9910   0.11959E-04
   9920   0.11944E-04
   9930   0.11924E-04
   9940   0.11912E-04
   9950   0.11902E-04
   9960   0.11891E-04
   9970   0.11887E-04
   9980   0.11860E-04
   9990   0.11851E-04
  10000   0.11842E-04
  10010   0.11832E-04
  10020   0.11807E-04
  10030   0.11801E-04
  10040   0.11784E-04
  10050   0.11782E-04
  10060   0.11754E-04
  10070   0.11747E-04
  10080   0.11727E-04
  10090   0.11716E-04
  10100   0.11697E-04
  10110   0.11680E-04
  10120   0.11677E-04
  10130   0.11647E-04
  10140   0.11655E-04
  10150   0.11633E-04
  10160   0.11599E-04
  10170   0.11603E-04
  10180   0.11564E-04
  10190   0.11552E-04
  10200   0.11540E-04
  10210   0.11532E-04
  10220   0.11511E-04
  10230   0.11495E-04
  10240   0.11481E-04
  10250   0.11465E-04
  10260   0.11460E-04
  10270   0.11426E-04
  10280   0.11421E-04
  10290   0.11404E-04
  10300   0.11396E-04
  10310   0.11378E-04
  10320   0.11352E-04
  10330   0.11348E-04
  10340   0.11320E-04
  10350   0.11295E-04
  10360   0.11277E-04
  10370   0.11256E-04
  10380   0.11241E-04
  10390   0.11213E-04
  10400   0.11203E-04
  10410   0.11186E-04
  10420   0.11181E-04
  10430   0.11146E-04
  10440   0.11122E-04
  10450   0.11093E-04
  10460   0.11083E-04
  10470   0.11069E-04
  10480   0.11048E-04
  10490   0.11021E-04
  10500   0.10994E-04
  10510   0.10968E-04
  10520   0.10967E-04
  10530   0.10950E-04
  10540   0.10924E-04
  10550   0.10882E-04
  10560   0.10862E-04
  10570   0.10852E-04
  10580   0.10828E-04
  10590   0.10815E-04
  10600   0.10792E-04
  10610   0.10756E-04
  10620   0.10746E-04
  10630   0.10708E-04
  10640   0.10690E-04
  10650   0.10675E-04
  10660   0.10645E-04
  10670   0.10610E-04
  10680   0.10597E-04
  10690   0.10569E-04
  10700   0.10552E-04
  10710   0.10519E-04
  10720   0.10511E-04
  10730   0.10486E-04
  10740   0.10448E-04
  10750   0.10432E-04
  10760   0.10409E-04
  10770   0.10389E-04
  10780   0.10357E-04
  10790   0.10356E-04
  10800   0.10313E-04
  10810   0.10270E-04
  10820   0.10246E-04
  10830   0.10216E-04
  10840   0.10202E-04
  10850   0.10186E-04
  10860   0.10135E-04
  10870   0.10109E-04
  10880   0.10088E-04
  10890   0.10060E-04
  10900   0.10049E-04
  10910   0.10007E-04
  10920   0.99943E-05
  10930   0.99559E-05
  10940   0.99222E-05
  10950   0.98924E-05
  10960   0.98666E-05
  10970   0.98376E-05
  10980   0.98022E-05
  10990   0.97740E-05
  11000   0.97486E-05
  11010   0.97018E-05
  11020   0.96853E-05
  11030   0.96598E-05
  11040   0.96236E-05
  11050   0.95963E-05
  11060   0.95672E-05
  11070   0.95355E-05
  11080   0.95106E-05
  11090   0.94757E-05
  11100   0.94397E-05
  11110   0.94112E-05
  11120   0.93756E-05
  11130   0.93502E-05
  11140   0.93288E-05
  11150   0.92934E-05
  11160   0.92646E-05
  11170   0.92372E-05
  11180   0.92146E-05
  11190   0.91594E-05
  11200   0.91247E-05
  11210   0.91041E-05
  11220   0.90847E-05
  11230   0.90577E-05
  11240   0.90087E-05
  11250   0.89760E-05
  11260   0.89580E-05
  11270   0.89190E-05
  11280   0.89095E-05
  11290   0.88657E-05
  11300   0.88438E-05
  11310   0.88038E-05
  11320   0.87673E-05
  11330   0.87447E-05
  11340   0.87121E-05
  11350   0.86680E-05
  11360   0.86477E-05
  11370   0.86245E-05
  11380   0.86029E-05
  11390   0.85493E-05
  11400   0.85360E-05
  11410   0.85039E-05
  11420   0.84595E-05
  11430   0.84422E-05
  11440   0.84060E-05
  11450   0.83885E-05
  11460   0.83477E-05
  11470   0.83050E-05
  11480   0.82805E-05
  11490   0.82447E-05
  11500   0.82326E-05
  11510   0.81858E-05
  11520   0.81618E-05
  11530   0.81243E-05
  11540   0.81070E-05
  11550   0.80679E-05
  11560   0.80367E-05
  11570   0.80084E-05
  11580   0.79652E-05
  11590   0.79310E-05
  11600   0.79076E-05
  11610   0.78980E-05
  11620   0.78572E-05
  11630   0.78404E-05
  11640   0.77977E-05
  11650   0.77755E-05
  11660   0.77410E-05
  11670   0.77143E-05
  11680   0.76991E-05
  11690   0.76641E-05
  11700   0.76455E-05
  11710   0.76116E-05
  11720   0.75749E-05
  11730   0.75412E-05
  11740   0.75229E-05
  11750   0.75036E-05
  11760   0.74839E-05
  11770   0.74453E-05
  11780   0.74116E-05
  11790   0.74065E-05
  11800   0.73685E-05
  11810   0.73466E-05
  11820   0.73183E-05
  11830   0.72922E-05
  11840   0.72610E-05
  11850   0.72343E-05
  11860   0.72084E-05
  11870   0.71931E-05
  11880   0.71598E-05
  11890   0.71284E-05
  11900   0.71096E-05
  11910   0.70940E-05
  11920   0.70459E-05
  11930   0.70521E-05
  11940   0.70281E-05
  11950   0.69892E-05
  11960   0.69711E-05
  11970   0.69533E-05
  11980   0.69282E-05
  11990   0.69189E-05
  12000   0.68950E-05
  12010   0.68538E-05
  12020   0.68273E-05
  12030   0.68244E-05
  12040   0.67985E-05
  12050   0.67841E-05
  12060   0.67646E-05
  12070   0.67309E-05
  12080   0.67195E-05
  12090   0.66897E-05
  12100   0.66873E-05
  12110   0.66639E-05
  12120   0.66426E-05
  12130   0.66381E-05
  12140   0.65996E-05
  12150   0.65689E-05
  12160   0.65466E-05
  12170   0.65367E-05
  12180   0.65240E-05
  12190   0.65212E-05
  12200   0.65125E-05
  12210   0.65002E-05
  12220   0.64720E-05
  12230   0.64537E-05
  12240   0.64227E-05
  12250   0.64055E-05
  12260   0.63932E-05
  12270   0.63817E-05
  12280   0.63321E-05
  12290   0.63175E-05
  12300   0.62951E-05
  12310   0.62921E-05
  12320   0.62685E-05
  12330   0.62722E-05
  12340   0.62381E-05
  12350   0.62315E-05
  12360   0.62297E-05
  12370   0.62064E-05
  12380   0.62025E-05
  12390   0.61823E-05
  12400   0.61709E-05
  12410   0.61419E-05
  12420   0.61046E-05
  12430   0.60888E-05
  12440   0.60994E-05
  12450   0.60784E-05
  12460   0.60603E-05
  12470   0.60275E-05
  12480   0.60422E-05
  12490   0.60314E-05
  12500   0.60141E-05
  12510   0.60022E-05
  12520   0.59758E-05
  12530   0.59654E-05
  12540   0.59485E-05
  12550   0.59482E-05
  12560   0.59353E-05
  12570   0.58977E-05
  12580   0.58904E-05
  12590   0.58677E-05
  12600   0.58389E-05
  12610   0.58312E-05
  12620   0.58199E-05
  12630   0.58100E-05
  12640   0.57847E-05
  12650   0.57666E-05
  12660   0.57456E-05
  12670   0.57430E-05
  12680   0.57187E-05
  12690   0.56967E-05
  12700   0.56713E-05
  12710   0.56624E-05
  12720   0.56494E-05
  12730   0.56287E-05
  12740   0.56269E-05
  12750   0.55851E-05
  12760   0.55942E-05
  12770   0.55747E-05
  12780   0.55431E-05
  12790   0.55418E-05
  12800   0.55220E-05
  12810   0.54869E-05
  12820   0.54777E-05
  12830   0.54516E-05
  12840   0.54288E-05
  12850   0.54182E-05
  12860   0.53794E-05
  12870   0.53664E-05
  12880   0.53461E-05
  12890   0.53308E-05
  12900   0.53126E-05
  12910   0.52982E-05
  12920   0.52819E-05
  12930   0.52555E-05
  12940   0.52411E-05
  12950   0.52151E-05
  12960   0.51876E-05
  12970   0.51632E-05
  12980   0.51559E-05
  12990   0.51261E-05
  13000   0.51019E-05
  13010   0.50564E-05
  13020   0.50549E-05
  13030   0.50421E-05
  13040   0.50082E-05
  13050   0.50143E-05
  13060   0.49866E-05
  13070   0.49556E-05
  13080   0.49349E-05
  13090   0.49241E-05
  13100   0.48872E-05
  13110   0.48588E-05
  13120   0.48317E-05
  13130   0.48154E-05
  13140   0.48000E-05
  13150   0.47699E-05
  13160   0.47515E-05
  13170   0.47218E-05
  13180   0.47138E-05
  13190   0.46765E-05
  13200   0.46564E-05
  13210   0.46251E-05
  13220   0.45992E-05
  13230   0.45904E-05
  13240   0.45694E-05
  13250   0.45286E-05
  13260   0.45003E-05
  13270   0.44729E-05
  13280   0.44623E-05
  13290   0.44346E-05
  13300   0.43842E-05
  13310   0.43594E-05
  13320   0.43398E-05
  13330   0.43061E-05
  13340   0.43148E-05
  13350   0.42616E-05
  13360   0.42324E-05
  13370   0.42202E-05
  13380   0.42059E-05
  13390   0.41660E-05
  13400   0.41216E-05
  13410   0.41043E-05
  13420   0.40746E-05
  13430   0.40414E-05
  13440   0.40066E-05
  13450   0.39810E-05
  13460   0.39657E-05
  13470   0.39391E-05
  13480   0.39288E-05
  13490   0.38999E-05
  13500   0.38785E-05
  13510   0.38288E-05
  13520   0.38000E-05
  13530   0.37733E-05
  13540   0.37560E-05
  13550   0.37232E-05
  13560   0.36983E-05
  13570   0.36796E-05
  13580   0.36467E-05
  13590   0.36016E-05
  13600   0.35680E-05
  13610   0.35474E-05
  13620   0.35289E-05
  13630   0.34763E-05
  13640   0.34639E-05
  13650   0.34395E-05
  13660   0.34060E-05
  13670   0.33816E-05
  13680   0.33677E-05
  13690   0.33278E-05
  13700   0.32983E-05
  13710   0.32651E-05
  13720   0.32547E-05
  13730   0.32143E-05
  13740   0.31962E-05
  13750   0.31856E-05
  13760   0.31523E-05
  13770   0.31084E-05
  13780   0.30824E-05
  13790   0.30601E-05
  13800   0.30390E-05
  13810   0.30065E-05
  13820   0.29733E-05
  13830   0.29492E-05
  13840   0.29432E-05
  13850   0.28973E-05
  13860   0.28748E-05
  13870   0.28582E-05
  13880   0.28154E-05
  13890   0.27934E-05
  13900   0.27758E-05
  13910   0.27530E-05
  13920   0.27193E-05
  13930   0.26932E-05
  13940   0.26873E-05
  13950   0.26896E-05
  13960   0.26324E-05
  13970   0.26030E-05
  13980   0.25642E-05
  13990   0.25445E-05
  14000   0.25224E-05
  14010   0.24929E-05
  14020   0.24529E-05
  14030   0.24639E-05
  14040   0.24322E-05
  14050   0.24179E-05
  14060   0.23948E-05
  14070   0.23775E-05
  14080   0.23818E-05
  14090   0.23430E-05
  14100   0.23277E-05
  14110   0.23028E-05
  14120   0.22901E-05
  14130   0.22764E-05
  14140   0.22588E-05
  14150   0.22397E-05
  14160   0.22041E-05
  14170   0.21889E-05
  14180   0.21484E-05
  14190   0.21325E-05
  14200   0.21009E-05
  14210   0.20880E-05
  14220   0.20843E-05
  14230   0.20632E-05
  14240   0.20284E-05
  14250   0.20346E-05
  14260   0.20136E-05
  14270   0.20137E-05
  14280   0.19890E-05
  14290   0.19880E-05
  14300   0.19732E-05
  14310   0.19662E-05
  14320   0.19407E-05
  14330   0.19263E-05
  14340   0.19016E-05
  14350   0.19038E-05
  14360   0.18809E-05
  14370   0.18892E-05
  14380   0.18630E-05
  14390   0.18364E-05
  14400   0.18244E-05
  14410   0.18112E-05
  14420   0.18057E-05
  14430   0.17828E-05
  14440   0.17870E-05
  14450   0.17575E-05
  14460   0.17706E-05
  14470   0.17482E-05
  14480   0.17361E-05
  14490   0.17313E-05
  14500   0.17071E-05
  14510   0.17108E-05
  14520   0.16800E-05
  14530   0.16550E-05
  14540   0.16600E-05
  14550   0.16526E-05
  14560   0.16333E-05
  14570   0.16312E-05
  14580   0.16112E-05
  14590   0.16167E-05
  14600   0.16042E-05
  14610   0.16151E-05
  14620   0.15712E-05
  14630   0.15799E-05
  14640   0.15644E-05
  14650   0.15618E-05
  14660   0.15498E-05
  14670   0.15351E-05
  14680   0.15070E-05
  14690   0.14966E-05
  14700   0.14918E-05
  14710   0.15039E-05
  14720   0.15075E-05
  14730   0.15092E-05
  14740   0.15131E-05
  14750   0.14871E-05
  14760   0.14771E-05
  14770   0.14850E-05
  14780   0.14692E-05
  14790   0.14691E-05
  14800   0.14739E-05
  14810   0.14898E-05
  14820   0.14547E-05
  14830   0.14569E-05
  14840   0.14483E-05
  14850   0.14375E-05
  14860   0.14293E-05
  14870   0.14289E-05
  14880   0.14305E-05
  14890   0.14524E-05
  14900   0.14442E-05
  14910   0.14338E-05
  14920   0.14427E-05
  14930   0.14352E-05
  14940   0.14330E-05
  14950   0.14409E-05
  14960   0.14138E-05
  14970   0.14274E-05
  14980   0.14252E-05
  14990   0.14247E-05
  15000   0.14092E-05
  15010   0.14080E-05
  15020   0.14033E-05
  15030   0.13963E-05
  15040   0.14135E-05
  15050   0.13820E-05
  15060   0.13804E-05
  15070   0.13878E-05
  15080   0.13905E-05
  15090   0.13921E-05
  15100   0.13878E-05
  15110   0.13922E-05
  15120   0.13899E-05
  15130   0.13743E-05
  15140   0.13568E-05
  15150   0.13496E-05
  15160   0.13393E-05
  15170   0.13519E-05
  15180   0.13218E-05
  15190   0.13286E-05
  15200   0.13478E-05
  15210   0.13510E-05
  15220   0.13409E-05
  15230   0.13413E-05
  15240   0.13286E-05
  15250   0.13203E-05
  15260   0.13367E-05
  15270   0.13359E-05
  15280   0.13402E-05
  15290   0.13501E-05
  15300   0.13429E-05
  15310   0.13297E-05
  15320   0.13198E-05
  15330   0.13031E-05
  15340   0.13083E-05
  15350   0.13146E-05
  15360   0.13074E-05
  15370   0.13083E-05
  15380   0.13038E-05
  15390   0.12942E-05
  15400   0.12996E-05
  15410   0.12972E-05
  15420   0.12893E-05
  15430   0.12917E-05
  15440   0.12954E-05
  15450   0.12785E-05
  15460   0.12904E-05
  15470   0.12970E-05
  15480   0.12859E-05
  15490   0.12789E-05
  15500   0.12546E-05
  15510   0.12657E-05
  15520   0.12663E-05
  15530   0.12584E-05
  15540   0.12645E-05
  15550   0.12433E-05
  15560   0.12486E-05
  15570   0.12387E-05
  15580   0.12473E-05
  15590   0.12454E-05
  15600   0.12541E-05
  15610   0.12659E-05
  15620   0.12676E-05
  15630   0.12393E-05
  15640   0.12499E-05
  15650   0.12509E-05
  15660   0.12583E-05
  15670   0.12455E-05
  15680   0.12424E-05
  15690   0.12505E-05
  15700   0.12471E-05
  15710   0.12616E-05
  15720   0.12497E-05
  15730   0.12486E-05
  15740   0.12581E-05
  15750   0.12437E-05
  15760   0.12441E-05
  15770   0.12436E-05
  15780   0.12452E-05
  15790   0.12468E-05
  15800   0.12482E-05
  15810   0.12295E-05
  15820   0.12295E-05
  15830   0.12416E-05
  15840   0.12401E-05
  15850   0.12331E-05
  15860   0.12381E-05
  15870   0.12314E-05
  15880   0.12381E-05
  15890   0.12311E-05
  15900   0.12511E-05
  15910   0.12361E-05
  15920   0.12384E-05
  15930   0.12286E-05
  15940   0.12276E-05
  15950   0.12282E-05
  15960   0.12242E-05
  15970   0.12197E-05
  15980   0.12027E-05
  15990   0.12041E-05
  16000   0.12092E-05
  16010   0.12041E-05
  16020   0.11926E-05
  16030   0.12063E-05
  16040   0.11913E-05
  16050   0.11959E-05
  16060   0.11600E-05
  16070   0.11681E-05
  16080   0.11659E-05
  16090   0.11592E-05
  16100   0.11493E-05
  16110   0.11469E-05
  16120   0.11294E-05
  16130   0.11287E-05
  16140   0.11370E-05
  16150   0.11299E-05
  16160   0.11283E-05
  16170   0.11022E-05
  16180   0.11152E-05
  16190   0.11248E-05
  16200   0.11311E-05
  16210   0.11298E-05
  16220   0.11077E-05
  16230   0.11044E-05
  16240   0.10995E-05
  16250   0.10900E-05
  16260   0.10789E-05
  16270   0.10672E-05
  16280   0.10668E-05
  16290   0.10664E-05
  16300   0.10687E-05
  16310   0.10444E-05
  16320   0.10470E-05
  16330   0.10494E-05
  16340   0.10492E-05
  16350   0.10360E-05
  16360   0.10365E-05
  16370   0.10308E-05
  16380   0.10133E-05
  16390   0.10326E-05
  16400   0.10364E-05
  16410   0.10359E-05
  16420   0.10279E-05
  16430   0.10241E-05
  16440   0.10104E-05
  16450   0.10189E-05
  16460   0.10094E-05
  16470   0.10152E-05
  16480   0.99616E-06
  16490   0.99156E-06
  16500   0.99077E-06
  16510   0.10094E-05
  16520   0.99606E-06
  16530   0.99083E-06
  16540   0.99142E-06
  16550   0.98839E-06
  16560   0.99518E-06
  16570   0.99875E-06
  16580   0.98447E-06
  16590   0.97044E-06
  16600   0.95809E-06
  16610   0.96910E-06
  16620   0.97201E-06
  16630   0.95394E-06
  16640   0.96795E-06
  16650   0.98404E-06
  16660   0.95907E-06
  16670   0.96282E-06
  16680   0.95400E-06
  16690   0.94428E-06
  16700   0.94839E-06
  16710   0.92083E-06
  16720   0.91469E-06
  16730   0.91799E-06
  16740   0.93071E-06
  16750   0.92427E-06
  16760   0.93655E-06
  16770   0.93081E-06
  16780   0.92897E-06
  16790   0.92708E-06
  16800   0.92317E-06
  16810   0.90832E-06
  16820   0.91052E-06
  16830   0.89280E-06
  16840   0.90604E-06
  16850   0.89529E-06
  16860   0.88786E-06
  16870   0.88380E-06
  16880   0.87526E-06
  16890   0.87027E-06
  16900   0.85300E-06
  16910   0.84642E-06
  16920   0.84747E-06
  16930   0.83552E-06
  16940   0.84085E-06
  16950   0.83093E-06
  16960   0.83887E-06
  16970   0.86115E-06
  16980   0.85172E-06
  16990   0.83495E-06
  17000   0.84016E-06
  17010   0.82527E-06
  17020   0.83427E-06
  17030   0.82602E-06
  17040   0.81518E-06
  17050   0.83413E-06
  17060   0.81091E-06
  17070   0.79838E-06
  17080   0.81337E-06
  17090   0.82101E-06
  17100   0.80820E-06
  17110   0.80495E-06
  17120   0.78579E-06
  17130   0.78737E-06
  17140   0.78895E-06
  17150   0.77273E-06
  17160   0.76651E-06
  17170   0.78483E-06
  17180   0.77414E-06
  17190   0.77452E-06
  17200   0.77270E-06
  17210   0.76643E-06
  17220   0.76211E-06
  17230   0.76183E-06
  17240   0.75634E-06
  17250   0.76666E-06
  17260   0.77401E-06
  17270   0.76848E-06
  17280   0.75576E-06
  17290   0.74546E-06
  17300   0.76451E-06
  17310   0.76496E-06
  17320   0.77504E-06
  17330   0.75115E-06
  17340   0.72355E-06
  17350   0.72206E-06
  17360   0.74404E-06
  17370   0.73775E-06
  17380   0.72353E-06
  17390   0.73350E-06
  17400   0.73703E-06
  17410   0.73609E-06
  17420   0.70627E-06
  17430   0.70455E-06
  17440   0.69680E-06
  17450   0.69959E-06
  17460   0.70467E-06
  17470   0.70027E-06
  17480   0.68385E-06
  17490   0.68823E-06
  17500   0.68037E-06
  17510   0.67692E-06
  17520   0.68184E-06
  17530   0.69346E-06
  17540   0.68420E-06
  17550   0.68904E-06
  17560   0.68637E-06
  17570   0.69126E-06
  17580   0.68496E-06
  17590   0.67940E-06
  17600   0.68507E-06
  17610   0.67356E-06
  17620   0.67009E-06
  17630   0.66435E-06
  17640   0.67224E-06
  17650   0.64826E-06
  17660   0.66506E-06
  17670   0.63221E-06
  17680   0.63464E-06
  17690   0.64689E-06
  17700   0.62597E-06
  17710   0.64240E-06
  17720   0.63522E-06
  17730   0.64150E-06
  17740   0.65429E-06
  17750   0.64488E-06
  17760   0.65013E-06
  17770   0.64842E-06
  17780   0.64597E-06
  17790   0.64496E-06
  17800   0.64611E-06
  17810   0.64412E-06
  17820   0.63461E-06
  17830   0.63708E-06
  17840   0.62848E-06
  17850   0.63639E-06
  17860   0.64604E-06
  17870   0.63172E-06
  17880   0.65829E-06
  17890   0.66207E-06
  17900   0.66078E-06
  17910   0.65275E-06
  17920   0.65259E-06
  17930   0.63648E-06
  17940   0.62762E-06
  17950   0.61104E-06
  17960   0.61698E-06
  17970   0.62025E-06
  17980   0.61383E-06
  17990   0.60872E-06
  18000   0.60259E-06
  18010   0.59629E-06
  18020   0.59110E-06
  18030   0.59041E-06
  18040   0.58547E-06
  18050   0.60065E-06
  18060   0.59014E-06
  18070   0.59061E-06
  18080   0.60322E-06
  18090   0.59653E-06
  18100   0.59579E-06
  18110   0.58761E-06
  18120   0.58431E-06
  18130   0.58425E-06
  18140   0.59235E-06
  18150   0.58345E-06
  18160   0.57898E-06
  18170   0.57276E-06
  18180   0.57802E-06
  18190   0.54333E-06
  18200   0.56743E-06
  18210   0.55811E-06
  18220   0.56385E-06
  18230   0.56033E-06
  18240   0.55857E-06
  18250   0.55383E-06
  18260   0.54784E-06
  18270   0.54697E-06
  18280   0.54225E-06
  18290   0.53503E-06
  18300   0.52598E-06
  18310   0.52558E-06
  18320   0.53494E-06
  18330   0.53866E-06
  18340   0.51960E-06
  18350   0.53559E-06
  18360   0.52358E-06
  18370   0.53597E-06
  18380   0.54379E-06
  18390   0.55232E-06
  18400   0.53637E-06
  18410   0.53697E-06
  18420   0.56157E-06
  18430   0.56405E-06
  18440   0.54061E-06
  18450   0.53248E-06
  18460   0.52746E-06
  18470   0.53467E-06
  18480   0.53552E-06
  18490   0.52183E-06
  18500   0.52494E-06
  18510   0.51022E-06
  18520   0.52939E-06
  18530   0.51063E-06
  18540   0.51089E-06
  18550   0.52181E-06
  18560   0.50442E-06
  18570   0.51105E-06
  18580   0.50837E-06
  18590   0.48610E-06
  18600   0.48996E-06
  18610   0.49957E-06
  18620   0.50513E-06
  18630   0.48588E-06
  18640   0.49953E-06
  18650   0.47917E-06
  18660   0.49455E-06
  18670   0.49696E-06
  18680   0.47715E-06
  18690   0.48515E-06
  18700   0.48069E-06
  18710   0.47006E-06
  18720   0.46332E-06
  18730   0.47211E-06
  18740   0.46530E-06
  18750   0.47142E-06
  18760   0.45750E-06
  18770   0.45741E-06
  18780   0.43958E-06
  18790   0.44218E-06
  18800   0.45233E-06
  18810   0.44220E-06
  18820   0.46006E-06
  18830   0.42663E-06
  18840   0.42545E-06
  18850   0.43948E-06
  18860   0.42595E-06
  18870   0.42287E-06
  18880   0.42552E-06
  18890   0.43996E-06
  18900   0.41140E-06
  18910   0.40568E-06
  18920   0.41534E-06
  18930   0.41889E-06
  18940   0.41653E-06
  18950   0.43244E-06
  18960   0.41476E-06
  18970   0.40568E-06
  18980   0.40727E-06
  18990   0.40554E-06
  19000   0.38283E-06
  19010   0.39616E-06
  19020   0.41016E-06
  19030   0.39010E-06
  19040   0.37533E-06
  19050   0.41310E-06
  19060   0.37209E-06
  19070   0.38528E-06
  19080   0.36922E-06
  19090   0.36843E-06
  19100   0.36573E-06
  19110   0.36775E-06
  19120   0.35673E-06
  19130   0.35923E-06
  19140   0.35414E-06
  19150   0.35516E-06
  19160   0.39678E-06
  19170   0.35318E-06
  19180   0.39544E-06
  19190   0.38819E-06
  19200   0.36960E-06
  19210   0.37072E-06
  19220   0.35446E-06
  19230   0.37282E-06
  19240   0.38982E-06
  19250   0.37193E-06
  19260   0.35114E-06
  19270   0.34662E-06
  19280   0.35066E-06
  19290   0.35379E-06
  19300   0.36093E-06
  19310   0.34420E-06
  19320   0.35213E-06
  19330   0.32056E-06
  19340   0.33922E-06
  19350   0.32165E-06
  19360   0.31389E-06
  19370   0.30517E-06
  19380   0.31878E-06
  19390   0.31458E-06
  19400   0.31886E-06
  19410   0.31582E-06
  19420   0.31380E-06
  19430   0.30081E-06
  19440   0.31413E-06
  19450   0.28766E-06
  19460   0.28153E-06
  19470   0.28565E-06
  19480   0.28073E-06
  19490   0.28058E-06
  19500   0.28011E-06
  19510   0.26144E-06
  19520   0.26256E-06
  19530   0.28372E-06
  19540   0.24318E-06
  19550   0.27920E-06
  19560   0.27735E-06
  19570   0.29196E-06
  19580   0.27583E-06
  19590   0.30089E-06
  19600   0.30290E-06
  19610   0.29336E-06
  19620   0.29552E-06
  19630   0.27420E-06
  19640   0.27005E-06
  19650   0.27153E-06
  19660   0.25756E-06
  19670   0.27773E-06
  19680   0.28744E-06
  19690   0.32337E-06
  19700   0.26580E-06
  19710   0.26162E-06
  19720   0.26452E-06
  19730   0.28740E-06
  19740   0.29449E-06
  19750   0.24249E-06
  19760   0.26881E-06
  19770   0.26181E-06
  19780   0.22402E-06
  19790   0.22122E-06
  19800   0.23154E-06
  19810   0.23319E-06
  19820   0.23034E-06
  19830   0.25527E-06
  19840   0.23425E-06
  19850   0.22286E-06
  19860   0.22572E-06
  19870   0.20122E-06
  19880   0.24629E-06
  19890   0.21245E-06
  19900   0.21473E-06
  19910   0.24380E-06
  19920   0.20354E-06
  19930   0.21477E-06
  19940   0.21876E-06
  19950   0.23042E-06
  19960   0.21530E-06
  19970   0.21035E-06
  19980   0.19652E-06
  19990   0.22049E-06
  20000   0.24116E-06
