     10   0.12476E-02
     20   0.11216E-02
     30   0.10235E-02
     40   0.94565E-03
     50   0.88287E-03
     60   0.83093E-03
     70   0.78710E-03
     80   0.74962E-03
     90   0.71700E-03
    100   0.68814E-03
    110   0.66212E-03
    120   0.63868E-03
    130   0.61708E-03
    140   0.59716E-03
    150   0.57848E-03
    160   0.56094E-03
    170   0.54444E-03
    180   0.52887E-03
    190   0.51403E-03
    200   0.49981E-03
    210   0.48608E-03
    220   0.47298E-03
    230   0.46046E-03
    240   0.44823E-03
    250   0.43638E-03
    260   0.42504E-03
    270   0.41411E-03
    280   0.40349E-03
    290   0.39325E-03
    300   0.38342E-03
    310   0.37412E-03
    320   0.36507E-03
    330   0.35641E-03
    340   0.34799E-03
    350   0.33985E-03
    360   0.33202E-03
    370   0.32448E-03
    380   0.31723E-03
    390   0.31019E-03
    400   0.30345E-03
    410   0.29712E-03
    420   0.29097E-03
    430   0.28508E-03
    440   0.27938E-03
    450   0.27395E-03
    460   0.26870E-03
    470   0.26369E-03
    480   0.25890E-03
    490   0.25424E-03
    500   0.24984E-03
    510   0.24562E-03
    520   0.24158E-03
    530   0.23773E-03
    540   0.23401E-03
    550   0.23048E-03
    560   0.22706E-03
    570   0.22380E-03
    580   0.22067E-03
    590   0.21768E-03
    600   0.21480E-03
    610   0.21207E-03
    620   0.20946E-03
    630   0.20694E-03
    640   0.20459E-03
    650   0.20235E-03
    660   0.20025E-03
    670   0.19829E-03
    680   0.19644E-03
    690   0.19473E-03
    700   0.19312E-03
    710   0.19164E-03
    720   0.19027E-03
    730   0.18897E-03
    740   0.18780E-03
    750   0.18673E-03
    760   0.18574E-03
    770   0.18482E-03
    780   0.18394E-03
    790   0.18315E-03
    800   0.18239E-03
    810   0.18163E-03
    820   0.18093E-03
    830   0.18022E-03
    840   0.17953E-03
    850   0.17881E-03
    860   0.17808E-03
    870   0.17737E-03
    880   0.17660E-03
    890   0.17584E-03
    900   0.17501E-03
    910   0.17417E-03
    920   0.17330E-03
    930   0.17240E-03
    940   0.17147E-03
    950   0.17053E-03
    960   0.16954E-03
    970   0.16855E-03
    980   0.16755E-03
    990   0.16654E-03
   1000   0.16554E-03
   1010   0.16455E-03
   1020   0.16356E-03
   1030   0.16260E-03
   1040   0.16166E-03
   1050   0.16075E-03
   1060   0.15988E-03
   1070   0.15905E-03
   1080   0.15830E-03
   1090   0.15755E-03
   1100   0.15690E-03
   1110   0.15629E-03
   1120   0.15575E-03
   1130   0.15527E-03
   1140   0.15486E-03
   1150   0.15450E-03
   1160   0.15424E-03
   1170   0.15402E-03
   1180   0.15385E-03
   1190   0.15376E-03
   1200   0.15372E-03
   1210   0.15372E-03
   1220   0.15379E-03
   1230   0.15390E-03
   1240   0.15406E-03
   1250   0.15424E-03
   1260   0.15445E-03
   1270   0.15470E-03
   1280   0.15496E-03
   1290   0.15523E-03
   1300   0.15552E-03
   1310   0.15580E-03
   1320   0.15610E-03
   1330   0.15636E-03
   1340   0.15664E-03
   1350   0.15690E-03
   1360   0.15713E-03
   1370   0.15734E-03
   1380   0.15752E-03
   1390   0.15769E-03
   1400   0.15781E-03
   1410   0.15790E-03
   1420   0.15796E-03
   1430   0.15797E-03
   1440   0.15795E-03
   1450   0.15789E-03
   1460   0.15780E-03
   1470   0.15767E-03
   1480   0.15749E-03
   1490   0.15727E-03
   1500   0.15704E-03
   1510   0.15675E-03
   1520   0.15644E-03
   1530   0.15609E-03
   1540   0.15573E-03
   1550   0.15533E-03
   1560   0.15489E-03
   1570   0.15442E-03
   1580   0.15395E-03
   1590   0.15345E-03
   1600   0.15292E-03
   1610   0.15238E-03
   1620   0.15182E-03
   1630   0.15123E-03
   1640   0.15063E-03
   1650   0.15000E-03
   1660   0.14939E-03
   1670   0.14875E-03
   1680   0.14809E-03
   1690   0.14743E-03
   1700   0.14675E-03
   1710   0.14607E-03
   1720   0.14536E-03
   1730   0.14467E-03
   1740   0.14396E-03
   1750   0.14325E-03
   1760   0.14254E-03
   1770   0.14183E-03
   1780   0.14111E-03
   1790   0.14042E-03
   1800   0.13974E-03
   1810   0.13904E-03
   1820   0.13836E-03
   1830   0.13771E-03
   1840   0.13705E-03
   1850   0.13643E-03
   1860   0.13582E-03
   1870   0.13525E-03
   1880   0.13469E-03
   1890   0.13417E-03
   1900   0.13368E-03
   1910   0.13321E-03
   1920   0.13280E-03
   1930   0.13239E-03
   1940   0.13206E-03
   1950   0.13173E-03
   1960   0.13146E-03
   1970   0.13123E-03
   1980   0.13104E-03
   1990   0.13087E-03
   2000   0.13071E-03
   2010   0.13065E-03
   2020   0.13059E-03
   2030   0.13058E-03
   2040   0.13059E-03
   2050   0.13062E-03
   2060   0.13067E-03
   2070   0.13079E-03
   2080   0.13088E-03
   2090   0.13100E-03
   2100   0.13117E-03
   2110   0.13132E-03
   2120   0.13149E-03
   2130   0.13168E-03
   2140   0.13187E-03
   2150   0.13204E-03
   2160   0.13222E-03
   2170   0.13239E-03
   2180   0.13259E-03
   2190   0.13275E-03
   2200   0.13290E-03
   2210   0.13303E-03
   2220   0.13317E-03
   2230   0.13326E-03
   2240   0.13339E-03
   2250   0.13344E-03
   2260   0.13349E-03
   2270   0.13353E-03
   2280   0.13354E-03
   2290   0.13355E-03
   2300   0.13348E-03
   2310   0.13345E-03
   2320   0.13338E-03
   2330   0.13329E-03
   2340   0.13319E-03
   2350   0.13305E-03
   2360   0.13291E-03
   2370   0.13274E-03
   2380   0.13256E-03
   2390   0.13238E-03
   2400   0.13218E-03
   2410   0.13197E-03
   2420   0.13174E-03
   2430   0.13151E-03
   2440   0.13128E-03
   2450   0.13105E-03
   2460   0.13079E-03
   2470   0.13059E-03
   2480   0.13034E-03
   2490   0.13012E-03
   2500   0.12990E-03
   2510   0.12969E-03
   2520   0.12950E-03
   2530   0.12928E-03
   2540   0.12908E-03
   2550   0.12894E-03
   2560   0.12878E-03
   2570   0.12863E-03
   2580   0.12850E-03
   2590   0.12837E-03
   2600   0.12826E-03
   2610   0.12819E-03
   2620   0.12811E-03
   2630   0.12803E-03
   2640   0.12800E-03
   2650   0.12795E-03
   2660   0.12792E-03
   2670   0.12791E-03
   2680   0.12788E-03
   2690   0.12788E-03
   2700   0.12788E-03
   2710   0.12785E-03
   2720   0.12787E-03
   2730   0.12787E-03
   2740   0.12790E-03
   2750   0.12788E-03
   2760   0.12786E-03
   2770   0.12784E-03
   2780   0.12783E-03
   2790   0.12780E-03
   2800   0.12774E-03
   2810   0.12768E-03
   2820   0.12761E-03
   2830   0.12754E-03
   2840   0.12745E-03
   2850   0.12732E-03
   2860   0.12721E-03
   2870   0.12704E-03
   2880   0.12687E-03
   2890   0.12668E-03
   2900   0.12646E-03
   2910   0.12625E-03
   2920   0.12602E-03
   2930   0.12572E-03
   2940   0.12545E-03
   2950   0.12513E-03
   2960   0.12481E-03
   2970   0.12446E-03
   2980   0.12411E-03
   2990   0.12372E-03
   3000   0.12332E-03
   3010   0.12292E-03
   3020   0.12251E-03
   3030   0.12208E-03
   3040   0.12162E-03
   3050   0.12117E-03
   3060   0.12069E-03
   3070   0.12022E-03
   3080   0.11975E-03
   3090   0.11928E-03
   3100   0.11880E-03
   3110   0.11832E-03
   3120   0.11782E-03
   3130   0.11736E-03
   3140   0.11687E-03
   3150   0.11642E-03
   3160   0.11596E-03
   3170   0.11552E-03
   3180   0.11510E-03
   3190   0.11468E-03
   3200   0.11429E-03
   3210   0.11392E-03
   3220   0.11358E-03
   3230   0.11325E-03
   3240   0.11296E-03
   3250   0.11268E-03
   3260   0.11245E-03
   3270   0.11222E-03
   3280   0.11204E-03
   3290   0.11189E-03
   3300   0.11179E-03
   3310   0.11170E-03
   3320   0.11169E-03
   3330   0.11167E-03
   3340   0.11172E-03
   3350   0.11178E-03
   3360   0.11189E-03
   3370   0.11208E-03
   3380   0.11224E-03
   3390   0.11248E-03
   3400   0.11275E-03
   3410   0.11306E-03
   3420   0.11340E-03
   3430   0.11376E-03
   3440   0.11417E-03
   3450   0.11463E-03
   3460   0.11511E-03
   3470   0.11562E-03
   3480   0.11615E-03
   3490   0.11673E-03
   3500   0.11732E-03
   3510   0.11793E-03
   3520   0.11857E-03
   3530   0.11924E-03
   3540   0.11990E-03
   3550   0.12061E-03
   3560   0.12133E-03
   3570   0.12205E-03
   3580   0.12279E-03
   3590   0.12356E-03
   3600   0.12432E-03
   3610   0.12509E-03
   3620   0.12588E-03
   3630   0.12668E-03
   3640   0.12746E-03
   3650   0.12828E-03
   3660   0.12907E-03
   3670   0.12986E-03
   3680   0.13067E-03
   3690   0.13147E-03
   3700   0.13226E-03
   3710   0.13308E-03
   3720   0.13385E-03
   3730   0.13464E-03
   3740   0.13543E-03
   3750   0.13622E-03
   3760   0.13699E-03
   3770   0.13775E-03
   3780   0.13850E-03
   3790   0.13926E-03
   3800   0.13999E-03
   3810   0.14071E-03
   3820   0.14145E-03
   3830   0.14211E-03
   3840   0.14282E-03
   3850   0.14351E-03
   3860   0.14422E-03
   3870   0.14485E-03
   3880   0.14549E-03
   3890   0.14613E-03
   3900   0.14675E-03
   3910   0.14737E-03
   3920   0.14791E-03
   3930   0.14851E-03
   3940   0.14904E-03
   3950   0.14958E-03
   3960   0.15012E-03
   3970   0.15061E-03
   3980   0.15110E-03
   3990   0.15155E-03
   4000   0.15200E-03
   4010   0.15244E-03
   4020   0.15284E-03
   4030   0.15328E-03
   4040   0.15359E-03
   4050   0.15399E-03
   4060   0.15429E-03
   4070   0.15460E-03
   4080   0.15488E-03
   4090   0.15515E-03
   4100   0.15538E-03
   4110   0.15562E-03
   4120   0.15583E-03
   4130   0.15601E-03
   4140   0.15617E-03
   4150   0.15632E-03
   4160   0.15643E-03
   4170   0.15651E-03
   4180   0.15659E-03
   4190   0.15663E-03
   4200   0.15667E-03
   4210   0.15667E-03
   4220   0.15663E-03
   4230   0.15662E-03
   4240   0.15654E-03
   4250   0.15647E-03
   4260   0.15639E-03
   4270   0.15625E-03
   4280   0.15608E-03
   4290   0.15591E-03
   4300   0.15579E-03
   4310   0.15557E-03
   4320   0.15533E-03
   4330   0.15510E-03
   4340   0.15488E-03
   4350   0.15457E-03
   4360   0.15433E-03
   4370   0.15402E-03
   4380   0.15371E-03
   4390   0.15334E-03
   4400   0.15301E-03
   4410   0.15265E-03
   4420   0.15226E-03
   4430   0.15191E-03
   4440   0.15145E-03
   4450   0.15105E-03
   4460   0.15061E-03
   4470   0.15021E-03
   4480   0.14973E-03
   4490   0.14929E-03
   4500   0.14881E-03
   4510   0.14832E-03
   4520   0.14781E-03
   4530   0.14731E-03
   4540   0.14679E-03
   4550   0.14624E-03
   4560   0.14573E-03
   4570   0.14520E-03
   4580   0.14463E-03
   4590   0.14409E-03
   4600   0.14352E-03
   4610   0.14295E-03
   4620   0.14234E-03
   4630   0.14176E-03
   4640   0.14118E-03
   4650   0.14056E-03
   4660   0.13991E-03
   4670   0.13925E-03
   4680   0.13871E-03
   4690   0.13806E-03
   4700   0.13740E-03
   4710   0.13676E-03
   4720   0.13613E-03
   4730   0.13546E-03
   4740   0.13483E-03
   4750   0.13412E-03
   4760   0.13347E-03
   4770   0.13277E-03
   4780   0.13210E-03
   4790   0.13140E-03
   4800   0.13075E-03
   4810   0.13001E-03
   4820   0.12932E-03
   4830   0.12860E-03
   4840   0.12791E-03
   4850   0.12720E-03
   4860   0.12649E-03
   4870   0.12577E-03
   4880   0.12505E-03
   4890   0.12433E-03
   4900   0.12355E-03
   4910   0.12286E-03
   4920   0.12215E-03
   4930   0.12138E-03
   4940   0.12065E-03
   4950   0.11992E-03
   4960   0.11915E-03
   4970   0.11841E-03
   4980   0.11763E-03
   4990   0.11692E-03
   5000   0.11620E-03
   5010   0.11543E-03
   5020   0.11466E-03
   5030   0.11392E-03
   5040   0.11315E-03
   5050   0.11243E-03
   5060   0.11166E-03
   5070   0.11093E-03
   5080   0.11015E-03
   5090   0.10941E-03
   5100   0.10869E-03
   5110   0.10793E-03
   5120   0.10723E-03
   5130   0.10647E-03
   5140   0.10574E-03
   5150   0.10500E-03
   5160   0.10424E-03
   5170   0.10357E-03
   5180   0.10281E-03
   5190   0.10208E-03
   5200   0.10138E-03
   5210   0.10067E-03
   5220   0.99980E-04
   5230   0.99278E-04
   5240   0.98565E-04
   5250   0.97873E-04
   5260   0.97213E-04
   5270   0.96510E-04
   5280   0.95866E-04
   5290   0.95133E-04
   5300   0.94509E-04
   5310   0.93823E-04
   5320   0.93214E-04
   5330   0.92550E-04
   5340   0.91919E-04
   5350   0.91303E-04
   5360   0.90703E-04
   5370   0.90079E-04
   5380   0.89467E-04
   5390   0.88885E-04
   5400   0.88297E-04
   5410   0.87711E-04
   5420   0.87126E-04
   5430   0.86583E-04
   5440   0.86014E-04
   5450   0.85464E-04
   5460   0.84913E-04
   5470   0.84393E-04
   5480   0.83901E-04
   5490   0.83334E-04
   5500   0.82841E-04
   5510   0.82362E-04
   5520   0.81883E-04
   5530   0.81367E-04
   5540   0.80923E-04
   5550   0.80461E-04
   5560   0.80015E-04
   5570   0.79569E-04
   5580   0.79110E-04
   5590   0.78686E-04
   5600   0.78244E-04
   5610   0.77835E-04
   5620   0.77460E-04
   5630   0.77057E-04
   5640   0.76666E-04
   5650   0.76269E-04
   5660   0.75908E-04
   5670   0.75535E-04
   5680   0.75170E-04
   5690   0.74825E-04
   5700   0.74475E-04
   5710   0.74148E-04
   5720   0.73827E-04
   5730   0.73491E-04
   5740   0.73180E-04
   5750   0.72847E-04
   5760   0.72571E-04
   5770   0.72248E-04
   5780   0.71952E-04
   5790   0.71696E-04
   5800   0.71396E-04
   5810   0.71107E-04
   5820   0.70869E-04
   5830   0.70589E-04
   5840   0.70354E-04
   5850   0.70067E-04
   5860   0.69848E-04
   5870   0.69596E-04
   5880   0.69345E-04
   5890   0.69106E-04
   5900   0.68897E-04
   5910   0.68659E-04
   5920   0.68443E-04
   5930   0.68216E-04
   5940   0.68030E-04
   5950   0.67797E-04
   5960   0.67606E-04
   5970   0.67386E-04
   5980   0.67205E-04
   5990   0.66999E-04
   6000   0.66804E-04
   6010   0.66604E-04
   6020   0.66457E-04
   6030   0.66254E-04
   6040   0.66095E-04
   6050   0.65887E-04
   6060   0.65748E-04
   6070   0.65591E-04
   6080   0.65415E-04
   6090   0.65257E-04
   6100   0.65131E-04
   6110   0.64961E-04
   6120   0.64796E-04
   6130   0.64654E-04
   6140   0.64534E-04
   6150   0.64361E-04
   6160   0.64234E-04
   6170   0.64113E-04
   6180   0.64001E-04
   6190   0.63827E-04
   6200   0.63710E-04
   6210   0.63568E-04
   6220   0.63462E-04
   6230   0.63334E-04
   6240   0.63217E-04
   6250   0.63071E-04
   6260   0.62968E-04
   6270   0.62886E-04
   6280   0.62790E-04
   6290   0.62662E-04
   6300   0.62583E-04
   6310   0.62471E-04
   6320   0.62335E-04
   6330   0.62279E-04
   6340   0.62191E-04
   6350   0.62069E-04
   6360   0.61977E-04
   6370   0.61914E-04
   6380   0.61838E-04
   6390   0.61774E-04
   6400   0.61702E-04
   6410   0.61602E-04
   6420   0.61481E-04
   6430   0.61436E-04
   6440   0.61397E-04
   6450   0.61323E-04
   6460   0.61246E-04
   6470   0.61198E-04
   6480   0.61131E-04
   6490   0.61058E-04
   6500   0.60989E-04
   6510   0.60912E-04
   6520   0.60867E-04
   6530   0.60860E-04
   6540   0.60762E-04
   6550   0.60716E-04
   6560   0.60672E-04
   6570   0.60638E-04
   6580   0.60569E-04
   6590   0.60524E-04
   6600   0.60491E-04
   6610   0.60440E-04
   6620   0.60404E-04
   6630   0.60382E-04
   6640   0.60360E-04
   6650   0.60296E-04
   6660   0.60270E-04
   6670   0.60234E-04
   6680   0.60206E-04
   6690   0.60197E-04
   6700   0.60154E-04
   6710   0.60147E-04
   6720   0.60143E-04
   6730   0.60118E-04
   6740   0.60061E-04
   6750   0.60023E-04
   6760   0.60048E-04
   6770   0.60013E-04
   6780   0.60008E-04
   6790   0.59992E-04
   6800   0.59973E-04
   6810   0.59975E-04
   6820   0.59955E-04
   6830   0.59969E-04
   6840   0.59916E-04
   6850   0.59930E-04
   6860   0.59977E-04
   6870   0.59950E-04
   6880   0.59951E-04
   6890   0.59951E-04
   6900   0.59980E-04
   6910   0.59965E-04
   6920   0.59983E-04
   6930   0.59983E-04
   6940   0.59987E-04
   6950   0.59999E-04
   6960   0.59999E-04
   6970   0.60034E-04
   6980   0.60033E-04
   6990   0.60038E-04
   7000   0.60049E-04
   7010   0.60105E-04
   7020   0.60094E-04
   7030   0.60102E-04
   7040   0.60135E-04
   7050   0.60160E-04
   7060   0.60177E-04
   7070   0.60204E-04
   7080   0.60225E-04
   7090   0.60268E-04
   7100   0.60297E-04
   7110   0.60324E-04
   7120   0.60358E-04
   7130   0.60393E-04
   7140   0.60410E-04
   7150   0.60437E-04
   7160   0.60479E-04
   7170   0.60518E-04
   7180   0.60546E-04
   7190   0.60575E-04
   7200   0.60597E-04
   7210   0.60651E-04
   7220   0.60691E-04
   7230   0.60736E-04
   7240   0.60779E-04
   7250   0.60816E-04
   7260   0.60841E-04
   7270   0.60892E-04
   7280   0.60909E-04
   7290   0.60962E-04
   7300   0.61019E-04
   7310   0.61067E-04
   7320   0.61090E-04
   7330   0.61138E-04
   7340   0.61190E-04
   7350   0.61226E-04
   7360   0.61285E-04
   7370   0.61308E-04
   7380   0.61343E-04
   7390   0.61439E-04
   7400   0.61443E-04
   7410   0.61486E-04
   7420   0.61565E-04
   7430   0.61602E-04
   7440   0.61629E-04
   7450   0.61694E-04
   7460   0.61720E-04
   7470   0.61793E-04
   7480   0.61829E-04
   7490   0.61884E-04
   7500   0.61933E-04
   7510   0.61978E-04
   7520   0.62022E-04
   7530   0.62045E-04
   7540   0.62070E-04
   7550   0.62139E-04
   7560   0.62189E-04
   7570   0.62233E-04
   7580   0.62277E-04
   7590   0.62333E-04
   7600   0.62387E-04
   7610   0.62397E-04
   7620   0.62442E-04
   7630   0.62491E-04
   7640   0.62519E-04
   7650   0.62577E-04
   7660   0.62624E-04
   7670   0.62636E-04
   7680   0.62661E-04
   7690   0.62693E-04
   7700   0.62723E-04
   7710   0.62761E-04
   7720   0.62829E-04
   7730   0.62850E-04
   7740   0.62869E-04
   7750   0.62889E-04
   7760   0.62916E-04
   7770   0.62948E-04
   7780   0.62973E-04
   7790   0.62996E-04
   7800   0.63045E-04
   7810   0.63035E-04
   7820   0.63068E-04
   7830   0.63111E-04
   7840   0.63098E-04
   7850   0.63142E-04
   7860   0.63169E-04
   7870   0.63184E-04
   7880   0.63194E-04
   7890   0.63209E-04
   7900   0.63225E-04
   7910   0.63252E-04
   7920   0.63240E-04
   7930   0.63252E-04
   7940   0.63269E-04
   7950   0.63299E-04
   7960   0.63287E-04
   7970   0.63318E-04
   7980   0.63300E-04
   7990   0.63317E-04
   8000   0.63326E-04
   8010   0.63299E-04
   8020   0.63313E-04
   8030   0.63304E-04
   8040   0.63306E-04
   8050   0.63291E-04
   8060   0.63282E-04
   8070   0.63280E-04
   8080   0.63296E-04
   8090   0.63255E-04
   8100   0.63279E-04
   8110   0.63269E-04
   8120   0.63258E-04
   8130   0.63230E-04
   8140   0.63211E-04
   8150   0.63197E-04
   8160   0.63189E-04
   8170   0.63181E-04
   8180   0.63151E-04
   8190   0.63133E-04
   8200   0.63109E-04
   8210   0.63092E-04
   8220   0.63083E-04
   8230   0.63050E-04
   8240   0.63041E-04
   8250   0.62996E-04
   8260   0.62971E-04
   8270   0.62948E-04
   8280   0.62944E-04
   8290   0.62891E-04
   8300   0.62868E-04
   8310   0.62843E-04
   8320   0.62812E-04
   8330   0.62781E-04
   8340   0.62765E-04
   8350   0.62737E-04
   8360   0.62675E-04
   8370   0.62651E-04
   8380   0.62608E-04
   8390   0.62586E-04
   8400   0.62519E-04
   8410   0.62508E-04
   8420   0.62484E-04
   8430   0.62432E-04
   8440   0.62388E-04
   8450   0.62346E-04
   8460   0.62329E-04
   8470   0.62262E-04
   8480   0.62246E-04
   8490   0.62210E-04
   8500   0.62149E-04
   8510   0.62109E-04
   8520   0.62061E-04
   8530   0.62012E-04
   8540   0.61985E-04
   8550   0.61958E-04
   8560   0.61903E-04
   8570   0.61841E-04
   8580   0.61810E-04
   8590   0.61777E-04
   8600   0.61716E-04
   8610   0.61656E-04
   8620   0.61638E-04
   8630   0.61609E-04
   8640   0.61552E-04
   8650   0.61506E-04
   8660   0.61446E-04
   8670   0.61394E-04
   8680   0.61379E-04
   8690   0.61322E-04
   8700   0.61305E-04
   8710   0.61224E-04
   8720   0.61181E-04
   8730   0.61137E-04
   8740   0.61104E-04
   8750   0.61052E-04
   8760   0.61003E-04
   8770   0.60966E-04
   8780   0.60921E-04
   8790   0.60882E-04
   8800   0.60821E-04
   8810   0.60781E-04
   8820   0.60747E-04
   8830   0.60707E-04
   8840   0.60652E-04
   8850   0.60610E-04
   8860   0.60568E-04
   8870   0.60523E-04
   8880   0.60487E-04
   8890   0.60429E-04
   8900   0.60385E-04
   8910   0.60352E-04
   8920   0.60314E-04
   8930   0.60271E-04
   8940   0.60252E-04
   8950   0.60198E-04
   8960   0.60177E-04
   8970   0.60119E-04
   8980   0.60076E-04
   8990   0.60041E-04
   9000   0.60011E-04
   9010   0.59955E-04
   9020   0.59939E-04
   9030   0.59899E-04
   9040   0.59863E-04
   9050   0.59821E-04
   9060   0.59796E-04
   9070   0.59746E-04
   9080   0.59741E-04
   9090   0.59685E-04
   9100   0.59677E-04
   9110   0.59625E-04
   9120   0.59587E-04
   9130   0.59533E-04
   9140   0.59522E-04
   9150   0.59494E-04
   9160   0.59463E-04
   9170   0.59452E-04
   9180   0.59407E-04
   9190   0.59379E-04
   9200   0.59352E-04
   9210   0.59323E-04
   9220   0.59302E-04
   9230   0.59285E-04
   9240   0.59246E-04
   9250   0.59246E-04
   9260   0.59211E-04
   9270   0.59163E-04
   9280   0.59172E-04
   9290   0.59153E-04
   9300   0.59118E-04
   9310   0.59108E-04
   9320   0.59059E-04
   9330   0.59035E-04
   9340   0.59017E-04
   9350   0.59022E-04
   9360   0.58986E-04
   9370   0.58989E-04
   9380   0.58951E-04
   9390   0.58938E-04
   9400   0.58916E-04
   9410   0.58900E-04
   9420   0.58892E-04
   9430   0.58879E-04
   9440   0.58859E-04
   9450   0.58833E-04
   9460   0.58826E-04
   9470   0.58826E-04
   9480   0.58783E-04
   9490   0.58803E-04
   9500   0.58773E-04
   9510   0.58770E-04
   9520   0.58775E-04
   9530   0.58733E-04
   9540   0.58710E-04
   9550   0.58736E-04
   9560   0.58700E-04
   9570   0.58695E-04
   9580   0.58687E-04
   9590   0.58684E-04
   9600   0.58691E-04
   9610   0.58662E-04
   9620   0.58656E-04
   9630   0.58644E-04
   9640   0.58634E-04
   9650   0.58656E-04
   9660   0.58642E-04
   9670   0.58639E-04
   9680   0.58637E-04
   9690   0.58628E-04
   9700   0.58629E-04
   9710   0.58610E-04
   9720   0.58625E-04
   9730   0.58621E-04
   9740   0.58609E-04
   9750   0.58598E-04
   9760   0.58598E-04
   9770   0.58604E-04
   9780   0.58583E-04
   9790   0.58590E-04
   9800   0.58594E-04
   9810   0.58569E-04
   9820   0.58605E-04
   9830   0.58574E-04
   9840   0.58576E-04
   9850   0.58573E-04
   9860   0.58587E-04
   9870   0.58576E-04
   9880   0.58603E-04
   9890   0.58581E-04
   9900   0.58568E-04
   9910   0.58585E-04
   9920   0.58558E-04
   9930   0.58579E-04
   9940   0.58550E-04
   9950   0.58562E-04
   9960   0.58578E-04
   9970   0.58574E-04
   9980   0.58565E-04
   9990   0.58562E-04
  10000   0.58567E-04
  10010   0.58568E-04
  10020   0.58567E-04
  10030   0.58564E-04
  10040   0.58572E-04
  10050   0.58593E-04
  10060   0.58583E-04
  10070   0.58575E-04
  10080   0.58586E-04
  10090   0.58562E-04
  10100   0.58577E-04
  10110   0.58599E-04
  10120   0.58565E-04
  10130   0.58587E-04
  10140   0.58562E-04
  10150   0.58563E-04
  10160   0.58565E-04
  10170   0.58588E-04
  10180   0.58570E-04
  10190   0.58576E-04
  10200   0.58576E-04
  10210   0.58574E-04
  10220   0.58571E-04
  10230   0.58549E-04
  10240   0.58562E-04
  10250   0.58546E-04
  10260   0.58533E-04
  10270   0.58549E-04
  10280   0.58560E-04
  10290   0.58559E-04
  10300   0.58570E-04
  10310   0.58554E-04
  10320   0.58570E-04
  10330   0.58557E-04
  10340   0.58537E-04
  10350   0.58537E-04
  10360   0.58542E-04
  10370   0.58548E-04
  10380   0.58531E-04
  10390   0.58531E-04
  10400   0.58539E-04
  10410   0.58516E-04
  10420   0.58518E-04
  10430   0.58513E-04
  10440   0.58511E-04
  10450   0.58496E-04
  10460   0.58483E-04
  10470   0.58490E-04
  10480   0.58472E-04
  10490   0.58487E-04
  10500   0.58479E-04
  10510   0.58475E-04
  10520   0.58445E-04
  10530   0.58451E-04
  10540   0.58457E-04
  10550   0.58437E-04
  10560   0.58443E-04
  10570   0.58430E-04
  10580   0.58407E-04
  10590   0.58406E-04
  10600   0.58379E-04
  10610   0.58398E-04
  10620   0.58375E-04
  10630   0.58343E-04
  10640   0.58354E-04
  10650   0.58327E-04
  10660   0.58310E-04
  10670   0.58309E-04
  10680   0.58267E-04
  10690   0.58267E-04
  10700   0.58264E-04
  10710   0.58238E-04
  10720   0.58219E-04
  10730   0.58220E-04
  10740   0.58211E-04
  10750   0.58199E-04
  10760   0.58192E-04
  10770   0.58170E-04
  10780   0.58149E-04
  10790   0.58124E-04
  10800   0.58091E-04
  10810   0.58089E-04
  10820   0.58079E-04
  10830   0.58038E-04
  10840   0.58009E-04
  10850   0.57994E-04
  10860   0.57994E-04
  10870   0.57959E-04
  10880   0.57946E-04
  10890   0.57912E-04
  10900   0.57901E-04
  10910   0.57861E-04
  10920   0.57819E-04
  10930   0.57812E-04
  10940   0.57812E-04
  10950   0.57778E-04
  10960   0.57752E-04
  10970   0.57715E-04
  10980   0.57695E-04
  10990   0.57648E-04
  11000   0.57635E-04
  11010   0.57613E-04
  11020   0.57586E-04
  11030   0.57568E-04
  11040   0.57531E-04
  11050   0.57515E-04
  11060   0.57470E-04
  11070   0.57441E-04
  11080   0.57425E-04
  11090   0.57401E-04
  11100   0.57351E-04
  11110   0.57323E-04
  11120   0.57313E-04
  11130   0.57301E-04
  11140   0.57271E-04
  11150   0.57243E-04
  11160   0.57205E-04
  11170   0.57194E-04
  11180   0.57162E-04
  11190   0.57155E-04
  11200   0.57126E-04
  11210   0.57075E-04
  11220   0.57070E-04
  11230   0.57073E-04
  11240   0.57048E-04
  11250   0.57052E-04
  11260   0.57056E-04
  11270   0.57036E-04
  11280   0.57029E-04
  11290   0.57018E-04
  11300   0.57026E-04
  11310   0.57014E-04
  11320   0.57020E-04
  11330   0.57049E-04
  11340   0.57069E-04
  11350   0.57080E-04
  11360   0.57107E-04
  11370   0.57142E-04
  11380   0.57168E-04
  11390   0.57188E-04
  11400   0.57247E-04
  11410   0.57287E-04
  11420   0.57343E-04
  11430   0.57413E-04
  11440   0.57500E-04
  11450   0.57590E-04
  11460   0.57670E-04
  11470   0.57791E-04
  11480   0.57900E-04
  11490   0.58035E-04
  11500   0.58142E-04
  11510   0.58300E-04
  11520   0.58474E-04
  11530   0.58652E-04
  11540   0.58829E-04
  11550   0.59033E-04
  11560   0.59221E-04
  11570   0.59470E-04
  11580   0.59744E-04
  11590   0.60012E-04
  11600   0.60326E-04
  11610   0.60656E-04
  11620   0.60992E-04
  11630   0.61353E-04
  11640   0.61756E-04
  11650   0.62185E-04
  11660   0.62610E-04
  11670   0.63053E-04
  11680   0.63572E-04
  11690   0.64120E-04
  11700   0.64641E-04
  11710   0.65282E-04
  11720   0.65926E-04
  11730   0.66593E-04
  11740   0.67333E-04
  11750   0.68093E-04
  11760   0.68887E-04
  11770   0.69766E-04
  11780   0.70682E-04
  11790   0.71597E-04
  11800   0.72635E-04
  11810   0.73622E-04
  11820   0.74721E-04
  11830   0.75897E-04
  11840   0.77036E-04
  11850   0.78383E-04
  11860   0.79685E-04
  11870   0.81116E-04
  11880   0.82635E-04
  11890   0.84220E-04
  11900   0.85840E-04
  11910   0.87593E-04
  11920   0.89371E-04
  11930   0.91139E-04
  11940   0.93192E-04
  11950   0.94984E-04
  11960   0.97169E-04
  11970   0.99262E-04
  11980   0.10146E-03
  11990   0.10395E-03
  12000   0.10631E-03
  12010   0.10903E-03
  12020   0.11161E-03
  12030   0.11455E-03
  12040   0.11714E-03
  12050   0.12034E-03
  12060   0.12290E-03
  12070   0.12620E-03
  12080   0.12910E-03
  12090   0.13223E-03
  12100   0.13567E-03
  12110   0.13876E-03
  12120   0.14259E-03
  12130   0.14570E-03
  12140   0.14973E-03
  12150   0.15262E-03
  12160   0.15676E-03
  12170   0.15925E-03
  12180   0.16346E-03
  12190   0.16570E-03
  12200   0.17001E-03
  12210   0.17213E-03
  12220   0.17653E-03
  12230   0.17838E-03
  12240   0.18261E-03
  12250   0.18378E-03
  12260   0.19767E-03
  12270   0.19773E-03
  12280   0.20500E-03
  12290   0.21666E-03
  12300   0.23474E-03
  12310   0.24895E-03
  12320   0.26154E-03
  12330   0.64043E+15
  12340           NaN
  12350           NaN
  12360           NaN
  12370           NaN
  12380           NaN
  12390           NaN
  12400           NaN
  12410           NaN
  12420           NaN
  12430           NaN
  12440           NaN
  12450           NaN
  12460           NaN
  12470           NaN
  12480           NaN
  12490           NaN
  12500           NaN
  12510           NaN
  12520           NaN
  12530           NaN
  12540           NaN
  12550           NaN
  12560           NaN
  12570           NaN
  12580           NaN
  12590           NaN
  12600           NaN
  12610           NaN
  12620           NaN
  12630           NaN
  12640           NaN
  12650           NaN
  12660           NaN
  12670           NaN
  12680           NaN
  12690           NaN
  12700           NaN
  12710           NaN
  12720           NaN
  12730           NaN
  12740           NaN
  12750           NaN
  12760           NaN
  12770           NaN
  12780           NaN
  12790           NaN
  12800           NaN
  12810           NaN
  12820           NaN
  12830           NaN
  12840           NaN
  12850           NaN
  12860           NaN
  12870           NaN
  12880           NaN
  12890           NaN
  12900           NaN
  12910           NaN
  12920           NaN
  12930           NaN
  12940           NaN
  12950           NaN
  12960           NaN
  12970           NaN
  12980           NaN
  12990           NaN
  13000           NaN
  13010           NaN
  13020           NaN
  13030           NaN
  13040           NaN
  13050           NaN
  13060           NaN
  13070           NaN
  13080           NaN
  13090           NaN
  13100           NaN
  13110           NaN
  13120           NaN
  13130           NaN
  13140           NaN
  13150           NaN
  13160           NaN
  13170           NaN
  13180           NaN
  13190           NaN
  13200           NaN
  13210           NaN
  13220           NaN
  13230           NaN
  13240           NaN
  13250           NaN
  13260           NaN
  13270           NaN
  13280           NaN
  13290           NaN
  13300           NaN
  13310           NaN
  13320           NaN
  13330           NaN
  13340           NaN
  13350           NaN
  13360           NaN
  13370           NaN
  13380           NaN
  13390           NaN
  13400           NaN
  13410           NaN
  13420           NaN
  13430           NaN
  13440           NaN
  13450           NaN
  13460           NaN
  13470           NaN
  13480           NaN
  13490           NaN
  13500           NaN
  13510           NaN
  13520           NaN
  13530           NaN
  13540           NaN
  13550           NaN
  13560           NaN
  13570           NaN
  13580           NaN
  13590           NaN
  13600           NaN
  13610           NaN
  13620           NaN
  13630           NaN
  13640           NaN
  13650           NaN
  13660           NaN
  13670           NaN
  13680           NaN
  13690           NaN
  13700           NaN
  13710           NaN
  13720           NaN
  13730           NaN
  13740           NaN
  13750           NaN
  13760           NaN
  13770           NaN
  13780           NaN
  13790           NaN
  13800           NaN
  13810           NaN
  13820           NaN
  13830           NaN
  13840           NaN
  13850           NaN
  13860           NaN
  13870           NaN
  13880           NaN
  13890           NaN
  13900           NaN
  13910           NaN
  13920           NaN
  13930           NaN
  13940           NaN
  13950           NaN
  13960           NaN
  13970           NaN
  13980           NaN
  13990           NaN
  14000           NaN
  14010           NaN
  14020           NaN
  14030           NaN
  14040           NaN
  14050           NaN
  14060           NaN
  14070           NaN
  14080           NaN
  14090           NaN
  14100           NaN
  14110           NaN
  14120           NaN
  14130           NaN
  14140           NaN
  14150           NaN
  14160           NaN
  14170           NaN
  14180           NaN
  14190           NaN
  14200           NaN
  14210           NaN
  14220           NaN
  14230           NaN
  14240           NaN
  14250           NaN
  14260           NaN
  14270           NaN
  14280           NaN
  14290           NaN
  14300           NaN
  14310           NaN
  14320           NaN
  14330           NaN
  14340           NaN
  14350           NaN
  14360           NaN
  14370           NaN
  14380           NaN
  14390           NaN
  14400           NaN
  14410           NaN
  14420           NaN
  14430           NaN
  14440           NaN
  14450           NaN
  14460           NaN
  14470           NaN
  14480           NaN
  14490           NaN
  14500           NaN
  14510           NaN
  14520           NaN
  14530           NaN
  14540           NaN
  14550           NaN
  14560           NaN
  14570           NaN
  14580           NaN
  14590           NaN
  14600           NaN
  14610           NaN
  14620           NaN
  14630           NaN
  14640           NaN
  14650           NaN
  14660           NaN
  14670           NaN
  14680           NaN
  14690           NaN
  14700           NaN
  14710           NaN
  14720           NaN
  14730           NaN
  14740           NaN
  14750           NaN
  14760           NaN
  14770           NaN
  14780           NaN
  14790           NaN
  14800           NaN
  14810           NaN
  14820           NaN
  14830           NaN
  14840           NaN
  14850           NaN
  14860           NaN
  14870           NaN
  14880           NaN
  14890           NaN
  14900           NaN
  14910           NaN
  14920           NaN
  14930           NaN
  14940           NaN
  14950           NaN
  14960           NaN
  14970           NaN
  14980           NaN
  14990           NaN
  15000           NaN
  15010           NaN
  15020           NaN
  15030           NaN
  15040           NaN
  15050           NaN
  15060           NaN
  15070           NaN
  15080           NaN
  15090           NaN
  15100           NaN
  15110           NaN
  15120           NaN
  15130           NaN
  15140           NaN
  15150           NaN
  15160           NaN
  15170           NaN
  15180           NaN
  15190           NaN
  15200           NaN
  15210           NaN
  15220           NaN
  15230           NaN
  15240           NaN
  15250           NaN
  15260           NaN
  15270           NaN
  15280           NaN
  15290           NaN
  15300           NaN
  15310           NaN
  15320           NaN
  15330           NaN
  15340           NaN
  15350           NaN
  15360           NaN
  15370           NaN
  15380           NaN
  15390           NaN
  15400           NaN
  15410           NaN
  15420           NaN
  15430           NaN
  15440           NaN
  15450           NaN
  15460           NaN
  15470           NaN
  15480           NaN
  15490           NaN
  15500           NaN
  15510           NaN
  15520           NaN
  15530           NaN
  15540           NaN
  15550           NaN
  15560           NaN
  15570           NaN
  15580           NaN
  15590           NaN
  15600           NaN
  15610           NaN
  15620           NaN
  15630           NaN
  15640           NaN
  15650           NaN
  15660           NaN
  15670           NaN
  15680           NaN
  15690           NaN
  15700           NaN
  15710           NaN
  15720           NaN
  15730           NaN
  15740           NaN
  15750           NaN
  15760           NaN
  15770           NaN
  15780           NaN
  15790           NaN
  15800           NaN
  15810           NaN
  15820           NaN
  15830           NaN
  15840           NaN
  15850           NaN
  15860           NaN
  15870           NaN
  15880           NaN
  15890           NaN
  15900           NaN
  15910           NaN
  15920           NaN
  15930           NaN
  15940           NaN
  15950           NaN
  15960           NaN
  15970           NaN
  15980           NaN
  15990           NaN
  16000           NaN
  16010           NaN
  16020           NaN
  16030           NaN
  16040           NaN
  16050           NaN
  16060           NaN
  16070           NaN
  16080           NaN
  16090           NaN
  16100           NaN
  16110           NaN
  16120           NaN
  16130           NaN
  16140           NaN
  16150           NaN
  16160           NaN
  16170           NaN
  16180           NaN
  16190           NaN
  16200           NaN
  16210           NaN
  16220           NaN
  16230           NaN
  16240           NaN
  16250           NaN
  16260           NaN
  16270           NaN
  16280           NaN
  16290           NaN
  16300           NaN
  16310           NaN
  16320           NaN
  16330           NaN
  16340           NaN
  16350           NaN
  16360           NaN
  16370           NaN
  16380           NaN
  16390           NaN
  16400           NaN
  16410           NaN
  16420           NaN
  16430           NaN
  16440           NaN
  16450           NaN
  16460           NaN
  16470           NaN
  16480           NaN
  16490           NaN
  16500           NaN
  16510           NaN
  16520           NaN
  16530           NaN
  16540           NaN
  16550           NaN
  16560           NaN
  16570           NaN
  16580           NaN
  16590           NaN
  16600           NaN
  16610           NaN
  16620           NaN
  16630           NaN
  16640           NaN
  16650           NaN
  16660           NaN
  16670           NaN
  16680           NaN
  16690           NaN
  16700           NaN
  16710           NaN
  16720           NaN
  16730           NaN
  16740           NaN
  16750           NaN
  16760           NaN
  16770           NaN
  16780           NaN
  16790           NaN
  16800           NaN
  16810           NaN
  16820           NaN
  16830           NaN
  16840           NaN
  16850           NaN
  16860           NaN
  16870           NaN
  16880           NaN
  16890           NaN
  16900           NaN
  16910           NaN
  16920           NaN
  16930           NaN
  16940           NaN
  16950           NaN
  16960           NaN
  16970           NaN
  16980           NaN
  16990           NaN
  17000           NaN
  17010           NaN
  17020           NaN
  17030           NaN
  17040           NaN
  17050           NaN
  17060           NaN
  17070           NaN
  17080           NaN
  17090           NaN
  17100           NaN
  17110           NaN
  17120           NaN
  17130           NaN
  17140           NaN
  17150           NaN
  17160           NaN
  17170           NaN
  17180           NaN
  17190           NaN
  17200           NaN
  17210           NaN
  17220           NaN
  17230           NaN
  17240           NaN
  17250           NaN
  17260           NaN
  17270           NaN
  17280           NaN
  17290           NaN
  17300           NaN
  17310           NaN
  17320           NaN
  17330           NaN
  17340           NaN
  17350           NaN
  17360           NaN
  17370           NaN
  17380           NaN
  17390           NaN
  17400           NaN
  17410           NaN
  17420           NaN
  17430           NaN
  17440           NaN
  17450           NaN
  17460           NaN
  17470           NaN
  17480           NaN
  17490           NaN
  17500           NaN
  17510           NaN
  17520           NaN
  17530           NaN
  17540           NaN
  17550           NaN
  17560           NaN
  17570           NaN
  17580           NaN
  17590           NaN
  17600           NaN
  17610           NaN
  17620           NaN
  17630           NaN
  17640           NaN
  17650           NaN
  17660           NaN
  17670           NaN
  17680           NaN
  17690           NaN
  17700           NaN
  17710           NaN
  17720           NaN
  17730           NaN
  17740           NaN
  17750           NaN
  17760           NaN
  17770           NaN
  17780           NaN
  17790           NaN
  17800           NaN
  17810           NaN
  17820           NaN
  17830           NaN
  17840           NaN
  17850           NaN
  17860           NaN
  17870           NaN
  17880           NaN
  17890           NaN
  17900           NaN
  17910           NaN
  17920           NaN
  17930           NaN
  17940           NaN
  17950           NaN
  17960           NaN
  17970           NaN
  17980           NaN
  17990           NaN
  18000           NaN
  18010           NaN
  18020           NaN
  18030           NaN
  18040           NaN
  18050           NaN
  18060           NaN
  18070           NaN
  18080           NaN
  18090           NaN
  18100           NaN
  18110           NaN
  18120           NaN
  18130           NaN
  18140           NaN
  18150           NaN
  18160           NaN
  18170           NaN
  18180           NaN
  18190           NaN
  18200           NaN
  18210           NaN
  18220           NaN
  18230           NaN
  18240           NaN
  18250           NaN
  18260           NaN
  18270           NaN
  18280           NaN
  18290           NaN
  18300           NaN
  18310           NaN
  18320           NaN
  18330           NaN
  18340           NaN
  18350           NaN
  18360           NaN
  18370           NaN
  18380           NaN
  18390           NaN
  18400           NaN
  18410           NaN
  18420           NaN
  18430           NaN
  18440           NaN
  18450           NaN
  18460           NaN
  18470           NaN
  18480           NaN
  18490           NaN
  18500           NaN
  18510           NaN
  18520           NaN
  18530           NaN
  18540           NaN
  18550           NaN
  18560           NaN
  18570           NaN
  18580           NaN
  18590           NaN
  18600           NaN
  18610           NaN
  18620           NaN
  18630           NaN
  18640           NaN
  18650           NaN
  18660           NaN
  18670           NaN
  18680           NaN
  18690           NaN
  18700           NaN
  18710           NaN
  18720           NaN
  18730           NaN
  18740           NaN
  18750           NaN
  18760           NaN
  18770           NaN
  18780           NaN
  18790           NaN
  18800           NaN
  18810           NaN
  18820           NaN
  18830           NaN
  18840           NaN
  18850           NaN
  18860           NaN
  18870           NaN
  18880           NaN
  18890           NaN
  18900           NaN
  18910           NaN
  18920           NaN
  18930           NaN
  18940           NaN
  18950           NaN
  18960           NaN
  18970           NaN
  18980           NaN
  18990           NaN
  19000           NaN
  19010           NaN
  19020           NaN
  19030           NaN
  19040           NaN
  19050           NaN
  19060           NaN
  19070           NaN
  19080           NaN
  19090           NaN
  19100           NaN
  19110           NaN
  19120           NaN
  19130           NaN
  19140           NaN
  19150           NaN
  19160           NaN
  19170           NaN
  19180           NaN
  19190           NaN
  19200           NaN
  19210           NaN
  19220           NaN
  19230           NaN
  19240           NaN
  19250           NaN
  19260           NaN
  19270           NaN
  19280           NaN
  19290           NaN
  19300           NaN
  19310           NaN
  19320           NaN
  19330           NaN
  19340           NaN
  19350           NaN
  19360           NaN
  19370           NaN
  19380           NaN
  19390           NaN
  19400           NaN
  19410           NaN
  19420           NaN
  19430           NaN
  19440           NaN
  19450           NaN
  19460           NaN
  19470           NaN
  19480           NaN
  19490           NaN
  19500           NaN
  19510           NaN
  19520           NaN
  19530           NaN
  19540           NaN
  19550           NaN
  19560           NaN
  19570           NaN
  19580           NaN
  19590           NaN
  19600           NaN
  19610           NaN
  19620           NaN
  19630           NaN
  19640           NaN
  19650           NaN
  19660           NaN
  19670           NaN
  19680           NaN
  19690           NaN
  19700           NaN
  19710           NaN
  19720           NaN
  19730           NaN
  19740           NaN
  19750           NaN
  19760           NaN
  19770           NaN
  19780           NaN
  19790           NaN
  19800           NaN
  19810           NaN
  19820           NaN
  19830           NaN
  19840           NaN
  19850           NaN
  19860           NaN
  19870           NaN
  19880           NaN
  19890           NaN
  19900           NaN
  19910           NaN
  19920           NaN
  19930           NaN
  19940           NaN
  19950           NaN
  19960           NaN
  19970           NaN
  19980           NaN
  19990           NaN
  20000           NaN
