     10   0.11118E-02
     20   0.94989E-03
     30   0.84090E-03
     40   0.76241E-03
     50   0.70264E-03
     60   0.65485E-03
     70   0.61486E-03
     80   0.58024E-03
     90   0.54966E-03
    100   0.52207E-03
    110   0.49614E-03
    120   0.47216E-03
    130   0.44992E-03
    140   0.42914E-03
    150   0.40956E-03
    160   0.39111E-03
    170   0.37371E-03
    180   0.35738E-03
    190   0.34202E-03
    200   0.32753E-03
    210   0.31372E-03
    220   0.30080E-03
    230   0.28864E-03
    240   0.27727E-03
    250   0.26666E-03
    260   0.25675E-03
    270   0.24749E-03
    280   0.23890E-03
    290   0.23089E-03
    300   0.22345E-03
    310   0.21650E-03
    320   0.21007E-03
    330   0.20410E-03
    340   0.19864E-03
    350   0.19362E-03
    360   0.18908E-03
    370   0.18497E-03
    380   0.18133E-03
    390   0.17812E-03
    400   0.17533E-03
    410   0.17298E-03
    420   0.17094E-03
    430   0.16916E-03
    440   0.16757E-03
    450   0.16614E-03
    460   0.16480E-03
    470   0.16349E-03
    480   0.16217E-03
    490   0.16080E-03
    500   0.15939E-03
    510   0.15795E-03
    520   0.15644E-03
    530   0.15488E-03
    540   0.15330E-03
    550   0.15172E-03
    560   0.15019E-03
    570   0.14870E-03
    580   0.14733E-03
    590   0.14607E-03
    600   0.14497E-03
    610   0.14404E-03
    620   0.14329E-03
    630   0.14273E-03
    640   0.14233E-03
    650   0.14210E-03
    660   0.14204E-03
    670   0.14212E-03
    680   0.14234E-03
    690   0.14266E-03
    700   0.14307E-03
    710   0.14355E-03
    720   0.14407E-03
    730   0.14461E-03
    740   0.14516E-03
    750   0.14568E-03
    760   0.14617E-03
    770   0.14660E-03
    780   0.14697E-03
    790   0.14727E-03
    800   0.14747E-03
    810   0.14759E-03
    820   0.14761E-03
    830   0.14752E-03
    840   0.14735E-03
    850   0.14708E-03
    860   0.14672E-03
    870   0.14627E-03
    880   0.14574E-03
    890   0.14513E-03
    900   0.14445E-03
    910   0.14370E-03
    920   0.14290E-03
    930   0.14204E-03
    940   0.14114E-03
    950   0.14018E-03
    960   0.13919E-03
    970   0.13819E-03
    980   0.13715E-03
    990   0.13610E-03
   1000   0.13506E-03
   1010   0.13402E-03
   1020   0.13301E-03
   1030   0.13203E-03
   1040   0.13109E-03
   1050   0.13020E-03
   1060   0.12940E-03
   1070   0.12865E-03
   1080   0.12799E-03
   1090   0.12745E-03
   1100   0.12697E-03
   1110   0.12658E-03
   1120   0.12631E-03
   1130   0.12612E-03
   1140   0.12602E-03
   1150   0.12599E-03
   1160   0.12603E-03
   1170   0.12615E-03
   1180   0.12628E-03
   1190   0.12645E-03
   1200   0.12664E-03
   1210   0.12686E-03
   1220   0.12705E-03
   1230   0.12723E-03
   1240   0.12739E-03
   1250   0.12750E-03
   1260   0.12758E-03
   1270   0.12760E-03
   1280   0.12757E-03
   1290   0.12747E-03
   1300   0.12733E-03
   1310   0.12712E-03
   1320   0.12687E-03
   1330   0.12654E-03
   1340   0.12619E-03
   1350   0.12578E-03
   1360   0.12535E-03
   1370   0.12485E-03
   1380   0.12437E-03
   1390   0.12386E-03
   1400   0.12336E-03
   1410   0.12285E-03
   1420   0.12237E-03
   1430   0.12191E-03
   1440   0.12148E-03
   1450   0.12108E-03
   1460   0.12075E-03
   1470   0.12043E-03
   1480   0.12018E-03
   1490   0.11997E-03
   1500   0.11982E-03
   1510   0.11970E-03
   1520   0.11963E-03
   1530   0.11960E-03
   1540   0.11959E-03
   1550   0.11962E-03
   1560   0.11965E-03
   1570   0.11969E-03
   1580   0.11972E-03
   1590   0.11976E-03
   1600   0.11978E-03
   1610   0.11976E-03
   1620   0.11971E-03
   1630   0.11963E-03
   1640   0.11952E-03
   1650   0.11935E-03
   1660   0.11913E-03
   1670   0.11886E-03
   1680   0.11855E-03
   1690   0.11820E-03
   1700   0.11777E-03
   1710   0.11732E-03
   1720   0.11683E-03
   1730   0.11630E-03
   1740   0.11574E-03
   1750   0.11518E-03
   1760   0.11460E-03
   1770   0.11401E-03
   1780   0.11341E-03
   1790   0.11284E-03
   1800   0.11228E-03
   1810   0.11175E-03
   1820   0.11126E-03
   1830   0.11083E-03
   1840   0.11046E-03
   1850   0.11015E-03
   1860   0.10993E-03
   1870   0.10978E-03
   1880   0.10973E-03
   1890   0.10976E-03
   1900   0.10989E-03
   1910   0.11013E-03
   1920   0.11047E-03
   1930   0.11090E-03
   1940   0.11145E-03
   1950   0.11209E-03
   1960   0.11283E-03
   1970   0.11367E-03
   1980   0.11458E-03
   1990   0.11559E-03
   2000   0.11664E-03
   2010   0.11778E-03
   2020   0.11896E-03
   2030   0.12020E-03
   2040   0.12146E-03
   2050   0.12278E-03
   2060   0.12410E-03
   2070   0.12544E-03
   2080   0.12680E-03
   2090   0.12814E-03
   2100   0.12948E-03
   2110   0.13083E-03
   2120   0.13213E-03
   2130   0.13343E-03
   2140   0.13469E-03
   2150   0.13594E-03
   2160   0.13714E-03
   2170   0.13831E-03
   2180   0.13944E-03
   2190   0.14054E-03
   2200   0.14161E-03
   2210   0.14261E-03
   2220   0.14358E-03
   2230   0.14450E-03
   2240   0.14538E-03
   2250   0.14623E-03
   2260   0.14701E-03
   2270   0.14776E-03
   2280   0.14846E-03
   2290   0.14911E-03
   2300   0.14971E-03
   2310   0.15028E-03
   2320   0.15079E-03
   2330   0.15123E-03
   2340   0.15163E-03
   2350   0.15200E-03
   2360   0.15231E-03
   2370   0.15257E-03
   2380   0.15277E-03
   2390   0.15293E-03
   2400   0.15300E-03
   2410   0.15308E-03
   2420   0.15306E-03
   2430   0.15301E-03
   2440   0.15291E-03
   2450   0.15275E-03
   2460   0.15255E-03
   2470   0.15230E-03
   2480   0.15201E-03
   2490   0.15166E-03
   2500   0.15128E-03
   2510   0.15086E-03
   2520   0.15038E-03
   2530   0.14988E-03
   2540   0.14934E-03
   2550   0.14875E-03
   2560   0.14815E-03
   2570   0.14751E-03
   2580   0.14684E-03
   2590   0.14614E-03
   2600   0.14541E-03
   2610   0.14465E-03
   2620   0.14389E-03
   2630   0.14311E-03
   2640   0.14228E-03
   2650   0.14145E-03
   2660   0.14060E-03
   2670   0.13973E-03
   2680   0.13886E-03
   2690   0.13797E-03
   2700   0.13708E-03
   2710   0.13612E-03
   2720   0.13520E-03
   2730   0.13427E-03
   2740   0.13332E-03
   2750   0.13234E-03
   2760   0.13136E-03
   2770   0.13037E-03
   2780   0.12936E-03
   2790   0.12837E-03
   2800   0.12733E-03
   2810   0.12632E-03
   2820   0.12526E-03
   2830   0.12420E-03
   2840   0.12315E-03
   2850   0.12209E-03
   2860   0.12099E-03
   2870   0.11991E-03
   2880   0.11881E-03
   2890   0.11771E-03
   2900   0.11661E-03
   2910   0.11548E-03
   2920   0.11438E-03
   2930   0.11325E-03
   2940   0.11213E-03
   2950   0.11103E-03
   2960   0.10987E-03
   2970   0.10876E-03
   2980   0.10762E-03
   2990   0.10649E-03
   3000   0.10537E-03
   3010   0.10426E-03
   3020   0.10313E-03
   3030   0.10204E-03
   3040   0.10094E-03
   3050   0.99842E-04
   3060   0.98760E-04
   3070   0.97703E-04
   3080   0.96650E-04
   3090   0.95601E-04
   3100   0.94574E-04
   3110   0.93554E-04
   3120   0.92560E-04
   3130   0.91585E-04
   3140   0.90627E-04
   3150   0.89692E-04
   3160   0.88770E-04
   3170   0.87850E-04
   3180   0.86956E-04
   3190   0.86099E-04
   3200   0.85248E-04
   3210   0.84443E-04
   3220   0.83632E-04
   3230   0.82854E-04
   3240   0.82077E-04
   3250   0.81322E-04
   3260   0.80642E-04
   3270   0.79906E-04
   3280   0.79244E-04
   3290   0.78585E-04
   3300   0.77940E-04
   3310   0.77315E-04
   3320   0.76699E-04
   3330   0.76118E-04
   3340   0.75548E-04
   3350   0.75005E-04
   3360   0.74468E-04
   3370   0.73965E-04
   3380   0.73448E-04
   3390   0.72955E-04
   3400   0.72489E-04
   3410   0.72029E-04
   3420   0.71589E-04
   3430   0.71148E-04
   3440   0.70741E-04
   3450   0.70353E-04
   3460   0.69945E-04
   3470   0.69568E-04
   3480   0.69208E-04
   3490   0.68846E-04
   3500   0.68503E-04
   3510   0.68147E-04
   3520   0.67822E-04
   3530   0.67501E-04
   3540   0.67194E-04
   3550   0.66873E-04
   3560   0.66584E-04
   3570   0.66286E-04
   3580   0.66027E-04
   3590   0.65730E-04
   3600   0.65454E-04
   3610   0.65187E-04
   3620   0.64937E-04
   3630   0.64694E-04
   3640   0.64421E-04
   3650   0.64192E-04
   3660   0.63953E-04
   3670   0.63715E-04
   3680   0.63473E-04
   3690   0.63256E-04
   3700   0.63045E-04
   3710   0.62797E-04
   3720   0.62620E-04
   3730   0.62396E-04
   3740   0.62184E-04
   3750   0.61976E-04
   3760   0.61778E-04
   3770   0.61577E-04
   3780   0.61386E-04
   3790   0.61201E-04
   3800   0.61006E-04
   3810   0.60828E-04
   3820   0.60629E-04
   3830   0.60464E-04
   3840   0.60273E-04
   3850   0.60110E-04
   3860   0.59937E-04
   3870   0.59773E-04
   3880   0.59592E-04
   3890   0.59442E-04
   3900   0.59284E-04
   3910   0.59133E-04
   3920   0.58976E-04
   3930   0.58837E-04
   3940   0.58703E-04
   3950   0.58551E-04
   3960   0.58432E-04
   3970   0.58292E-04
   3980   0.58156E-04
   3990   0.58028E-04
   4000   0.57924E-04
   4010   0.57818E-04
   4020   0.57702E-04
   4030   0.57602E-04
   4040   0.57518E-04
   4050   0.57400E-04
   4060   0.57329E-04
   4070   0.57240E-04
   4080   0.57168E-04
   4090   0.57084E-04
   4100   0.57028E-04
   4110   0.56957E-04
   4120   0.56909E-04
   4130   0.56866E-04
   4140   0.56816E-04
   4150   0.56782E-04
   4160   0.56740E-04
   4170   0.56704E-04
   4180   0.56682E-04
   4190   0.56676E-04
   4200   0.56663E-04
   4210   0.56653E-04
   4220   0.56645E-04
   4230   0.56656E-04
   4240   0.56662E-04
   4250   0.56675E-04
   4260   0.56698E-04
   4270   0.56721E-04
   4280   0.56763E-04
   4290   0.56787E-04
   4300   0.56822E-04
   4310   0.56856E-04
   4320   0.56892E-04
   4330   0.56957E-04
   4340   0.57009E-04
   4350   0.57076E-04
   4360   0.57129E-04
   4370   0.57185E-04
   4380   0.57243E-04
   4390   0.57340E-04
   4400   0.57404E-04
   4410   0.57484E-04
   4420   0.57577E-04
   4430   0.57637E-04
   4440   0.57734E-04
   4450   0.57805E-04
   4460   0.57881E-04
   4470   0.57970E-04
   4480   0.58060E-04
   4490   0.58150E-04
   4500   0.58238E-04
   4510   0.58335E-04
   4520   0.58409E-04
   4530   0.58509E-04
   4540   0.58596E-04
   4550   0.58696E-04
   4560   0.58782E-04
   4570   0.58852E-04
   4580   0.58945E-04
   4590   0.59038E-04
   4600   0.59107E-04
   4610   0.59193E-04
   4620   0.59276E-04
   4630   0.59347E-04
   4640   0.59430E-04
   4650   0.59497E-04
   4660   0.59562E-04
   4670   0.59638E-04
   4680   0.59704E-04
   4690   0.59777E-04
   4700   0.59833E-04
   4710   0.59869E-04
   4720   0.59949E-04
   4730   0.59989E-04
   4740   0.60057E-04
   4750   0.60077E-04
   4760   0.60118E-04
   4770   0.60165E-04
   4780   0.60198E-04
   4790   0.60228E-04
   4800   0.60256E-04
   4810   0.60264E-04
   4820   0.60286E-04
   4830   0.60299E-04
   4840   0.60305E-04
   4850   0.60332E-04
   4860   0.60322E-04
   4870   0.60321E-04
   4880   0.60320E-04
   4890   0.60296E-04
   4900   0.60292E-04
   4910   0.60286E-04
   4920   0.60262E-04
   4930   0.60230E-04
   4940   0.60213E-04
   4950   0.60172E-04
   4960   0.60125E-04
   4970   0.60087E-04
   4980   0.60034E-04
   4990   0.59997E-04
   5000   0.59941E-04
   5010   0.59895E-04
   5020   0.59842E-04
   5030   0.59787E-04
   5040   0.59720E-04
   5050   0.59664E-04
   5060   0.59587E-04
   5070   0.59513E-04
   5080   0.59445E-04
   5090   0.59355E-04
   5100   0.59282E-04
   5110   0.59218E-04
   5120   0.59138E-04
   5130   0.59059E-04
   5140   0.58965E-04
   5150   0.58877E-04
   5160   0.58800E-04
   5170   0.58717E-04
   5180   0.58634E-04
   5190   0.58546E-04
   5200   0.58453E-04
   5210   0.58351E-04
   5220   0.58281E-04
   5230   0.58180E-04
   5240   0.58088E-04
   5250   0.57992E-04
   5260   0.57910E-04
   5270   0.57818E-04
   5280   0.57725E-04
   5290   0.57627E-04
   5300   0.57542E-04
   5310   0.57451E-04
   5320   0.57366E-04
   5330   0.57285E-04
   5340   0.57195E-04
   5350   0.57115E-04
   5360   0.57028E-04
   5370   0.56942E-04
   5380   0.56848E-04
   5390   0.56809E-04
   5400   0.56712E-04
   5410   0.56636E-04
   5420   0.56559E-04
   5430   0.56495E-04
   5440   0.56425E-04
   5450   0.56350E-04
   5460   0.56264E-04
   5470   0.56224E-04
   5480   0.56161E-04
   5490   0.56105E-04
   5500   0.56029E-04
   5510   0.55982E-04
   5520   0.55924E-04
   5530   0.55879E-04
   5540   0.55823E-04
   5550   0.55772E-04
   5560   0.55736E-04
   5570   0.55691E-04
   5580   0.55646E-04
   5590   0.55603E-04
   5600   0.55556E-04
   5610   0.55524E-04
   5620   0.55501E-04
   5630   0.55473E-04
   5640   0.55441E-04
   5650   0.55426E-04
   5660   0.55366E-04
   5670   0.55358E-04
   5680   0.55333E-04
   5690   0.55318E-04
   5700   0.55299E-04
   5710   0.55289E-04
   5720   0.55262E-04
   5730   0.55261E-04
   5740   0.55253E-04
   5750   0.55240E-04
   5760   0.55243E-04
   5770   0.55225E-04
   5780   0.55231E-04
   5790   0.55223E-04
   5800   0.55218E-04
   5810   0.55226E-04
   5820   0.55223E-04
   5830   0.55227E-04
   5840   0.55229E-04
   5850   0.55239E-04
   5860   0.55240E-04
   5870   0.55255E-04
   5880   0.55247E-04
   5890   0.55256E-04
   5900   0.55272E-04
   5910   0.55262E-04
   5920   0.55295E-04
   5930   0.55295E-04
   5940   0.55317E-04
   5950   0.55321E-04
   5960   0.55329E-04
   5970   0.55344E-04
   5980   0.55357E-04
   5990   0.55377E-04
   6000   0.55384E-04
   6010   0.55401E-04
   6020   0.55405E-04
   6030   0.55420E-04
   6040   0.55422E-04
   6050   0.55445E-04
   6060   0.55456E-04
   6070   0.55481E-04
   6080   0.55485E-04
   6090   0.55490E-04
   6100   0.55512E-04
   6110   0.55519E-04
   6120   0.55525E-04
   6130   0.55539E-04
   6140   0.55538E-04
   6150   0.55547E-04
   6160   0.55569E-04
   6170   0.55566E-04
   6180   0.55565E-04
   6190   0.55582E-04
   6200   0.55583E-04
   6210   0.55598E-04
   6220   0.55586E-04
   6230   0.55588E-04
   6240   0.55588E-04
   6250   0.55594E-04
   6260   0.55582E-04
   6270   0.55600E-04
   6280   0.55592E-04
   6290   0.55584E-04
   6300   0.55578E-04
   6310   0.55561E-04
   6320   0.55561E-04
   6330   0.55548E-04
   6340   0.55546E-04
   6350   0.55521E-04
   6360   0.55519E-04
   6370   0.55492E-04
   6380   0.55465E-04
   6390   0.55443E-04
   6400   0.55421E-04
   6410   0.55376E-04
   6420   0.55371E-04
   6430   0.55335E-04
   6440   0.55315E-04
   6450   0.55265E-04
   6460   0.55220E-04
   6470   0.55170E-04
   6480   0.55141E-04
   6490   0.55094E-04
   6500   0.55041E-04
   6510   0.55002E-04
   6520   0.54946E-04
   6530   0.54884E-04
   6540   0.54828E-04
   6550   0.54762E-04
   6560   0.54702E-04
   6570   0.54637E-04
   6580   0.54567E-04
   6590   0.54507E-04
   6600   0.54424E-04
   6610   0.54351E-04
   6620   0.54275E-04
   6630   0.54185E-04
   6640   0.54102E-04
   6650   0.54012E-04
   6660   0.53921E-04
   6670   0.53841E-04
   6680   0.53750E-04
   6690   0.53662E-04
   6700   0.53565E-04
   6710   0.53452E-04
   6720   0.53358E-04
   6730   0.53256E-04
   6740   0.53154E-04
   6750   0.53055E-04
   6760   0.52935E-04
   6770   0.52847E-04
   6780   0.52745E-04
   6790   0.52632E-04
   6800   0.52525E-04
   6810   0.52422E-04
   6820   0.52316E-04
   6830   0.52201E-04
   6840   0.52092E-04
   6850   0.51984E-04
   6860   0.51879E-04
   6870   0.51767E-04
   6880   0.51661E-04
   6890   0.51553E-04
   6900   0.51457E-04
   6910   0.51339E-04
   6920   0.51242E-04
   6930   0.51148E-04
   6940   0.51047E-04
   6950   0.50948E-04
   6960   0.50847E-04
   6970   0.50728E-04
   6980   0.50642E-04
   6990   0.50550E-04
   7000   0.50464E-04
   7010   0.50377E-04
   7020   0.50282E-04
   7030   0.50208E-04
   7040   0.50114E-04
   7050   0.50029E-04
   7060   0.49953E-04
   7070   0.49867E-04
   7080   0.49786E-04
   7090   0.49717E-04
   7100   0.49662E-04
   7110   0.49583E-04
   7120   0.49503E-04
   7130   0.49433E-04
   7140   0.49364E-04
   7150   0.49311E-04
   7160   0.49243E-04
   7170   0.49179E-04
   7180   0.49117E-04
   7190   0.49068E-04
   7200   0.49005E-04
   7210   0.48945E-04
   7220   0.48896E-04
   7230   0.48838E-04
   7240   0.48782E-04
   7250   0.48746E-04
   7260   0.48695E-04
   7270   0.48647E-04
   7280   0.48604E-04
   7290   0.48557E-04
   7300   0.48521E-04
   7310   0.48474E-04
   7320   0.48426E-04
   7330   0.48393E-04
   7340   0.48351E-04
   7350   0.48314E-04
   7360   0.48274E-04
   7370   0.48230E-04
   7380   0.48205E-04
   7390   0.48168E-04
   7400   0.48132E-04
   7410   0.48110E-04
   7420   0.48062E-04
   7430   0.48040E-04
   7440   0.48017E-04
   7450   0.47974E-04
   7460   0.47945E-04
   7470   0.47917E-04
   7480   0.47887E-04
   7490   0.47867E-04
   7500   0.47838E-04
   7510   0.47811E-04
   7520   0.47777E-04
   7530   0.47751E-04
   7540   0.47730E-04
   7550   0.47713E-04
   7560   0.47689E-04
   7570   0.47658E-04
   7580   0.47644E-04
   7590   0.47618E-04
   7600   0.47590E-04
   7610   0.47576E-04
   7620   0.47551E-04
   7630   0.47522E-04
   7640   0.47505E-04
   7650   0.47476E-04
   7660   0.47474E-04
   7670   0.47455E-04
   7680   0.47434E-04
   7690   0.47414E-04
   7700   0.47386E-04
   7710   0.47379E-04
   7720   0.47357E-04
   7730   0.47335E-04
   7740   0.47316E-04
   7750   0.47289E-04
   7760   0.47268E-04
   7770   0.47253E-04
   7780   0.47233E-04
   7790   0.47204E-04
   7800   0.47193E-04
   7810   0.47176E-04
   7820   0.47140E-04
   7830   0.47121E-04
   7840   0.47096E-04
   7850   0.47083E-04
   7860   0.47063E-04
   7870   0.47024E-04
   7880   0.47001E-04
   7890   0.46976E-04
   7900   0.46967E-04
   7910   0.46933E-04
   7920   0.46897E-04
   7930   0.46879E-04
   7940   0.46851E-04
   7950   0.46822E-04
   7960   0.46787E-04
   7970   0.46778E-04
   7980   0.46741E-04
   7990   0.46706E-04
   8000   0.46687E-04
   8010   0.46654E-04
   8020   0.46619E-04
   8030   0.46586E-04
   8040   0.46553E-04
   8050   0.46521E-04
   8060   0.46477E-04
   8070   0.46451E-04
   8080   0.46411E-04
   8090   0.46379E-04
   8100   0.46334E-04
   8110   0.46310E-04
   8120   0.46257E-04
   8130   0.46234E-04
   8140   0.46192E-04
   8150   0.46150E-04
   8160   0.46125E-04
   8170   0.46074E-04
   8180   0.46041E-04
   8190   0.45984E-04
   8200   0.45962E-04
   8210   0.45899E-04
   8220   0.45865E-04
   8230   0.45826E-04
   8240   0.45777E-04
   8250   0.45728E-04
   8260   0.45683E-04
   8270   0.45652E-04
   8280   0.45604E-04
   8290   0.45557E-04
   8300   0.45506E-04
   8310   0.45462E-04
   8320   0.45407E-04
   8330   0.45371E-04
   8340   0.45319E-04
   8350   0.45263E-04
   8360   0.45218E-04
   8370   0.45158E-04
   8380   0.45125E-04
   8390   0.45066E-04
   8400   0.45026E-04
   8410   0.44967E-04
   8420   0.44924E-04
   8430   0.44853E-04
   8440   0.44806E-04
   8450   0.44757E-04
   8460   0.44688E-04
   8470   0.44651E-04
   8480   0.44592E-04
   8490   0.44535E-04
   8500   0.44473E-04
   8510   0.44434E-04
   8520   0.44374E-04
   8530   0.44311E-04
   8540   0.44245E-04
   8550   0.44196E-04
   8560   0.44134E-04
   8570   0.44080E-04
   8580   0.44031E-04
   8590   0.43988E-04
   8600   0.43926E-04
   8610   0.43852E-04
   8620   0.43787E-04
   8630   0.43751E-04
   8640   0.43682E-04
   8650   0.43625E-04
   8660   0.43551E-04
   8670   0.43509E-04
   8680   0.43426E-04
   8690   0.43374E-04
   8700   0.43322E-04
   8710   0.43255E-04
   8720   0.43208E-04
   8730   0.43123E-04
   8740   0.43062E-04
   8750   0.43008E-04
   8760   0.42940E-04
   8770   0.42891E-04
   8780   0.42814E-04
   8790   0.42746E-04
   8800   0.42689E-04
   8810   0.42611E-04
   8820   0.42557E-04
   8830   0.42512E-04
   8840   0.42429E-04
   8850   0.42371E-04
   8860   0.42295E-04
   8870   0.42225E-04
   8880   0.42155E-04
   8890   0.42077E-04
   8900   0.42039E-04
   8910   0.41971E-04
   8920   0.41899E-04
   8930   0.41825E-04
   8940   0.41770E-04
   8950   0.41703E-04
   8960   0.41623E-04
   8970   0.41563E-04
   8980   0.41498E-04
   8990   0.41427E-04
   9000   0.41367E-04
   9010   0.41283E-04
   9020   0.41205E-04
   9030   0.41140E-04
   9040   0.41088E-04
   9050   0.41000E-04
   9060   0.40922E-04
   9070   0.40847E-04
   9080   0.40779E-04
   9090   0.40724E-04
   9100   0.40641E-04
   9110   0.40551E-04
   9120   0.40503E-04
   9130   0.40422E-04
   9140   0.40345E-04
   9150   0.40276E-04
   9160   0.40188E-04
   9170   0.40124E-04
   9180   0.40054E-04
   9190   0.39962E-04
   9200   0.39890E-04
   9210   0.39811E-04
   9220   0.39712E-04
   9230   0.39645E-04
   9240   0.39570E-04
   9250   0.39486E-04
   9260   0.39390E-04
   9270   0.39331E-04
   9280   0.39248E-04
   9290   0.39160E-04
   9300   0.39080E-04
   9310   0.38980E-04
   9320   0.38913E-04
   9330   0.38833E-04
   9340   0.38744E-04
   9350   0.38655E-04
   9360   0.38557E-04
   9370   0.38471E-04
   9380   0.38376E-04
   9390   0.38297E-04
   9400   0.38217E-04
   9410   0.38126E-04
   9420   0.38036E-04
   9430   0.37954E-04
   9440   0.37869E-04
   9450   0.37761E-04
   9460   0.37681E-04
   9470   0.37573E-04
   9480   0.37502E-04
   9490   0.37411E-04
   9500   0.37307E-04
   9510   0.37232E-04
   9520   0.37141E-04
   9530   0.37037E-04
   9540   0.36947E-04
   9550   0.36843E-04
   9560   0.36757E-04
   9570   0.36661E-04
   9580   0.36594E-04
   9590   0.36478E-04
   9600   0.36394E-04
   9610   0.36304E-04
   9620   0.36189E-04
   9630   0.36118E-04
   9640   0.36014E-04
   9650   0.35917E-04
   9660   0.35831E-04
   9670   0.35719E-04
   9680   0.35635E-04
   9690   0.35526E-04
   9700   0.35457E-04
   9710   0.35335E-04
   9720   0.35254E-04
   9730   0.35162E-04
   9740   0.35085E-04
   9750   0.34980E-04
   9760   0.34884E-04
   9770   0.34795E-04
   9780   0.34668E-04
   9790   0.34584E-04
   9800   0.34494E-04
   9810   0.34400E-04
   9820   0.34300E-04
   9830   0.34217E-04
   9840   0.34129E-04
   9850   0.34025E-04
   9860   0.33940E-04
   9870   0.33844E-04
   9880   0.33761E-04
   9890   0.33652E-04
   9900   0.33574E-04
   9910   0.33459E-04
   9920   0.33391E-04
   9930   0.33296E-04
   9940   0.33203E-04
   9950   0.33119E-04
   9960   0.33034E-04
   9970   0.32951E-04
   9980   0.32834E-04
   9990   0.32763E-04
  10000   0.32662E-04
  10010   0.32598E-04
  10020   0.32517E-04
  10030   0.32412E-04
  10040   0.32323E-04
  10050   0.32240E-04
  10060   0.32179E-04
  10070   0.32086E-04
  10080   0.32009E-04
  10090   0.31922E-04
  10100   0.31833E-04
  10110   0.31743E-04
  10120   0.31664E-04
  10130   0.31574E-04
  10140   0.31521E-04
  10150   0.31444E-04
  10160   0.31341E-04
  10170   0.31262E-04
  10180   0.31219E-04
  10190   0.31136E-04
  10200   0.31037E-04
  10210   0.30966E-04
  10220   0.30902E-04
  10230   0.30810E-04
  10240   0.30740E-04
  10250   0.30675E-04
  10260   0.30588E-04
  10270   0.30520E-04
  10280   0.30448E-04
  10290   0.30410E-04
  10300   0.30306E-04
  10310   0.30238E-04
  10320   0.30171E-04
  10330   0.30101E-04
  10340   0.30018E-04
  10350   0.29951E-04
  10360   0.29873E-04
  10370   0.29799E-04
  10380   0.29737E-04
  10390   0.29657E-04
  10400   0.29606E-04
  10410   0.29511E-04
  10420   0.29451E-04
  10430   0.29388E-04
  10440   0.29292E-04
  10450   0.29252E-04
  10460   0.29178E-04
  10470   0.29103E-04
  10480   0.29027E-04
  10490   0.28962E-04
  10500   0.28904E-04
  10510   0.28833E-04
  10520   0.28758E-04
  10530   0.28688E-04
  10540   0.28627E-04
  10550   0.28524E-04
  10560   0.28472E-04
  10570   0.28402E-04
  10580   0.28340E-04
  10590   0.28277E-04
  10600   0.28212E-04
  10610   0.28136E-04
  10620   0.28042E-04
  10630   0.27968E-04
  10640   0.27917E-04
  10650   0.27809E-04
  10660   0.27740E-04
  10670   0.27667E-04
  10680   0.27602E-04
  10690   0.27513E-04
  10700   0.27448E-04
  10710   0.27374E-04
  10720   0.27297E-04
  10730   0.27202E-04
  10740   0.27136E-04
  10750   0.27058E-04
  10760   0.26978E-04
  10770   0.26879E-04
  10780   0.26814E-04
  10790   0.26752E-04
  10800   0.26658E-04
  10810   0.26586E-04
  10820   0.26507E-04
  10830   0.26414E-04
  10840   0.26330E-04
  10850   0.26257E-04
  10860   0.26170E-04
  10870   0.26086E-04
  10880   0.26018E-04
  10890   0.25911E-04
  10900   0.25850E-04
  10910   0.25756E-04
  10920   0.25649E-04
  10930   0.25589E-04
  10940   0.25480E-04
  10950   0.25411E-04
  10960   0.25322E-04
  10970   0.25244E-04
  10980   0.25156E-04
  10990   0.25053E-04
  11000   0.24980E-04
  11010   0.24862E-04
  11020   0.24792E-04
  11030   0.24716E-04
  11040   0.24629E-04
  11050   0.24544E-04
  11060   0.24452E-04
  11070   0.24353E-04
  11080   0.24248E-04
  11090   0.24177E-04
  11100   0.24093E-04
  11110   0.24001E-04
  11120   0.23926E-04
  11130   0.23849E-04
  11140   0.23725E-04
  11150   0.23647E-04
  11160   0.23571E-04
  11170   0.23464E-04
  11180   0.23364E-04
  11190   0.23289E-04
  11200   0.23195E-04
  11210   0.23096E-04
  11220   0.23006E-04
  11230   0.22916E-04
  11240   0.22834E-04
  11250   0.22721E-04
  11260   0.22652E-04
  11270   0.22574E-04
  11280   0.22469E-04
  11290   0.22388E-04
  11300   0.22291E-04
  11310   0.22203E-04
  11320   0.22114E-04
  11330   0.22034E-04
  11340   0.21937E-04
  11350   0.21856E-04
  11360   0.21762E-04
  11370   0.21654E-04
  11380   0.21586E-04
  11390   0.21499E-04
  11400   0.21419E-04
  11410   0.21322E-04
  11420   0.21229E-04
  11430   0.21162E-04
  11440   0.21073E-04
  11450   0.20973E-04
  11460   0.20912E-04
  11470   0.20829E-04
  11480   0.20722E-04
  11490   0.20647E-04
  11500   0.20552E-04
  11510   0.20482E-04
  11520   0.20397E-04
  11530   0.20311E-04
  11540   0.20228E-04
  11550   0.20141E-04
  11560   0.20084E-04
  11570   0.20011E-04
  11580   0.19921E-04
  11590   0.19870E-04
  11600   0.19745E-04
  11610   0.19691E-04
  11620   0.19616E-04
  11630   0.19545E-04
  11640   0.19458E-04
  11650   0.19387E-04
  11660   0.19329E-04
  11670   0.19256E-04
  11680   0.19164E-04
  11690   0.19083E-04
  11700   0.19023E-04
  11710   0.18918E-04
  11720   0.18870E-04
  11730   0.18825E-04
  11740   0.18729E-04
  11750   0.18661E-04
  11760   0.18592E-04
  11770   0.18499E-04
  11780   0.18449E-04
  11790   0.18390E-04
  11800   0.18292E-04
  11810   0.18230E-04
  11820   0.18168E-04
  11830   0.18118E-04
  11840   0.18041E-04
  11850   0.17977E-04
  11860   0.17922E-04
  11870   0.17843E-04
  11880   0.17796E-04
  11890   0.17712E-04
  11900   0.17667E-04
  11910   0.17594E-04
  11920   0.17516E-04
  11930   0.17487E-04
  11940   0.17418E-04
  11950   0.17373E-04
  11960   0.17292E-04
  11970   0.17261E-04
  11980   0.17185E-04
  11990   0.17132E-04
  12000   0.17083E-04
  12010   0.17032E-04
  12020   0.16980E-04
  12030   0.16928E-04
  12040   0.16869E-04
  12050   0.16811E-04
  12060   0.16745E-04
  12070   0.16711E-04
  12080   0.16670E-04
  12090   0.16609E-04
  12100   0.16554E-04
  12110   0.16508E-04
  12120   0.16465E-04
  12130   0.16414E-04
  12140   0.16355E-04
  12150   0.16310E-04
  12160   0.16280E-04
  12170   0.16233E-04
  12180   0.16187E-04
  12190   0.16127E-04
  12200   0.16073E-04
  12210   0.16028E-04
  12220   0.15984E-04
  12230   0.15957E-04
  12240   0.15924E-04
  12250   0.15859E-04
  12260   0.15823E-04
  12270   0.15790E-04
  12280   0.15745E-04
  12290   0.15689E-04
  12300   0.15618E-04
  12310   0.15570E-04
  12320   0.15537E-04
  12330   0.15492E-04
  12340   0.15431E-04
  12350   0.15381E-04
  12360   0.15330E-04
  12370   0.15277E-04
  12380   0.15231E-04
  12390   0.15163E-04
  12400   0.15125E-04
  12410   0.15056E-04
  12420   0.14992E-04
  12430   0.14943E-04
  12440   0.14890E-04
  12450   0.14839E-04
  12460   0.14757E-04
  12470   0.14700E-04
  12480   0.14646E-04
  12490   0.14572E-04
  12500   0.14490E-04
  12510   0.14443E-04
  12520   0.14382E-04
  12530   0.14289E-04
  12540   0.14231E-04
  12550   0.14152E-04
  12560   0.14080E-04
  12570   0.14015E-04
  12580   0.13944E-04
  12590   0.13866E-04
  12600   0.13777E-04
  12610   0.13694E-04
  12620   0.13640E-04
  12630   0.13562E-04
  12640   0.13474E-04
  12650   0.13395E-04
  12660   0.13313E-04
  12670   0.13226E-04
  12680   0.13151E-04
  12690   0.13042E-04
  12700   0.12987E-04
  12710   0.12909E-04
  12720   0.12822E-04
  12730   0.12747E-04
  12740   0.12673E-04
  12750   0.12590E-04
  12760   0.12490E-04
  12770   0.12424E-04
  12780   0.12328E-04
  12790   0.12256E-04
  12800   0.12176E-04
  12810   0.12090E-04
  12820   0.12027E-04
  12830   0.11943E-04
  12840   0.11865E-04
  12850   0.11791E-04
  12860   0.11702E-04
  12870   0.11634E-04
  12880   0.11556E-04
  12890   0.11491E-04
  12900   0.11435E-04
  12910   0.11366E-04
  12920   0.11287E-04
  12930   0.11228E-04
  12940   0.11160E-04
  12950   0.11088E-04
  12960   0.11038E-04
  12970   0.10969E-04
  12980   0.10915E-04
  12990   0.10853E-04
  13000   0.10792E-04
  13010   0.10741E-04
  13020   0.10704E-04
  13030   0.10645E-04
  13040   0.10590E-04
  13050   0.10542E-04
  13060   0.10518E-04
  13070   0.10456E-04
  13080   0.10419E-04
  13090   0.10381E-04
  13100   0.10346E-04
  13110   0.10325E-04
  13120   0.10270E-04
  13130   0.10235E-04
  13140   0.10199E-04
  13150   0.10180E-04
  13160   0.10130E-04
  13170   0.10126E-04
  13180   0.10085E-04
  13190   0.10051E-04
  13200   0.10031E-04
  13210   0.10005E-04
  13220   0.99922E-05
  13230   0.99770E-05
  13240   0.99662E-05
  13250   0.99433E-05
  13260   0.99357E-05
  13270   0.99143E-05
  13280   0.98877E-05
  13290   0.98835E-05
  13300   0.98830E-05
  13310   0.98797E-05
  13320   0.98767E-05
  13330   0.98575E-05
  13340   0.98427E-05
  13350   0.98636E-05
  13360   0.98482E-05
  13370   0.98475E-05
  13380   0.98390E-05
  13390   0.98332E-05
  13400   0.98364E-05
  13410   0.98515E-05
  13420   0.98458E-05
  13430   0.98514E-05
  13440   0.98532E-05
  13450   0.98432E-05
  13460   0.98612E-05
  13470   0.98708E-05
  13480   0.98816E-05
  13490   0.98999E-05
  13500   0.99082E-05
  13510   0.99132E-05
  13520   0.99315E-05
  13530   0.99192E-05
  13540   0.99459E-05
  13550   0.99750E-05
  13560   0.10002E-04
  13570   0.10007E-04
  13580   0.10033E-04
  13590   0.10048E-04
  13600   0.10080E-04
  13610   0.10092E-04
  13620   0.10121E-04
  13630   0.10141E-04
  13640   0.10158E-04
  13650   0.10184E-04
  13660   0.10214E-04
  13670   0.10253E-04
  13680   0.10273E-04
  13690   0.10303E-04
  13700   0.10341E-04
  13710   0.10367E-04
  13720   0.10385E-04
  13730   0.10421E-04
  13740   0.10457E-04
  13750   0.10501E-04
  13760   0.10539E-04
  13770   0.10566E-04
  13780   0.10607E-04
  13790   0.10646E-04
  13800   0.10667E-04
  13810   0.10709E-04
  13820   0.10755E-04
  13830   0.10797E-04
  13840   0.10832E-04
  13850   0.10873E-04
  13860   0.10919E-04
  13870   0.10958E-04
  13880   0.11002E-04
  13890   0.11039E-04
  13900   0.11091E-04
  13910   0.11127E-04
  13920   0.11173E-04
  13930   0.11215E-04
  13940   0.11276E-04
  13950   0.11333E-04
  13960   0.11371E-04
  13970   0.11418E-04
  13980   0.11461E-04
  13990   0.11500E-04
  14000   0.11563E-04
  14010   0.11613E-04
  14020   0.11643E-04
  14030   0.11692E-04
  14040   0.11751E-04
  14050   0.11792E-04
  14060   0.11852E-04
  14070   0.11884E-04
  14080   0.11951E-04
  14090   0.11997E-04
  14100   0.12057E-04
  14110   0.12107E-04
  14120   0.12162E-04
  14130   0.12227E-04
  14140   0.12264E-04
  14150   0.12329E-04
  14160   0.12375E-04
  14170   0.12440E-04
  14180   0.12495E-04
  14190   0.12564E-04
  14200   0.12632E-04
  14210   0.12696E-04
  14220   0.12761E-04
  14230   0.12806E-04
  14240   0.12878E-04
  14250   0.12936E-04
  14260   0.13008E-04
  14270   0.13071E-04
  14280   0.13145E-04
  14290   0.13212E-04
  14300   0.13285E-04
  14310   0.13340E-04
  14320   0.13426E-04
  14330   0.13505E-04
  14340   0.13571E-04
  14350   0.13642E-04
  14360   0.13718E-04
  14370   0.13791E-04
  14380   0.13855E-04
  14390   0.13943E-04
  14400   0.14013E-04
  14410   0.14115E-04
  14420   0.14183E-04
  14430   0.14256E-04
  14440   0.14336E-04
  14450   0.14415E-04
  14460   0.14501E-04
  14470   0.14574E-04
  14480   0.14644E-04
  14490   0.14702E-04
  14500   0.14789E-04
  14510   0.14871E-04
  14520   0.14935E-04
  14530   0.15014E-04
  14540   0.15078E-04
  14550   0.15154E-04
  14560   0.15224E-04
  14570   0.15296E-04
  14580   0.15367E-04
  14590   0.15438E-04
  14600   0.15511E-04
  14610   0.15577E-04
  14620   0.15652E-04
  14630   0.15734E-04
  14640   0.15825E-04
  14650   0.15898E-04
  14660   0.15971E-04
  14670   0.16053E-04
  14680   0.16129E-04
  14690   0.16217E-04
  14700   0.16306E-04
  14710   0.16391E-04
  14720   0.16475E-04
  14730   0.16551E-04
  14740   0.16639E-04
  14750   0.16738E-04
  14760   0.16811E-04
  14770   0.16915E-04
  14780   0.16998E-04
  14790   0.17100E-04
  14800   0.17186E-04
  14810   0.17285E-04
  14820   0.17352E-04
  14830   0.17439E-04
  14840   0.17539E-04
  14850   0.17624E-04
  14860   0.17717E-04
  14870   0.17790E-04
  14880   0.17875E-04
  14890   0.17960E-04
  14900   0.18043E-04
  14910   0.18116E-04
  14920   0.18202E-04
  14930   0.18278E-04
  14940   0.18362E-04
  14950   0.18442E-04
  14960   0.18519E-04
  14970   0.18597E-04
  14980   0.18663E-04
  14990   0.18742E-04
  15000   0.18807E-04
  15010   0.18894E-04
  15020   0.18980E-04
  15030   0.19040E-04
  15040   0.19104E-04
  15050   0.19176E-04
  15060   0.19235E-04
  15070   0.19319E-04
  15080   0.19379E-04
  15090   0.19437E-04
  15100   0.19501E-04
  15110   0.19571E-04
  15120   0.19640E-04
  15130   0.19711E-04
  15140   0.19764E-04
  15150   0.19859E-04
  15160   0.19915E-04
  15170   0.19994E-04
  15180   0.20058E-04
  15190   0.20123E-04
  15200   0.20210E-04
  15210   0.20289E-04
  15220   0.20347E-04
  15230   0.20436E-04
  15240   0.20503E-04
  15250   0.20591E-04
  15260   0.20679E-04
  15270   0.20755E-04
  15280   0.20830E-04
  15290   0.20927E-04
  15300   0.21018E-04
  15310   0.21089E-04
  15320   0.21170E-04
  15330   0.21263E-04
  15340   0.21332E-04
  15350   0.21424E-04
  15360   0.21512E-04
  15370   0.21599E-04
  15380   0.21679E-04
  15390   0.21758E-04
  15400   0.21837E-04
  15410   0.21924E-04
  15420   0.22025E-04
  15430   0.22098E-04
  15440   0.22185E-04
  15450   0.22261E-04
  15460   0.22349E-04
  15470   0.22418E-04
  15480   0.22507E-04
  15490   0.22598E-04
  15500   0.22670E-04
  15510   0.22757E-04
  15520   0.22847E-04
  15530   0.22934E-04
  15540   0.23022E-04
  15550   0.23107E-04
  15560   0.23198E-04
  15570   0.23285E-04
  15580   0.23395E-04
  15590   0.23503E-04
  15600   0.23591E-04
  15610   0.23697E-04
  15620   0.23797E-04
  15630   0.23906E-04
  15640   0.24027E-04
  15650   0.24132E-04
  15660   0.24245E-04
  15670   0.24370E-04
  15680   0.24491E-04
  15690   0.24625E-04
  15700   0.24744E-04
  15710   0.24868E-04
  15720   0.24999E-04
  15730   0.25124E-04
  15740   0.25258E-04
  15750   0.25381E-04
  15760   0.25523E-04
  15770   0.25655E-04
  15780   0.25788E-04
  15790   0.25926E-04
  15800   0.26058E-04
  15810   0.26185E-04
  15820   0.26323E-04
  15830   0.26466E-04
  15840   0.26598E-04
  15850   0.26732E-04
  15860   0.26869E-04
  15870   0.27005E-04
  15880   0.27150E-04
  15890   0.27295E-04
  15900   0.27430E-04
  15910   0.27566E-04
  15920   0.27727E-04
  15930   0.27868E-04
  15940   0.28023E-04
  15950   0.28179E-04
  15960   0.28332E-04
  15970   0.28496E-04
  15980   0.28667E-04
  15990   0.28828E-04
  16000   0.29001E-04
  16010   0.29168E-04
  16020   0.29345E-04
  16030   0.29533E-04
  16040   0.29717E-04
  16050   0.29909E-04
  16060   0.30090E-04
  16070   0.30290E-04
  16080   0.30483E-04
  16090   0.30684E-04
  16100   0.30882E-04
  16110   0.31093E-04
  16120   0.31302E-04
  16130   0.31505E-04
  16140   0.31723E-04
  16150   0.31930E-04
  16160   0.32147E-04
  16170   0.32361E-04
  16180   0.32591E-04
  16190   0.32808E-04
  16200   0.33034E-04
  16210   0.33240E-04
  16220   0.33464E-04
  16230   0.33687E-04
  16240   0.33914E-04
  16250   0.34133E-04
  16260   0.34352E-04
  16270   0.34575E-04
  16280   0.34800E-04
  16290   0.35018E-04
  16300   0.35243E-04
  16310   0.35456E-04
  16320   0.35672E-04
  16330   0.35891E-04
  16340   0.36106E-04
  16350   0.36320E-04
  16360   0.36535E-04
  16370   0.36745E-04
  16380   0.36959E-04
  16390   0.37163E-04
  16400   0.37383E-04
  16410   0.37591E-04
  16420   0.37790E-04
  16430   0.38003E-04
  16440   0.38205E-04
  16450   0.38413E-04
  16460   0.38617E-04
  16470   0.38821E-04
  16480   0.39023E-04
  16490   0.39230E-04
  16500   0.39435E-04
  16510   0.39638E-04
  16520   0.39845E-04
  16530   0.40058E-04
  16540   0.40256E-04
  16550   0.40459E-04
  16560   0.40667E-04
  16570   0.40872E-04
  16580   0.41079E-04
  16590   0.41278E-04
  16600   0.41488E-04
  16610   0.41700E-04
  16620   0.41907E-04
  16630   0.42122E-04
  16640   0.42330E-04
  16650   0.42540E-04
  16660   0.42746E-04
  16670   0.42956E-04
  16680   0.43169E-04
  16690   0.43375E-04
  16700   0.43578E-04
  16710   0.43790E-04
  16720   0.43999E-04
  16730   0.44203E-04
  16740   0.44418E-04
  16750   0.44619E-04
  16760   0.44827E-04
  16770   0.45034E-04
  16780   0.45241E-04
  16790   0.45446E-04
  16800   0.45648E-04
  16810   0.45846E-04
  16820   0.46045E-04
  16830   0.46244E-04
  16840   0.46439E-04
  16850   0.46639E-04
  16860   0.46834E-04
  16870   0.47026E-04
  16880   0.47216E-04
  16890   0.47408E-04
  16900   0.47595E-04
  16910   0.47780E-04
  16920   0.47956E-04
  16930   0.48139E-04
  16940   0.48310E-04
  16950   0.48484E-04
  16960   0.48655E-04
  16970   0.48816E-04
  16980   0.48981E-04
  16990   0.49134E-04
  17000   0.49298E-04
  17010   0.49448E-04
  17020   0.49591E-04
  17030   0.49742E-04
  17040   0.49875E-04
  17050   0.50009E-04
  17060   0.50133E-04
  17070   0.50255E-04
  17080   0.50373E-04
  17090   0.50488E-04
  17100   0.50595E-04
  17110   0.50683E-04
  17120   0.50781E-04
  17130   0.50870E-04
  17140   0.50951E-04
  17150   0.51021E-04
  17160   0.51095E-04
  17170   0.51148E-04
  17180   0.51209E-04
  17190   0.51258E-04
  17200   0.51305E-04
  17210   0.51341E-04
  17220   0.51370E-04
  17230   0.51398E-04
  17240   0.51412E-04
  17250   0.51429E-04
  17260   0.51432E-04
  17270   0.51437E-04
  17280   0.51443E-04
  17290   0.51428E-04
  17300   0.51423E-04
  17310   0.51415E-04
  17320   0.51397E-04
  17330   0.51380E-04
  17340   0.51365E-04
  17350   0.51347E-04
  17360   0.51332E-04
  17370   0.51308E-04
  17380   0.51295E-04
  17390   0.51283E-04
  17400   0.51274E-04
  17410   0.51262E-04
  17420   0.51259E-04
  17430   0.51268E-04
  17440   0.51280E-04
  17450   0.51296E-04
  17460   0.51320E-04
  17470   0.51350E-04
  17480   0.51397E-04
  17490   0.51453E-04
  17500   0.51514E-04
  17510   0.51585E-04
  17520   0.51676E-04
  17530   0.51776E-04
  17540   0.51886E-04
  17550   0.52014E-04
  17560   0.52152E-04
  17570   0.52309E-04
  17580   0.52466E-04
  17590   0.52642E-04
  17600   0.52845E-04
  17610   0.53048E-04
  17620   0.53269E-04
  17630   0.53500E-04
  17640   0.53749E-04
  17650   0.54011E-04
  17660   0.54281E-04
  17670   0.54563E-04
  17680   0.54856E-04
  17690   0.55164E-04
  17700   0.55479E-04
  17710   0.55809E-04
  17720   0.56134E-04
  17730   0.56477E-04
  17740   0.56827E-04
  17750   0.57180E-04
  17760   0.57542E-04
  17770   0.57901E-04
  17780   0.58269E-04
  17790   0.58643E-04
  17800   0.59018E-04
  17810   0.59395E-04
  17820   0.59768E-04
  17830   0.60147E-04
  17840   0.60525E-04
  17850   0.60900E-04
  17860   0.61273E-04
  17870   0.61644E-04
  17880   0.62014E-04
  17890   0.62375E-04
  17900   0.62733E-04
  17910   0.63083E-04
  17920   0.63433E-04
  17930   0.63767E-04
  17940   0.64107E-04
  17950   0.64440E-04
  17960   0.64750E-04
  17970   0.65061E-04
  17980   0.65368E-04
  17990   0.65663E-04
  18000   0.65945E-04
  18010   0.66221E-04
  18020   0.66483E-04
  18030   0.66746E-04
  18040   0.66997E-04
  18050   0.67232E-04
  18060   0.67459E-04
  18070   0.67675E-04
  18080   0.67884E-04
  18090   0.68088E-04
  18100   0.68274E-04
  18110   0.68447E-04
  18120   0.68611E-04
  18130   0.68775E-04
  18140   0.68918E-04
  18150   0.69049E-04
  18160   0.69174E-04
  18170   0.69288E-04
  18180   0.69389E-04
  18190   0.69479E-04
  18200   0.69558E-04
  18210   0.69628E-04
  18220   0.69685E-04
  18230   0.69734E-04
  18240   0.69776E-04
  18250   0.69804E-04
  18260   0.69827E-04
  18270   0.69835E-04
  18280   0.69841E-04
  18290   0.69829E-04
  18300   0.69810E-04
  18310   0.69780E-04
  18320   0.69747E-04
  18330   0.69705E-04
  18340   0.69658E-04
  18350   0.69589E-04
  18360   0.69525E-04
  18370   0.69445E-04
  18380   0.69360E-04
  18390   0.69264E-04
  18400   0.69163E-04
  18410   0.69058E-04
  18420   0.68937E-04
  18430   0.68812E-04
  18440   0.68685E-04
  18450   0.68551E-04
  18460   0.68408E-04
  18470   0.68254E-04
  18480   0.68104E-04
  18490   0.67936E-04
  18500   0.67773E-04
  18510   0.67599E-04
  18520   0.67418E-04
  18530   0.67236E-04
  18540   0.67043E-04
  18550   0.66867E-04
  18560   0.66673E-04
  18570   0.66465E-04
  18580   0.66268E-04
  18590   0.66068E-04
  18600   0.65859E-04
  18610   0.65651E-04
  18620   0.65443E-04
  18630   0.65219E-04
  18640   0.65018E-04
  18650   0.64800E-04
  18660   0.64582E-04
  18670   0.64364E-04
  18680   0.64150E-04
  18690   0.63932E-04
  18700   0.63715E-04
  18710   0.63502E-04
  18720   0.63281E-04
  18730   0.63065E-04
  18740   0.62855E-04
  18750   0.62641E-04
  18760   0.62432E-04
  18770   0.62233E-04
  18780   0.62014E-04
  18790   0.61811E-04
  18800   0.61617E-04
  18810   0.61419E-04
  18820   0.61227E-04
  18830   0.61035E-04
  18840   0.60845E-04
  18850   0.60668E-04
  18860   0.60494E-04
  18870   0.60328E-04
  18880   0.60150E-04
  18890   0.59985E-04
  18900   0.59835E-04
  18910   0.59674E-04
  18920   0.59539E-04
  18930   0.59387E-04
  18940   0.59265E-04
  18950   0.59136E-04
  18960   0.59010E-04
  18970   0.58903E-04
  18980   0.58794E-04
  18990   0.58698E-04
  19000   0.58596E-04
  19010   0.58498E-04
  19020   0.58429E-04
  19030   0.58355E-04
  19040   0.58297E-04
  19050   0.58240E-04
  19060   0.58188E-04
  19070   0.58138E-04
  19080   0.58115E-04
  19090   0.58075E-04
  19100   0.58053E-04
  19110   0.58052E-04
  19120   0.58040E-04
  19130   0.58041E-04
  19140   0.58050E-04
  19150   0.58060E-04
  19160   0.58083E-04
  19170   0.58107E-04
  19180   0.58152E-04
  19190   0.58199E-04
  19200   0.58239E-04
  19210   0.58296E-04
  19220   0.58356E-04
  19230   0.58439E-04
  19240   0.58517E-04
  19250   0.58588E-04
  19260   0.58679E-04
  19270   0.58769E-04
  19280   0.58865E-04
  19290   0.58979E-04
  19300   0.59090E-04
  19310   0.59208E-04
  19320   0.59316E-04
  19330   0.59443E-04
  19340   0.59567E-04
  19350   0.59699E-04
  19360   0.59856E-04
  19370   0.59990E-04
  19380   0.60121E-04
  19390   0.60271E-04
  19400   0.60408E-04
  19410   0.60568E-04
  19420   0.60729E-04
  19430   0.60871E-04
  19440   0.61031E-04
  19450   0.61190E-04
  19460   0.61347E-04
  19470   0.61510E-04
  19480   0.61673E-04
  19490   0.61813E-04
  19500   0.61979E-04
  19510   0.62133E-04
  19520   0.62286E-04
  19530   0.62450E-04
  19540   0.62598E-04
  19550   0.62775E-04
  19560   0.62926E-04
  19570   0.63094E-04
  19580   0.63225E-04
  19590   0.63389E-04
  19600   0.63549E-04
  19610   0.63677E-04
  19620   0.63828E-04
  19630   0.63964E-04
  19640   0.64128E-04
  19650   0.64269E-04
  19660   0.64408E-04
  19670   0.64542E-04
  19680   0.64663E-04
  19690   0.64785E-04
  19700   0.64924E-04
  19710   0.65054E-04
  19720   0.65172E-04
  19730   0.65283E-04
  19740   0.65404E-04
  19750   0.65522E-04
  19760   0.65630E-04
  19770   0.65734E-04
  19780   0.65838E-04
  19790   0.65953E-04
  19800   0.66039E-04
  19810   0.66156E-04
  19820   0.66253E-04
  19830   0.66330E-04
  19840   0.66442E-04
  19850   0.66518E-04
  19860   0.66611E-04
  19870   0.66675E-04
  19880   0.66759E-04
  19890   0.66829E-04
  19900   0.66903E-04
  19910   0.66980E-04
  19920   0.67066E-04
  19930   0.67111E-04
  19940   0.67175E-04
  19950   0.67247E-04
  19960   0.67322E-04
  19970   0.67370E-04
  19980   0.67414E-04
  19990   0.67468E-04
  20000   0.67542E-04
