     10   0.10430E-02
     20   0.88091E-03
     30   0.77577E-03
     40   0.70165E-03
     50   0.64570E-03
     60   0.60080E-03
     70   0.56283E-03
     80   0.52977E-03
     90   0.50034E-03
    100   0.47360E-03
    110   0.45059E-03
    120   0.42913E-03
    130   0.40906E-03
    140   0.39013E-03
    150   0.37230E-03
    160   0.35547E-03
    170   0.33955E-03
    180   0.32448E-03
    190   0.31022E-03
    200   0.29672E-03
    210   0.28417E-03
    220   0.27233E-03
    230   0.26113E-03
    240   0.25057E-03
    250   0.24060E-03
    260   0.23121E-03
    270   0.22237E-03
    280   0.21406E-03
    290   0.20621E-03
    300   0.19884E-03
    310   0.19196E-03
    320   0.18551E-03
    330   0.17948E-03
    340   0.17388E-03
    350   0.16870E-03
    360   0.16400E-03
    370   0.15975E-03
    380   0.15596E-03
    390   0.15261E-03
    400   0.14969E-03
    410   0.14714E-03
    420   0.14492E-03
    430   0.14292E-03
    440   0.14106E-03
    450   0.13934E-03
    460   0.13765E-03
    470   0.13594E-03
    480   0.13418E-03
    490   0.13233E-03
    500   0.13038E-03
    510   0.12839E-03
    520   0.12632E-03
    530   0.12419E-03
    540   0.12205E-03
    550   0.11995E-03
    560   0.11791E-03
    570   0.11602E-03
    580   0.11428E-03
    590   0.11275E-03
    600   0.11146E-03
    610   0.11044E-03
    620   0.10967E-03
    630   0.10917E-03
    640   0.10894E-03
    650   0.10894E-03
    660   0.10918E-03
    670   0.10962E-03
    680   0.11024E-03
    690   0.11099E-03
    700   0.11184E-03
    710   0.11279E-03
    720   0.11378E-03
    730   0.11479E-03
    740   0.11579E-03
    750   0.11676E-03
    760   0.11767E-03
    770   0.11850E-03
    780   0.11924E-03
    790   0.11986E-03
    800   0.12034E-03
    810   0.12071E-03
    820   0.12091E-03
    830   0.12098E-03
    840   0.12089E-03
    850   0.12065E-03
    860   0.12027E-03
    870   0.11975E-03
    880   0.11908E-03
    890   0.11830E-03
    900   0.11739E-03
    910   0.11638E-03
    920   0.11526E-03
    930   0.11407E-03
    940   0.11281E-03
    950   0.11148E-03
    960   0.11013E-03
    970   0.10875E-03
    980   0.10737E-03
    990   0.10600E-03
   1000   0.10466E-03
   1010   0.10338E-03
   1020   0.10217E-03
   1030   0.10106E-03
   1040   0.10006E-03
   1050   0.99182E-04
   1060   0.98437E-04
   1070   0.97851E-04
   1080   0.97416E-04
   1090   0.97142E-04
   1100   0.97020E-04
   1110   0.97069E-04
   1120   0.97254E-04
   1130   0.97580E-04
   1140   0.98048E-04
   1150   0.98618E-04
   1160   0.99274E-04
   1170   0.10002E-03
   1180   0.10081E-03
   1190   0.10168E-03
   1200   0.10254E-03
   1210   0.10342E-03
   1220   0.10430E-03
   1230   0.10515E-03
   1240   0.10598E-03
   1250   0.10677E-03
   1260   0.10750E-03
   1270   0.10817E-03
   1280   0.10879E-03
   1290   0.10936E-03
   1300   0.10984E-03
   1310   0.11027E-03
   1320   0.11063E-03
   1330   0.11093E-03
   1340   0.11119E-03
   1350   0.11140E-03
   1360   0.11159E-03
   1370   0.11173E-03
   1380   0.11186E-03
   1390   0.11198E-03
   1400   0.11210E-03
   1410   0.11223E-03
   1420   0.11235E-03
   1430   0.11251E-03
   1440   0.11270E-03
   1450   0.11291E-03
   1460   0.11316E-03
   1470   0.11345E-03
   1480   0.11378E-03
   1490   0.11414E-03
   1500   0.11453E-03
   1510   0.11494E-03
   1520   0.11536E-03
   1530   0.11580E-03
   1540   0.11625E-03
   1550   0.11667E-03
   1560   0.11709E-03
   1570   0.11748E-03
   1580   0.11784E-03
   1590   0.11814E-03
   1600   0.11842E-03
   1610   0.11863E-03
   1620   0.11877E-03
   1630   0.11885E-03
   1640   0.11886E-03
   1650   0.11879E-03
   1660   0.11866E-03
   1670   0.11844E-03
   1680   0.11817E-03
   1690   0.11781E-03
   1700   0.11740E-03
   1710   0.11691E-03
   1720   0.11638E-03
   1730   0.11580E-03
   1740   0.11518E-03
   1750   0.11453E-03
   1760   0.11386E-03
   1770   0.11318E-03
   1780   0.11250E-03
   1790   0.11184E-03
   1800   0.11119E-03
   1810   0.11058E-03
   1820   0.11000E-03
   1830   0.10947E-03
   1840   0.10902E-03
   1850   0.10864E-03
   1860   0.10834E-03
   1870   0.10813E-03
   1880   0.10801E-03
   1890   0.10800E-03
   1900   0.10809E-03
   1910   0.10829E-03
   1920   0.10860E-03
   1930   0.10901E-03
   1940   0.10955E-03
   1950   0.11018E-03
   1960   0.11091E-03
   1970   0.11173E-03
   1980   0.11264E-03
   1990   0.11364E-03
   2000   0.11470E-03
   2010   0.11583E-03
   2020   0.11702E-03
   2030   0.11827E-03
   2040   0.11955E-03
   2050   0.12085E-03
   2060   0.12219E-03
   2070   0.12354E-03
   2080   0.12489E-03
   2090   0.12625E-03
   2100   0.12760E-03
   2110   0.12894E-03
   2120   0.13026E-03
   2130   0.13157E-03
   2140   0.13284E-03
   2150   0.13407E-03
   2160   0.13527E-03
   2170   0.13645E-03
   2180   0.13760E-03
   2190   0.13866E-03
   2200   0.13971E-03
   2210   0.14072E-03
   2220   0.14165E-03
   2230   0.14254E-03
   2240   0.14339E-03
   2250   0.14419E-03
   2260   0.14492E-03
   2270   0.14561E-03
   2280   0.14626E-03
   2290   0.14684E-03
   2300   0.14739E-03
   2310   0.14785E-03
   2320   0.14828E-03
   2330   0.14868E-03
   2340   0.14899E-03
   2350   0.14928E-03
   2360   0.14951E-03
   2370   0.14970E-03
   2380   0.14984E-03
   2390   0.14991E-03
   2400   0.14994E-03
   2410   0.14993E-03
   2420   0.14988E-03
   2430   0.14977E-03
   2440   0.14961E-03
   2450   0.14944E-03
   2460   0.14918E-03
   2470   0.14891E-03
   2480   0.14859E-03
   2490   0.14824E-03
   2500   0.14783E-03
   2510   0.14739E-03
   2520   0.14690E-03
   2530   0.14638E-03
   2540   0.14580E-03
   2550   0.14521E-03
   2560   0.14457E-03
   2570   0.14393E-03
   2580   0.14322E-03
   2590   0.14250E-03
   2600   0.14176E-03
   2610   0.14096E-03
   2620   0.14015E-03
   2630   0.13930E-03
   2640   0.13843E-03
   2650   0.13753E-03
   2660   0.13660E-03
   2670   0.13567E-03
   2680   0.13469E-03
   2690   0.13371E-03
   2700   0.13269E-03
   2710   0.13169E-03
   2720   0.13065E-03
   2730   0.12958E-03
   2740   0.12852E-03
   2750   0.12744E-03
   2760   0.12632E-03
   2770   0.12520E-03
   2780   0.12409E-03
   2790   0.12293E-03
   2800   0.12176E-03
   2810   0.12059E-03
   2820   0.11943E-03
   2830   0.11828E-03
   2840   0.11710E-03
   2850   0.11590E-03
   2860   0.11472E-03
   2870   0.11353E-03
   2880   0.11234E-03
   2890   0.11115E-03
   2900   0.10999E-03
   2910   0.10878E-03
   2920   0.10763E-03
   2930   0.10645E-03
   2940   0.10532E-03
   2950   0.10418E-03
   2960   0.10306E-03
   2970   0.10193E-03
   2980   0.10083E-03
   2990   0.99750E-04
   3000   0.98694E-04
   3010   0.97649E-04
   3020   0.96595E-04
   3030   0.95591E-04
   3040   0.94598E-04
   3050   0.93629E-04
   3060   0.92672E-04
   3070   0.91758E-04
   3080   0.90849E-04
   3090   0.89949E-04
   3100   0.89107E-04
   3110   0.88267E-04
   3120   0.87432E-04
   3130   0.86640E-04
   3140   0.85859E-04
   3150   0.85085E-04
   3160   0.84331E-04
   3170   0.83613E-04
   3180   0.82915E-04
   3190   0.82217E-04
   3200   0.81548E-04
   3210   0.80870E-04
   3220   0.80239E-04
   3230   0.79624E-04
   3240   0.78984E-04
   3250   0.78379E-04
   3260   0.77781E-04
   3270   0.77214E-04
   3280   0.76639E-04
   3290   0.76095E-04
   3300   0.75552E-04
   3310   0.75010E-04
   3320   0.74484E-04
   3330   0.73977E-04
   3340   0.73450E-04
   3350   0.72967E-04
   3360   0.72469E-04
   3370   0.71995E-04
   3380   0.71511E-04
   3390   0.71075E-04
   3400   0.70601E-04
   3410   0.70159E-04
   3420   0.69716E-04
   3430   0.69288E-04
   3440   0.68858E-04
   3450   0.68448E-04
   3460   0.68050E-04
   3470   0.67630E-04
   3480   0.67247E-04
   3490   0.66862E-04
   3500   0.66500E-04
   3510   0.66129E-04
   3520   0.65784E-04
   3530   0.65443E-04
   3540   0.65088E-04
   3550   0.64778E-04
   3560   0.64456E-04
   3570   0.64145E-04
   3580   0.63864E-04
   3590   0.63584E-04
   3600   0.63297E-04
   3610   0.63029E-04
   3620   0.62777E-04
   3630   0.62533E-04
   3640   0.62296E-04
   3650   0.62093E-04
   3660   0.61876E-04
   3670   0.61681E-04
   3680   0.61482E-04
   3690   0.61289E-04
   3700   0.61155E-04
   3710   0.60978E-04
   3720   0.60825E-04
   3730   0.60688E-04
   3740   0.60547E-04
   3750   0.60436E-04
   3760   0.60297E-04
   3770   0.60207E-04
   3780   0.60121E-04
   3790   0.60040E-04
   3800   0.59957E-04
   3810   0.59890E-04
   3820   0.59811E-04
   3830   0.59776E-04
   3840   0.59718E-04
   3850   0.59681E-04
   3860   0.59643E-04
   3870   0.59620E-04
   3880   0.59605E-04
   3890   0.59581E-04
   3900   0.59579E-04
   3910   0.59561E-04
   3920   0.59562E-04
   3930   0.59558E-04
   3940   0.59581E-04
   3950   0.59599E-04
   3960   0.59602E-04
   3970   0.59624E-04
   3980   0.59646E-04
   3990   0.59670E-04
   4000   0.59710E-04
   4010   0.59744E-04
   4020   0.59769E-04
   4030   0.59819E-04
   4040   0.59859E-04
   4050   0.59901E-04
   4060   0.59947E-04
   4070   0.59998E-04
   4080   0.60045E-04
   4090   0.60106E-04
   4100   0.60139E-04
   4110   0.60212E-04
   4120   0.60270E-04
   4130   0.60330E-04
   4140   0.60385E-04
   4150   0.60443E-04
   4160   0.60513E-04
   4170   0.60576E-04
   4180   0.60641E-04
   4190   0.60710E-04
   4200   0.60777E-04
   4210   0.60860E-04
   4220   0.60911E-04
   4230   0.60991E-04
   4240   0.61056E-04
   4250   0.61147E-04
   4260   0.61221E-04
   4270   0.61296E-04
   4280   0.61356E-04
   4290   0.61439E-04
   4300   0.61512E-04
   4310   0.61590E-04
   4320   0.61655E-04
   4330   0.61730E-04
   4340   0.61832E-04
   4350   0.61886E-04
   4360   0.61976E-04
   4370   0.62064E-04
   4380   0.62120E-04
   4390   0.62199E-04
   4400   0.62274E-04
   4410   0.62352E-04
   4420   0.62427E-04
   4430   0.62506E-04
   4440   0.62575E-04
   4450   0.62652E-04
   4460   0.62724E-04
   4470   0.62785E-04
   4480   0.62864E-04
   4490   0.62936E-04
   4500   0.63001E-04
   4510   0.63074E-04
   4520   0.63120E-04
   4530   0.63178E-04
   4540   0.63233E-04
   4550   0.63296E-04
   4560   0.63344E-04
   4570   0.63392E-04
   4580   0.63433E-04
   4590   0.63480E-04
   4600   0.63531E-04
   4610   0.63556E-04
   4620   0.63590E-04
   4630   0.63624E-04
   4640   0.63650E-04
   4650   0.63684E-04
   4660   0.63690E-04
   4670   0.63719E-04
   4680   0.63736E-04
   4690   0.63749E-04
   4700   0.63730E-04
   4710   0.63738E-04
   4720   0.63748E-04
   4730   0.63734E-04
   4740   0.63724E-04
   4750   0.63698E-04
   4760   0.63685E-04
   4770   0.63661E-04
   4780   0.63640E-04
   4790   0.63607E-04
   4800   0.63556E-04
   4810   0.63535E-04
   4820   0.63479E-04
   4830   0.63412E-04
   4840   0.63372E-04
   4850   0.63311E-04
   4860   0.63245E-04
   4870   0.63195E-04
   4880   0.63127E-04
   4890   0.63052E-04
   4900   0.62978E-04
   4910   0.62896E-04
   4920   0.62822E-04
   4930   0.62747E-04
   4940   0.62654E-04
   4950   0.62569E-04
   4960   0.62480E-04
   4970   0.62380E-04
   4980   0.62279E-04
   4990   0.62169E-04
   5000   0.62084E-04
   5010   0.61990E-04
   5020   0.61886E-04
   5030   0.61784E-04
   5040   0.61674E-04
   5050   0.61574E-04
   5060   0.61461E-04
   5070   0.61356E-04
   5080   0.61236E-04
   5090   0.61151E-04
   5100   0.61040E-04
   5110   0.60930E-04
   5120   0.60838E-04
   5130   0.60740E-04
   5140   0.60621E-04
   5150   0.60526E-04
   5160   0.60411E-04
   5170   0.60332E-04
   5180   0.60212E-04
   5190   0.60123E-04
   5200   0.60017E-04
   5210   0.59928E-04
   5220   0.59846E-04
   5230   0.59751E-04
   5240   0.59652E-04
   5250   0.59568E-04
   5260   0.59487E-04
   5270   0.59407E-04
   5280   0.59322E-04
   5290   0.59252E-04
   5300   0.59171E-04
   5310   0.59099E-04
   5320   0.59017E-04
   5330   0.58965E-04
   5340   0.58897E-04
   5350   0.58841E-04
   5360   0.58775E-04
   5370   0.58712E-04
   5380   0.58674E-04
   5390   0.58605E-04
   5400   0.58560E-04
   5410   0.58512E-04
   5420   0.58476E-04
   5430   0.58422E-04
   5440   0.58396E-04
   5450   0.58340E-04
   5460   0.58305E-04
   5470   0.58267E-04
   5480   0.58232E-04
   5490   0.58217E-04
   5500   0.58186E-04
   5510   0.58149E-04
   5520   0.58122E-04
   5530   0.58114E-04
   5540   0.58083E-04
   5550   0.58068E-04
   5560   0.58043E-04
   5570   0.58034E-04
   5580   0.58020E-04
   5590   0.58001E-04
   5600   0.57983E-04
   5610   0.57966E-04
   5620   0.57951E-04
   5630   0.57965E-04
   5640   0.57943E-04
   5650   0.57926E-04
   5660   0.57925E-04
   5670   0.57913E-04
   5680   0.57906E-04
   5690   0.57907E-04
   5700   0.57887E-04
   5710   0.57896E-04
   5720   0.57899E-04
   5730   0.57882E-04
   5740   0.57871E-04
   5750   0.57861E-04
   5760   0.57863E-04
   5770   0.57840E-04
   5780   0.57851E-04
   5790   0.57869E-04
   5800   0.57836E-04
   5810   0.57851E-04
   5820   0.57831E-04
   5830   0.57818E-04
   5840   0.57828E-04
   5850   0.57818E-04
   5860   0.57800E-04
   5870   0.57799E-04
   5880   0.57800E-04
   5890   0.57773E-04
   5900   0.57766E-04
   5910   0.57764E-04
   5920   0.57741E-04
   5930   0.57738E-04
   5940   0.57734E-04
   5950   0.57722E-04
   5960   0.57699E-04
   5970   0.57690E-04
   5980   0.57671E-04
   5990   0.57655E-04
   6000   0.57641E-04
   6010   0.57611E-04
   6020   0.57610E-04
   6030   0.57581E-04
   6040   0.57566E-04
   6050   0.57553E-04
   6060   0.57513E-04
   6070   0.57502E-04
   6080   0.57477E-04
   6090   0.57438E-04
   6100   0.57411E-04
   6110   0.57385E-04
   6120   0.57371E-04
   6130   0.57332E-04
   6140   0.57293E-04
   6150   0.57274E-04
   6160   0.57223E-04
   6170   0.57196E-04
   6180   0.57154E-04
   6190   0.57136E-04
   6200   0.57086E-04
   6210   0.57046E-04
   6220   0.56995E-04
   6230   0.56964E-04
   6240   0.56931E-04
   6250   0.56869E-04
   6260   0.56837E-04
   6270   0.56796E-04
   6280   0.56751E-04
   6290   0.56698E-04
   6300   0.56647E-04
   6310   0.56605E-04
   6320   0.56565E-04
   6330   0.56503E-04
   6340   0.56457E-04
   6350   0.56388E-04
   6360   0.56339E-04
   6370   0.56282E-04
   6380   0.56217E-04
   6390   0.56167E-04
   6400   0.56102E-04
   6410   0.56043E-04
   6420   0.55965E-04
   6430   0.55909E-04
   6440   0.55845E-04
   6450   0.55774E-04
   6460   0.55710E-04
   6470   0.55642E-04
   6480   0.55562E-04
   6490   0.55487E-04
   6500   0.55410E-04
   6510   0.55323E-04
   6520   0.55239E-04
   6530   0.55156E-04
   6540   0.55078E-04
   6550   0.54991E-04
   6560   0.54915E-04
   6570   0.54816E-04
   6580   0.54725E-04
   6590   0.54633E-04
   6600   0.54531E-04
   6610   0.54436E-04
   6620   0.54335E-04
   6630   0.54236E-04
   6640   0.54133E-04
   6650   0.54020E-04
   6660   0.53911E-04
   6670   0.53795E-04
   6680   0.53686E-04
   6690   0.53576E-04
   6700   0.53458E-04
   6710   0.53339E-04
   6720   0.53212E-04
   6730   0.53095E-04
   6740   0.52968E-04
   6750   0.52842E-04
   6760   0.52709E-04
   6770   0.52581E-04
   6780   0.52433E-04
   6790   0.52301E-04
   6800   0.52156E-04
   6810   0.52028E-04
   6820   0.51870E-04
   6830   0.51741E-04
   6840   0.51592E-04
   6850   0.51443E-04
   6860   0.51293E-04
   6870   0.51145E-04
   6880   0.51002E-04
   6890   0.50840E-04
   6900   0.50682E-04
   6910   0.50506E-04
   6920   0.50355E-04
   6930   0.50198E-04
   6940   0.50063E-04
   6950   0.49902E-04
   6960   0.49737E-04
   6970   0.49576E-04
   6980   0.49418E-04
   6990   0.49256E-04
   7000   0.49085E-04
   7010   0.48925E-04
   7020   0.48756E-04
   7030   0.48608E-04
   7040   0.48443E-04
   7050   0.48292E-04
   7060   0.48140E-04
   7070   0.47966E-04
   7080   0.47817E-04
   7090   0.47662E-04
   7100   0.47518E-04
   7110   0.47357E-04
   7120   0.47201E-04
   7130   0.47059E-04
   7140   0.46901E-04
   7150   0.46746E-04
   7160   0.46612E-04
   7170   0.46458E-04
   7180   0.46322E-04
   7190   0.46166E-04
   7200   0.46034E-04
   7210   0.45889E-04
   7220   0.45747E-04
   7230   0.45610E-04
   7240   0.45489E-04
   7250   0.45345E-04
   7260   0.45209E-04
   7270   0.45091E-04
   7280   0.44938E-04
   7290   0.44820E-04
   7300   0.44703E-04
   7310   0.44556E-04
   7320   0.44457E-04
   7330   0.44324E-04
   7340   0.44187E-04
   7350   0.44063E-04
   7360   0.43943E-04
   7370   0.43839E-04
   7380   0.43717E-04
   7390   0.43594E-04
   7400   0.43475E-04
   7410   0.43371E-04
   7420   0.43254E-04
   7430   0.43130E-04
   7440   0.43028E-04
   7450   0.42918E-04
   7460   0.42803E-04
   7470   0.42685E-04
   7480   0.42590E-04
   7490   0.42458E-04
   7500   0.42360E-04
   7510   0.42254E-04
   7520   0.42141E-04
   7530   0.42016E-04
   7540   0.41911E-04
   7550   0.41826E-04
   7560   0.41710E-04
   7570   0.41601E-04
   7580   0.41500E-04
   7590   0.41386E-04
   7600   0.41290E-04
   7610   0.41173E-04
   7620   0.41076E-04
   7630   0.40978E-04
   7640   0.40873E-04
   7650   0.40776E-04
   7660   0.40659E-04
   7670   0.40569E-04
   7680   0.40465E-04
   7690   0.40366E-04
   7700   0.40241E-04
   7710   0.40147E-04
   7720   0.40049E-04
   7730   0.39932E-04
   7740   0.39826E-04
   7750   0.39735E-04
   7760   0.39649E-04
   7770   0.39544E-04
   7780   0.39446E-04
   7790   0.39334E-04
   7800   0.39236E-04
   7810   0.39125E-04
   7820   0.39010E-04
   7830   0.38930E-04
   7840   0.38848E-04
   7850   0.38716E-04
   7860   0.38622E-04
   7870   0.38514E-04
   7880   0.38418E-04
   7890   0.38307E-04
   7900   0.38203E-04
   7910   0.38117E-04
   7920   0.38000E-04
   7930   0.37894E-04
   7940   0.37800E-04
   7950   0.37700E-04
   7960   0.37565E-04
   7970   0.37472E-04
   7980   0.37377E-04
   7990   0.37279E-04
   8000   0.37186E-04
   8010   0.37068E-04
   8020   0.36960E-04
   8030   0.36846E-04
   8040   0.36740E-04
   8050   0.36635E-04
   8060   0.36532E-04
   8070   0.36416E-04
   8080   0.36299E-04
   8090   0.36203E-04
   8100   0.36078E-04
   8110   0.35991E-04
   8120   0.35885E-04
   8130   0.35761E-04
   8140   0.35650E-04
   8150   0.35520E-04
   8160   0.35432E-04
   8170   0.35310E-04
   8180   0.35207E-04
   8190   0.35087E-04
   8200   0.34979E-04
   8210   0.34862E-04
   8220   0.34750E-04
   8230   0.34647E-04
   8240   0.34519E-04
   8250   0.34398E-04
   8260   0.34301E-04
   8270   0.34174E-04
   8280   0.34062E-04
   8290   0.33945E-04
   8300   0.33838E-04
   8310   0.33715E-04
   8320   0.33601E-04
   8330   0.33504E-04
   8340   0.33372E-04
   8350   0.33273E-04
   8360   0.33124E-04
   8370   0.33014E-04
   8380   0.32901E-04
   8390   0.32791E-04
   8400   0.32679E-04
   8410   0.32551E-04
   8420   0.32441E-04
   8430   0.32329E-04
   8440   0.32213E-04
   8450   0.32109E-04
   8460   0.31973E-04
   8470   0.31856E-04
   8480   0.31744E-04
   8490   0.31639E-04
   8500   0.31509E-04
   8510   0.31399E-04
   8520   0.31281E-04
   8530   0.31170E-04
   8540   0.31048E-04
   8550   0.30923E-04
   8560   0.30802E-04
   8570   0.30696E-04
   8580   0.30585E-04
   8590   0.30469E-04
   8600   0.30341E-04
   8610   0.30222E-04
   8620   0.30120E-04
   8630   0.29995E-04
   8640   0.29881E-04
   8650   0.29795E-04
   8660   0.29668E-04
   8670   0.29551E-04
   8680   0.29442E-04
   8690   0.29325E-04
   8700   0.29211E-04
   8710   0.29105E-04
   8720   0.28983E-04
   8730   0.28893E-04
   8740   0.28780E-04
   8750   0.28660E-04
   8760   0.28546E-04
   8770   0.28420E-04
   8780   0.28306E-04
   8790   0.28214E-04
   8800   0.28113E-04
   8810   0.27984E-04
   8820   0.27881E-04
   8830   0.27777E-04
   8840   0.27658E-04
   8850   0.27540E-04
   8860   0.27433E-04
   8870   0.27338E-04
   8880   0.27216E-04
   8890   0.27111E-04
   8900   0.26990E-04
   8910   0.26892E-04
   8920   0.26773E-04
   8930   0.26671E-04
   8940   0.26570E-04
   8950   0.26469E-04
   8960   0.26348E-04
   8970   0.26235E-04
   8980   0.26149E-04
   8990   0.26040E-04
   9000   0.25940E-04
   9010   0.25825E-04
   9020   0.25729E-04
   9030   0.25614E-04
   9040   0.25506E-04
   9050   0.25412E-04
   9060   0.25337E-04
   9070   0.25224E-04
   9080   0.25123E-04
   9090   0.25009E-04
   9100   0.24899E-04
   9110   0.24805E-04
   9120   0.24696E-04
   9130   0.24588E-04
   9140   0.24504E-04
   9150   0.24400E-04
   9160   0.24296E-04
   9170   0.24177E-04
   9180   0.24080E-04
   9190   0.23978E-04
   9200   0.23882E-04
   9210   0.23778E-04
   9220   0.23682E-04
   9230   0.23579E-04
   9240   0.23470E-04
   9250   0.23373E-04
   9260   0.23282E-04
   9270   0.23183E-04
   9280   0.23072E-04
   9290   0.22978E-04
   9300   0.22888E-04
   9310   0.22766E-04
   9320   0.22686E-04
   9330   0.22586E-04
   9340   0.22469E-04
   9350   0.22386E-04
   9360   0.22275E-04
   9370   0.22166E-04
   9380   0.22061E-04
   9390   0.21963E-04
   9400   0.21881E-04
   9410   0.21757E-04
   9420   0.21671E-04
   9430   0.21574E-04
   9440   0.21452E-04
   9450   0.21388E-04
   9460   0.21295E-04
   9470   0.21165E-04
   9480   0.21065E-04
   9490   0.20966E-04
   9500   0.20861E-04
   9510   0.20772E-04
   9520   0.20677E-04
   9530   0.20583E-04
   9540   0.20478E-04
   9550   0.20394E-04
   9560   0.20279E-04
   9570   0.20190E-04
   9580   0.20097E-04
   9590   0.19996E-04
   9600   0.19881E-04
   9610   0.19786E-04
   9620   0.19685E-04
   9630   0.19578E-04
   9640   0.19488E-04
   9650   0.19382E-04
   9660   0.19308E-04
   9670   0.19188E-04
   9680   0.19101E-04
   9690   0.19000E-04
   9700   0.18906E-04
   9710   0.18787E-04
   9720   0.18704E-04
   9730   0.18609E-04
   9740   0.18499E-04
   9750   0.18410E-04
   9760   0.18307E-04
   9770   0.18213E-04
   9780   0.18126E-04
   9790   0.18016E-04
   9800   0.17918E-04
   9810   0.17826E-04
   9820   0.17741E-04
   9830   0.17652E-04
   9840   0.17557E-04
   9850   0.17457E-04
   9860   0.17364E-04
   9870   0.17268E-04
   9880   0.17190E-04
   9890   0.17089E-04
   9900   0.16995E-04
   9910   0.16903E-04
   9920   0.16818E-04
   9930   0.16728E-04
   9940   0.16628E-04
   9950   0.16553E-04
   9960   0.16437E-04
   9970   0.16354E-04
   9980   0.16257E-04
   9990   0.16191E-04
  10000   0.16098E-04
  10010   0.15994E-04
  10020   0.15920E-04
  10030   0.15812E-04
  10040   0.15740E-04
  10050   0.15635E-04
  10060   0.15571E-04
  10070   0.15480E-04
  10080   0.15401E-04
  10090   0.15321E-04
  10100   0.15230E-04
  10110   0.15138E-04
  10120   0.15063E-04
  10130   0.14971E-04
  10140   0.14893E-04
  10150   0.14797E-04
  10160   0.14710E-04
  10170   0.14643E-04
  10180   0.14552E-04
  10190   0.14474E-04
  10200   0.14367E-04
  10210   0.14298E-04
  10220   0.14220E-04
  10230   0.14136E-04
  10240   0.14050E-04
  10250   0.13959E-04
  10260   0.13886E-04
  10270   0.13821E-04
  10280   0.13738E-04
  10290   0.13651E-04
  10300   0.13576E-04
  10310   0.13489E-04
  10320   0.13415E-04
  10330   0.13335E-04
  10340   0.13256E-04
  10350   0.13183E-04
  10360   0.13102E-04
  10370   0.13038E-04
  10380   0.12945E-04
  10390   0.12854E-04
  10400   0.12801E-04
  10410   0.12730E-04
  10420   0.12647E-04
  10430   0.12559E-04
  10440   0.12489E-04
  10450   0.12420E-04
  10460   0.12351E-04
  10470   0.12253E-04
  10480   0.12187E-04
  10490   0.12122E-04
  10500   0.12048E-04
  10510   0.11970E-04
  10520   0.11899E-04
  10530   0.11826E-04
  10540   0.11755E-04
  10550   0.11686E-04
  10560   0.11604E-04
  10570   0.11550E-04
  10580   0.11474E-04
  10590   0.11392E-04
  10600   0.11316E-04
  10610   0.11249E-04
  10620   0.11179E-04
  10630   0.11129E-04
  10640   0.11055E-04
  10650   0.10989E-04
  10660   0.10907E-04
  10670   0.10844E-04
  10680   0.10776E-04
  10690   0.10712E-04
  10700   0.10643E-04
  10710   0.10554E-04
  10720   0.10504E-04
  10730   0.10431E-04
  10740   0.10373E-04
  10750   0.10284E-04
  10760   0.10231E-04
  10770   0.10157E-04
  10780   0.10093E-04
  10790   0.10030E-04
  10800   0.99671E-05
  10810   0.98945E-05
  10820   0.98362E-05
  10830   0.97787E-05
  10840   0.96996E-05
  10850   0.96189E-05
  10860   0.95572E-05
  10870   0.95075E-05
  10880   0.94346E-05
  10890   0.93705E-05
  10900   0.93094E-05
  10910   0.92468E-05
  10920   0.91663E-05
  10930   0.91080E-05
  10940   0.90322E-05
  10950   0.89837E-05
  10960   0.89182E-05
  10970   0.88309E-05
  10980   0.87837E-05
  10990   0.87184E-05
  11000   0.86565E-05
  11010   0.85814E-05
  11020   0.84978E-05
  11030   0.84513E-05
  11040   0.83823E-05
  11050   0.83316E-05
  11060   0.82704E-05
  11070   0.82153E-05
  11080   0.81305E-05
  11090   0.80544E-05
  11100   0.80016E-05
  11110   0.79432E-05
  11120   0.78798E-05
  11130   0.78259E-05
  11140   0.77640E-05
  11150   0.76996E-05
  11160   0.76175E-05
  11170   0.75659E-05
  11180   0.74995E-05
  11190   0.74483E-05
  11200   0.73805E-05
  11210   0.73148E-05
  11220   0.72661E-05
  11230   0.72073E-05
  11240   0.71502E-05
  11250   0.70885E-05
  11260   0.70209E-05
  11270   0.69698E-05
  11280   0.69078E-05
  11290   0.68487E-05
  11300   0.67965E-05
  11310   0.67365E-05
  11320   0.66828E-05
  11330   0.66210E-05
  11340   0.65652E-05
  11350   0.65164E-05
  11360   0.64614E-05
  11370   0.64080E-05
  11380   0.63533E-05
  11390   0.63028E-05
  11400   0.62451E-05
  11410   0.61899E-05
  11420   0.61437E-05
  11430   0.60875E-05
  11440   0.60346E-05
  11450   0.59757E-05
  11460   0.59334E-05
  11470   0.58803E-05
  11480   0.58302E-05
  11490   0.57719E-05
  11500   0.57260E-05
  11510   0.56782E-05
  11520   0.56253E-05
  11530   0.55836E-05
  11540   0.55255E-05
  11550   0.54745E-05
  11560   0.54309E-05
  11570   0.53796E-05
  11580   0.53323E-05
  11590   0.52963E-05
  11600   0.52560E-05
  11610   0.52069E-05
  11620   0.51495E-05
  11630   0.50921E-05
  11640   0.50579E-05
  11650   0.50137E-05
  11660   0.49673E-05
  11670   0.49278E-05
  11680   0.48959E-05
  11690   0.48471E-05
  11700   0.47959E-05
  11710   0.47542E-05
  11720   0.47191E-05
  11730   0.46774E-05
  11740   0.46311E-05
  11750   0.45929E-05
  11760   0.45520E-05
  11770   0.44922E-05
  11780   0.44553E-05
  11790   0.44349E-05
  11800   0.43888E-05
  11810   0.43519E-05
  11820   0.43126E-05
  11830   0.42659E-05
  11840   0.42311E-05
  11850   0.41920E-05
  11860   0.41376E-05
  11870   0.41018E-05
  11880   0.40874E-05
  11890   0.40446E-05
  11900   0.40108E-05
  11910   0.39721E-05
  11920   0.39256E-05
  11930   0.39129E-05
  11940   0.38670E-05
  11950   0.38237E-05
  11960   0.37880E-05
  11970   0.37598E-05
  11980   0.37247E-05
  11990   0.36937E-05
  12000   0.36467E-05
  12010   0.36288E-05
  12020   0.35983E-05
  12030   0.35582E-05
  12040   0.35277E-05
  12050   0.35017E-05
  12060   0.34637E-05
  12070   0.34285E-05
  12080   0.33915E-05
  12090   0.33675E-05
  12100   0.33336E-05
  12110   0.33054E-05
  12120   0.32794E-05
  12130   0.32521E-05
  12140   0.32246E-05
  12150   0.31963E-05
  12160   0.31595E-05
  12170   0.31385E-05
  12180   0.31129E-05
  12190   0.30936E-05
  12200   0.30567E-05
  12210   0.30319E-05
  12220   0.30122E-05
  12230   0.29737E-05
  12240   0.29579E-05
  12250   0.29280E-05
  12260   0.29136E-05
  12270   0.28933E-05
  12280   0.28763E-05
  12290   0.28460E-05
  12300   0.28227E-05
  12310   0.27908E-05
  12320   0.27693E-05
  12330   0.27493E-05
  12340   0.27372E-05
  12350   0.27170E-05
  12360   0.26948E-05
  12370   0.26735E-05
  12380   0.26500E-05
  12390   0.26348E-05
  12400   0.26286E-05
  12410   0.26063E-05
  12420   0.25795E-05
  12430   0.25609E-05
  12440   0.25356E-05
  12450   0.25276E-05
  12460   0.25296E-05
  12470   0.24953E-05
  12480   0.24864E-05
  12490   0.24568E-05
  12500   0.24466E-05
  12510   0.24232E-05
  12520   0.24108E-05
  12530   0.23810E-05
  12540   0.23900E-05
  12550   0.23704E-05
  12560   0.23717E-05
  12570   0.23496E-05
  12580   0.23342E-05
  12590   0.23138E-05
  12600   0.23040E-05
  12610   0.22892E-05
  12620   0.22798E-05
  12630   0.22784E-05
  12640   0.22572E-05
  12650   0.22436E-05
  12660   0.22245E-05
  12670   0.22153E-05
  12680   0.22029E-05
  12690   0.21976E-05
  12700   0.21799E-05
  12710   0.21658E-05
  12720   0.21512E-05
  12730   0.21561E-05
  12740   0.21394E-05
  12750   0.21289E-05
  12760   0.21243E-05
  12770   0.21067E-05
  12780   0.21070E-05
  12790   0.21009E-05
  12800   0.20983E-05
  12810   0.20919E-05
  12820   0.20758E-05
  12830   0.20647E-05
  12840   0.20667E-05
  12850   0.20657E-05
  12860   0.20546E-05
  12870   0.20436E-05
  12880   0.20354E-05
  12890   0.20270E-05
  12900   0.20053E-05
  12910   0.20063E-05
  12920   0.19844E-05
  12930   0.19845E-05
  12940   0.19814E-05
  12950   0.19890E-05
  12960   0.19759E-05
  12970   0.19849E-05
  12980   0.19638E-05
  12990   0.19633E-05
  13000   0.19567E-05
  13010   0.19508E-05
  13020   0.19494E-05
  13030   0.19359E-05
  13040   0.19284E-05
  13050   0.19257E-05
  13060   0.19241E-05
  13070   0.19156E-05
  13080   0.19181E-05
  13090   0.19089E-05
  13100   0.18928E-05
  13110   0.18815E-05
  13120   0.18924E-05
  13130   0.18690E-05
  13140   0.18668E-05
  13150   0.18685E-05
  13160   0.18650E-05
  13170   0.18671E-05
  13180   0.18749E-05
  13190   0.18490E-05
  13200   0.18631E-05
  13210   0.18461E-05
  13220   0.18402E-05
  13230   0.18410E-05
  13240   0.18351E-05
  13250   0.18332E-05
  13260   0.18222E-05
  13270   0.18135E-05
  13280   0.18037E-05
  13290   0.18068E-05
  13300   0.18090E-05
  13310   0.18011E-05
  13320   0.18038E-05
  13330   0.17950E-05
  13340   0.17867E-05
  13350   0.17735E-05
  13360   0.17674E-05
  13370   0.17680E-05
  13380   0.17583E-05
  13390   0.17623E-05
  13400   0.17533E-05
  13410   0.17471E-05
  13420   0.17519E-05
  13430   0.17413E-05
  13440   0.17312E-05
  13450   0.17252E-05
  13460   0.17329E-05
  13470   0.17284E-05
  13480   0.17226E-05
  13490   0.17199E-05
  13500   0.17019E-05
  13510   0.17154E-05
  13520   0.17017E-05
  13530   0.16907E-05
  13540   0.16736E-05
  13550   0.16679E-05
  13560   0.16689E-05
  13570   0.16586E-05
  13580   0.16597E-05
  13590   0.16582E-05
  13600   0.16510E-05
  13610   0.16415E-05
  13620   0.16390E-05
  13630   0.16368E-05
  13640   0.16211E-05
  13650   0.16181E-05
  13660   0.16121E-05
  13670   0.16087E-05
  13680   0.16167E-05
  13690   0.16142E-05
  13700   0.16058E-05
  13710   0.16051E-05
  13720   0.16077E-05
  13730   0.16030E-05
  13740   0.16104E-05
  13750   0.16037E-05
  13760   0.15917E-05
  13770   0.15899E-05
  13780   0.15932E-05
  13790   0.15795E-05
  13800   0.15888E-05
  13810   0.15795E-05
  13820   0.15867E-05
  13830   0.15864E-05
  13840   0.15821E-05
  13850   0.15723E-05
  13860   0.15810E-05
  13870   0.15699E-05
  13880   0.15671E-05
  13890   0.15602E-05
  13900   0.15583E-05
  13910   0.15489E-05
  13920   0.15524E-05
  13930   0.15514E-05
  13940   0.15394E-05
  13950   0.15430E-05
  13960   0.15354E-05
  13970   0.15415E-05
  13980   0.15346E-05
  13990   0.15349E-05
  14000   0.15232E-05
  14010   0.15347E-05
  14020   0.15425E-05
  14030   0.15333E-05
  14040   0.15302E-05
  14050   0.15305E-05
  14060   0.15280E-05
  14070   0.15125E-05
  14080   0.15311E-05
  14090   0.15160E-05
  14100   0.15134E-05
  14110   0.15050E-05
  14120   0.14854E-05
  14130   0.15007E-05
  14140   0.14934E-05
  14150   0.14869E-05
  14160   0.14908E-05
  14170   0.14928E-05
  14180   0.14800E-05
  14190   0.14877E-05
  14200   0.14759E-05
  14210   0.14782E-05
  14220   0.14797E-05
  14230   0.14761E-05
  14240   0.14581E-05
  14250   0.14791E-05
  14260   0.14744E-05
  14270   0.14719E-05
  14280   0.14656E-05
  14290   0.14754E-05
  14300   0.14601E-05
  14310   0.14607E-05
  14320   0.14647E-05
  14330   0.14561E-05
  14340   0.14564E-05
  14350   0.14587E-05
  14360   0.14427E-05
  14370   0.14488E-05
  14380   0.14373E-05
  14390   0.14513E-05
  14400   0.14377E-05
  14410   0.14320E-05
  14420   0.14408E-05
  14430   0.14183E-05
  14440   0.14262E-05
  14450   0.14172E-05
  14460   0.14238E-05
  14470   0.14326E-05
  14480   0.14243E-05
  14490   0.14187E-05
  14500   0.14127E-05
  14510   0.14132E-05
  14520   0.14133E-05
  14530   0.14060E-05
  14540   0.14045E-05
  14550   0.14110E-05
  14560   0.14137E-05
  14570   0.14066E-05
  14580   0.13993E-05
  14590   0.13972E-05
  14600   0.13997E-05
  14610   0.14069E-05
  14620   0.13985E-05
  14630   0.13947E-05
  14640   0.13842E-05
  14650   0.13903E-05
  14660   0.13775E-05
  14670   0.13705E-05
  14680   0.13707E-05
  14690   0.13709E-05
  14700   0.13775E-05
  14710   0.13611E-05
  14720   0.13613E-05
  14730   0.13596E-05
  14740   0.13742E-05
  14750   0.13650E-05
  14760   0.13653E-05
  14770   0.13609E-05
  14780   0.13744E-05
  14790   0.13683E-05
  14800   0.13567E-05
  14810   0.13593E-05
  14820   0.13605E-05
  14830   0.13478E-05
  14840   0.13521E-05
  14850   0.13458E-05
  14860   0.13426E-05
  14870   0.13370E-05
  14880   0.13406E-05
  14890   0.13318E-05
  14900   0.13284E-05
  14910   0.13274E-05
  14920   0.13337E-05
  14930   0.13301E-05
  14940   0.13220E-05
  14950   0.13140E-05
  14960   0.13153E-05
  14970   0.13113E-05
  14980   0.13065E-05
  14990   0.13061E-05
  15000   0.12978E-05
  15010   0.13022E-05
  15020   0.13062E-05
  15030   0.13140E-05
  15040   0.12896E-05
  15050   0.12934E-05
  15060   0.12959E-05
  15070   0.13164E-05
  15080   0.13071E-05
  15090   0.13080E-05
  15100   0.12900E-05
  15110   0.12709E-05
  15120   0.12801E-05
  15130   0.12812E-05
  15140   0.12607E-05
  15150   0.12559E-05
  15160   0.12565E-05
  15170   0.12515E-05
  15180   0.12502E-05
  15190   0.12560E-05
  15200   0.12610E-05
  15210   0.12688E-05
  15220   0.12743E-05
  15230   0.12814E-05
  15240   0.12720E-05
  15250   0.12519E-05
  15260   0.12590E-05
  15270   0.12462E-05
  15280   0.12412E-05
  15290   0.12353E-05
  15300   0.12421E-05
  15310   0.12530E-05
  15320   0.12533E-05
  15330   0.12342E-05
  15340   0.12269E-05
  15350   0.12268E-05
  15360   0.12128E-05
  15370   0.12020E-05
  15380   0.12114E-05
  15390   0.12152E-05
  15400   0.12134E-05
  15410   0.12130E-05
  15420   0.12114E-05
  15430   0.11966E-05
  15440   0.12024E-05
  15450   0.11932E-05
  15460   0.11874E-05
  15470   0.11879E-05
  15480   0.11903E-05
  15490   0.11832E-05
  15500   0.11662E-05
  15510   0.11809E-05
  15520   0.11802E-05
  15530   0.11735E-05
  15540   0.11743E-05
  15550   0.11720E-05
  15560   0.11607E-05
  15570   0.11748E-05
  15580   0.11593E-05
  15590   0.11418E-05
  15600   0.11445E-05
  15610   0.11181E-05
  15620   0.11183E-05
  15630   0.11228E-05
  15640   0.11271E-05
  15650   0.11165E-05
  15660   0.11248E-05
  15670   0.11237E-05
  15680   0.11142E-05
  15690   0.11075E-05
  15700   0.11061E-05
  15710   0.11157E-05
  15720   0.11013E-05
  15730   0.10889E-05
  15740   0.10781E-05
  15750   0.10956E-05
  15760   0.10815E-05
  15770   0.10786E-05
  15780   0.10677E-05
  15790   0.10582E-05
  15800   0.10605E-05
  15810   0.10672E-05
  15820   0.10511E-05
  15830   0.10464E-05
  15840   0.10571E-05
  15850   0.10572E-05
  15860   0.10426E-05
  15870   0.10453E-05
  15880   0.10474E-05
  15890   0.10508E-05
  15900   0.10405E-05
  15910   0.10371E-05
  15920   0.10398E-05
  15930   0.10442E-05
  15940   0.10361E-05
  15950   0.10278E-05
  15960   0.10236E-05
  15970   0.10302E-05
  15980   0.10224E-05
  15990   0.10070E-05
  16000   0.10043E-05
  16010   0.10258E-05
  16020   0.10031E-05
  16030   0.99839E-06
  16040   0.98733E-06
  16050   0.99422E-06
  16060   0.98233E-06
  16070   0.98580E-06
  16080   0.97504E-06
  16090   0.98727E-06
  16100   0.96641E-06
  16110   0.97974E-06
  16120   0.97535E-06
  16130   0.95955E-06
  16140   0.97030E-06
  16150   0.97050E-06
  16160   0.96622E-06
  16170   0.95243E-06
  16180   0.95163E-06
  16190   0.95762E-06
  16200   0.95091E-06
  16210   0.95538E-06
  16220   0.94235E-06
  16230   0.93945E-06
  16240   0.94477E-06
  16250   0.92940E-06
  16260   0.92102E-06
  16270   0.89682E-06
  16280   0.90905E-06
  16290   0.91124E-06
  16300   0.89213E-06
  16310   0.89097E-06
  16320   0.91061E-06
  16330   0.90629E-06
  16340   0.90698E-06
  16350   0.89011E-06
  16360   0.88327E-06
  16370   0.88624E-06
  16380   0.87828E-06
  16390   0.87100E-06
  16400   0.86787E-06
  16410   0.84143E-06
  16420   0.83049E-06
  16430   0.83739E-06
  16440   0.83059E-06
  16450   0.82016E-06
  16460   0.82065E-06
  16470   0.80776E-06
  16480   0.80933E-06
  16490   0.81461E-06
  16500   0.79778E-06
  16510   0.78827E-06
  16520   0.79227E-06
  16530   0.80368E-06
  16540   0.78539E-06
  16550   0.78566E-06
  16560   0.77794E-06
  16570   0.78442E-06
  16580   0.78216E-06
  16590   0.78824E-06
  16600   0.78629E-06
  16610   0.76923E-06
  16620   0.77449E-06
  16630   0.75840E-06
  16640   0.74224E-06
  16650   0.73693E-06
  16660   0.75150E-06
  16670   0.74816E-06
  16680   0.74433E-06
  16690   0.74302E-06
  16700   0.72939E-06
  16710   0.72906E-06
  16720   0.72841E-06
  16730   0.71687E-06
  16740   0.70588E-06
  16750   0.71139E-06
  16760   0.70226E-06
  16770   0.69751E-06
  16780   0.69323E-06
  16790   0.69139E-06
  16800   0.67820E-06
  16810   0.67718E-06
  16820   0.68840E-06
  16830   0.66592E-06
  16840   0.65231E-06
  16850   0.66282E-06
  16860   0.66556E-06
  16870   0.66379E-06
  16880   0.66350E-06
  16890   0.64035E-06
  16900   0.64621E-06
  16910   0.65468E-06
  16920   0.64858E-06
  16930   0.64867E-06
  16940   0.65725E-06
  16950   0.65491E-06
  16960   0.64660E-06
  16970   0.62649E-06
  16980   0.62626E-06
  16990   0.63323E-06
  17000   0.63701E-06
  17010   0.63046E-06
  17020   0.61809E-06
  17030   0.61856E-06
  17040   0.61694E-06
  17050   0.61064E-06
  17060   0.61148E-06
  17070   0.61332E-06
  17080   0.59275E-06
  17090   0.58824E-06
  17100   0.58867E-06
  17110   0.58331E-06
  17120   0.56730E-06
  17130   0.57076E-06
  17140   0.56427E-06
  17150   0.56270E-06
  17160   0.55526E-06
  17170   0.55574E-06
  17180   0.56154E-06
  17190   0.55866E-06
  17200   0.56285E-06
  17210   0.55840E-06
  17220   0.57172E-06
  17230   0.56210E-06
  17240   0.54452E-06
  17250   0.53889E-06
  17260   0.53041E-06
  17270   0.53365E-06
  17280   0.52292E-06
  17290   0.52269E-06
  17300   0.53469E-06
  17310   0.53892E-06
  17320   0.52929E-06
  17330   0.50748E-06
  17340   0.52088E-06
  17350   0.52474E-06
  17360   0.50876E-06
  17370   0.50405E-06
  17380   0.49479E-06
  17390   0.50878E-06
  17400   0.49842E-06
  17410   0.50601E-06
  17420   0.49916E-06
  17430   0.50109E-06
  17440   0.48867E-06
  17450   0.47460E-06
  17460   0.47326E-06
  17470   0.47147E-06
  17480   0.47973E-06
  17490   0.48051E-06
  17500   0.47487E-06
  17510   0.47395E-06
  17520   0.46927E-06
  17530   0.47287E-06
  17540   0.46718E-06
  17550   0.45796E-06
  17560   0.45006E-06
  17570   0.46217E-06
  17580   0.44808E-06
  17590   0.44447E-06
  17600   0.45700E-06
  17610   0.45257E-06
  17620   0.45761E-06
  17630   0.43845E-06
  17640   0.42999E-06
  17650   0.43469E-06
  17660   0.42873E-06
  17670   0.41848E-06
  17680   0.43465E-06
  17690   0.42762E-06
  17700   0.42051E-06
  17710   0.42519E-06
  17720   0.42406E-06
  17730   0.42518E-06
  17740   0.41961E-06
  17750   0.42901E-06
  17760   0.42434E-06
  17770   0.39992E-06
  17780   0.41135E-06
  17790   0.41199E-06
  17800   0.41113E-06
  17810   0.43294E-06
  17820   0.41171E-06
  17830   0.41963E-06
  17840   0.41066E-06
  17850   0.43293E-06
  17860   0.42046E-06
  17870   0.42768E-06
  17880   0.42637E-06
  17890   0.43039E-06
  17900   0.41736E-06
  17910   0.42090E-06
  17920   0.40265E-06
  17930   0.42066E-06
  17940   0.40924E-06
  17950   0.40205E-06
  17960   0.39845E-06
  17970   0.40914E-06
  17980   0.40871E-06
  17990   0.39597E-06
  18000   0.37631E-06
  18010   0.38346E-06
  18020   0.38954E-06
  18030   0.38793E-06
  18040   0.36326E-06
  18050   0.35447E-06
  18060   0.37071E-06
  18070   0.37728E-06
  18080   0.36808E-06
  18090   0.36468E-06
  18100   0.37095E-06
  18110   0.36644E-06
  18120   0.35800E-06
  18130   0.36668E-06
  18140   0.35278E-06
  18150   0.34372E-06
  18160   0.34940E-06
  18170   0.33886E-06
  18180   0.33041E-06
  18190   0.31660E-06
  18200   0.32531E-06
  18210   0.33006E-06
  18220   0.34202E-06
  18230   0.33393E-06
  18240   0.33194E-06
  18250   0.34946E-06
  18260   0.33723E-06
  18270   0.33361E-06
  18280   0.34372E-06
  18290   0.33093E-06
  18300   0.34543E-06
  18310   0.34207E-06
  18320   0.34079E-06
  18330   0.32664E-06
  18340   0.32364E-06
  18350   0.32759E-06
  18360   0.30558E-06
  18370   0.32105E-06
  18380   0.32468E-06
  18390   0.33420E-06
  18400   0.32978E-06
  18410   0.33649E-06
  18420   0.33248E-06
  18430   0.32260E-06
  18440   0.31774E-06
  18450   0.32907E-06
  18460   0.30921E-06
  18470   0.31883E-06
  18480   0.32306E-06
  18490   0.32650E-06
  18500   0.32983E-06
  18510   0.32859E-06
  18520   0.31874E-06
  18530   0.31424E-06
  18540   0.31600E-06
  18550   0.30644E-06
  18560   0.29792E-06
  18570   0.32348E-06
  18580   0.34400E-06
  18590   0.31308E-06
  18600   0.32050E-06
  18610   0.32164E-06
  18620   0.32427E-06
  18630   0.32698E-06
  18640   0.33839E-06
  18650   0.32601E-06
  18660   0.31443E-06
  18670   0.31935E-06
  18680   0.32049E-06
  18690   0.32439E-06
  18700   0.31616E-06
  18710   0.31654E-06
  18720   0.29747E-06
  18730   0.30972E-06
  18740   0.29602E-06
  18750   0.30911E-06
  18760   0.29394E-06
  18770   0.29498E-06
  18780   0.28689E-06
  18790   0.29302E-06
  18800   0.29691E-06
  18810   0.30604E-06
  18820   0.27739E-06
  18830   0.29729E-06
  18840   0.28278E-06
  18850   0.28800E-06
  18860   0.30169E-06
  18870   0.29457E-06
  18880   0.27406E-06
  18890   0.28573E-06
  18900   0.29844E-06
  18910   0.30023E-06
  18920   0.29095E-06
  18930   0.26940E-06
  18940   0.26248E-06
  18950   0.27645E-06
  18960   0.29370E-06
  18970   0.29079E-06
  18980   0.29185E-06
  18990   0.27261E-06
  19000   0.28261E-06
  19010   0.27941E-06
  19020   0.29438E-06
  19030   0.29850E-06
  19040   0.30613E-06
  19050   0.28596E-06
  19060   0.29273E-06
  19070   0.26915E-06
  19080   0.26862E-06
  19090   0.27308E-06
  19100   0.28352E-06
  19110   0.27947E-06
  19120   0.26047E-06
  19130   0.27710E-06
  19140   0.28108E-06
  19150   0.28171E-06
  19160   0.26151E-06
  19170   0.25255E-06
  19180   0.25217E-06
  19190   0.26340E-06
  19200   0.25804E-06
  19210   0.28387E-06
  19220   0.26719E-06
  19230   0.26905E-06
  19240   0.25763E-06
  19250   0.26490E-06
  19260   0.26735E-06
  19270   0.25416E-06
  19280   0.25554E-06
  19290   0.26376E-06
  19300   0.27197E-06
  19310   0.25612E-06
  19320   0.24911E-06
  19330   0.24605E-06
  19340   0.26867E-06
  19350   0.27539E-06
  19360   0.28751E-06
  19370   0.27704E-06
  19380   0.27090E-06
  19390   0.27098E-06
  19400   0.27432E-06
  19410   0.28131E-06
  19420   0.25878E-06
  19430   0.24682E-06
  19440   0.25396E-06
  19450   0.24776E-06
  19460   0.24837E-06
  19470   0.24683E-06
  19480   0.24884E-06
  19490   0.22308E-06
  19500   0.23211E-06
  19510   0.25581E-06
  19520   0.22028E-06
  19530   0.23428E-06
  19540   0.22764E-06
  19550   0.21222E-06
  19560   0.22964E-06
  19570   0.21392E-06
  19580   0.21906E-06
  19590   0.21225E-06
  19600   0.20234E-06
  19610   0.22415E-06
  19620   0.21859E-06
  19630   0.21730E-06
  19640   0.20560E-06
  19650   0.19680E-06
  19660   0.19972E-06
  19670   0.21328E-06
  19680   0.23196E-06
  19690   0.23452E-06
  19700   0.20661E-06
  19710   0.24029E-06
  19720   0.24078E-06
  19730   0.22239E-06
  19740   0.23235E-06
  19750   0.22041E-06
  19760   0.21903E-06
  19770   0.21892E-06
  19780   0.22058E-06
  19790   0.21796E-06
  19800   0.22062E-06
  19810   0.22808E-06
  19820   0.19837E-06
  19830   0.22144E-06
  19840   0.21210E-06
  19850   0.20222E-06
  19860   0.19568E-06
  19870   0.20214E-06
  19880   0.19638E-06
  19890   0.20401E-06
  19900   0.18462E-06
  19910   0.20148E-06
  19920   0.20490E-06
  19930   0.19913E-06
  19940   0.19362E-06
  19950   0.18101E-06
  19960   0.18442E-06
  19970   0.17810E-06
  19980   0.18993E-06
  19990   0.18362E-06
  20000   0.19082E-06
