     10   0.10590E-02
     20   0.90194E-03
     30   0.79858E-03
     40   0.72484E-03
     50   0.66899E-03
     60   0.62471E-03
     70   0.58738E-03
     80   0.55479E-03
     90   0.52597E-03
    100   0.49999E-03
    110   0.47621E-03
    120   0.45422E-03
    130   0.43384E-03
    140   0.41467E-03
    150   0.39660E-03
    160   0.37966E-03
    170   0.36372E-03
    180   0.34874E-03
    190   0.33466E-03
    200   0.32140E-03
    210   0.30927E-03
    220   0.29786E-03
    230   0.28720E-03
    240   0.27723E-03
    250   0.26790E-03
    260   0.25923E-03
    270   0.25118E-03
    280   0.24367E-03
    290   0.23673E-03
    300   0.23030E-03
    310   0.22442E-03
    320   0.21900E-03
    330   0.21399E-03
    340   0.20940E-03
    350   0.20523E-03
    360   0.20148E-03
    370   0.19814E-03
    380   0.19521E-03
    390   0.19266E-03
    400   0.19049E-03
    410   0.18872E-03
    420   0.18721E-03
    430   0.18595E-03
    440   0.18488E-03
    450   0.18396E-03
    460   0.18308E-03
    470   0.18224E-03
    480   0.18137E-03
    490   0.18045E-03
    500   0.17946E-03
    510   0.17840E-03
    520   0.17726E-03
    530   0.17603E-03
    540   0.17474E-03
    550   0.17341E-03
    560   0.17207E-03
    570   0.17076E-03
    580   0.16949E-03
    590   0.16830E-03
    600   0.16723E-03
    610   0.16630E-03
    620   0.16551E-03
    630   0.16489E-03
    640   0.16443E-03
    650   0.16413E-03
    660   0.16399E-03
    670   0.16400E-03
    680   0.16415E-03
    690   0.16442E-03
    700   0.16479E-03
    710   0.16525E-03
    720   0.16577E-03
    730   0.16633E-03
    740   0.16692E-03
    750   0.16752E-03
    760   0.16812E-03
    770   0.16869E-03
    780   0.16922E-03
    790   0.16971E-03
    800   0.17014E-03
    810   0.17049E-03
    820   0.17077E-03
    830   0.17097E-03
    840   0.17108E-03
    850   0.17111E-03
    860   0.17103E-03
    870   0.17087E-03
    880   0.17062E-03
    890   0.17028E-03
    900   0.16985E-03
    910   0.16934E-03
    920   0.16875E-03
    930   0.16809E-03
    940   0.16736E-03
    950   0.16657E-03
    960   0.16572E-03
    970   0.16481E-03
    980   0.16388E-03
    990   0.16290E-03
   1000   0.16190E-03
   1010   0.16088E-03
   1020   0.15986E-03
   1030   0.15885E-03
   1040   0.15784E-03
   1050   0.15686E-03
   1060   0.15591E-03
   1070   0.15501E-03
   1080   0.15417E-03
   1090   0.15336E-03
   1100   0.15265E-03
   1110   0.15199E-03
   1120   0.15139E-03
   1130   0.15088E-03
   1140   0.15044E-03
   1150   0.15005E-03
   1160   0.14975E-03
   1170   0.14949E-03
   1180   0.14930E-03
   1190   0.14914E-03
   1200   0.14903E-03
   1210   0.14892E-03
   1220   0.14886E-03
   1230   0.14878E-03
   1240   0.14871E-03
   1250   0.14865E-03
   1260   0.14856E-03
   1270   0.14843E-03
   1280   0.14830E-03
   1290   0.14809E-03
   1300   0.14785E-03
   1310   0.14759E-03
   1320   0.14725E-03
   1330   0.14687E-03
   1340   0.14646E-03
   1350   0.14598E-03
   1360   0.14546E-03
   1370   0.14489E-03
   1380   0.14427E-03
   1390   0.14362E-03
   1400   0.14294E-03
   1410   0.14221E-03
   1420   0.14150E-03
   1430   0.14076E-03
   1440   0.14001E-03
   1450   0.13926E-03
   1460   0.13853E-03
   1470   0.13782E-03
   1480   0.13714E-03
   1490   0.13647E-03
   1500   0.13584E-03
   1510   0.13524E-03
   1520   0.13468E-03
   1530   0.13418E-03
   1540   0.13369E-03
   1550   0.13323E-03
   1560   0.13284E-03
   1570   0.13246E-03
   1580   0.13208E-03
   1590   0.13175E-03
   1600   0.13142E-03
   1610   0.13110E-03
   1620   0.13077E-03
   1630   0.13044E-03
   1640   0.13010E-03
   1650   0.12972E-03
   1660   0.12933E-03
   1670   0.12889E-03
   1680   0.12842E-03
   1690   0.12791E-03
   1700   0.12738E-03
   1710   0.12679E-03
   1720   0.12617E-03
   1730   0.12549E-03
   1740   0.12478E-03
   1750   0.12404E-03
   1760   0.12327E-03
   1770   0.12247E-03
   1780   0.12164E-03
   1790   0.12079E-03
   1800   0.11994E-03
   1810   0.11907E-03
   1820   0.11822E-03
   1830   0.11737E-03
   1840   0.11656E-03
   1850   0.11577E-03
   1860   0.11500E-03
   1870   0.11428E-03
   1880   0.11363E-03
   1890   0.11303E-03
   1900   0.11250E-03
   1910   0.11206E-03
   1920   0.11170E-03
   1930   0.11141E-03
   1940   0.11124E-03
   1950   0.11115E-03
   1960   0.11116E-03
   1970   0.11126E-03
   1980   0.11148E-03
   1990   0.11179E-03
   2000   0.11220E-03
   2010   0.11271E-03
   2020   0.11329E-03
   2030   0.11399E-03
   2040   0.11474E-03
   2050   0.11558E-03
   2060   0.11647E-03
   2070   0.11743E-03
   2080   0.11844E-03
   2090   0.11949E-03
   2100   0.12057E-03
   2110   0.12169E-03
   2120   0.12284E-03
   2130   0.12399E-03
   2140   0.12516E-03
   2150   0.12633E-03
   2160   0.12751E-03
   2170   0.12869E-03
   2180   0.12986E-03
   2190   0.13100E-03
   2200   0.13216E-03
   2210   0.13330E-03
   2220   0.13442E-03
   2230   0.13551E-03
   2240   0.13657E-03
   2250   0.13763E-03
   2260   0.13865E-03
   2270   0.13964E-03
   2280   0.14063E-03
   2290   0.14158E-03
   2300   0.14248E-03
   2310   0.14337E-03
   2320   0.14420E-03
   2330   0.14500E-03
   2340   0.14577E-03
   2350   0.14649E-03
   2360   0.14718E-03
   2370   0.14784E-03
   2380   0.14841E-03
   2390   0.14897E-03
   2400   0.14946E-03
   2410   0.14992E-03
   2420   0.15031E-03
   2430   0.15065E-03
   2440   0.15094E-03
   2450   0.15117E-03
   2460   0.15135E-03
   2470   0.15150E-03
   2480   0.15155E-03
   2490   0.15155E-03
   2500   0.15153E-03
   2510   0.15143E-03
   2520   0.15128E-03
   2530   0.15106E-03
   2540   0.15083E-03
   2550   0.15053E-03
   2560   0.15017E-03
   2570   0.14978E-03
   2580   0.14934E-03
   2590   0.14887E-03
   2600   0.14834E-03
   2610   0.14777E-03
   2620   0.14718E-03
   2630   0.14652E-03
   2640   0.14584E-03
   2650   0.14512E-03
   2660   0.14440E-03
   2670   0.14363E-03
   2680   0.14281E-03
   2690   0.14199E-03
   2700   0.14112E-03
   2710   0.14024E-03
   2720   0.13934E-03
   2730   0.13842E-03
   2740   0.13747E-03
   2750   0.13650E-03
   2760   0.13551E-03
   2770   0.13451E-03
   2780   0.13348E-03
   2790   0.13243E-03
   2800   0.13140E-03
   2810   0.13035E-03
   2820   0.12926E-03
   2830   0.12817E-03
   2840   0.12710E-03
   2850   0.12598E-03
   2860   0.12489E-03
   2870   0.12379E-03
   2880   0.12265E-03
   2890   0.12155E-03
   2900   0.12042E-03
   2910   0.11931E-03
   2920   0.11819E-03
   2930   0.11708E-03
   2940   0.11596E-03
   2950   0.11486E-03
   2960   0.11375E-03
   2970   0.11264E-03
   2980   0.11155E-03
   2990   0.11043E-03
   3000   0.10936E-03
   3010   0.10826E-03
   3020   0.10721E-03
   3030   0.10614E-03
   3040   0.10509E-03
   3050   0.10404E-03
   3060   0.10301E-03
   3070   0.10200E-03
   3080   0.10098E-03
   3090   0.99979E-04
   3100   0.99001E-04
   3110   0.98019E-04
   3120   0.97089E-04
   3130   0.96131E-04
   3140   0.95210E-04
   3150   0.94284E-04
   3160   0.93399E-04
   3170   0.92538E-04
   3180   0.91663E-04
   3190   0.90837E-04
   3200   0.90004E-04
   3210   0.89197E-04
   3220   0.88400E-04
   3230   0.87613E-04
   3240   0.86836E-04
   3250   0.86105E-04
   3260   0.85376E-04
   3270   0.84661E-04
   3280   0.83957E-04
   3290   0.83258E-04
   3300   0.82611E-04
   3310   0.81947E-04
   3320   0.81314E-04
   3330   0.80696E-04
   3340   0.80086E-04
   3350   0.79490E-04
   3360   0.78902E-04
   3370   0.78339E-04
   3380   0.77790E-04
   3390   0.77229E-04
   3400   0.76715E-04
   3410   0.76210E-04
   3420   0.75681E-04
   3430   0.75198E-04
   3440   0.74699E-04
   3450   0.74224E-04
   3460   0.73765E-04
   3470   0.73321E-04
   3480   0.72875E-04
   3490   0.72440E-04
   3500   0.72014E-04
   3510   0.71605E-04
   3520   0.71205E-04
   3530   0.70813E-04
   3540   0.70416E-04
   3550   0.70037E-04
   3560   0.69664E-04
   3570   0.69306E-04
   3580   0.68960E-04
   3590   0.68594E-04
   3600   0.68253E-04
   3610   0.67930E-04
   3620   0.67608E-04
   3630   0.67307E-04
   3640   0.66992E-04
   3650   0.66668E-04
   3660   0.66394E-04
   3670   0.66098E-04
   3680   0.65812E-04
   3690   0.65552E-04
   3700   0.65292E-04
   3710   0.65039E-04
   3720   0.64774E-04
   3730   0.64535E-04
   3740   0.64304E-04
   3750   0.64071E-04
   3760   0.63852E-04
   3770   0.63639E-04
   3780   0.63442E-04
   3790   0.63236E-04
   3800   0.63042E-04
   3810   0.62854E-04
   3820   0.62678E-04
   3830   0.62497E-04
   3840   0.62320E-04
   3850   0.62167E-04
   3860   0.62012E-04
   3870   0.61849E-04
   3880   0.61698E-04
   3890   0.61570E-04
   3900   0.61440E-04
   3910   0.61307E-04
   3920   0.61180E-04
   3930   0.61070E-04
   3940   0.60949E-04
   3950   0.60827E-04
   3960   0.60743E-04
   3970   0.60649E-04
   3980   0.60559E-04
   3990   0.60452E-04
   4000   0.60385E-04
   4010   0.60304E-04
   4020   0.60238E-04
   4030   0.60179E-04
   4040   0.60104E-04
   4050   0.60054E-04
   4060   0.59999E-04
   4070   0.59938E-04
   4080   0.59895E-04
   4090   0.59853E-04
   4100   0.59816E-04
   4110   0.59781E-04
   4120   0.59748E-04
   4130   0.59727E-04
   4140   0.59716E-04
   4150   0.59694E-04
   4160   0.59695E-04
   4170   0.59671E-04
   4180   0.59680E-04
   4190   0.59680E-04
   4200   0.59690E-04
   4210   0.59697E-04
   4220   0.59717E-04
   4230   0.59742E-04
   4240   0.59765E-04
   4250   0.59792E-04
   4260   0.59814E-04
   4270   0.59847E-04
   4280   0.59894E-04
   4290   0.59948E-04
   4300   0.59988E-04
   4310   0.60039E-04
   4320   0.60099E-04
   4330   0.60148E-04
   4340   0.60218E-04
   4350   0.60272E-04
   4360   0.60347E-04
   4370   0.60415E-04
   4380   0.60479E-04
   4390   0.60557E-04
   4400   0.60630E-04
   4410   0.60720E-04
   4420   0.60799E-04
   4430   0.60861E-04
   4440   0.60945E-04
   4450   0.61044E-04
   4460   0.61127E-04
   4470   0.61197E-04
   4480   0.61291E-04
   4490   0.61386E-04
   4500   0.61466E-04
   4510   0.61566E-04
   4520   0.61655E-04
   4530   0.61742E-04
   4540   0.61823E-04
   4550   0.61923E-04
   4560   0.62005E-04
   4570   0.62083E-04
   4580   0.62176E-04
   4590   0.62262E-04
   4600   0.62347E-04
   4610   0.62429E-04
   4620   0.62502E-04
   4630   0.62599E-04
   4640   0.62657E-04
   4650   0.62742E-04
   4660   0.62808E-04
   4670   0.62873E-04
   4680   0.62946E-04
   4690   0.62999E-04
   4700   0.63080E-04
   4710   0.63133E-04
   4720   0.63181E-04
   4730   0.63240E-04
   4740   0.63287E-04
   4750   0.63335E-04
   4760   0.63374E-04
   4770   0.63402E-04
   4780   0.63441E-04
   4790   0.63480E-04
   4800   0.63503E-04
   4810   0.63534E-04
   4820   0.63551E-04
   4830   0.63564E-04
   4840   0.63591E-04
   4850   0.63586E-04
   4860   0.63589E-04
   4870   0.63581E-04
   4880   0.63600E-04
   4890   0.63579E-04
   4900   0.63564E-04
   4910   0.63572E-04
   4920   0.63549E-04
   4930   0.63530E-04
   4940   0.63493E-04
   4950   0.63489E-04
   4960   0.63445E-04
   4970   0.63411E-04
   4980   0.63367E-04
   4990   0.63337E-04
   5000   0.63291E-04
   5010   0.63229E-04
   5020   0.63185E-04
   5030   0.63137E-04
   5040   0.63087E-04
   5050   0.63017E-04
   5060   0.62959E-04
   5070   0.62911E-04
   5080   0.62844E-04
   5090   0.62760E-04
   5100   0.62691E-04
   5110   0.62627E-04
   5120   0.62558E-04
   5130   0.62490E-04
   5140   0.62390E-04
   5150   0.62310E-04
   5160   0.62230E-04
   5170   0.62149E-04
   5180   0.62081E-04
   5190   0.61987E-04
   5200   0.61907E-04
   5210   0.61820E-04
   5220   0.61744E-04
   5230   0.61652E-04
   5240   0.61561E-04
   5250   0.61474E-04
   5260   0.61377E-04
   5270   0.61293E-04
   5280   0.61222E-04
   5290   0.61107E-04
   5300   0.61020E-04
   5310   0.60939E-04
   5320   0.60851E-04
   5330   0.60763E-04
   5340   0.60685E-04
   5350   0.60591E-04
   5360   0.60506E-04
   5370   0.60415E-04
   5380   0.60329E-04
   5390   0.60251E-04
   5400   0.60167E-04
   5410   0.60090E-04
   5420   0.60003E-04
   5430   0.59925E-04
   5440   0.59861E-04
   5450   0.59755E-04
   5460   0.59697E-04
   5470   0.59624E-04
   5480   0.59547E-04
   5490   0.59467E-04
   5500   0.59401E-04
   5510   0.59340E-04
   5520   0.59274E-04
   5530   0.59215E-04
   5540   0.59146E-04
   5550   0.59082E-04
   5560   0.59030E-04
   5570   0.58971E-04
   5580   0.58916E-04
   5590   0.58851E-04
   5600   0.58807E-04
   5610   0.58755E-04
   5620   0.58695E-04
   5630   0.58652E-04
   5640   0.58607E-04
   5650   0.58558E-04
   5660   0.58523E-04
   5670   0.58485E-04
   5680   0.58448E-04
   5690   0.58407E-04
   5700   0.58367E-04
   5710   0.58339E-04
   5720   0.58308E-04
   5730   0.58273E-04
   5740   0.58246E-04
   5750   0.58214E-04
   5760   0.58187E-04
   5770   0.58172E-04
   5780   0.58137E-04
   5790   0.58118E-04
   5800   0.58095E-04
   5810   0.58089E-04
   5820   0.58060E-04
   5830   0.58044E-04
   5840   0.58027E-04
   5850   0.58013E-04
   5860   0.58005E-04
   5870   0.57983E-04
   5880   0.57980E-04
   5890   0.57961E-04
   5900   0.57950E-04
   5910   0.57937E-04
   5920   0.57936E-04
   5930   0.57916E-04
   5940   0.57918E-04
   5950   0.57909E-04
   5960   0.57895E-04
   5970   0.57895E-04
   5980   0.57882E-04
   5990   0.57875E-04
   6000   0.57878E-04
   6010   0.57870E-04
   6020   0.57872E-04
   6030   0.57863E-04
   6040   0.57854E-04
   6050   0.57855E-04
   6060   0.57851E-04
   6070   0.57847E-04
   6080   0.57836E-04
   6090   0.57841E-04
   6100   0.57830E-04
   6110   0.57819E-04
   6120   0.57837E-04
   6130   0.57822E-04
   6140   0.57823E-04
   6150   0.57819E-04
   6160   0.57815E-04
   6170   0.57830E-04
   6180   0.57812E-04
   6190   0.57807E-04
   6200   0.57799E-04
   6210   0.57806E-04
   6220   0.57793E-04
   6230   0.57790E-04
   6240   0.57791E-04
   6250   0.57775E-04
   6260   0.57783E-04
   6270   0.57767E-04
   6280   0.57771E-04
   6290   0.57764E-04
   6300   0.57753E-04
   6310   0.57755E-04
   6320   0.57733E-04
   6330   0.57743E-04
   6340   0.57731E-04
   6350   0.57727E-04
   6360   0.57714E-04
   6370   0.57698E-04
   6380   0.57677E-04
   6390   0.57680E-04
   6400   0.57663E-04
   6410   0.57657E-04
   6420   0.57649E-04
   6430   0.57613E-04
   6440   0.57607E-04
   6450   0.57595E-04
   6460   0.57567E-04
   6470   0.57552E-04
   6480   0.57530E-04
   6490   0.57498E-04
   6500   0.57477E-04
   6510   0.57461E-04
   6520   0.57418E-04
   6530   0.57389E-04
   6540   0.57374E-04
   6550   0.57334E-04
   6560   0.57305E-04
   6570   0.57268E-04
   6580   0.57226E-04
   6590   0.57191E-04
   6600   0.57152E-04
   6610   0.57112E-04
   6620   0.57063E-04
   6630   0.57021E-04
   6640   0.56975E-04
   6650   0.56918E-04
   6660   0.56874E-04
   6670   0.56808E-04
   6680   0.56749E-04
   6690   0.56684E-04
   6700   0.56622E-04
   6710   0.56568E-04
   6720   0.56509E-04
   6730   0.56422E-04
   6740   0.56366E-04
   6750   0.56281E-04
   6760   0.56210E-04
   6770   0.56132E-04
   6780   0.56053E-04
   6790   0.55965E-04
   6800   0.55872E-04
   6810   0.55792E-04
   6820   0.55709E-04
   6830   0.55611E-04
   6840   0.55512E-04
   6850   0.55415E-04
   6860   0.55338E-04
   6870   0.55210E-04
   6880   0.55116E-04
   6890   0.55004E-04
   6900   0.54896E-04
   6910   0.54786E-04
   6920   0.54687E-04
   6930   0.54578E-04
   6940   0.54456E-04
   6950   0.54335E-04
   6960   0.54228E-04
   6970   0.54107E-04
   6980   0.53992E-04
   6990   0.53875E-04
   7000   0.53765E-04
   7010   0.53625E-04
   7020   0.53504E-04
   7030   0.53387E-04
   7040   0.53267E-04
   7050   0.53132E-04
   7060   0.53017E-04
   7070   0.52893E-04
   7080   0.52763E-04
   7090   0.52648E-04
   7100   0.52527E-04
   7110   0.52398E-04
   7120   0.52287E-04
   7130   0.52167E-04
   7140   0.52050E-04
   7150   0.51930E-04
   7160   0.51819E-04
   7170   0.51694E-04
   7180   0.51578E-04
   7190   0.51480E-04
   7200   0.51364E-04
   7210   0.51250E-04
   7220   0.51138E-04
   7230   0.51047E-04
   7240   0.50935E-04
   7250   0.50825E-04
   7260   0.50737E-04
   7270   0.50625E-04
   7280   0.50537E-04
   7290   0.50439E-04
   7300   0.50340E-04
   7310   0.50255E-04
   7320   0.50162E-04
   7330   0.50070E-04
   7340   0.49992E-04
   7350   0.49906E-04
   7360   0.49829E-04
   7370   0.49752E-04
   7380   0.49663E-04
   7390   0.49590E-04
   7400   0.49506E-04
   7410   0.49449E-04
   7420   0.49352E-04
   7430   0.49288E-04
   7440   0.49228E-04
   7450   0.49151E-04
   7460   0.49081E-04
   7470   0.49031E-04
   7480   0.48960E-04
   7490   0.48883E-04
   7500   0.48827E-04
   7510   0.48757E-04
   7520   0.48692E-04
   7530   0.48637E-04
   7540   0.48572E-04
   7550   0.48516E-04
   7560   0.48461E-04
   7570   0.48413E-04
   7580   0.48349E-04
   7590   0.48289E-04
   7600   0.48205E-04
   7610   0.48156E-04
   7620   0.48106E-04
   7630   0.48053E-04
   7640   0.47994E-04
   7650   0.47956E-04
   7660   0.47896E-04
   7670   0.47829E-04
   7680   0.47779E-04
   7690   0.47719E-04
   7700   0.47672E-04
   7710   0.47627E-04
   7720   0.47564E-04
   7730   0.47496E-04
   7740   0.47451E-04
   7750   0.47385E-04
   7760   0.47331E-04
   7770   0.47284E-04
   7780   0.47225E-04
   7790   0.47154E-04
   7800   0.47110E-04
   7810   0.47049E-04
   7820   0.46995E-04
   7830   0.46930E-04
   7840   0.46871E-04
   7850   0.46819E-04
   7860   0.46767E-04
   7870   0.46709E-04
   7880   0.46651E-04
   7890   0.46581E-04
   7900   0.46504E-04
   7910   0.46440E-04
   7920   0.46379E-04
   7930   0.46328E-04
   7940   0.46258E-04
   7950   0.46179E-04
   7960   0.46127E-04
   7970   0.46069E-04
   7980   0.45994E-04
   7990   0.45906E-04
   8000   0.45844E-04
   8010   0.45773E-04
   8020   0.45684E-04
   8030   0.45613E-04
   8040   0.45550E-04
   8050   0.45478E-04
   8060   0.45390E-04
   8070   0.45310E-04
   8080   0.45226E-04
   8090   0.45160E-04
   8100   0.45059E-04
   8110   0.44996E-04
   8120   0.44879E-04
   8130   0.44817E-04
   8140   0.44721E-04
   8150   0.44636E-04
   8160   0.44545E-04
   8170   0.44443E-04
   8180   0.44343E-04
   8190   0.44243E-04
   8200   0.44156E-04
   8210   0.44050E-04
   8220   0.43937E-04
   8230   0.43856E-04
   8240   0.43747E-04
   8250   0.43634E-04
   8260   0.43534E-04
   8270   0.43436E-04
   8280   0.43328E-04
   8290   0.43216E-04
   8300   0.43107E-04
   8310   0.42988E-04
   8320   0.42887E-04
   8330   0.42762E-04
   8340   0.42650E-04
   8350   0.42532E-04
   8360   0.42408E-04
   8370   0.42277E-04
   8380   0.42175E-04
   8390   0.42039E-04
   8400   0.41918E-04
   8410   0.41788E-04
   8420   0.41650E-04
   8430   0.41523E-04
   8440   0.41406E-04
   8450   0.41259E-04
   8460   0.41141E-04
   8470   0.40982E-04
   8480   0.40858E-04
   8490   0.40718E-04
   8500   0.40589E-04
   8510   0.40440E-04
   8520   0.40298E-04
   8530   0.40138E-04
   8540   0.40005E-04
   8550   0.39845E-04
   8560   0.39718E-04
   8570   0.39548E-04
   8580   0.39394E-04
   8590   0.39254E-04
   8600   0.39095E-04
   8610   0.38932E-04
   8620   0.38788E-04
   8630   0.38629E-04
   8640   0.38472E-04
   8650   0.38316E-04
   8660   0.38150E-04
   8670   0.37984E-04
   8680   0.37836E-04
   8690   0.37653E-04
   8700   0.37511E-04
   8710   0.37311E-04
   8720   0.37183E-04
   8730   0.37015E-04
   8740   0.36832E-04
   8750   0.36683E-04
   8760   0.36503E-04
   8770   0.36344E-04
   8780   0.36173E-04
   8790   0.36026E-04
   8800   0.35842E-04
   8810   0.35688E-04
   8820   0.35517E-04
   8830   0.35357E-04
   8840   0.35188E-04
   8850   0.35038E-04
   8860   0.34875E-04
   8870   0.34716E-04
   8880   0.34578E-04
   8890   0.34413E-04
   8900   0.34252E-04
   8910   0.34092E-04
   8920   0.33918E-04
   8930   0.33782E-04
   8940   0.33623E-04
   8950   0.33485E-04
   8960   0.33341E-04
   8970   0.33195E-04
   8980   0.33044E-04
   8990   0.32908E-04
   9000   0.32783E-04
   9010   0.32629E-04
   9020   0.32475E-04
   9030   0.32338E-04
   9040   0.32228E-04
   9050   0.32097E-04
   9060   0.31941E-04
   9070   0.31834E-04
   9080   0.31700E-04
   9090   0.31598E-04
   9100   0.31463E-04
   9110   0.31341E-04
   9120   0.31211E-04
   9130   0.31113E-04
   9140   0.30988E-04
   9150   0.30862E-04
   9160   0.30758E-04
   9170   0.30659E-04
   9180   0.30532E-04
   9190   0.30432E-04
   9200   0.30310E-04
   9210   0.30209E-04
   9220   0.30098E-04
   9230   0.29999E-04
   9240   0.29877E-04
   9250   0.29788E-04
   9260   0.29674E-04
   9270   0.29572E-04
   9280   0.29458E-04
   9290   0.29380E-04
   9300   0.29270E-04
   9310   0.29166E-04
   9320   0.29074E-04
   9330   0.28969E-04
   9340   0.28865E-04
   9350   0.28763E-04
   9360   0.28686E-04
   9370   0.28566E-04
   9380   0.28475E-04
   9390   0.28384E-04
   9400   0.28291E-04
   9410   0.28192E-04
   9420   0.28090E-04
   9430   0.27988E-04
   9440   0.27894E-04
   9450   0.27814E-04
   9460   0.27701E-04
   9470   0.27608E-04
   9480   0.27522E-04
   9490   0.27408E-04
   9500   0.27317E-04
   9510   0.27243E-04
   9520   0.27137E-04
   9530   0.27040E-04
   9540   0.26932E-04
   9550   0.26846E-04
   9560   0.26763E-04
   9570   0.26644E-04
   9580   0.26572E-04
   9590   0.26468E-04
   9600   0.26367E-04
   9610   0.26279E-04
   9620   0.26185E-04
   9630   0.26091E-04
   9640   0.25990E-04
   9650   0.25896E-04
   9660   0.25809E-04
   9670   0.25696E-04
   9680   0.25633E-04
   9690   0.25528E-04
   9700   0.25405E-04
   9710   0.25326E-04
   9720   0.25246E-04
   9730   0.25127E-04
   9740   0.25046E-04
   9750   0.24958E-04
   9760   0.24860E-04
   9770   0.24777E-04
   9780   0.24663E-04
   9790   0.24580E-04
   9800   0.24474E-04
   9810   0.24392E-04
   9820   0.24303E-04
   9830   0.24207E-04
   9840   0.24132E-04
   9850   0.24025E-04
   9860   0.23937E-04
   9870   0.23836E-04
   9880   0.23744E-04
   9890   0.23652E-04
   9900   0.23579E-04
   9910   0.23481E-04
   9920   0.23385E-04
   9930   0.23318E-04
   9940   0.23220E-04
   9950   0.23117E-04
   9960   0.23054E-04
   9970   0.22955E-04
   9980   0.22862E-04
   9990   0.22798E-04
  10000   0.22706E-04
  10010   0.22626E-04
  10020   0.22555E-04
  10030   0.22477E-04
  10040   0.22386E-04
  10050   0.22316E-04
  10060   0.22212E-04
  10070   0.22146E-04
  10080   0.22083E-04
  10090   0.22008E-04
  10100   0.21927E-04
  10110   0.21847E-04
  10120   0.21782E-04
  10130   0.21721E-04
  10140   0.21636E-04
  10150   0.21579E-04
  10160   0.21507E-04
  10170   0.21445E-04
  10180   0.21374E-04
  10190   0.21310E-04
  10200   0.21232E-04
  10210   0.21178E-04
  10220   0.21113E-04
  10230   0.21051E-04
  10240   0.20989E-04
  10250   0.20927E-04
  10260   0.20874E-04
  10270   0.20820E-04
  10280   0.20755E-04
  10290   0.20708E-04
  10300   0.20631E-04
  10310   0.20613E-04
  10320   0.20536E-04
  10330   0.20493E-04
  10340   0.20423E-04
  10350   0.20381E-04
  10360   0.20332E-04
  10370   0.20281E-04
  10380   0.20238E-04
  10390   0.20181E-04
  10400   0.20142E-04
  10410   0.20105E-04
  10420   0.20050E-04
  10430   0.20005E-04
  10440   0.19961E-04
  10450   0.19920E-04
  10460   0.19898E-04
  10470   0.19828E-04
  10480   0.19788E-04
  10490   0.19764E-04
  10500   0.19695E-04
  10510   0.19690E-04
  10520   0.19631E-04
  10530   0.19605E-04
  10540   0.19536E-04
  10550   0.19512E-04
  10560   0.19476E-04
  10570   0.19435E-04
  10580   0.19410E-04
  10590   0.19369E-04
  10600   0.19330E-04
  10610   0.19296E-04
  10620   0.19271E-04
  10630   0.19241E-04
  10640   0.19189E-04
  10650   0.19163E-04
  10660   0.19145E-04
  10670   0.19103E-04
  10680   0.19076E-04
  10690   0.19043E-04
  10700   0.19008E-04
  10710   0.18980E-04
  10720   0.18959E-04
  10730   0.18920E-04
  10740   0.18870E-04
  10750   0.18854E-04
  10760   0.18832E-04
  10770   0.18806E-04
  10780   0.18769E-04
  10790   0.18733E-04
  10800   0.18700E-04
  10810   0.18695E-04
  10820   0.18652E-04
  10830   0.18619E-04
  10840   0.18604E-04
  10850   0.18576E-04
  10860   0.18542E-04
  10870   0.18537E-04
  10880   0.18514E-04
  10890   0.18480E-04
  10900   0.18466E-04
  10910   0.18446E-04
  10920   0.18415E-04
  10930   0.18387E-04
  10940   0.18362E-04
  10950   0.18356E-04
  10960   0.18323E-04
  10970   0.18309E-04
  10980   0.18291E-04
  10990   0.18268E-04
  11000   0.18236E-04
  11010   0.18214E-04
  11020   0.18215E-04
  11030   0.18197E-04
  11040   0.18191E-04
  11050   0.18173E-04
  11060   0.18154E-04
  11070   0.18134E-04
  11080   0.18118E-04
  11090   0.18100E-04
  11100   0.18092E-04
  11110   0.18085E-04
  11120   0.18053E-04
  11130   0.18037E-04
  11140   0.18030E-04
  11150   0.18018E-04
  11160   0.18009E-04
  11170   0.17992E-04
  11180   0.17982E-04
  11190   0.17972E-04
  11200   0.17955E-04
  11210   0.17948E-04
  11220   0.17928E-04
  11230   0.17918E-04
  11240   0.17915E-04
  11250   0.17899E-04
  11260   0.17880E-04
  11270   0.17852E-04
  11280   0.17844E-04
  11290   0.17832E-04
  11300   0.17806E-04
  11310   0.17800E-04
  11320   0.17778E-04
  11330   0.17757E-04
  11340   0.17745E-04
  11350   0.17730E-04
  11360   0.17716E-04
  11370   0.17705E-04
  11380   0.17694E-04
  11390   0.17678E-04
  11400   0.17680E-04
  11410   0.17644E-04
  11420   0.17638E-04
  11430   0.17629E-04
  11440   0.17618E-04
  11450   0.17606E-04
  11460   0.17606E-04
  11470   0.17607E-04
  11480   0.17604E-04
  11490   0.17608E-04
  11500   0.17627E-04
  11510   0.17623E-04
  11520   0.17649E-04
  11530   0.17664E-04
  11540   0.17665E-04
  11550   0.17686E-04
  11560   0.17723E-04
  11570   0.17757E-04
  11580   0.17799E-04
  11590   0.17841E-04
  11600   0.17899E-04
  11610   0.17945E-04
  11620   0.18012E-04
  11630   0.18065E-04
  11640   0.18135E-04
  11650   0.18204E-04
  11660   0.18289E-04
  11670   0.18372E-04
  11680   0.18447E-04
  11690   0.18536E-04
  11700   0.18630E-04
  11710   0.18731E-04
  11720   0.18831E-04
  11730   0.18938E-04
  11740   0.19040E-04
  11750   0.19149E-04
  11760   0.19258E-04
  11770   0.19361E-04
  11780   0.19476E-04
  11790   0.19595E-04
  11800   0.19691E-04
  11810   0.19801E-04
  11820   0.19908E-04
  11830   0.20012E-04
  11840   0.20113E-04
  11850   0.20222E-04
  11860   0.20320E-04
  11870   0.20419E-04
  11880   0.20507E-04
  11890   0.20605E-04
  11900   0.20716E-04
  11910   0.20812E-04
  11920   0.20911E-04
  11930   0.21032E-04
  11940   0.21145E-04
  11950   0.21292E-04
  11960   0.21425E-04
  11970   0.21572E-04
  11980   0.21722E-04
  11990   0.21899E-04
  12000   0.22065E-04
  12010   0.22249E-04
  12020   0.22433E-04
  12030   0.22616E-04
  12040   0.22823E-04
  12050   0.23012E-04
  12060   0.23211E-04
  12070   0.23401E-04
  12080   0.23611E-04
  12090   0.23801E-04
  12100   0.23995E-04
  12110   0.24186E-04
  12120   0.24383E-04
  12130   0.24570E-04
  12140   0.24747E-04
  12150   0.24933E-04
  12160   0.25118E-04
  12170   0.25302E-04
  12180   0.25471E-04
  12190   0.25651E-04
  12200   0.25832E-04
  12210   0.25996E-04
  12220   0.26169E-04
  12230   0.26337E-04
  12240   0.26490E-04
  12250   0.26661E-04
  12260   0.26817E-04
  12270   0.26962E-04
  12280   0.27120E-04
  12290   0.27259E-04
  12300   0.27412E-04
  12310   0.27555E-04
  12320   0.27693E-04
  12330   0.27846E-04
  12340   0.27988E-04
  12350   0.28135E-04
  12360   0.28278E-04
  12370   0.28437E-04
  12380   0.28597E-04
  12390   0.28769E-04
  12400   0.28930E-04
  12410   0.29086E-04
  12420   0.29268E-04
  12430   0.29446E-04
  12440   0.29636E-04
  12450   0.29826E-04
  12460   0.30008E-04
  12470   0.30222E-04
  12480   0.30406E-04
  12490   0.30635E-04
  12500   0.30832E-04
  12510   0.31054E-04
  12520   0.31271E-04
  12530   0.31486E-04
  12540   0.31719E-04
  12550   0.31936E-04
  12560   0.32159E-04
  12570   0.32399E-04
  12580   0.32619E-04
  12590   0.32859E-04
  12600   0.33080E-04
  12610   0.33293E-04
  12620   0.33518E-04
  12630   0.33737E-04
  12640   0.33952E-04
  12650   0.34157E-04
  12660   0.34374E-04
  12670   0.34579E-04
  12680   0.34782E-04
  12690   0.34979E-04
  12700   0.35178E-04
  12710   0.35367E-04
  12720   0.35568E-04
  12730   0.35751E-04
  12740   0.35926E-04
  12750   0.36129E-04
  12760   0.36296E-04
  12770   0.36505E-04
  12780   0.36684E-04
  12790   0.36874E-04
  12800   0.37065E-04
  12810   0.37252E-04
  12820   0.37442E-04
  12830   0.37645E-04
  12840   0.37840E-04
  12850   0.38039E-04
  12860   0.38247E-04
  12870   0.38460E-04
  12880   0.38663E-04
  12890   0.38884E-04
  12900   0.39086E-04
  12910   0.39321E-04
  12920   0.39539E-04
  12930   0.39754E-04
  12940   0.40002E-04
  12950   0.40232E-04
  12960   0.40461E-04
  12970   0.40697E-04
  12980   0.40939E-04
  12990   0.41183E-04
  13000   0.41431E-04
  13010   0.41673E-04
  13020   0.41915E-04
  13030   0.42163E-04
  13040   0.42417E-04
  13050   0.42659E-04
  13060   0.42909E-04
  13070   0.43147E-04
  13080   0.43406E-04
  13090   0.43649E-04
  13100   0.43903E-04
  13110   0.44144E-04
  13120   0.44387E-04
  13130   0.44643E-04
  13140   0.44890E-04
  13150   0.45145E-04
  13160   0.45386E-04
  13170   0.45647E-04
  13180   0.45903E-04
  13190   0.46160E-04
  13200   0.46420E-04
  13210   0.46683E-04
  13220   0.46951E-04
  13230   0.47226E-04
  13240   0.47496E-04
  13250   0.47778E-04
  13260   0.48061E-04
  13270   0.48340E-04
  13280   0.48621E-04
  13290   0.48910E-04
  13300   0.49203E-04
  13310   0.49488E-04
  13320   0.49784E-04
  13330   0.50072E-04
  13340   0.50364E-04
  13350   0.50663E-04
  13360   0.50957E-04
  13370   0.51256E-04
  13380   0.51547E-04
  13390   0.51847E-04
  13400   0.52150E-04
  13410   0.52450E-04
  13420   0.52748E-04
  13430   0.53045E-04
  13440   0.53346E-04
  13450   0.53654E-04
  13460   0.53961E-04
  13470   0.54272E-04
  13480   0.54580E-04
  13490   0.54894E-04
  13500   0.55201E-04
  13510   0.55511E-04
  13520   0.55833E-04
  13530   0.56141E-04
  13540   0.56459E-04
  13550   0.56767E-04
  13560   0.57088E-04
  13570   0.57394E-04
  13580   0.57712E-04
  13590   0.58022E-04
  13600   0.58337E-04
  13610   0.58652E-04
  13620   0.58957E-04
  13630   0.59261E-04
  13640   0.59571E-04
  13650   0.59877E-04
  13660   0.60180E-04
  13670   0.60483E-04
  13680   0.60787E-04
  13690   0.61091E-04
  13700   0.61387E-04
  13710   0.61685E-04
  13720   0.61981E-04
  13730   0.62277E-04
  13740   0.62575E-04
  13750   0.62869E-04
  13760   0.63169E-04
  13770   0.63466E-04
  13780   0.63755E-04
  13790   0.64053E-04
  13800   0.64351E-04
  13810   0.64640E-04
  13820   0.64942E-04
  13830   0.65238E-04
  13840   0.65535E-04
  13850   0.65835E-04
  13860   0.66129E-04
  13870   0.66428E-04
  13880   0.66728E-04
  13890   0.67028E-04
  13900   0.67330E-04
  13910   0.67629E-04
  13920   0.67929E-04
  13930   0.68229E-04
  13940   0.68534E-04
  13950   0.68831E-04
  13960   0.69132E-04
  13970   0.69430E-04
  13980   0.69733E-04
  13990   0.70035E-04
  14000   0.70325E-04
  14010   0.70623E-04
  14020   0.70924E-04
  14030   0.71210E-04
  14040   0.71507E-04
  14050   0.71796E-04
  14060   0.72084E-04
  14070   0.72373E-04
  14080   0.72659E-04
  14090   0.72935E-04
  14100   0.73217E-04
  14110   0.73494E-04
  14120   0.73767E-04
  14130   0.74029E-04
  14140   0.74296E-04
  14150   0.74555E-04
  14160   0.74812E-04
  14170   0.75066E-04
  14180   0.75312E-04
  14190   0.75557E-04
  14200   0.75783E-04
  14210   0.76015E-04
  14220   0.76237E-04
  14230   0.76451E-04
  14240   0.76655E-04
  14250   0.76852E-04
  14260   0.77041E-04
  14270   0.77217E-04
  14280   0.77386E-04
  14290   0.77538E-04
  14300   0.77680E-04
  14310   0.77812E-04
  14320   0.77927E-04
  14330   0.78034E-04
  14340   0.78119E-04
  14350   0.78197E-04
  14360   0.78251E-04
  14370   0.78295E-04
  14380   0.78327E-04
  14390   0.78331E-04
  14400   0.78319E-04
  14410   0.78300E-04
  14420   0.78257E-04
  14430   0.78202E-04
  14440   0.78128E-04
  14450   0.78037E-04
  14460   0.77934E-04
  14470   0.77823E-04
  14480   0.77698E-04
  14490   0.77563E-04
  14500   0.77417E-04
  14510   0.77263E-04
  14520   0.77107E-04
  14530   0.76943E-04
  14540   0.76782E-04
  14550   0.76623E-04
  14560   0.76468E-04
  14570   0.76322E-04
  14580   0.76187E-04
  14590   0.76062E-04
  14600   0.75951E-04
  14610   0.75866E-04
  14620   0.75786E-04
  14630   0.75742E-04
  14640   0.75718E-04
  14650   0.75723E-04
  14660   0.75756E-04
  14670   0.75821E-04
  14680   0.75915E-04
  14690   0.76054E-04
  14700   0.76223E-04
  14710   0.76429E-04
  14720   0.76673E-04
  14730   0.76950E-04
  14740   0.77271E-04
  14750   0.77623E-04
  14760   0.78010E-04
  14770   0.78439E-04
  14780   0.78899E-04
  14790   0.79384E-04
  14800   0.79902E-04
  14810   0.80452E-04
  14820   0.81032E-04
  14830   0.81633E-04
  14840   0.82254E-04
  14850   0.82898E-04
  14860   0.83558E-04
  14870   0.84238E-04
  14880   0.84932E-04
  14890   0.85638E-04
  14900   0.86344E-04
  14910   0.87075E-04
  14920   0.87800E-04
  14930   0.88531E-04
  14940   0.89265E-04
  14950   0.89997E-04
  14960   0.90728E-04
  14970   0.91457E-04
  14980   0.92182E-04
  14990   0.92899E-04
  15000   0.93604E-04
  15010   0.94311E-04
  15020   0.94997E-04
  15030   0.95683E-04
  15040   0.96351E-04
  15050   0.97005E-04
  15060   0.97649E-04
  15070   0.98283E-04
  15080   0.98900E-04
  15090   0.99500E-04
  15100   0.10009E-03
  15110   0.10066E-03
  15120   0.10122E-03
  15130   0.10175E-03
  15140   0.10227E-03
  15150   0.10277E-03
  15160   0.10326E-03
  15170   0.10372E-03
  15180   0.10417E-03
  15190   0.10459E-03
  15200   0.10501E-03
  15210   0.10539E-03
  15220   0.10576E-03
  15230   0.10611E-03
  15240   0.10644E-03
  15250   0.10675E-03
  15260   0.10704E-03
  15270   0.10731E-03
  15280   0.10756E-03
  15290   0.10778E-03
  15300   0.10800E-03
  15310   0.10819E-03
  15320   0.10835E-03
  15330   0.10850E-03
  15340   0.10864E-03
  15350   0.10875E-03
  15360   0.10885E-03
  15370   0.10893E-03
  15380   0.10897E-03
  15390   0.10902E-03
  15400   0.10903E-03
  15410   0.10904E-03
  15420   0.10901E-03
  15430   0.10898E-03
  15440   0.10893E-03
  15450   0.10886E-03
  15460   0.10877E-03
  15470   0.10867E-03
  15480   0.10856E-03
  15490   0.10841E-03
  15500   0.10828E-03
  15510   0.10812E-03
  15520   0.10793E-03
  15530   0.10774E-03
  15540   0.10754E-03
  15550   0.10733E-03
  15560   0.10709E-03
  15570   0.10685E-03
  15580   0.10660E-03
  15590   0.10634E-03
  15600   0.10608E-03
  15610   0.10578E-03
  15620   0.10549E-03
  15630   0.10519E-03
  15640   0.10488E-03
  15650   0.10456E-03
  15660   0.10423E-03
  15670   0.10390E-03
  15680   0.10354E-03
  15690   0.10319E-03
  15700   0.10284E-03
  15710   0.10246E-03
  15720   0.10208E-03
  15730   0.10168E-03
  15740   0.10129E-03
  15750   0.10090E-03
  15760   0.10050E-03
  15770   0.10009E-03
  15780   0.99663E-04
  15790   0.99238E-04
  15800   0.98821E-04
  15810   0.98370E-04
  15820   0.97931E-04
  15830   0.97489E-04
  15840   0.97028E-04
  15850   0.96573E-04
  15860   0.96111E-04
  15870   0.95658E-04
  15880   0.95191E-04
  15890   0.94727E-04
  15900   0.94252E-04
  15910   0.93783E-04
  15920   0.93303E-04
  15930   0.92832E-04
  15940   0.92342E-04
  15950   0.91867E-04
  15960   0.91381E-04
  15970   0.90902E-04
  15980   0.90434E-04
  15990   0.89952E-04
  16000   0.89487E-04
  16010   0.89008E-04
  16020   0.88540E-04
  16030   0.88069E-04
  16040   0.87608E-04
  16050   0.87148E-04
  16060   0.86697E-04
  16070   0.86243E-04
  16080   0.85806E-04
  16090   0.85376E-04
  16100   0.84941E-04
  16110   0.84522E-04
  16120   0.84105E-04
  16130   0.83699E-04
  16140   0.83299E-04
  16150   0.82911E-04
  16160   0.82532E-04
  16170   0.82166E-04
  16180   0.81804E-04
  16190   0.81465E-04
  16200   0.81132E-04
  16210   0.80814E-04
  16220   0.80488E-04
  16230   0.80205E-04
  16240   0.79911E-04
  16250   0.79656E-04
  16260   0.79408E-04
  16270   0.79163E-04
  16280   0.78937E-04
  16290   0.78727E-04
  16300   0.78531E-04
  16310   0.78346E-04
  16320   0.78180E-04
  16330   0.78019E-04
  16340   0.77886E-04
  16350   0.77765E-04
  16360   0.77655E-04
  16370   0.77537E-04
  16380   0.77478E-04
  16390   0.77402E-04
  16400   0.77341E-04
  16410   0.77305E-04
  16420   0.77258E-04
  16430   0.77246E-04
  16440   0.77237E-04
  16450   0.77229E-04
  16460   0.77223E-04
  16470   0.77264E-04
  16480   0.77273E-04
  16490   0.77301E-04
  16500   0.77330E-04
  16510   0.77375E-04
  16520   0.77408E-04
  16530   0.77468E-04
  16540   0.77523E-04
  16550   0.77580E-04
  16560   0.77620E-04
  16570   0.77702E-04
  16580   0.77738E-04
  16590   0.77787E-04
  16600   0.77853E-04
  16610   0.77894E-04
  16620   0.77961E-04
  16630   0.77997E-04
  16640   0.78034E-04
  16650   0.78070E-04
  16660   0.78115E-04
  16670   0.78129E-04
  16680   0.78166E-04
  16690   0.78171E-04
  16700   0.78194E-04
  16710   0.78184E-04
  16720   0.78185E-04
  16730   0.78167E-04
  16740   0.78127E-04
  16750   0.78125E-04
  16760   0.78078E-04
  16770   0.78036E-04
  16780   0.77988E-04
  16790   0.77945E-04
  16800   0.77884E-04
  16810   0.77801E-04
  16820   0.77721E-04
  16830   0.77643E-04
  16840   0.77561E-04
  16850   0.77462E-04
  16860   0.77346E-04
  16870   0.77245E-04
  16880   0.77134E-04
  16890   0.77019E-04
  16900   0.76901E-04
  16910   0.76757E-04
  16920   0.76643E-04
  16930   0.76496E-04
  16940   0.76369E-04
  16950   0.76204E-04
  16960   0.76087E-04
  16970   0.75936E-04
  16980   0.75781E-04
  16990   0.75634E-04
  17000   0.75463E-04
  17010   0.75322E-04
  17020   0.75166E-04
  17030   0.74991E-04
  17040   0.74838E-04
  17050   0.74679E-04
  17060   0.74503E-04
  17070   0.74342E-04
  17080   0.74169E-04
  17090   0.74005E-04
  17100   0.73853E-04
  17110   0.73685E-04
  17120   0.73492E-04
  17130   0.73324E-04
  17140   0.73160E-04
  17150   0.72975E-04
  17160   0.72776E-04
  17170   0.72615E-04
  17180   0.72419E-04
  17190   0.72229E-04
  17200   0.72061E-04
  17210   0.71856E-04
  17220   0.71652E-04
  17230   0.71498E-04
  17240   0.71283E-04
  17250   0.71065E-04
  17260   0.70870E-04
  17270   0.70651E-04
  17280   0.70462E-04
  17290   0.70260E-04
  17300   0.70051E-04
  17310   0.69835E-04
  17320   0.69626E-04
  17330   0.69400E-04
  17340   0.69199E-04
  17350   0.68954E-04
  17360   0.68741E-04
  17370   0.68523E-04
  17380   0.68295E-04
  17390   0.68063E-04
  17400   0.67848E-04
  17410   0.67628E-04
  17420   0.67394E-04
  17430   0.67176E-04
  17440   0.66946E-04
  17450   0.66724E-04
  17460   0.66530E-04
  17470   0.66297E-04
  17480   0.66091E-04
  17490   0.65878E-04
  17500   0.65697E-04
  17510   0.65499E-04
  17520   0.65291E-04
  17530   0.65106E-04
  17540   0.64899E-04
  17550   0.64734E-04
  17560   0.64566E-04
  17570   0.64393E-04
  17580   0.64247E-04
  17590   0.64101E-04
  17600   0.63953E-04
  17610   0.63828E-04
  17620   0.63709E-04
  17630   0.63572E-04
  17640   0.63463E-04
  17650   0.63371E-04
  17660   0.63265E-04
  17670   0.63180E-04
  17680   0.63127E-04
  17690   0.63040E-04
  17700   0.62996E-04
  17710   0.62946E-04
  17720   0.62909E-04
  17730   0.62891E-04
  17740   0.62855E-04
  17750   0.62846E-04
  17760   0.62826E-04
  17770   0.62817E-04
  17780   0.62819E-04
  17790   0.62850E-04
  17800   0.62855E-04
  17810   0.62865E-04
  17820   0.62889E-04
  17830   0.62930E-04
  17840   0.62937E-04
  17850   0.62989E-04
  17860   0.62995E-04
  17870   0.63047E-04
  17880   0.63082E-04
  17890   0.63086E-04
  17900   0.63128E-04
  17910   0.63152E-04
  17920   0.63170E-04
  17930   0.63188E-04
  17940   0.63199E-04
  17950   0.63233E-04
  17960   0.63229E-04
  17970   0.63244E-04
  17980   0.63222E-04
  17990   0.63227E-04
  18000   0.63193E-04
  18010   0.63164E-04
  18020   0.63130E-04
  18030   0.63096E-04
  18040   0.63033E-04
  18050   0.62975E-04
  18060   0.62895E-04
  18070   0.62794E-04
  18080   0.62724E-04
  18090   0.62608E-04
  18100   0.62483E-04
  18110   0.62333E-04
  18120   0.62210E-04
  18130   0.62042E-04
  18140   0.61875E-04
  18150   0.61699E-04
  18160   0.61526E-04
  18170   0.61277E-04
  18180   0.61092E-04
  18190   0.60855E-04
  18200   0.60629E-04
  18210   0.60366E-04
  18220   0.60099E-04
  18230   0.59819E-04
  18240   0.59535E-04
  18250   0.59239E-04
  18260   0.58922E-04
  18270   0.58616E-04
  18280   0.58268E-04
  18290   0.57942E-04
  18300   0.57592E-04
  18310   0.57245E-04
  18320   0.56859E-04
  18330   0.56473E-04
  18340   0.56128E-04
  18350   0.55721E-04
  18360   0.55337E-04
  18370   0.54936E-04
  18380   0.54536E-04
  18390   0.54109E-04
  18400   0.53716E-04
  18410   0.53293E-04
  18420   0.52880E-04
  18430   0.52477E-04
  18440   0.52029E-04
  18450   0.51625E-04
  18460   0.51215E-04
  18470   0.50789E-04
  18480   0.50364E-04
  18490   0.49958E-04
  18500   0.49544E-04
  18510   0.49141E-04
  18520   0.48748E-04
  18530   0.48354E-04
  18540   0.47961E-04
  18550   0.47592E-04
  18560   0.47227E-04
  18570   0.46871E-04
  18580   0.46519E-04
  18590   0.46189E-04
  18600   0.45839E-04
  18610   0.45509E-04
  18620   0.45222E-04
  18630   0.44925E-04
  18640   0.44642E-04
  18650   0.44392E-04
  18660   0.44149E-04
  18670   0.43901E-04
  18680   0.43683E-04
  18690   0.43462E-04
  18700   0.43269E-04
  18710   0.43096E-04
  18720   0.42938E-04
  18730   0.42806E-04
  18740   0.42662E-04
  18750   0.42578E-04
  18760   0.42476E-04
  18770   0.42384E-04
  18780   0.42329E-04
  18790   0.42273E-04
  18800   0.42225E-04
  18810   0.42214E-04
  18820   0.42202E-04
  18830   0.42203E-04
  18840   0.42231E-04
  18850   0.42269E-04
  18860   0.42339E-04
  18870   0.42367E-04
  18880   0.42455E-04
  18890   0.42523E-04
  18900   0.42625E-04
  18910   0.42709E-04
  18920   0.42816E-04
  18930   0.42955E-04
  18940   0.43059E-04
  18950   0.43185E-04
  18960   0.43344E-04
  18970   0.43474E-04
  18980   0.43622E-04
  18990   0.43765E-04
  19000   0.43940E-04
  19010   0.44089E-04
  19020   0.44265E-04
  19030   0.44429E-04
  19040   0.44609E-04
  19050   0.44740E-04
  19060   0.44921E-04
  19070   0.45104E-04
  19080   0.45269E-04
  19090   0.45447E-04
  19100   0.45603E-04
  19110   0.45781E-04
  19120   0.45922E-04
  19130   0.46090E-04
  19140   0.46252E-04
  19150   0.46402E-04
  19160   0.46564E-04
  19170   0.46704E-04
  19180   0.46845E-04
  19190   0.46987E-04
  19200   0.47118E-04
  19210   0.47252E-04
  19220   0.47364E-04
  19230   0.47507E-04
  19240   0.47616E-04
  19250   0.47734E-04
  19260   0.47834E-04
  19270   0.47945E-04
  19280   0.48024E-04
  19290   0.48129E-04
  19300   0.48213E-04
  19310   0.48289E-04
  19320   0.48351E-04
  19330   0.48435E-04
  19340   0.48468E-04
  19350   0.48532E-04
  19360   0.48565E-04
  19370   0.48616E-04
  19380   0.48649E-04
  19390   0.48681E-04
  19400   0.48693E-04
  19410   0.48729E-04
  19420   0.48745E-04
  19430   0.48735E-04
  19440   0.48735E-04
  19450   0.48746E-04
  19460   0.48721E-04
  19470   0.48695E-04
  19480   0.48666E-04
  19490   0.48652E-04
  19500   0.48605E-04
  19510   0.48564E-04
  19520   0.48537E-04
  19530   0.48474E-04
  19540   0.48439E-04
  19550   0.48371E-04
  19560   0.48302E-04
  19570   0.48222E-04
  19580   0.48155E-04
  19590   0.48080E-04
  19600   0.47994E-04
  19610   0.47898E-04
  19620   0.47819E-04
  19630   0.47720E-04
  19640   0.47611E-04
  19650   0.47501E-04
  19660   0.47413E-04
  19670   0.47302E-04
  19680   0.47183E-04
  19690   0.47053E-04
  19700   0.46959E-04
  19710   0.46795E-04
  19720   0.46708E-04
  19730   0.46540E-04
  19740   0.46427E-04
  19750   0.46275E-04
  19760   0.46122E-04
  19770   0.45993E-04
  19780   0.45854E-04
  19790   0.45690E-04
  19800   0.45544E-04
  19810   0.45396E-04
  19820   0.45227E-04
  19830   0.45087E-04
  19840   0.44932E-04
  19850   0.44772E-04
  19860   0.44609E-04
  19870   0.44437E-04
  19880   0.44265E-04
  19890   0.44102E-04
  19900   0.43925E-04
  19910   0.43758E-04
  19920   0.43598E-04
  19930   0.43436E-04
  19940   0.43242E-04
  19950   0.43063E-04
  19960   0.42890E-04
  19970   0.42721E-04
  19980   0.42541E-04
  19990   0.42364E-04
  20000   0.42191E-04
