     10   0.10563E-02
     20   0.89827E-03
     30   0.79437E-03
     40   0.72036E-03
     50   0.66436E-03
     60   0.61973E-03
     70   0.58213E-03
     80   0.54933E-03
     90   0.52024E-03
    100   0.49401E-03
    110   0.46979E-03
    120   0.44741E-03
    130   0.42661E-03
    140   0.40705E-03
    150   0.38863E-03
    160   0.37136E-03
    170   0.35506E-03
    180   0.33977E-03
    190   0.32535E-03
    200   0.31174E-03
    210   0.29928E-03
    220   0.28755E-03
    230   0.27653E-03
    240   0.26622E-03
    250   0.25659E-03
    260   0.24757E-03
    270   0.23917E-03
    280   0.23135E-03
    290   0.22405E-03
    300   0.21728E-03
    310   0.21107E-03
    320   0.20532E-03
    330   0.20000E-03
    340   0.19512E-03
    350   0.19067E-03
    360   0.18667E-03
    370   0.18312E-03
    380   0.17998E-03
    390   0.17727E-03
    400   0.17493E-03
    410   0.17295E-03
    420   0.17129E-03
    430   0.16983E-03
    440   0.16854E-03
    450   0.16737E-03
    460   0.16624E-03
    470   0.16511E-03
    480   0.16396E-03
    490   0.16273E-03
    500   0.16143E-03
    510   0.16008E-03
    520   0.15865E-03
    530   0.15718E-03
    540   0.15568E-03
    550   0.15419E-03
    560   0.15273E-03
    570   0.15135E-03
    580   0.15007E-03
    590   0.14893E-03
    600   0.14794E-03
    610   0.14712E-03
    620   0.14650E-03
    630   0.14605E-03
    640   0.14579E-03
    650   0.14570E-03
    660   0.14577E-03
    670   0.14599E-03
    680   0.14634E-03
    690   0.14678E-03
    700   0.14731E-03
    710   0.14791E-03
    720   0.14855E-03
    730   0.14921E-03
    740   0.14986E-03
    750   0.15051E-03
    760   0.15111E-03
    770   0.15167E-03
    780   0.15218E-03
    790   0.15261E-03
    800   0.15295E-03
    810   0.15322E-03
    820   0.15338E-03
    830   0.15345E-03
    840   0.15341E-03
    850   0.15329E-03
    860   0.15305E-03
    870   0.15273E-03
    880   0.15230E-03
    890   0.15179E-03
    900   0.15119E-03
    910   0.15051E-03
    920   0.14976E-03
    930   0.14894E-03
    940   0.14807E-03
    950   0.14713E-03
    960   0.14616E-03
    970   0.14515E-03
    980   0.14411E-03
    990   0.14308E-03
   1000   0.14203E-03
   1010   0.14100E-03
   1020   0.14000E-03
   1030   0.13903E-03
   1040   0.13812E-03
   1050   0.13725E-03
   1060   0.13647E-03
   1070   0.13575E-03
   1080   0.13511E-03
   1090   0.13457E-03
   1100   0.13411E-03
   1110   0.13375E-03
   1120   0.13348E-03
   1130   0.13328E-03
   1140   0.13315E-03
   1150   0.13310E-03
   1160   0.13312E-03
   1170   0.13318E-03
   1180   0.13328E-03
   1190   0.13342E-03
   1200   0.13356E-03
   1210   0.13372E-03
   1220   0.13386E-03
   1230   0.13397E-03
   1240   0.13409E-03
   1250   0.13417E-03
   1260   0.13422E-03
   1270   0.13420E-03
   1280   0.13414E-03
   1290   0.13404E-03
   1300   0.13386E-03
   1310   0.13365E-03
   1320   0.13337E-03
   1330   0.13304E-03
   1340   0.13266E-03
   1350   0.13223E-03
   1360   0.13177E-03
   1370   0.13130E-03
   1380   0.13077E-03
   1390   0.13022E-03
   1400   0.12968E-03
   1410   0.12911E-03
   1420   0.12857E-03
   1430   0.12802E-03
   1440   0.12752E-03
   1450   0.12701E-03
   1460   0.12655E-03
   1470   0.12612E-03
   1480   0.12573E-03
   1490   0.12539E-03
   1500   0.12509E-03
   1510   0.12483E-03
   1520   0.12459E-03
   1530   0.12441E-03
   1540   0.12424E-03
   1550   0.12412E-03
   1560   0.12400E-03
   1570   0.12390E-03
   1580   0.12379E-03
   1590   0.12368E-03
   1600   0.12356E-03
   1610   0.12342E-03
   1620   0.12325E-03
   1630   0.12306E-03
   1640   0.12282E-03
   1650   0.12255E-03
   1660   0.12223E-03
   1670   0.12186E-03
   1680   0.12145E-03
   1690   0.12099E-03
   1700   0.12046E-03
   1710   0.11992E-03
   1720   0.11933E-03
   1730   0.11871E-03
   1740   0.11805E-03
   1750   0.11736E-03
   1760   0.11666E-03
   1770   0.11595E-03
   1780   0.11524E-03
   1790   0.11456E-03
   1800   0.11386E-03
   1810   0.11320E-03
   1820   0.11258E-03
   1830   0.11200E-03
   1840   0.11148E-03
   1850   0.11100E-03
   1860   0.11063E-03
   1870   0.11030E-03
   1880   0.11008E-03
   1890   0.10996E-03
   1900   0.10992E-03
   1910   0.10998E-03
   1920   0.11014E-03
   1930   0.11041E-03
   1940   0.11078E-03
   1950   0.11126E-03
   1960   0.11183E-03
   1970   0.11249E-03
   1980   0.11325E-03
   1990   0.11410E-03
   2000   0.11503E-03
   2010   0.11601E-03
   2020   0.11707E-03
   2030   0.11818E-03
   2040   0.11934E-03
   2050   0.12052E-03
   2060   0.12175E-03
   2070   0.12300E-03
   2080   0.12425E-03
   2090   0.12552E-03
   2100   0.12679E-03
   2110   0.12806E-03
   2120   0.12930E-03
   2130   0.13054E-03
   2140   0.13175E-03
   2150   0.13295E-03
   2160   0.13414E-03
   2170   0.13528E-03
   2180   0.13640E-03
   2190   0.13748E-03
   2200   0.13851E-03
   2210   0.13953E-03
   2220   0.14051E-03
   2230   0.14143E-03
   2240   0.14234E-03
   2250   0.14319E-03
   2260   0.14402E-03
   2270   0.14479E-03
   2280   0.14552E-03
   2290   0.14621E-03
   2300   0.14685E-03
   2310   0.14745E-03
   2320   0.14800E-03
   2330   0.14850E-03
   2340   0.14896E-03
   2350   0.14938E-03
   2360   0.14973E-03
   2370   0.15004E-03
   2380   0.15029E-03
   2390   0.15052E-03
   2400   0.15068E-03
   2410   0.15080E-03
   2420   0.15085E-03
   2430   0.15085E-03
   2440   0.15081E-03
   2450   0.15071E-03
   2460   0.15057E-03
   2470   0.15039E-03
   2480   0.15016E-03
   2490   0.14986E-03
   2500   0.14955E-03
   2510   0.14918E-03
   2520   0.14879E-03
   2530   0.14831E-03
   2540   0.14784E-03
   2550   0.14731E-03
   2560   0.14676E-03
   2570   0.14616E-03
   2580   0.14553E-03
   2590   0.14484E-03
   2600   0.14416E-03
   2610   0.14344E-03
   2620   0.14268E-03
   2630   0.14189E-03
   2640   0.14109E-03
   2650   0.14026E-03
   2660   0.13941E-03
   2670   0.13851E-03
   2680   0.13763E-03
   2690   0.13672E-03
   2700   0.13577E-03
   2710   0.13483E-03
   2720   0.13385E-03
   2730   0.13287E-03
   2740   0.13187E-03
   2750   0.13087E-03
   2760   0.12982E-03
   2770   0.12877E-03
   2780   0.12772E-03
   2790   0.12667E-03
   2800   0.12559E-03
   2810   0.12449E-03
   2820   0.12341E-03
   2830   0.12229E-03
   2840   0.12122E-03
   2850   0.12010E-03
   2860   0.11899E-03
   2870   0.11787E-03
   2880   0.11674E-03
   2890   0.11564E-03
   2900   0.11451E-03
   2910   0.11339E-03
   2920   0.11226E-03
   2930   0.11114E-03
   2940   0.11003E-03
   2950   0.10892E-03
   2960   0.10782E-03
   2970   0.10674E-03
   2980   0.10565E-03
   2990   0.10459E-03
   3000   0.10351E-03
   3010   0.10245E-03
   3020   0.10139E-03
   3030   0.10036E-03
   3040   0.99349E-04
   3050   0.98353E-04
   3060   0.97374E-04
   3070   0.96391E-04
   3080   0.95396E-04
   3090   0.94480E-04
   3100   0.93543E-04
   3110   0.92644E-04
   3120   0.91755E-04
   3130   0.90887E-04
   3140   0.90027E-04
   3150   0.89187E-04
   3160   0.88364E-04
   3170   0.87547E-04
   3180   0.86772E-04
   3190   0.86005E-04
   3200   0.85245E-04
   3210   0.84523E-04
   3220   0.83792E-04
   3230   0.83087E-04
   3240   0.82417E-04
   3250   0.81746E-04
   3260   0.81096E-04
   3270   0.80451E-04
   3280   0.79828E-04
   3290   0.79214E-04
   3300   0.78614E-04
   3310   0.78028E-04
   3320   0.77465E-04
   3330   0.76897E-04
   3340   0.76352E-04
   3350   0.75835E-04
   3360   0.75314E-04
   3370   0.74803E-04
   3380   0.74306E-04
   3390   0.73817E-04
   3400   0.73339E-04
   3410   0.72888E-04
   3420   0.72437E-04
   3430   0.72007E-04
   3440   0.71539E-04
   3450   0.71136E-04
   3460   0.70721E-04
   3470   0.70311E-04
   3480   0.69904E-04
   3490   0.69538E-04
   3500   0.69141E-04
   3510   0.68778E-04
   3520   0.68410E-04
   3530   0.68053E-04
   3540   0.67717E-04
   3550   0.67387E-04
   3560   0.67046E-04
   3570   0.66707E-04
   3580   0.66394E-04
   3590   0.66091E-04
   3600   0.65797E-04
   3610   0.65495E-04
   3620   0.65221E-04
   3630   0.64926E-04
   3640   0.64659E-04
   3650   0.64398E-04
   3660   0.64132E-04
   3670   0.63892E-04
   3680   0.63645E-04
   3690   0.63414E-04
   3700   0.63176E-04
   3710   0.62953E-04
   3720   0.62737E-04
   3730   0.62540E-04
   3740   0.62316E-04
   3750   0.62120E-04
   3760   0.61942E-04
   3770   0.61740E-04
   3780   0.61551E-04
   3790   0.61373E-04
   3800   0.61213E-04
   3810   0.61051E-04
   3820   0.60877E-04
   3830   0.60724E-04
   3840   0.60566E-04
   3850   0.60426E-04
   3860   0.60278E-04
   3870   0.60149E-04
   3880   0.60004E-04
   3890   0.59888E-04
   3900   0.59757E-04
   3910   0.59666E-04
   3920   0.59533E-04
   3930   0.59439E-04
   3940   0.59326E-04
   3950   0.59235E-04
   3960   0.59140E-04
   3970   0.59048E-04
   3980   0.58957E-04
   3990   0.58867E-04
   4000   0.58807E-04
   4010   0.58735E-04
   4020   0.58660E-04
   4030   0.58613E-04
   4040   0.58560E-04
   4050   0.58501E-04
   4060   0.58452E-04
   4070   0.58413E-04
   4080   0.58384E-04
   4090   0.58363E-04
   4100   0.58332E-04
   4110   0.58305E-04
   4120   0.58288E-04
   4130   0.58289E-04
   4140   0.58279E-04
   4150   0.58274E-04
   4160   0.58262E-04
   4170   0.58279E-04
   4180   0.58297E-04
   4190   0.58307E-04
   4200   0.58341E-04
   4210   0.58366E-04
   4220   0.58389E-04
   4230   0.58434E-04
   4240   0.58461E-04
   4250   0.58528E-04
   4260   0.58548E-04
   4270   0.58610E-04
   4280   0.58659E-04
   4290   0.58719E-04
   4300   0.58788E-04
   4310   0.58847E-04
   4320   0.58918E-04
   4330   0.58982E-04
   4340   0.59062E-04
   4350   0.59132E-04
   4360   0.59211E-04
   4370   0.59304E-04
   4380   0.59372E-04
   4390   0.59475E-04
   4400   0.59553E-04
   4410   0.59627E-04
   4420   0.59724E-04
   4430   0.59817E-04
   4440   0.59887E-04
   4450   0.59999E-04
   4460   0.60083E-04
   4470   0.60171E-04
   4480   0.60264E-04
   4490   0.60346E-04
   4500   0.60435E-04
   4510   0.60529E-04
   4520   0.60622E-04
   4530   0.60706E-04
   4540   0.60788E-04
   4550   0.60879E-04
   4560   0.60954E-04
   4570   0.61043E-04
   4580   0.61119E-04
   4590   0.61200E-04
   4600   0.61275E-04
   4610   0.61349E-04
   4620   0.61418E-04
   4630   0.61491E-04
   4640   0.61561E-04
   4650   0.61611E-04
   4660   0.61668E-04
   4670   0.61738E-04
   4680   0.61793E-04
   4690   0.61836E-04
   4700   0.61880E-04
   4710   0.61925E-04
   4720   0.61942E-04
   4730   0.61993E-04
   4740   0.62027E-04
   4750   0.62056E-04
   4760   0.62076E-04
   4770   0.62090E-04
   4780   0.62104E-04
   4790   0.62119E-04
   4800   0.62122E-04
   4810   0.62118E-04
   4820   0.62129E-04
   4830   0.62119E-04
   4840   0.62106E-04
   4850   0.62103E-04
   4860   0.62075E-04
   4870   0.62058E-04
   4880   0.62031E-04
   4890   0.61999E-04
   4900   0.61978E-04
   4910   0.61932E-04
   4920   0.61881E-04
   4930   0.61844E-04
   4940   0.61807E-04
   4950   0.61760E-04
   4960   0.61704E-04
   4970   0.61642E-04
   4980   0.61583E-04
   4990   0.61532E-04
   5000   0.61465E-04
   5010   0.61392E-04
   5020   0.61323E-04
   5030   0.61255E-04
   5040   0.61183E-04
   5050   0.61098E-04
   5060   0.61018E-04
   5070   0.60927E-04
   5080   0.60853E-04
   5090   0.60755E-04
   5100   0.60678E-04
   5110   0.60577E-04
   5120   0.60501E-04
   5130   0.60410E-04
   5140   0.60316E-04
   5150   0.60218E-04
   5160   0.60118E-04
   5170   0.60045E-04
   5180   0.59941E-04
   5190   0.59822E-04
   5200   0.59758E-04
   5210   0.59657E-04
   5220   0.59552E-04
   5230   0.59455E-04
   5240   0.59367E-04
   5250   0.59268E-04
   5260   0.59181E-04
   5270   0.59089E-04
   5280   0.58984E-04
   5290   0.58893E-04
   5300   0.58803E-04
   5310   0.58725E-04
   5320   0.58630E-04
   5330   0.58539E-04
   5340   0.58454E-04
   5350   0.58375E-04
   5360   0.58300E-04
   5370   0.58217E-04
   5380   0.58136E-04
   5390   0.58059E-04
   5400   0.57979E-04
   5410   0.57908E-04
   5420   0.57838E-04
   5430   0.57769E-04
   5440   0.57704E-04
   5450   0.57627E-04
   5460   0.57583E-04
   5470   0.57520E-04
   5480   0.57452E-04
   5490   0.57387E-04
   5500   0.57352E-04
   5510   0.57279E-04
   5520   0.57242E-04
   5530   0.57189E-04
   5540   0.57148E-04
   5550   0.57114E-04
   5560   0.57054E-04
   5570   0.57018E-04
   5580   0.56973E-04
   5590   0.56946E-04
   5600   0.56913E-04
   5610   0.56879E-04
   5620   0.56837E-04
   5630   0.56825E-04
   5640   0.56783E-04
   5650   0.56775E-04
   5660   0.56739E-04
   5670   0.56723E-04
   5680   0.56702E-04
   5690   0.56680E-04
   5700   0.56677E-04
   5710   0.56648E-04
   5720   0.56659E-04
   5730   0.56634E-04
   5740   0.56618E-04
   5750   0.56599E-04
   5760   0.56600E-04
   5770   0.56594E-04
   5780   0.56590E-04
   5790   0.56581E-04
   5800   0.56575E-04
   5810   0.56571E-04
   5820   0.56572E-04
   5830   0.56575E-04
   5840   0.56582E-04
   5850   0.56565E-04
   5860   0.56569E-04
   5870   0.56576E-04
   5880   0.56574E-04
   5890   0.56585E-04
   5900   0.56585E-04
   5910   0.56592E-04
   5920   0.56595E-04
   5930   0.56600E-04
   5940   0.56609E-04
   5950   0.56601E-04
   5960   0.56607E-04
   5970   0.56616E-04
   5980   0.56618E-04
   5990   0.56627E-04
   6000   0.56630E-04
   6010   0.56628E-04
   6020   0.56649E-04
   6030   0.56655E-04
   6040   0.56657E-04
   6050   0.56663E-04
   6060   0.56670E-04
   6070   0.56669E-04
   6080   0.56671E-04
   6090   0.56680E-04
   6100   0.56685E-04
   6110   0.56694E-04
   6120   0.56687E-04
   6130   0.56696E-04
   6140   0.56679E-04
   6150   0.56687E-04
   6160   0.56692E-04
   6170   0.56700E-04
   6180   0.56682E-04
   6190   0.56690E-04
   6200   0.56677E-04
   6210   0.56679E-04
   6220   0.56683E-04
   6230   0.56678E-04
   6240   0.56675E-04
   6250   0.56670E-04
   6260   0.56656E-04
   6270   0.56649E-04
   6280   0.56640E-04
   6290   0.56627E-04
   6300   0.56622E-04
   6310   0.56612E-04
   6320   0.56591E-04
   6330   0.56578E-04
   6340   0.56564E-04
   6350   0.56539E-04
   6360   0.56517E-04
   6370   0.56505E-04
   6380   0.56483E-04
   6390   0.56460E-04
   6400   0.56432E-04
   6410   0.56398E-04
   6420   0.56377E-04
   6430   0.56351E-04
   6440   0.56309E-04
   6450   0.56278E-04
   6460   0.56237E-04
   6470   0.56201E-04
   6480   0.56153E-04
   6490   0.56118E-04
   6500   0.56072E-04
   6510   0.56022E-04
   6520   0.55981E-04
   6530   0.55921E-04
   6540   0.55869E-04
   6550   0.55822E-04
   6560   0.55729E-04
   6570   0.55693E-04
   6580   0.55625E-04
   6590   0.55554E-04
   6600   0.55486E-04
   6610   0.55399E-04
   6620   0.55333E-04
   6630   0.55264E-04
   6640   0.55175E-04
   6650   0.55106E-04
   6660   0.55014E-04
   6670   0.54919E-04
   6680   0.54830E-04
   6690   0.54732E-04
   6700   0.54652E-04
   6710   0.54561E-04
   6720   0.54459E-04
   6730   0.54357E-04
   6740   0.54243E-04
   6750   0.54154E-04
   6760   0.54036E-04
   6770   0.53938E-04
   6780   0.53827E-04
   6790   0.53713E-04
   6800   0.53598E-04
   6810   0.53481E-04
   6820   0.53370E-04
   6830   0.53256E-04
   6840   0.53137E-04
   6850   0.53018E-04
   6860   0.52893E-04
   6870   0.52783E-04
   6880   0.52663E-04
   6890   0.52547E-04
   6900   0.52422E-04
   6910   0.52301E-04
   6920   0.52176E-04
   6930   0.52061E-04
   6940   0.51942E-04
   6950   0.51817E-04
   6960   0.51705E-04
   6970   0.51582E-04
   6980   0.51471E-04
   6990   0.51356E-04
   7000   0.51232E-04
   7010   0.51123E-04
   7020   0.51021E-04
   7030   0.50910E-04
   7040   0.50791E-04
   7050   0.50677E-04
   7060   0.50565E-04
   7070   0.50472E-04
   7080   0.50358E-04
   7090   0.50259E-04
   7100   0.50158E-04
   7110   0.50065E-04
   7120   0.49956E-04
   7130   0.49869E-04
   7140   0.49777E-04
   7150   0.49673E-04
   7160   0.49587E-04
   7170   0.49513E-04
   7180   0.49414E-04
   7190   0.49338E-04
   7200   0.49240E-04
   7210   0.49171E-04
   7220   0.49081E-04
   7230   0.49014E-04
   7240   0.48928E-04
   7250   0.48872E-04
   7260   0.48783E-04
   7270   0.48700E-04
   7280   0.48634E-04
   7290   0.48568E-04
   7300   0.48505E-04
   7310   0.48430E-04
   7320   0.48379E-04
   7330   0.48315E-04
   7340   0.48242E-04
   7350   0.48186E-04
   7360   0.48118E-04
   7370   0.48069E-04
   7380   0.47996E-04
   7390   0.47931E-04
   7400   0.47876E-04
   7410   0.47819E-04
   7420   0.47772E-04
   7430   0.47709E-04
   7440   0.47670E-04
   7450   0.47606E-04
   7460   0.47552E-04
   7470   0.47505E-04
   7480   0.47457E-04
   7490   0.47391E-04
   7500   0.47341E-04
   7510   0.47281E-04
   7520   0.47240E-04
   7530   0.47194E-04
   7540   0.47139E-04
   7550   0.47094E-04
   7560   0.47049E-04
   7570   0.47001E-04
   7580   0.46948E-04
   7590   0.46899E-04
   7600   0.46862E-04
   7610   0.46817E-04
   7620   0.46760E-04
   7630   0.46705E-04
   7640   0.46673E-04
   7650   0.46617E-04
   7660   0.46574E-04
   7670   0.46528E-04
   7680   0.46482E-04
   7690   0.46428E-04
   7700   0.46396E-04
   7710   0.46342E-04
   7720   0.46292E-04
   7730   0.46241E-04
   7740   0.46192E-04
   7750   0.46163E-04
   7760   0.46116E-04
   7770   0.46054E-04
   7780   0.46021E-04
   7790   0.45965E-04
   7800   0.45931E-04
   7810   0.45880E-04
   7820   0.45810E-04
   7830   0.45770E-04
   7840   0.45714E-04
   7850   0.45676E-04
   7860   0.45616E-04
   7870   0.45590E-04
   7880   0.45519E-04
   7890   0.45470E-04
   7900   0.45414E-04
   7910   0.45343E-04
   7920   0.45304E-04
   7930   0.45249E-04
   7940   0.45198E-04
   7950   0.45128E-04
   7960   0.45078E-04
   7970   0.45022E-04
   7980   0.44947E-04
   7990   0.44891E-04
   8000   0.44853E-04
   8010   0.44780E-04
   8020   0.44722E-04
   8030   0.44663E-04
   8040   0.44605E-04
   8050   0.44520E-04
   8060   0.44466E-04
   8070   0.44407E-04
   8080   0.44343E-04
   8090   0.44262E-04
   8100   0.44206E-04
   8110   0.44127E-04
   8120   0.44059E-04
   8130   0.43982E-04
   8140   0.43903E-04
   8150   0.43842E-04
   8160   0.43780E-04
   8170   0.43693E-04
   8180   0.43623E-04
   8190   0.43564E-04
   8200   0.43481E-04
   8210   0.43396E-04
   8220   0.43318E-04
   8230   0.43250E-04
   8240   0.43171E-04
   8250   0.43091E-04
   8260   0.43009E-04
   8270   0.42937E-04
   8280   0.42826E-04
   8290   0.42755E-04
   8300   0.42698E-04
   8310   0.42603E-04
   8320   0.42517E-04
   8330   0.42434E-04
   8340   0.42359E-04
   8350   0.42269E-04
   8360   0.42176E-04
   8370   0.42109E-04
   8380   0.42018E-04
   8390   0.41925E-04
   8400   0.41836E-04
   8410   0.41743E-04
   8420   0.41648E-04
   8430   0.41567E-04
   8440   0.41486E-04
   8450   0.41400E-04
   8460   0.41311E-04
   8470   0.41214E-04
   8480   0.41136E-04
   8490   0.41049E-04
   8500   0.40941E-04
   8510   0.40848E-04
   8520   0.40769E-04
   8530   0.40664E-04
   8540   0.40576E-04
   8550   0.40469E-04
   8560   0.40400E-04
   8570   0.40297E-04
   8580   0.40200E-04
   8590   0.40107E-04
   8600   0.40013E-04
   8610   0.39917E-04
   8620   0.39821E-04
   8630   0.39719E-04
   8640   0.39640E-04
   8650   0.39544E-04
   8660   0.39458E-04
   8670   0.39353E-04
   8680   0.39266E-04
   8690   0.39172E-04
   8700   0.39068E-04
   8710   0.38968E-04
   8720   0.38886E-04
   8730   0.38788E-04
   8740   0.38682E-04
   8750   0.38589E-04
   8760   0.38500E-04
   8770   0.38409E-04
   8780   0.38303E-04
   8790   0.38197E-04
   8800   0.38105E-04
   8810   0.38018E-04
   8820   0.37926E-04
   8830   0.37816E-04
   8840   0.37737E-04
   8850   0.37636E-04
   8860   0.37547E-04
   8870   0.37445E-04
   8880   0.37354E-04
   8890   0.37268E-04
   8900   0.37162E-04
   8910   0.37061E-04
   8920   0.36959E-04
   8930   0.36863E-04
   8940   0.36779E-04
   8950   0.36690E-04
   8960   0.36580E-04
   8970   0.36495E-04
   8980   0.36408E-04
   8990   0.36311E-04
   9000   0.36216E-04
   9010   0.36121E-04
   9020   0.36019E-04
   9030   0.35932E-04
   9040   0.35824E-04
   9050   0.35733E-04
   9060   0.35635E-04
   9070   0.35540E-04
   9080   0.35437E-04
   9090   0.35353E-04
   9100   0.35254E-04
   9110   0.35165E-04
   9120   0.35071E-04
   9130   0.34971E-04
   9140   0.34867E-04
   9150   0.34778E-04
   9160   0.34692E-04
   9170   0.34573E-04
   9180   0.34490E-04
   9190   0.34380E-04
   9200   0.34285E-04
   9210   0.34195E-04
   9220   0.34084E-04
   9230   0.34008E-04
   9240   0.33890E-04
   9250   0.33798E-04
   9260   0.33714E-04
   9270   0.33599E-04
   9280   0.33504E-04
   9290   0.33412E-04
   9300   0.33307E-04
   9310   0.33220E-04
   9320   0.33109E-04
   9330   0.33000E-04
   9340   0.32926E-04
   9350   0.32808E-04
   9360   0.32704E-04
   9370   0.32600E-04
   9380   0.32502E-04
   9390   0.32404E-04
   9400   0.32321E-04
   9410   0.32201E-04
   9420   0.32107E-04
   9430   0.32018E-04
   9440   0.31894E-04
   9450   0.31789E-04
   9460   0.31699E-04
   9470   0.31583E-04
   9480   0.31481E-04
   9490   0.31396E-04
   9500   0.31268E-04
   9510   0.31175E-04
   9520   0.31073E-04
   9530   0.30964E-04
   9540   0.30882E-04
   9550   0.30753E-04
   9560   0.30640E-04
   9570   0.30540E-04
   9580   0.30437E-04
   9590   0.30336E-04
   9600   0.30232E-04
   9610   0.30109E-04
   9620   0.30008E-04
   9630   0.29913E-04
   9640   0.29809E-04
   9650   0.29696E-04
   9660   0.29601E-04
   9670   0.29490E-04
   9680   0.29368E-04
   9690   0.29269E-04
   9700   0.29175E-04
   9710   0.29062E-04
   9720   0.28954E-04
   9730   0.28856E-04
   9740   0.28738E-04
   9750   0.28647E-04
   9760   0.28534E-04
   9770   0.28425E-04
   9780   0.28333E-04
   9790   0.28255E-04
   9800   0.28122E-04
   9810   0.28017E-04
   9820   0.27919E-04
   9830   0.27835E-04
   9840   0.27726E-04
   9850   0.27623E-04
   9860   0.27510E-04
   9870   0.27442E-04
   9880   0.27317E-04
   9890   0.27218E-04
   9900   0.27123E-04
   9910   0.27023E-04
   9920   0.26939E-04
   9930   0.26831E-04
   9940   0.26748E-04
   9950   0.26646E-04
   9960   0.26558E-04
   9970   0.26462E-04
   9980   0.26360E-04
   9990   0.26274E-04
  10000   0.26195E-04
  10010   0.26070E-04
  10020   0.26010E-04
  10030   0.25910E-04
  10040   0.25807E-04
  10050   0.25724E-04
  10060   0.25657E-04
  10070   0.25560E-04
  10080   0.25456E-04
  10090   0.25364E-04
  10100   0.25308E-04
  10110   0.25206E-04
  10120   0.25124E-04
  10130   0.25040E-04
  10140   0.24942E-04
  10150   0.24867E-04
  10160   0.24788E-04
  10170   0.24711E-04
  10180   0.24623E-04
  10190   0.24540E-04
  10200   0.24452E-04
  10210   0.24377E-04
  10220   0.24284E-04
  10230   0.24221E-04
  10240   0.24151E-04
  10250   0.24045E-04
  10260   0.23973E-04
  10270   0.23894E-04
  10280   0.23820E-04
  10290   0.23740E-04
  10300   0.23661E-04
  10310   0.23559E-04
  10320   0.23504E-04
  10330   0.23434E-04
  10340   0.23345E-04
  10350   0.23265E-04
  10360   0.23198E-04
  10370   0.23096E-04
  10380   0.23013E-04
  10390   0.22943E-04
  10400   0.22863E-04
  10410   0.22771E-04
  10420   0.22708E-04
  10430   0.22613E-04
  10440   0.22534E-04
  10450   0.22464E-04
  10460   0.22367E-04
  10470   0.22291E-04
  10480   0.22205E-04
  10490   0.22129E-04
  10500   0.22031E-04
  10510   0.21930E-04
  10520   0.21857E-04
  10530   0.21767E-04
  10540   0.21686E-04
  10550   0.21613E-04
  10560   0.21499E-04
  10570   0.21422E-04
  10580   0.21333E-04
  10590   0.21249E-04
  10600   0.21147E-04
  10610   0.21031E-04
  10620   0.20969E-04
  10630   0.20846E-04
  10640   0.20760E-04
  10650   0.20657E-04
  10660   0.20554E-04
  10670   0.20464E-04
  10680   0.20342E-04
  10690   0.20254E-04
  10700   0.20133E-04
  10710   0.20040E-04
  10720   0.19933E-04
  10730   0.19822E-04
  10740   0.19720E-04
  10750   0.19609E-04
  10760   0.19483E-04
  10770   0.19380E-04
  10780   0.19260E-04
  10790   0.19174E-04
  10800   0.19037E-04
  10810   0.18924E-04
  10820   0.18803E-04
  10830   0.18690E-04
  10840   0.18557E-04
  10850   0.18448E-04
  10860   0.18341E-04
  10870   0.18222E-04
  10880   0.18096E-04
  10890   0.17968E-04
  10900   0.17846E-04
  10910   0.17713E-04
  10920   0.17607E-04
  10930   0.17485E-04
  10940   0.17360E-04
  10950   0.17240E-04
  10960   0.17114E-04
  10970   0.16998E-04
  10980   0.16883E-04
  10990   0.16756E-04
  11000   0.16646E-04
  11010   0.16502E-04
  11020   0.16403E-04
  11030   0.16278E-04
  11040   0.16159E-04
  11050   0.16049E-04
  11060   0.15925E-04
  11070   0.15808E-04
  11080   0.15688E-04
  11090   0.15582E-04
  11100   0.15467E-04
  11110   0.15361E-04
  11120   0.15247E-04
  11130   0.15140E-04
  11140   0.15044E-04
  11150   0.14935E-04
  11160   0.14830E-04
  11170   0.14735E-04
  11180   0.14634E-04
  11190   0.14539E-04
  11200   0.14453E-04
  11210   0.14350E-04
  11220   0.14258E-04
  11230   0.14164E-04
  11240   0.14083E-04
  11250   0.13984E-04
  11260   0.13905E-04
  11270   0.13823E-04
  11280   0.13740E-04
  11290   0.13659E-04
  11300   0.13578E-04
  11310   0.13498E-04
  11320   0.13421E-04
  11330   0.13371E-04
  11340   0.13306E-04
  11350   0.13224E-04
  11360   0.13140E-04
  11370   0.13086E-04
  11380   0.13032E-04
  11390   0.12961E-04
  11400   0.12926E-04
  11410   0.12857E-04
  11420   0.12799E-04
  11430   0.12758E-04
  11440   0.12698E-04
  11450   0.12638E-04
  11460   0.12595E-04
  11470   0.12557E-04
  11480   0.12521E-04
  11490   0.12468E-04
  11500   0.12428E-04
  11510   0.12386E-04
  11520   0.12334E-04
  11530   0.12302E-04
  11540   0.12281E-04
  11550   0.12230E-04
  11560   0.12202E-04
  11570   0.12151E-04
  11580   0.12129E-04
  11590   0.12106E-04
  11600   0.12062E-04
  11610   0.12047E-04
  11620   0.12006E-04
  11630   0.11994E-04
  11640   0.11971E-04
  11650   0.11928E-04
  11660   0.11908E-04
  11670   0.11881E-04
  11680   0.11867E-04
  11690   0.11854E-04
  11700   0.11842E-04
  11710   0.11807E-04
  11720   0.11787E-04
  11730   0.11775E-04
  11740   0.11752E-04
  11750   0.11756E-04
  11760   0.11735E-04
  11770   0.11724E-04
  11780   0.11699E-04
  11790   0.11691E-04
  11800   0.11677E-04
  11810   0.11654E-04
  11820   0.11657E-04
  11830   0.11631E-04
  11840   0.11632E-04
  11850   0.11613E-04
  11860   0.11604E-04
  11870   0.11596E-04
  11880   0.11594E-04
  11890   0.11594E-04
  11900   0.11586E-04
  11910   0.11575E-04
  11920   0.11560E-04
  11930   0.11549E-04
  11940   0.11530E-04
  11950   0.11537E-04
  11960   0.11530E-04
  11970   0.11514E-04
  11980   0.11516E-04
  11990   0.11520E-04
  12000   0.11497E-04
  12010   0.11494E-04
  12020   0.11487E-04
  12030   0.11494E-04
  12040   0.11480E-04
  12050   0.11475E-04
  12060   0.11478E-04
  12070   0.11481E-04
  12080   0.11467E-04
  12090   0.11456E-04
  12100   0.11462E-04
  12110   0.11435E-04
  12120   0.11431E-04
  12130   0.11429E-04
  12140   0.11415E-04
  12150   0.11410E-04
  12160   0.11408E-04
  12170   0.11406E-04
  12180   0.11412E-04
  12190   0.11382E-04
  12200   0.11385E-04
  12210   0.11378E-04
  12220   0.11378E-04
  12230   0.11382E-04
  12240   0.11366E-04
  12250   0.11366E-04
  12260   0.11357E-04
  12270   0.11357E-04
  12280   0.11339E-04
  12290   0.11317E-04
  12300   0.11311E-04
  12310   0.11320E-04
  12320   0.11315E-04
  12330   0.11311E-04
  12340   0.11285E-04
  12350   0.11286E-04
  12360   0.11292E-04
  12370   0.11261E-04
  12380   0.11257E-04
  12390   0.11250E-04
  12400   0.11246E-04
  12410   0.11251E-04
  12420   0.11240E-04
  12430   0.11227E-04
  12440   0.11219E-04
  12450   0.11201E-04
  12460   0.11199E-04
  12470   0.11185E-04
  12480   0.11168E-04
  12490   0.11172E-04
  12500   0.11168E-04
  12510   0.11151E-04
  12520   0.11137E-04
  12530   0.11126E-04
  12540   0.11124E-04
  12550   0.11119E-04
  12560   0.11105E-04
  12570   0.11104E-04
  12580   0.11107E-04
  12590   0.11100E-04
  12600   0.11087E-04
  12610   0.11077E-04
  12620   0.11067E-04
  12630   0.11068E-04
  12640   0.11056E-04
  12650   0.11051E-04
  12660   0.11046E-04
  12670   0.11053E-04
  12680   0.11042E-04
  12690   0.11032E-04
  12700   0.11038E-04
  12710   0.11029E-04
  12720   0.11024E-04
  12730   0.11026E-04
  12740   0.11024E-04
  12750   0.11016E-04
  12760   0.11033E-04
  12770   0.11038E-04
  12780   0.11020E-04
  12790   0.11022E-04
  12800   0.11030E-04
  12810   0.11029E-04
  12820   0.11040E-04
  12830   0.11031E-04
  12840   0.11039E-04
  12850   0.11040E-04
  12860   0.11044E-04
  12870   0.11057E-04
  12880   0.11064E-04
  12890   0.11067E-04
  12900   0.11079E-04
  12910   0.11082E-04
  12920   0.11086E-04
  12930   0.11113E-04
  12940   0.11124E-04
  12950   0.11112E-04
  12960   0.11128E-04
  12970   0.11140E-04
  12980   0.11142E-04
  12990   0.11162E-04
  13000   0.11174E-04
  13010   0.11199E-04
  13020   0.11215E-04
  13030   0.11232E-04
  13040   0.11237E-04
  13050   0.11259E-04
  13060   0.11278E-04
  13070   0.11295E-04
  13080   0.11320E-04
  13090   0.11332E-04
  13100   0.11342E-04
  13110   0.11366E-04
  13120   0.11396E-04
  13130   0.11419E-04
  13140   0.11445E-04
  13150   0.11452E-04
  13160   0.11479E-04
  13170   0.11517E-04
  13180   0.11533E-04
  13190   0.11558E-04
  13200   0.11590E-04
  13210   0.11606E-04
  13220   0.11638E-04
  13230   0.11666E-04
  13240   0.11692E-04
  13250   0.11722E-04
  13260   0.11751E-04
  13270   0.11789E-04
  13280   0.11813E-04
  13290   0.11851E-04
  13300   0.11882E-04
  13310   0.11909E-04
  13320   0.11946E-04
  13330   0.11974E-04
  13340   0.12004E-04
  13350   0.12057E-04
  13360   0.12086E-04
  13370   0.12112E-04
  13380   0.12149E-04
  13390   0.12186E-04
  13400   0.12214E-04
  13410   0.12252E-04
  13420   0.12285E-04
  13430   0.12325E-04
  13440   0.12350E-04
  13450   0.12398E-04
  13460   0.12421E-04
  13470   0.12453E-04
  13480   0.12497E-04
  13490   0.12526E-04
  13500   0.12559E-04
  13510   0.12594E-04
  13520   0.12628E-04
  13530   0.12676E-04
  13540   0.12718E-04
  13550   0.12743E-04
  13560   0.12777E-04
  13570   0.12806E-04
  13580   0.12850E-04
  13590   0.12882E-04
  13600   0.12920E-04
  13610   0.12944E-04
  13620   0.12982E-04
  13630   0.13020E-04
  13640   0.13048E-04
  13650   0.13082E-04
  13660   0.13105E-04
  13670   0.13140E-04
  13680   0.13182E-04
  13690   0.13202E-04
  13700   0.13240E-04
  13710   0.13268E-04
  13720   0.13289E-04
  13730   0.13327E-04
  13740   0.13361E-04
  13750   0.13398E-04
  13760   0.13420E-04
  13770   0.13462E-04
  13780   0.13480E-04
  13790   0.13517E-04
  13800   0.13554E-04
  13810   0.13586E-04
  13820   0.13625E-04
  13830   0.13661E-04
  13840   0.13694E-04
  13850   0.13737E-04
  13860   0.13785E-04
  13870   0.13819E-04
  13880   0.13851E-04
  13890   0.13896E-04
  13900   0.13953E-04
  13910   0.13998E-04
  13920   0.14052E-04
  13930   0.14097E-04
  13940   0.14162E-04
  13950   0.14230E-04
  13960   0.14285E-04
  13970   0.14342E-04
  13980   0.14421E-04
  13990   0.14487E-04
  14000   0.14571E-04
  14010   0.14647E-04
  14020   0.14723E-04
  14030   0.14808E-04
  14040   0.14882E-04
  14050   0.14978E-04
  14060   0.15067E-04
  14070   0.15167E-04
  14080   0.15257E-04
  14090   0.15352E-04
  14100   0.15450E-04
  14110   0.15548E-04
  14120   0.15648E-04
  14130   0.15761E-04
  14140   0.15860E-04
  14150   0.15971E-04
  14160   0.16074E-04
  14170   0.16181E-04
  14180   0.16296E-04
  14190   0.16399E-04
  14200   0.16501E-04
  14210   0.16605E-04
  14220   0.16702E-04
  14230   0.16815E-04
  14240   0.16908E-04
  14250   0.16990E-04
  14260   0.17084E-04
  14270   0.17172E-04
  14280   0.17277E-04
  14290   0.17356E-04
  14300   0.17444E-04
  14310   0.17523E-04
  14320   0.17614E-04
  14330   0.17714E-04
  14340   0.17801E-04
  14350   0.17908E-04
  14360   0.18016E-04
  14370   0.18111E-04
  14380   0.18226E-04
  14390   0.18326E-04
  14400   0.18470E-04
  14410   0.18585E-04
  14420   0.18719E-04
  14430   0.18845E-04
  14440   0.18987E-04
  14450   0.19116E-04
  14460   0.19247E-04
  14470   0.19386E-04
  14480   0.19518E-04
  14490   0.19657E-04
  14500   0.19792E-04
  14510   0.19937E-04
  14520   0.20069E-04
  14530   0.20206E-04
  14540   0.20330E-04
  14550   0.20474E-04
  14560   0.20614E-04
  14570   0.20735E-04
  14580   0.20855E-04
  14590   0.20979E-04
  14600   0.21113E-04
  14610   0.21220E-04
  14620   0.21339E-04
  14630   0.21442E-04
  14640   0.21555E-04
  14650   0.21647E-04
  14660   0.21745E-04
  14670   0.21838E-04
  14680   0.21945E-04
  14690   0.22031E-04
  14700   0.22096E-04
  14710   0.22187E-04
  14720   0.22264E-04
  14730   0.22335E-04
  14740   0.22406E-04
  14750   0.22482E-04
  14760   0.22554E-04
  14770   0.22616E-04
  14780   0.22702E-04
  14790   0.22766E-04
  14800   0.22842E-04
  14810   0.22911E-04
  14820   0.22985E-04
  14830   0.23074E-04
  14840   0.23131E-04
  14850   0.23231E-04
  14860   0.23315E-04
  14870   0.23396E-04
  14880   0.23484E-04
  14890   0.23580E-04
  14900   0.23673E-04
  14910   0.23774E-04
  14920   0.23873E-04
  14930   0.23970E-04
  14940   0.24079E-04
  14950   0.24188E-04
  14960   0.24304E-04
  14970   0.24419E-04
  14980   0.24531E-04
  14990   0.24644E-04
  15000   0.24773E-04
  15010   0.24887E-04
  15020   0.25014E-04
  15030   0.25129E-04
  15040   0.25239E-04
  15050   0.25364E-04
  15060   0.25488E-04
  15070   0.25601E-04
  15080   0.25708E-04
  15090   0.25838E-04
  15100   0.25953E-04
  15110   0.26050E-04
  15120   0.26178E-04
  15130   0.26288E-04
  15140   0.26408E-04
  15150   0.26500E-04
  15160   0.26615E-04
  15170   0.26713E-04
  15180   0.26836E-04
  15190   0.26945E-04
  15200   0.27064E-04
  15210   0.27178E-04
  15220   0.27289E-04
  15230   0.27410E-04
  15240   0.27538E-04
  15250   0.27661E-04
  15260   0.27776E-04
  15270   0.27909E-04
  15280   0.28041E-04
  15290   0.28174E-04
  15300   0.28316E-04
  15310   0.28450E-04
  15320   0.28591E-04
  15330   0.28746E-04
  15340   0.28898E-04
  15350   0.29053E-04
  15360   0.29220E-04
  15370   0.29379E-04
  15380   0.29545E-04
  15390   0.29722E-04
  15400   0.29879E-04
  15410   0.30045E-04
  15420   0.30223E-04
  15430   0.30409E-04
  15440   0.30585E-04
  15450   0.30767E-04
  15460   0.30955E-04
  15470   0.31125E-04
  15480   0.31310E-04
  15490   0.31496E-04
  15500   0.31682E-04
  15510   0.31869E-04
  15520   0.32056E-04
  15530   0.32237E-04
  15540   0.32417E-04
  15550   0.32597E-04
  15560   0.32789E-04
  15570   0.32979E-04
  15580   0.33169E-04
  15590   0.33361E-04
  15600   0.33539E-04
  15610   0.33734E-04
  15620   0.33929E-04
  15630   0.34104E-04
  15640   0.34311E-04
  15650   0.34507E-04
  15660   0.34702E-04
  15670   0.34907E-04
  15680   0.35118E-04
  15690   0.35312E-04
  15700   0.35529E-04
  15710   0.35743E-04
  15720   0.35960E-04
  15730   0.36174E-04
  15740   0.36401E-04
  15750   0.36624E-04
  15760   0.36845E-04
  15770   0.37072E-04
  15780   0.37306E-04
  15790   0.37549E-04
  15800   0.37781E-04
  15810   0.38017E-04
  15820   0.38258E-04
  15830   0.38500E-04
  15840   0.38737E-04
  15850   0.38981E-04
  15860   0.39224E-04
  15870   0.39475E-04
  15880   0.39722E-04
  15890   0.39972E-04
  15900   0.40219E-04
  15910   0.40471E-04
  15920   0.40724E-04
  15930   0.40983E-04
  15940   0.41231E-04
  15950   0.41485E-04
  15960   0.41738E-04
  15970   0.41996E-04
  15980   0.42251E-04
  15990   0.42508E-04
  16000   0.42762E-04
  16010   0.43021E-04
  16020   0.43276E-04
  16030   0.43534E-04
  16040   0.43786E-04
  16050   0.44039E-04
  16060   0.44295E-04
  16070   0.44540E-04
  16080   0.44787E-04
  16090   0.45044E-04
  16100   0.45289E-04
  16110   0.45538E-04
  16120   0.45785E-04
  16130   0.46030E-04
  16140   0.46267E-04
  16150   0.46513E-04
  16160   0.46752E-04
  16170   0.47002E-04
  16180   0.47239E-04
  16190   0.47480E-04
  16200   0.47716E-04
  16210   0.47962E-04
  16220   0.48196E-04
  16230   0.48431E-04
  16240   0.48670E-04
  16250   0.48908E-04
  16260   0.49145E-04
  16270   0.49387E-04
  16280   0.49620E-04
  16290   0.49859E-04
  16300   0.50092E-04
  16310   0.50331E-04
  16320   0.50568E-04
  16330   0.50803E-04
  16340   0.51035E-04
  16350   0.51274E-04
  16360   0.51503E-04
  16370   0.51738E-04
  16380   0.51971E-04
  16390   0.52203E-04
  16400   0.52431E-04
  16410   0.52660E-04
  16420   0.52892E-04
  16430   0.53110E-04
  16440   0.53335E-04
  16450   0.53546E-04
  16460   0.53769E-04
  16470   0.53984E-04
  16480   0.54194E-04
  16490   0.54398E-04
  16500   0.54604E-04
  16510   0.54802E-04
  16520   0.54991E-04
  16530   0.55185E-04
  16540   0.55368E-04
  16550   0.55550E-04
  16560   0.55721E-04
  16570   0.55891E-04
  16580   0.56049E-04
  16590   0.56208E-04
  16600   0.56362E-04
  16610   0.56497E-04
  16620   0.56634E-04
  16630   0.56765E-04
  16640   0.56890E-04
  16650   0.57003E-04
  16660   0.57107E-04
  16670   0.57207E-04
  16680   0.57296E-04
  16690   0.57374E-04
  16700   0.57450E-04
  16710   0.57513E-04
  16720   0.57565E-04
  16730   0.57609E-04
  16740   0.57650E-04
  16750   0.57676E-04
  16760   0.57688E-04
  16770   0.57696E-04
  16780   0.57699E-04
  16790   0.57683E-04
  16800   0.57662E-04
  16810   0.57634E-04
  16820   0.57595E-04
  16830   0.57551E-04
  16840   0.57498E-04
  16850   0.57430E-04
  16860   0.57359E-04
  16870   0.57288E-04
  16880   0.57208E-04
  16890   0.57113E-04
  16900   0.57020E-04
  16910   0.56927E-04
  16920   0.56830E-04
  16930   0.56723E-04
  16940   0.56623E-04
  16950   0.56515E-04
  16960   0.56413E-04
  16970   0.56321E-04
  16980   0.56224E-04
  16990   0.56129E-04
  17000   0.56052E-04
  17010   0.55974E-04
  17020   0.55907E-04
  17030   0.55851E-04
  17040   0.55804E-04
  17050   0.55768E-04
  17060   0.55755E-04
  17070   0.55754E-04
  17080   0.55766E-04
  17090   0.55799E-04
  17100   0.55853E-04
  17110   0.55926E-04
  17120   0.56019E-04
  17130   0.56137E-04
  17140   0.56276E-04
  17150   0.56430E-04
  17160   0.56614E-04
  17170   0.56822E-04
  17180   0.57054E-04
  17190   0.57312E-04
  17200   0.57591E-04
  17210   0.57894E-04
  17220   0.58221E-04
  17230   0.58571E-04
  17240   0.58945E-04
  17250   0.59342E-04
  17260   0.59761E-04
  17270   0.60201E-04
  17280   0.60662E-04
  17290   0.61139E-04
  17300   0.61640E-04
  17310   0.62157E-04
  17320   0.62688E-04
  17330   0.63235E-04
  17340   0.63795E-04
  17350   0.64373E-04
  17360   0.64960E-04
  17370   0.65557E-04
  17380   0.66164E-04
  17390   0.66779E-04
  17400   0.67406E-04
  17410   0.68034E-04
  17420   0.68674E-04
  17430   0.69313E-04
  17440   0.69956E-04
  17450   0.70605E-04
  17460   0.71253E-04
  17470   0.71896E-04
  17480   0.72544E-04
  17490   0.73190E-04
  17500   0.73833E-04
  17510   0.74478E-04
  17520   0.75114E-04
  17530   0.75742E-04
  17540   0.76373E-04
  17550   0.76991E-04
  17560   0.77606E-04
  17570   0.78214E-04
  17580   0.78815E-04
  17590   0.79405E-04
  17600   0.79986E-04
  17610   0.80561E-04
  17620   0.81124E-04
  17630   0.81681E-04
  17640   0.82225E-04
  17650   0.82761E-04
  17660   0.83283E-04
  17670   0.83800E-04
  17680   0.84303E-04
  17690   0.84792E-04
  17700   0.85273E-04
  17710   0.85739E-04
  17720   0.86194E-04
  17730   0.86639E-04
  17740   0.87072E-04
  17750   0.87486E-04
  17760   0.87893E-04
  17770   0.88291E-04
  17780   0.88671E-04
  17790   0.89040E-04
  17800   0.89396E-04
  17810   0.89736E-04
  17820   0.90073E-04
  17830   0.90387E-04
  17840   0.90695E-04
  17850   0.90981E-04
  17860   0.91259E-04
  17870   0.91526E-04
  17880   0.91780E-04
  17890   0.92017E-04
  17900   0.92237E-04
  17910   0.92447E-04
  17920   0.92645E-04
  17930   0.92833E-04
  17940   0.93011E-04
  17950   0.93165E-04
  17960   0.93313E-04
  17970   0.93439E-04
  17980   0.93563E-04
  17990   0.93661E-04
  18000   0.93755E-04
  18010   0.93829E-04
  18020   0.93898E-04
  18030   0.93941E-04
  18040   0.93974E-04
  18050   0.94002E-04
  18060   0.94010E-04
  18070   0.94004E-04
  18080   0.93992E-04
  18090   0.93958E-04
  18100   0.93910E-04
  18110   0.93858E-04
  18120   0.93788E-04
  18130   0.93698E-04
  18140   0.93607E-04
  18150   0.93496E-04
  18160   0.93377E-04
  18170   0.93253E-04
  18180   0.93103E-04
  18190   0.92943E-04
  18200   0.92770E-04
  18210   0.92592E-04
  18220   0.92399E-04
  18230   0.92196E-04
  18240   0.91976E-04
  18250   0.91754E-04
  18260   0.91523E-04
  18270   0.91272E-04
  18280   0.91015E-04
  18290   0.90747E-04
  18300   0.90472E-04
  18310   0.90186E-04
  18320   0.89878E-04
  18330   0.89579E-04
  18340   0.89257E-04
  18350   0.88940E-04
  18360   0.88607E-04
  18370   0.88266E-04
  18380   0.87915E-04
  18390   0.87560E-04
  18400   0.87206E-04
  18410   0.86833E-04
  18420   0.86458E-04
  18430   0.86079E-04
  18440   0.85689E-04
  18450   0.85300E-04
  18460   0.84898E-04
  18470   0.84500E-04
  18480   0.84097E-04
  18490   0.83686E-04
  18500   0.83270E-04
  18510   0.82849E-04
  18520   0.82443E-04
  18530   0.82013E-04
  18540   0.81590E-04
  18550   0.81169E-04
  18560   0.80748E-04
  18570   0.80317E-04
  18580   0.79886E-04
  18590   0.79475E-04
  18600   0.79055E-04
  18610   0.78619E-04
  18620   0.78197E-04
  18630   0.77779E-04
  18640   0.77371E-04
  18650   0.76950E-04
  18660   0.76546E-04
  18670   0.76127E-04
  18680   0.75726E-04
  18690   0.75335E-04
  18700   0.74946E-04
  18710   0.74559E-04
  18720   0.74171E-04
  18730   0.73813E-04
  18740   0.73443E-04
  18750   0.73075E-04
  18760   0.72736E-04
  18770   0.72384E-04
  18780   0.72045E-04
  18790   0.71738E-04
  18800   0.71408E-04
  18810   0.71107E-04
  18820   0.70807E-04
  18830   0.70509E-04
  18840   0.70232E-04
  18850   0.69962E-04
  18860   0.69705E-04
  18870   0.69448E-04
  18880   0.69219E-04
  18890   0.68971E-04
  18900   0.68767E-04
  18910   0.68561E-04
  18920   0.68355E-04
  18930   0.68170E-04
  18940   0.67997E-04
  18950   0.67814E-04
  18960   0.67654E-04
  18970   0.67506E-04
  18980   0.67358E-04
  18990   0.67229E-04
  19000   0.67098E-04
  19010   0.66974E-04
  19020   0.66870E-04
  19030   0.66771E-04
  19040   0.66684E-04
  19050   0.66598E-04
  19060   0.66504E-04
  19070   0.66431E-04
  19080   0.66368E-04
  19090   0.66297E-04
  19100   0.66233E-04
  19110   0.66181E-04
  19120   0.66132E-04
  19130   0.66077E-04
  19140   0.66038E-04
  19150   0.65984E-04
  19160   0.65963E-04
  19170   0.65923E-04
  19180   0.65888E-04
  19190   0.65856E-04
  19200   0.65840E-04
  19210   0.65808E-04
  19220   0.65796E-04
  19230   0.65760E-04
  19240   0.65738E-04
  19250   0.65725E-04
  19260   0.65697E-04
  19270   0.65676E-04
  19280   0.65657E-04
  19290   0.65628E-04
  19300   0.65612E-04
  19310   0.65578E-04
  19320   0.65583E-04
  19330   0.65554E-04
  19340   0.65531E-04
  19350   0.65520E-04
  19360   0.65501E-04
  19370   0.65458E-04
  19380   0.65438E-04
  19390   0.65417E-04
  19400   0.65396E-04
  19410   0.65381E-04
  19420   0.65367E-04
  19430   0.65334E-04
  19440   0.65315E-04
  19450   0.65296E-04
  19460   0.65277E-04
  19470   0.65232E-04
  19480   0.65224E-04
  19490   0.65202E-04
  19500   0.65168E-04
  19510   0.65172E-04
  19520   0.65145E-04
  19530   0.65125E-04
  19540   0.65100E-04
  19550   0.65096E-04
  19560   0.65061E-04
  19570   0.65040E-04
  19580   0.65030E-04
  19590   0.65024E-04
  19600   0.64986E-04
  19610   0.64980E-04
  19620   0.64965E-04
  19630   0.64920E-04
  19640   0.64909E-04
  19650   0.64888E-04
  19660   0.64871E-04
  19670   0.64855E-04
  19680   0.64798E-04
  19690   0.64794E-04
  19700   0.64764E-04
  19710   0.64733E-04
  19720   0.64700E-04
  19730   0.64650E-04
  19740   0.64619E-04
  19750   0.64591E-04
  19760   0.64551E-04
  19770   0.64507E-04
  19780   0.64453E-04
  19790   0.64402E-04
  19800   0.64349E-04
  19810   0.64281E-04
  19820   0.64215E-04
  19830   0.64140E-04
  19840   0.64084E-04
  19850   0.63976E-04
  19860   0.63921E-04
  19870   0.63810E-04
  19880   0.63708E-04
  19890   0.63623E-04
  19900   0.63527E-04
  19910   0.63411E-04
  19920   0.63279E-04
  19930   0.63163E-04
  19940   0.63054E-04
  19950   0.62909E-04
  19960   0.62770E-04
  19970   0.62619E-04
  19980   0.62474E-04
  19990   0.62326E-04
  20000   0.62140E-04
