     10   0.12427E-02
     20   0.11142E-02
     30   0.10147E-02
     40   0.93619E-03
     50   0.87298E-03
     60   0.82077E-03
     70   0.77686E-03
     80   0.73931E-03
     90   0.70651E-03
    100   0.67750E-03
    110   0.65130E-03
    120   0.62757E-03
    130   0.60574E-03
    140   0.58542E-03
    150   0.56652E-03
    160   0.54868E-03
    170   0.53191E-03
    180   0.51603E-03
    190   0.50089E-03
    200   0.48632E-03
    210   0.47235E-03
    220   0.45901E-03
    230   0.44613E-03
    240   0.43360E-03
    250   0.42155E-03
    260   0.40998E-03
    270   0.39877E-03
    280   0.38793E-03
    290   0.37752E-03
    300   0.36751E-03
    310   0.35795E-03
    320   0.34871E-03
    330   0.33977E-03
    340   0.33110E-03
    350   0.32277E-03
    360   0.31474E-03
    370   0.30701E-03
    380   0.29949E-03
    390   0.29229E-03
    400   0.28536E-03
    410   0.27875E-03
    420   0.27242E-03
    430   0.26630E-03
    440   0.26042E-03
    450   0.25478E-03
    460   0.24934E-03
    470   0.24415E-03
    480   0.23911E-03
    490   0.23430E-03
    500   0.22966E-03
    510   0.22526E-03
    520   0.22102E-03
    530   0.21697E-03
    540   0.21302E-03
    550   0.20928E-03
    560   0.20571E-03
    570   0.20223E-03
    580   0.19892E-03
    590   0.19575E-03
    600   0.19273E-03
    610   0.18982E-03
    620   0.18709E-03
    630   0.18447E-03
    640   0.18200E-03
    650   0.17966E-03
    660   0.17746E-03
    670   0.17539E-03
    680   0.17347E-03
    690   0.17169E-03
    700   0.17001E-03
    710   0.16845E-03
    720   0.16702E-03
    730   0.16566E-03
    740   0.16441E-03
    750   0.16323E-03
    760   0.16212E-03
    770   0.16109E-03
    780   0.16008E-03
    790   0.15910E-03
    800   0.15818E-03
    810   0.15725E-03
    820   0.15632E-03
    830   0.15538E-03
    840   0.15447E-03
    850   0.15351E-03
    860   0.15252E-03
    870   0.15156E-03
    880   0.15052E-03
    890   0.14949E-03
    900   0.14845E-03
    910   0.14736E-03
    920   0.14627E-03
    930   0.14516E-03
    940   0.14404E-03
    950   0.14293E-03
    960   0.14182E-03
    970   0.14072E-03
    980   0.13966E-03
    990   0.13860E-03
   1000   0.13758E-03
   1010   0.13661E-03
   1020   0.13568E-03
   1030   0.13478E-03
   1040   0.13398E-03
   1050   0.13322E-03
   1060   0.13252E-03
   1070   0.13191E-03
   1080   0.13136E-03
   1090   0.13087E-03
   1100   0.13048E-03
   1110   0.13014E-03
   1120   0.12988E-03
   1130   0.12969E-03
   1140   0.12959E-03
   1150   0.12953E-03
   1160   0.12954E-03
   1170   0.12960E-03
   1180   0.12972E-03
   1190   0.12989E-03
   1200   0.13011E-03
   1210   0.13036E-03
   1220   0.13064E-03
   1230   0.13097E-03
   1240   0.13129E-03
   1250   0.13164E-03
   1260   0.13199E-03
   1270   0.13234E-03
   1280   0.13269E-03
   1290   0.13303E-03
   1300   0.13336E-03
   1310   0.13368E-03
   1320   0.13396E-03
   1330   0.13423E-03
   1340   0.13446E-03
   1350   0.13465E-03
   1360   0.13481E-03
   1370   0.13494E-03
   1380   0.13503E-03
   1390   0.13507E-03
   1400   0.13507E-03
   1410   0.13504E-03
   1420   0.13496E-03
   1430   0.13483E-03
   1440   0.13467E-03
   1450   0.13446E-03
   1460   0.13423E-03
   1470   0.13393E-03
   1480   0.13363E-03
   1490   0.13328E-03
   1500   0.13289E-03
   1510   0.13248E-03
   1520   0.13204E-03
   1530   0.13157E-03
   1540   0.13108E-03
   1550   0.13056E-03
   1560   0.13002E-03
   1570   0.12945E-03
   1580   0.12886E-03
   1590   0.12825E-03
   1600   0.12764E-03
   1610   0.12701E-03
   1620   0.12634E-03
   1630   0.12569E-03
   1640   0.12499E-03
   1650   0.12429E-03
   1660   0.12361E-03
   1670   0.12290E-03
   1680   0.12220E-03
   1690   0.12147E-03
   1700   0.12074E-03
   1710   0.12004E-03
   1720   0.11931E-03
   1730   0.11861E-03
   1740   0.11791E-03
   1750   0.11723E-03
   1760   0.11656E-03
   1770   0.11592E-03
   1780   0.11528E-03
   1790   0.11470E-03
   1800   0.11412E-03
   1810   0.11358E-03
   1820   0.11308E-03
   1830   0.11260E-03
   1840   0.11219E-03
   1850   0.11181E-03
   1860   0.11148E-03
   1870   0.11119E-03
   1880   0.11092E-03
   1890   0.11074E-03
   1900   0.11058E-03
   1910   0.11047E-03
   1920   0.11041E-03
   1930   0.11040E-03
   1940   0.11044E-03
   1950   0.11051E-03
   1960   0.11061E-03
   1970   0.11076E-03
   1980   0.11094E-03
   1990   0.11115E-03
   2000   0.11141E-03
   2010   0.11165E-03
   2020   0.11195E-03
   2030   0.11222E-03
   2040   0.11255E-03
   2050   0.11287E-03
   2060   0.11319E-03
   2070   0.11352E-03
   2080   0.11384E-03
   2090   0.11420E-03
   2100   0.11450E-03
   2110   0.11482E-03
   2120   0.11512E-03
   2130   0.11541E-03
   2140   0.11568E-03
   2150   0.11594E-03
   2160   0.11617E-03
   2170   0.11636E-03
   2180   0.11655E-03
   2190   0.11672E-03
   2200   0.11687E-03
   2210   0.11700E-03
   2220   0.11711E-03
   2230   0.11718E-03
   2240   0.11723E-03
   2250   0.11726E-03
   2260   0.11726E-03
   2270   0.11728E-03
   2280   0.11724E-03
   2290   0.11721E-03
   2300   0.11712E-03
   2310   0.11707E-03
   2320   0.11696E-03
   2330   0.11687E-03
   2340   0.11678E-03
   2350   0.11666E-03
   2360   0.11653E-03
   2370   0.11642E-03
   2380   0.11631E-03
   2390   0.11620E-03
   2400   0.11610E-03
   2410   0.11599E-03
   2420   0.11591E-03
   2430   0.11583E-03
   2440   0.11575E-03
   2450   0.11569E-03
   2460   0.11566E-03
   2470   0.11563E-03
   2480   0.11561E-03
   2490   0.11560E-03
   2500   0.11564E-03
   2510   0.11567E-03
   2520   0.11575E-03
   2530   0.11580E-03
   2540   0.11589E-03
   2550   0.11599E-03
   2560   0.11612E-03
   2570   0.11624E-03
   2580   0.11638E-03
   2590   0.11654E-03
   2600   0.11670E-03
   2610   0.11687E-03
   2620   0.11704E-03
   2630   0.11723E-03
   2640   0.11739E-03
   2650   0.11760E-03
   2660   0.11778E-03
   2670   0.11794E-03
   2680   0.11811E-03
   2690   0.11827E-03
   2700   0.11843E-03
   2710   0.11856E-03
   2720   0.11870E-03
   2730   0.11879E-03
   2740   0.11891E-03
   2750   0.11898E-03
   2760   0.11905E-03
   2770   0.11909E-03
   2780   0.11911E-03
   2790   0.11912E-03
   2800   0.11911E-03
   2810   0.11907E-03
   2820   0.11900E-03
   2830   0.11893E-03
   2840   0.11880E-03
   2850   0.11868E-03
   2860   0.11852E-03
   2870   0.11834E-03
   2880   0.11815E-03
   2890   0.11793E-03
   2900   0.11770E-03
   2910   0.11745E-03
   2920   0.11717E-03
   2930   0.11688E-03
   2940   0.11659E-03
   2950   0.11627E-03
   2960   0.11596E-03
   2970   0.11563E-03
   2980   0.11529E-03
   2990   0.11492E-03
   3000   0.11459E-03
   3010   0.11426E-03
   3020   0.11389E-03
   3030   0.11356E-03
   3040   0.11321E-03
   3050   0.11288E-03
   3060   0.11257E-03
   3070   0.11226E-03
   3080   0.11197E-03
   3090   0.11169E-03
   3100   0.11144E-03
   3110   0.11120E-03
   3120   0.11098E-03
   3130   0.11080E-03
   3140   0.11062E-03
   3150   0.11052E-03
   3160   0.11044E-03
   3170   0.11035E-03
   3180   0.11031E-03
   3190   0.11033E-03
   3200   0.11037E-03
   3210   0.11045E-03
   3220   0.11057E-03
   3230   0.11073E-03
   3240   0.11092E-03
   3250   0.11115E-03
   3260   0.11143E-03
   3270   0.11176E-03
   3280   0.11211E-03
   3290   0.11250E-03
   3300   0.11292E-03
   3310   0.11339E-03
   3320   0.11389E-03
   3330   0.11445E-03
   3340   0.11500E-03
   3350   0.11563E-03
   3360   0.11626E-03
   3370   0.11691E-03
   3380   0.11761E-03
   3390   0.11831E-03
   3400   0.11905E-03
   3410   0.11981E-03
   3420   0.12060E-03
   3430   0.12139E-03
   3440   0.12219E-03
   3450   0.12303E-03
   3460   0.12388E-03
   3470   0.12469E-03
   3480   0.12555E-03
   3490   0.12640E-03
   3500   0.12726E-03
   3510   0.12812E-03
   3520   0.12901E-03
   3530   0.12986E-03
   3540   0.13073E-03
   3550   0.13157E-03
   3560   0.13244E-03
   3570   0.13327E-03
   3580   0.13414E-03
   3590   0.13496E-03
   3600   0.13579E-03
   3610   0.13660E-03
   3620   0.13741E-03
   3630   0.13820E-03
   3640   0.13896E-03
   3650   0.13972E-03
   3660   0.14049E-03
   3670   0.14123E-03
   3680   0.14194E-03
   3690   0.14265E-03
   3700   0.14331E-03
   3710   0.14400E-03
   3720   0.14468E-03
   3730   0.14529E-03
   3740   0.14591E-03
   3750   0.14653E-03
   3760   0.14710E-03
   3770   0.14766E-03
   3780   0.14822E-03
   3790   0.14872E-03
   3800   0.14926E-03
   3810   0.14972E-03
   3820   0.15021E-03
   3830   0.15067E-03
   3840   0.15108E-03
   3850   0.15149E-03
   3860   0.15191E-03
   3870   0.15228E-03
   3880   0.15261E-03
   3890   0.15296E-03
   3900   0.15329E-03
   3910   0.15357E-03
   3920   0.15387E-03
   3930   0.15411E-03
   3940   0.15436E-03
   3950   0.15456E-03
   3960   0.15476E-03
   3970   0.15492E-03
   3980   0.15511E-03
   3990   0.15519E-03
   4000   0.15534E-03
   4010   0.15543E-03
   4020   0.15551E-03
   4030   0.15556E-03
   4040   0.15562E-03
   4050   0.15560E-03
   4060   0.15561E-03
   4070   0.15556E-03
   4080   0.15554E-03
   4090   0.15545E-03
   4100   0.15538E-03
   4110   0.15528E-03
   4120   0.15517E-03
   4130   0.15505E-03
   4140   0.15487E-03
   4150   0.15467E-03
   4160   0.15451E-03
   4170   0.15429E-03
   4180   0.15405E-03
   4190   0.15384E-03
   4200   0.15355E-03
   4210   0.15327E-03
   4220   0.15298E-03
   4230   0.15267E-03
   4240   0.15237E-03
   4250   0.15202E-03
   4260   0.15168E-03
   4270   0.15129E-03
   4280   0.15093E-03
   4290   0.15053E-03
   4300   0.15014E-03
   4310   0.14970E-03
   4320   0.14933E-03
   4330   0.14888E-03
   4340   0.14841E-03
   4350   0.14798E-03
   4360   0.14749E-03
   4370   0.14705E-03
   4380   0.14656E-03
   4390   0.14606E-03
   4400   0.14557E-03
   4410   0.14508E-03
   4420   0.14455E-03
   4430   0.14403E-03
   4440   0.14352E-03
   4450   0.14301E-03
   4460   0.14246E-03
   4470   0.14193E-03
   4480   0.14139E-03
   4490   0.14085E-03
   4500   0.14027E-03
   4510   0.13974E-03
   4520   0.13917E-03
   4530   0.13862E-03
   4540   0.13802E-03
   4550   0.13750E-03
   4560   0.13689E-03
   4570   0.13632E-03
   4580   0.13574E-03
   4590   0.13514E-03
   4600   0.13456E-03
   4610   0.13395E-03
   4620   0.13335E-03
   4630   0.13276E-03
   4640   0.13216E-03
   4650   0.13153E-03
   4660   0.13097E-03
   4670   0.13031E-03
   4680   0.12968E-03
   4690   0.12905E-03
   4700   0.12842E-03
   4710   0.12779E-03
   4720   0.12717E-03
   4730   0.12647E-03
   4740   0.12586E-03
   4750   0.12519E-03
   4760   0.12458E-03
   4770   0.12392E-03
   4780   0.12325E-03
   4790   0.12256E-03
   4800   0.12189E-03
   4810   0.12118E-03
   4820   0.12052E-03
   4830   0.11982E-03
   4840   0.11916E-03
   4850   0.11846E-03
   4860   0.11775E-03
   4870   0.11706E-03
   4880   0.11634E-03
   4890   0.11565E-03
   4900   0.11491E-03
   4910   0.11420E-03
   4920   0.11350E-03
   4930   0.11278E-03
   4940   0.11205E-03
   4950   0.11130E-03
   4960   0.11057E-03
   4970   0.10984E-03
   4980   0.10911E-03
   4990   0.10839E-03
   5000   0.10765E-03
   5010   0.10692E-03
   5020   0.10617E-03
   5030   0.10545E-03
   5040   0.10472E-03
   5050   0.10396E-03
   5060   0.10324E-03
   5070   0.10251E-03
   5080   0.10181E-03
   5090   0.10104E-03
   5100   0.10035E-03
   5110   0.99611E-04
   5120   0.98904E-04
   5130   0.98188E-04
   5140   0.97472E-04
   5150   0.96772E-04
   5160   0.96074E-04
   5170   0.95385E-04
   5180   0.94687E-04
   5190   0.93998E-04
   5200   0.93355E-04
   5210   0.92645E-04
   5220   0.92023E-04
   5230   0.91327E-04
   5240   0.90681E-04
   5250   0.90020E-04
   5260   0.89397E-04
   5270   0.88763E-04
   5280   0.88180E-04
   5290   0.87540E-04
   5300   0.86949E-04
   5310   0.86339E-04
   5320   0.85745E-04
   5330   0.85186E-04
   5340   0.84630E-04
   5350   0.84066E-04
   5360   0.83497E-04
   5370   0.82983E-04
   5380   0.82431E-04
   5390   0.81888E-04
   5400   0.81421E-04
   5410   0.80927E-04
   5420   0.80402E-04
   5430   0.79929E-04
   5440   0.79460E-04
   5450   0.78985E-04
   5460   0.78525E-04
   5470   0.78078E-04
   5480   0.77634E-04
   5490   0.77216E-04
   5500   0.76776E-04
   5510   0.76366E-04
   5520   0.75986E-04
   5530   0.75565E-04
   5540   0.75226E-04
   5550   0.74839E-04
   5560   0.74463E-04
   5570   0.74078E-04
   5580   0.73725E-04
   5590   0.73396E-04
   5600   0.73065E-04
   5610   0.72717E-04
   5620   0.72397E-04
   5630   0.72095E-04
   5640   0.71796E-04
   5650   0.71482E-04
   5660   0.71200E-04
   5670   0.70878E-04
   5680   0.70645E-04
   5690   0.70357E-04
   5700   0.70091E-04
   5710   0.69837E-04
   5720   0.69543E-04
   5730   0.69303E-04
   5740   0.69051E-04
   5750   0.68809E-04
   5760   0.68581E-04
   5770   0.68343E-04
   5780   0.68106E-04
   5790   0.67909E-04
   5800   0.67665E-04
   5810   0.67465E-04
   5820   0.67268E-04
   5830   0.67046E-04
   5840   0.66863E-04
   5850   0.66650E-04
   5860   0.66451E-04
   5870   0.66245E-04
   5880   0.66067E-04
   5890   0.65894E-04
   5900   0.65739E-04
   5910   0.65535E-04
   5920   0.65376E-04
   5930   0.65211E-04
   5940   0.65045E-04
   5950   0.64879E-04
   5960   0.64721E-04
   5970   0.64539E-04
   5980   0.64399E-04
   5990   0.64211E-04
   6000   0.64079E-04
   6010   0.63956E-04
   6020   0.63793E-04
   6030   0.63642E-04
   6040   0.63500E-04
   6050   0.63361E-04
   6060   0.63225E-04
   6070   0.63084E-04
   6080   0.62967E-04
   6090   0.62821E-04
   6100   0.62687E-04
   6110   0.62552E-04
   6120   0.62428E-04
   6130   0.62331E-04
   6140   0.62192E-04
   6150   0.62033E-04
   6160   0.61943E-04
   6170   0.61838E-04
   6180   0.61712E-04
   6190   0.61586E-04
   6200   0.61474E-04
   6210   0.61375E-04
   6220   0.61250E-04
   6230   0.61137E-04
   6240   0.61022E-04
   6250   0.60930E-04
   6260   0.60809E-04
   6270   0.60688E-04
   6280   0.60597E-04
   6290   0.60484E-04
   6300   0.60400E-04
   6310   0.60300E-04
   6320   0.60212E-04
   6330   0.60109E-04
   6340   0.60005E-04
   6350   0.59899E-04
   6360   0.59808E-04
   6370   0.59741E-04
   6380   0.59627E-04
   6390   0.59534E-04
   6400   0.59438E-04
   6410   0.59359E-04
   6420   0.59293E-04
   6430   0.59188E-04
   6440   0.59108E-04
   6450   0.59038E-04
   6460   0.58916E-04
   6470   0.58865E-04
   6480   0.58780E-04
   6490   0.58704E-04
   6500   0.58622E-04
   6510   0.58531E-04
   6520   0.58473E-04
   6530   0.58388E-04
   6540   0.58334E-04
   6550   0.58257E-04
   6560   0.58214E-04
   6570   0.58120E-04
   6580   0.58062E-04
   6590   0.57991E-04
   6600   0.57963E-04
   6610   0.57895E-04
   6620   0.57812E-04
   6630   0.57765E-04
   6640   0.57715E-04
   6650   0.57686E-04
   6660   0.57618E-04
   6670   0.57554E-04
   6680   0.57510E-04
   6690   0.57475E-04
   6700   0.57434E-04
   6710   0.57362E-04
   6720   0.57335E-04
   6730   0.57302E-04
   6740   0.57272E-04
   6750   0.57218E-04
   6760   0.57216E-04
   6770   0.57166E-04
   6780   0.57124E-04
   6790   0.57102E-04
   6800   0.57085E-04
   6810   0.57067E-04
   6820   0.57024E-04
   6830   0.57020E-04
   6840   0.57012E-04
   6850   0.56978E-04
   6860   0.56958E-04
   6870   0.56979E-04
   6880   0.56949E-04
   6890   0.56942E-04
   6900   0.56931E-04
   6910   0.56928E-04
   6920   0.56911E-04
   6930   0.56897E-04
   6940   0.56917E-04
   6950   0.56941E-04
   6960   0.56914E-04
   6970   0.56941E-04
   6980   0.56942E-04
   6990   0.56969E-04
   7000   0.56957E-04
   7010   0.56999E-04
   7020   0.56980E-04
   7030   0.56998E-04
   7040   0.57044E-04
   7050   0.57034E-04
   7060   0.57065E-04
   7070   0.57089E-04
   7080   0.57099E-04
   7090   0.57162E-04
   7100   0.57148E-04
   7110   0.57207E-04
   7120   0.57232E-04
   7130   0.57248E-04
   7140   0.57294E-04
   7150   0.57293E-04
   7160   0.57360E-04
   7170   0.57400E-04
   7180   0.57448E-04
   7190   0.57489E-04
   7200   0.57511E-04
   7210   0.57564E-04
   7220   0.57612E-04
   7230   0.57631E-04
   7240   0.57692E-04
   7250   0.57737E-04
   7260   0.57784E-04
   7270   0.57813E-04
   7280   0.57858E-04
   7290   0.57913E-04
   7300   0.57958E-04
   7310   0.58012E-04
   7320   0.58063E-04
   7330   0.58106E-04
   7340   0.58130E-04
   7350   0.58222E-04
   7360   0.58298E-04
   7370   0.58311E-04
   7380   0.58363E-04
   7390   0.58408E-04
   7400   0.58482E-04
   7410   0.58535E-04
   7420   0.58597E-04
   7430   0.58636E-04
   7440   0.58691E-04
   7450   0.58759E-04
   7460   0.58795E-04
   7470   0.58852E-04
   7480   0.58920E-04
   7490   0.58964E-04
   7500   0.59022E-04
   7510   0.59087E-04
   7520   0.59124E-04
   7530   0.59179E-04
   7540   0.59231E-04
   7550   0.59251E-04
   7560   0.59302E-04
   7570   0.59370E-04
   7580   0.59432E-04
   7590   0.59480E-04
   7600   0.59521E-04
   7610   0.59553E-04
   7620   0.59606E-04
   7630   0.59653E-04
   7640   0.59698E-04
   7650   0.59760E-04
   7660   0.59792E-04
   7670   0.59823E-04
   7680   0.59872E-04
   7690   0.59891E-04
   7700   0.59942E-04
   7710   0.59997E-04
   7720   0.60031E-04
   7730   0.60069E-04
   7740   0.60101E-04
   7750   0.60127E-04
   7760   0.60147E-04
   7770   0.60197E-04
   7780   0.60189E-04
   7790   0.60240E-04
   7800   0.60268E-04
   7810   0.60296E-04
   7820   0.60319E-04
   7830   0.60349E-04
   7840   0.60369E-04
   7850   0.60384E-04
   7860   0.60411E-04
   7870   0.60411E-04
   7880   0.60433E-04
   7890   0.60452E-04
   7900   0.60438E-04
   7910   0.60444E-04
   7920   0.60477E-04
   7930   0.60471E-04
   7940   0.60455E-04
   7950   0.60457E-04
   7960   0.60471E-04
   7970   0.60481E-04
   7980   0.60476E-04
   7990   0.60475E-04
   8000   0.60469E-04
   8010   0.60455E-04
   8020   0.60461E-04
   8030   0.60479E-04
   8040   0.60425E-04
   8050   0.60394E-04
   8060   0.60396E-04
   8070   0.60389E-04
   8080   0.60375E-04
   8090   0.60356E-04
   8100   0.60338E-04
   8110   0.60302E-04
   8120   0.60256E-04
   8130   0.60264E-04
   8140   0.60225E-04
   8150   0.60210E-04
   8160   0.60170E-04
   8170   0.60149E-04
   8180   0.60089E-04
   8190   0.60087E-04
   8200   0.60053E-04
   8210   0.59994E-04
   8220   0.59971E-04
   8230   0.59918E-04
   8240   0.59878E-04
   8250   0.59827E-04
   8260   0.59764E-04
   8270   0.59759E-04
   8280   0.59725E-04
   8290   0.59678E-04
   8300   0.59617E-04
   8310   0.59597E-04
   8320   0.59541E-04
   8330   0.59492E-04
   8340   0.59453E-04
   8350   0.59396E-04
   8360   0.59333E-04
   8370   0.59281E-04
   8380   0.59243E-04
   8390   0.59178E-04
   8400   0.59138E-04
   8410   0.59098E-04
   8420   0.59027E-04
   8430   0.58994E-04
   8440   0.58908E-04
   8450   0.58847E-04
   8460   0.58791E-04
   8470   0.58766E-04
   8480   0.58690E-04
   8490   0.58630E-04
   8500   0.58562E-04
   8510   0.58519E-04
   8520   0.58467E-04
   8530   0.58418E-04
   8540   0.58356E-04
   8550   0.58303E-04
   8560   0.58257E-04
   8570   0.58170E-04
   8580   0.58139E-04
   8590   0.58084E-04
   8600   0.58020E-04
   8610   0.57980E-04
   8620   0.57918E-04
   8630   0.57858E-04
   8640   0.57773E-04
   8650   0.57740E-04
   8660   0.57701E-04
   8670   0.57642E-04
   8680   0.57556E-04
   8690   0.57503E-04
   8700   0.57463E-04
   8710   0.57432E-04
   8720   0.57369E-04
   8730   0.57301E-04
   8740   0.57267E-04
   8750   0.57228E-04
   8760   0.57180E-04
   8770   0.57111E-04
   8780   0.57075E-04
   8790   0.56998E-04
   8800   0.56976E-04
   8810   0.56928E-04
   8820   0.56902E-04
   8830   0.56857E-04
   8840   0.56793E-04
   8850   0.56744E-04
   8860   0.56680E-04
   8870   0.56656E-04
   8880   0.56618E-04
   8890   0.56599E-04
   8900   0.56540E-04
   8910   0.56497E-04
   8920   0.56451E-04
   8930   0.56429E-04
   8940   0.56399E-04
   8950   0.56359E-04
   8960   0.56317E-04
   8970   0.56301E-04
   8980   0.56240E-04
   8990   0.56209E-04
   9000   0.56204E-04
   9010   0.56161E-04
   9020   0.56122E-04
   9030   0.56110E-04
   9040   0.56081E-04
   9050   0.56066E-04
   9060   0.56032E-04
   9070   0.56014E-04
   9080   0.55963E-04
   9090   0.55945E-04
   9100   0.55924E-04
   9110   0.55901E-04
   9120   0.55882E-04
   9130   0.55877E-04
   9140   0.55839E-04
   9150   0.55820E-04
   9160   0.55827E-04
   9170   0.55807E-04
   9180   0.55809E-04
   9190   0.55768E-04
   9200   0.55767E-04
   9210   0.55772E-04
   9220   0.55743E-04
   9230   0.55742E-04
   9240   0.55712E-04
   9250   0.55729E-04
   9260   0.55709E-04
   9270   0.55710E-04
   9280   0.55700E-04
   9290   0.55690E-04
   9300   0.55693E-04
   9310   0.55667E-04
   9320   0.55692E-04
   9330   0.55660E-04
   9340   0.55670E-04
   9350   0.55677E-04
   9360   0.55676E-04
   9370   0.55663E-04
   9380   0.55674E-04
   9390   0.55674E-04
   9400   0.55651E-04
   9410   0.55669E-04
   9420   0.55669E-04
   9430   0.55674E-04
   9440   0.55677E-04
   9450   0.55669E-04
   9460   0.55683E-04
   9470   0.55674E-04
   9480   0.55688E-04
   9490   0.55681E-04
   9500   0.55705E-04
   9510   0.55713E-04
   9520   0.55703E-04
   9530   0.55707E-04
   9540   0.55737E-04
   9550   0.55731E-04
   9560   0.55745E-04
   9570   0.55753E-04
   9580   0.55762E-04
   9590   0.55769E-04
   9600   0.55794E-04
   9610   0.55808E-04
   9620   0.55814E-04
   9630   0.55806E-04
   9640   0.55817E-04
   9650   0.55835E-04
   9660   0.55854E-04
   9670   0.55862E-04
   9680   0.55855E-04
   9690   0.55879E-04
   9700   0.55892E-04
   9710   0.55887E-04
   9720   0.55908E-04
   9730   0.55912E-04
   9740   0.55938E-04
   9750   0.55922E-04
   9760   0.55939E-04
   9770   0.55958E-04
   9780   0.55987E-04
   9790   0.55988E-04
   9800   0.55983E-04
   9810   0.56005E-04
   9820   0.56026E-04
   9830   0.56030E-04
   9840   0.56021E-04
   9850   0.56063E-04
   9860   0.56080E-04
   9870   0.56080E-04
   9880   0.56099E-04
   9890   0.56091E-04
   9900   0.56110E-04
   9910   0.56116E-04
   9920   0.56103E-04
   9930   0.56131E-04
   9940   0.56122E-04
   9950   0.56144E-04
   9960   0.56130E-04
   9970   0.56162E-04
   9980   0.56175E-04
   9990   0.56169E-04
  10000   0.56198E-04
  10010   0.56190E-04
  10020   0.56212E-04
  10030   0.56201E-04
  10040   0.56221E-04
  10050   0.56242E-04
  10060   0.56244E-04
  10070   0.56233E-04
  10080   0.56264E-04
  10090   0.56254E-04
  10100   0.56262E-04
  10110   0.56287E-04
  10120   0.56275E-04
  10130   0.56285E-04
  10140   0.56283E-04
  10150   0.56300E-04
  10160   0.56303E-04
  10170   0.56293E-04
  10180   0.56288E-04
  10190   0.56282E-04
  10200   0.56298E-04
  10210   0.56291E-04
  10220   0.56299E-04
  10230   0.56284E-04
  10240   0.56293E-04
  10250   0.56275E-04
  10260   0.56286E-04
  10270   0.56281E-04
  10280   0.56266E-04
  10290   0.56271E-04
  10300   0.56257E-04
  10310   0.56269E-04
  10320   0.56264E-04
  10330   0.56247E-04
  10340   0.56224E-04
  10350   0.56236E-04
  10360   0.56222E-04
  10370   0.56227E-04
  10380   0.56206E-04
  10390   0.56184E-04
  10400   0.56169E-04
  10410   0.56171E-04
  10420   0.56156E-04
  10430   0.56151E-04
  10440   0.56140E-04
  10450   0.56110E-04
  10460   0.56104E-04
  10470   0.56079E-04
  10480   0.56049E-04
  10490   0.56024E-04
  10500   0.56021E-04
  10510   0.55985E-04
  10520   0.55952E-04
  10530   0.55948E-04
  10540   0.55934E-04
  10550   0.55891E-04
  10560   0.55886E-04
  10570   0.55832E-04
  10580   0.55783E-04
  10590   0.55767E-04
  10600   0.55740E-04
  10610   0.55709E-04
  10620   0.55687E-04
  10630   0.55660E-04
  10640   0.55604E-04
  10650   0.55555E-04
  10660   0.55508E-04
  10670   0.55478E-04
  10680   0.55420E-04
  10690   0.55387E-04
  10700   0.55337E-04
  10710   0.55285E-04
  10720   0.55240E-04
  10730   0.55204E-04
  10740   0.55153E-04
  10750   0.55113E-04
  10760   0.55071E-04
  10770   0.55017E-04
  10780   0.54961E-04
  10790   0.54908E-04
  10800   0.54840E-04
  10810   0.54795E-04
  10820   0.54732E-04
  10830   0.54679E-04
  10840   0.54616E-04
  10850   0.54545E-04
  10860   0.54506E-04
  10870   0.54451E-04
  10880   0.54375E-04
  10890   0.54322E-04
  10900   0.54265E-04
  10910   0.54173E-04
  10920   0.54130E-04
  10930   0.54041E-04
  10940   0.53991E-04
  10950   0.53920E-04
  10960   0.53867E-04
  10970   0.53784E-04
  10980   0.53717E-04
  10990   0.53645E-04
  11000   0.53568E-04
  11010   0.53491E-04
  11020   0.53434E-04
  11030   0.53376E-04
  11040   0.53294E-04
  11050   0.53216E-04
  11060   0.53141E-04
  11070   0.53069E-04
  11080   0.53002E-04
  11090   0.52937E-04
  11100   0.52884E-04
  11110   0.52783E-04
  11120   0.52734E-04
  11130   0.52633E-04
  11140   0.52565E-04
  11150   0.52495E-04
  11160   0.52447E-04
  11170   0.52360E-04
  11180   0.52290E-04
  11190   0.52214E-04
  11200   0.52142E-04
  11210   0.52088E-04
  11220   0.52005E-04
  11230   0.51937E-04
  11240   0.51850E-04
  11250   0.51787E-04
  11260   0.51712E-04
  11270   0.51648E-04
  11280   0.51574E-04
  11290   0.51509E-04
  11300   0.51424E-04
  11310   0.51378E-04
  11320   0.51322E-04
  11330   0.51244E-04
  11340   0.51158E-04
  11350   0.51097E-04
  11360   0.51032E-04
  11370   0.50972E-04
  11380   0.50914E-04
  11390   0.50841E-04
  11400   0.50794E-04
  11410   0.50732E-04
  11420   0.50661E-04
  11430   0.50607E-04
  11440   0.50551E-04
  11450   0.50519E-04
  11460   0.50447E-04
  11470   0.50384E-04
  11480   0.50322E-04
  11490   0.50273E-04
  11500   0.50226E-04
  11510   0.50152E-04
  11520   0.50117E-04
  11530   0.50039E-04
  11540   0.49994E-04
  11550   0.49939E-04
  11560   0.49892E-04
  11570   0.49844E-04
  11580   0.49814E-04
  11590   0.49740E-04
  11600   0.49693E-04
  11610   0.49643E-04
  11620   0.49595E-04
  11630   0.49547E-04
  11640   0.49514E-04
  11650   0.49452E-04
  11660   0.49415E-04
  11670   0.49390E-04
  11680   0.49333E-04
  11690   0.49294E-04
  11700   0.49243E-04
  11710   0.49203E-04
  11720   0.49172E-04
  11730   0.49134E-04
  11740   0.49092E-04
  11750   0.49054E-04
  11760   0.48997E-04
  11770   0.48958E-04
  11780   0.48912E-04
  11790   0.48877E-04
  11800   0.48853E-04
  11810   0.48813E-04
  11820   0.48754E-04
  11830   0.48751E-04
  11840   0.48719E-04
  11850   0.48666E-04
  11860   0.48628E-04
  11870   0.48607E-04
  11880   0.48554E-04
  11890   0.48513E-04
  11900   0.48483E-04
  11910   0.48466E-04
  11920   0.48447E-04
  11930   0.48399E-04
  11940   0.48384E-04
  11950   0.48358E-04
  11960   0.48323E-04
  11970   0.48291E-04
  11980   0.48259E-04
  11990   0.48225E-04
  12000   0.48183E-04
  12010   0.48169E-04
  12020   0.48126E-04
  12030   0.48103E-04
  12040   0.48088E-04
  12050   0.48073E-04
  12060   0.48021E-04
  12070   0.47999E-04
  12080   0.47984E-04
  12090   0.47932E-04
  12100   0.47911E-04
  12110   0.47875E-04
  12120   0.47850E-04
  12130   0.47831E-04
  12140   0.47790E-04
  12150   0.47790E-04
  12160   0.47742E-04
  12170   0.47745E-04
  12180   0.47719E-04
  12190   0.47699E-04
  12200   0.47678E-04
  12210   0.47641E-04
  12220   0.47629E-04
  12230   0.47601E-04
  12240   0.47586E-04
  12250   0.47572E-04
  12260   0.47551E-04
  12270   0.47514E-04
  12280   0.47476E-04
  12290   0.47468E-04
  12300   0.47446E-04
  12310   0.47444E-04
  12320   0.47422E-04
  12330   0.47399E-04
  12340   0.47359E-04
  12350   0.47357E-04
  12360   0.47297E-04
  12370   0.47278E-04
  12380   0.47299E-04
  12390   0.47263E-04
  12400   0.47246E-04
  12410   0.47230E-04
  12420   0.47202E-04
  12430   0.47192E-04
  12440   0.47171E-04
  12450   0.47149E-04
  12460   0.47105E-04
  12470   0.47111E-04
  12480   0.47103E-04
  12490   0.47075E-04
  12500   0.47056E-04
  12510   0.47046E-04
  12520   0.47008E-04
  12530   0.46999E-04
  12540   0.46975E-04
  12550   0.46965E-04
  12560   0.46942E-04
  12570   0.46918E-04
  12580   0.46881E-04
  12590   0.46894E-04
  12600   0.46850E-04
  12610   0.46847E-04
  12620   0.46805E-04
  12630   0.46793E-04
  12640   0.46769E-04
  12650   0.46745E-04
  12660   0.46739E-04
  12670   0.46706E-04
  12680   0.46693E-04
  12690   0.46682E-04
  12700   0.46655E-04
  12710   0.46628E-04
  12720   0.46606E-04
  12730   0.46593E-04
  12740   0.46554E-04
  12750   0.46523E-04
  12760   0.46526E-04
  12770   0.46507E-04
  12780   0.46481E-04
  12790   0.46459E-04
  12800   0.46422E-04
  12810   0.46400E-04
  12820   0.46383E-04
  12830   0.46373E-04
  12840   0.46343E-04
  12850   0.46324E-04
  12860   0.46290E-04
  12870   0.46276E-04
  12880   0.46273E-04
  12890   0.46238E-04
  12900   0.46186E-04
  12910   0.46158E-04
  12920   0.46144E-04
  12930   0.46125E-04
  12940   0.46088E-04
  12950   0.46072E-04
  12960   0.46043E-04
  12970   0.46023E-04
  12980   0.45981E-04
  12990   0.45960E-04
  13000   0.45949E-04
  13010   0.45906E-04
  13020   0.45891E-04
  13030   0.45863E-04
  13040   0.45809E-04
  13050   0.45795E-04
  13060   0.45768E-04
  13070   0.45752E-04
  13080   0.45725E-04
  13090   0.45691E-04
  13100   0.45667E-04
  13110   0.45627E-04
  13120   0.45602E-04
  13130   0.45590E-04
  13140   0.45543E-04
  13150   0.45521E-04
  13160   0.45492E-04
  13170   0.45457E-04
  13180   0.45405E-04
  13190   0.45390E-04
  13200   0.45353E-04
  13210   0.45325E-04
  13220   0.45304E-04
  13230   0.45262E-04
  13240   0.45238E-04
  13250   0.45201E-04
  13260   0.45161E-04
  13270   0.45169E-04
  13280   0.45126E-04
  13290   0.45087E-04
  13300   0.45037E-04
  13310   0.45007E-04
  13320   0.44977E-04
  13330   0.44935E-04
  13340   0.44916E-04
  13350   0.44882E-04
  13360   0.44842E-04
  13370   0.44826E-04
  13380   0.44780E-04
  13390   0.44745E-04
  13400   0.44700E-04
  13410   0.44653E-04
  13420   0.44616E-04
  13430   0.44559E-04
  13440   0.44522E-04
  13450   0.44476E-04
  13460   0.44441E-04
  13470   0.44412E-04
  13480   0.44382E-04
  13490   0.44344E-04
  13500   0.44320E-04
  13510   0.44270E-04
  13520   0.44234E-04
  13530   0.44188E-04
  13540   0.44165E-04
  13550   0.44124E-04
  13560   0.44096E-04
  13570   0.44049E-04
  13580   0.43994E-04
  13590   0.43944E-04
  13600   0.43914E-04
  13610   0.43868E-04
  13620   0.43853E-04
  13630   0.43830E-04
  13640   0.43757E-04
  13650   0.43721E-04
  13660   0.43698E-04
  13670   0.43665E-04
  13680   0.43614E-04
  13690   0.43564E-04
  13700   0.43509E-04
  13710   0.43496E-04
  13720   0.43459E-04
  13730   0.43428E-04
  13740   0.43396E-04
  13750   0.43304E-04
  13760   0.43273E-04
  13770   0.43236E-04
  13780   0.43193E-04
  13790   0.43150E-04
  13800   0.43099E-04
  13810   0.43069E-04
  13820   0.43022E-04
  13830   0.42977E-04
  13840   0.42945E-04
  13850   0.42891E-04
  13860   0.42845E-04
  13870   0.42802E-04
  13880   0.42756E-04
  13890   0.42710E-04
  13900   0.42669E-04
  13910   0.42638E-04
  13920   0.42592E-04
  13930   0.42556E-04
  13940   0.42501E-04
  13950   0.42444E-04
  13960   0.42399E-04
  13970   0.42343E-04
  13980   0.42323E-04
  13990   0.42280E-04
  14000   0.42223E-04
  14010   0.42161E-04
  14020   0.42142E-04
  14030   0.42092E-04
  14040   0.42062E-04
  14050   0.41991E-04
  14060   0.41952E-04
  14070   0.41902E-04
  14080   0.41870E-04
  14090   0.41837E-04
  14100   0.41751E-04
  14110   0.41722E-04
  14120   0.41668E-04
  14130   0.41653E-04
  14140   0.41591E-04
  14150   0.41551E-04
  14160   0.41499E-04
  14170   0.41452E-04
  14180   0.41426E-04
  14190   0.41365E-04
  14200   0.41305E-04
  14210   0.41260E-04
  14220   0.41213E-04
  14230   0.41177E-04
  14240   0.41122E-04
  14250   0.41075E-04
  14260   0.41033E-04
  14270   0.40988E-04
  14280   0.40946E-04
  14290   0.40889E-04
  14300   0.40815E-04
  14310   0.40770E-04
  14320   0.40727E-04
  14330   0.40677E-04
  14340   0.40622E-04
  14350   0.40590E-04
  14360   0.40533E-04
  14370   0.40469E-04
  14380   0.40435E-04
  14390   0.40391E-04
  14400   0.40349E-04
  14410   0.40278E-04
  14420   0.40220E-04
  14430   0.40192E-04
  14440   0.40120E-04
  14450   0.40101E-04
  14460   0.40045E-04
  14470   0.39992E-04
  14480   0.39941E-04
  14490   0.39870E-04
  14500   0.39843E-04
  14510   0.39762E-04
  14520   0.39724E-04
  14530   0.39685E-04
  14540   0.39631E-04
  14550   0.39588E-04
  14560   0.39544E-04
  14570   0.39475E-04
  14580   0.39412E-04
  14590   0.39355E-04
  14600   0.39318E-04
  14610   0.39264E-04
  14620   0.39191E-04
  14630   0.39141E-04
  14640   0.39128E-04
  14650   0.39053E-04
  14660   0.39021E-04
  14670   0.38965E-04
  14680   0.38901E-04
  14690   0.38845E-04
  14700   0.38790E-04
  14710   0.38739E-04
  14720   0.38661E-04
  14730   0.38611E-04
  14740   0.38566E-04
  14750   0.38503E-04
  14760   0.38459E-04
  14770   0.38410E-04
  14780   0.38363E-04
  14790   0.38291E-04
  14800   0.38253E-04
  14810   0.38189E-04
  14820   0.38135E-04
  14830   0.38075E-04
  14840   0.38017E-04
  14850   0.37956E-04
  14860   0.37895E-04
  14870   0.37855E-04
  14880   0.37806E-04
  14890   0.37733E-04
  14900   0.37682E-04
  14910   0.37609E-04
  14920   0.37567E-04
  14930   0.37495E-04
  14940   0.37421E-04
  14950   0.37388E-04
  14960   0.37339E-04
  14970   0.37286E-04
  14980   0.37229E-04
  14990   0.37162E-04
  15000   0.37082E-04
  15010   0.37046E-04
  15020   0.36952E-04
  15030   0.36951E-04
  15040   0.36852E-04
  15050   0.36811E-04
  15060   0.36724E-04
  15070   0.36682E-04
  15080   0.36636E-04
  15090   0.36547E-04
  15100   0.36484E-04
  15110   0.36411E-04
  15120   0.36369E-04
  15130   0.36327E-04
  15140   0.36256E-04
  15150   0.36200E-04
  15160   0.36141E-04
  15170   0.36055E-04
  15180   0.36021E-04
  15190   0.35974E-04
  15200   0.35895E-04
  15210   0.35814E-04
  15220   0.35772E-04
  15230   0.35683E-04
  15240   0.35641E-04
  15250   0.35594E-04
  15260   0.35520E-04
  15270   0.35463E-04
  15280   0.35389E-04
  15290   0.35334E-04
  15300   0.35287E-04
  15310   0.35214E-04
  15320   0.35164E-04
  15330   0.35107E-04
  15340   0.35048E-04
  15350   0.34993E-04
  15360   0.34949E-04
  15370   0.34868E-04
  15380   0.34792E-04
  15390   0.34711E-04
  15400   0.34650E-04
  15410   0.34607E-04
  15420   0.34521E-04
  15430   0.34466E-04
  15440   0.34418E-04
  15450   0.34341E-04
  15460   0.34280E-04
  15470   0.34237E-04
  15480   0.34165E-04
  15490   0.34096E-04
  15500   0.34042E-04
  15510   0.34024E-04
  15520   0.33931E-04
  15530   0.33859E-04
  15540   0.33814E-04
  15550   0.33730E-04
  15560   0.33651E-04
  15570   0.33622E-04
  15580   0.33556E-04
  15590   0.33525E-04
  15600   0.33456E-04
  15610   0.33373E-04
  15620   0.33314E-04
  15630   0.33245E-04
  15640   0.33187E-04
  15650   0.33144E-04
  15660   0.33079E-04
  15670   0.33030E-04
  15680   0.32963E-04
  15690   0.32888E-04
  15700   0.32825E-04
  15710   0.32778E-04
  15720   0.32721E-04
  15730   0.32643E-04
  15740   0.32586E-04
  15750   0.32528E-04
  15760   0.32463E-04
  15770   0.32405E-04
  15780   0.32348E-04
  15790   0.32284E-04
  15800   0.32226E-04
  15810   0.32197E-04
  15820   0.32099E-04
  15830   0.32029E-04
  15840   0.31971E-04
  15850   0.31908E-04
  15860   0.31885E-04
  15870   0.31815E-04
  15880   0.31760E-04
  15890   0.31683E-04
  15900   0.31636E-04
  15910   0.31614E-04
  15920   0.31557E-04
  15930   0.31452E-04
  15940   0.31424E-04
  15950   0.31339E-04
  15960   0.31298E-04
  15970   0.31222E-04
  15980   0.31175E-04
  15990   0.31127E-04
  16000   0.31047E-04
  16010   0.31026E-04
  16020   0.30978E-04
  16030   0.30921E-04
  16040   0.30858E-04
  16050   0.30788E-04
  16060   0.30739E-04
  16070   0.30704E-04
  16080   0.30618E-04
  16090   0.30546E-04
  16100   0.30520E-04
  16110   0.30451E-04
  16120   0.30422E-04
  16130   0.30358E-04
  16140   0.30300E-04
  16150   0.30256E-04
  16160   0.30226E-04
  16170   0.30108E-04
  16180   0.30073E-04
  16190   0.30053E-04
  16200   0.29977E-04
  16210   0.29931E-04
  16220   0.29885E-04
  16230   0.29826E-04
  16240   0.29768E-04
  16250   0.29713E-04
  16260   0.29664E-04
  16270   0.29622E-04
  16280   0.29568E-04
  16290   0.29522E-04
  16300   0.29448E-04
  16310   0.29406E-04
  16320   0.29343E-04
  16330   0.29294E-04
  16340   0.29256E-04
  16350   0.29197E-04
  16360   0.29168E-04
  16370   0.29130E-04
  16380   0.29088E-04
  16390   0.29035E-04
  16400   0.28986E-04
  16410   0.28924E-04
  16420   0.28869E-04
  16430   0.28796E-04
  16440   0.28772E-04
  16450   0.28714E-04
  16460   0.28676E-04
  16470   0.28615E-04
  16480   0.28591E-04
  16490   0.28548E-04
  16500   0.28474E-04
  16510   0.28425E-04
  16520   0.28352E-04
  16530   0.28313E-04
  16540   0.28256E-04
  16550   0.28217E-04
  16560   0.28199E-04
  16570   0.28181E-04
  16580   0.28142E-04
  16590   0.28052E-04
  16600   0.28020E-04
  16610   0.27988E-04
  16620   0.27925E-04
  16630   0.27880E-04
  16640   0.27806E-04
  16650   0.27791E-04
  16660   0.27750E-04
  16670   0.27713E-04
  16680   0.27665E-04
  16690   0.27608E-04
  16700   0.27544E-04
  16710   0.27501E-04
  16720   0.27461E-04
  16730   0.27420E-04
  16740   0.27370E-04
  16750   0.27307E-04
  16760   0.27286E-04
  16770   0.27232E-04
  16780   0.27188E-04
  16790   0.27130E-04
  16800   0.27073E-04
  16810   0.27049E-04
  16820   0.27054E-04
  16830   0.26960E-04
  16840   0.26905E-04
  16850   0.26869E-04
  16860   0.26822E-04
  16870   0.26784E-04
  16880   0.26749E-04
  16890   0.26675E-04
  16900   0.26625E-04
  16910   0.26565E-04
  16920   0.26511E-04
  16930   0.26482E-04
  16940   0.26434E-04
  16950   0.26408E-04
  16960   0.26366E-04
  16970   0.26275E-04
  16980   0.26234E-04
  16990   0.26213E-04
  17000   0.26160E-04
  17010   0.26113E-04
  17020   0.26076E-04
  17030   0.26026E-04
  17040   0.25960E-04
  17050   0.25878E-04
  17060   0.25859E-04
  17070   0.25801E-04
  17080   0.25797E-04
  17090   0.25719E-04
  17100   0.25650E-04
  17110   0.25591E-04
  17120   0.25530E-04
  17130   0.25527E-04
  17140   0.25468E-04
  17150   0.25420E-04
  17160   0.25373E-04
  17170   0.25317E-04
  17180   0.25282E-04
  17190   0.25231E-04
  17200   0.25169E-04
  17210   0.25124E-04
  17220   0.25076E-04
  17230   0.25062E-04
  17240   0.24973E-04
  17250   0.24927E-04
  17260   0.24872E-04
  17270   0.24820E-04
  17280   0.24761E-04
  17290   0.24724E-04
  17300   0.24679E-04
  17310   0.24624E-04
  17320   0.24558E-04
  17330   0.24558E-04
  17340   0.24455E-04
  17350   0.24398E-04
  17360   0.24368E-04
  17370   0.24307E-04
  17380   0.24269E-04
  17390   0.24215E-04
  17400   0.24146E-04
  17410   0.24114E-04
  17420   0.24055E-04
  17430   0.23981E-04
  17440   0.23942E-04
  17450   0.23879E-04
  17460   0.23834E-04
  17470   0.23764E-04
  17480   0.23702E-04
  17490   0.23661E-04
  17500   0.23637E-04
  17510   0.23605E-04
  17520   0.23543E-04
  17530   0.23457E-04
  17540   0.23400E-04
  17550   0.23320E-04
  17560   0.23295E-04
  17570   0.23221E-04
  17580   0.23158E-04
  17590   0.23095E-04
  17600   0.23059E-04
  17610   0.23001E-04
  17620   0.22949E-04
  17630   0.22891E-04
  17640   0.22865E-04
  17650   0.22826E-04
  17660   0.22750E-04
  17670   0.22676E-04
  17680   0.22637E-04
  17690   0.22576E-04
  17700   0.22491E-04
  17710   0.22447E-04
  17720   0.22391E-04
  17730   0.22339E-04
  17740   0.22302E-04
  17750   0.22227E-04
  17760   0.22160E-04
  17770   0.22108E-04
  17780   0.22038E-04
  17790   0.22010E-04
  17800   0.21978E-04
  17810   0.21885E-04
  17820   0.21841E-04
  17830   0.21789E-04
  17840   0.21755E-04
  17850   0.21679E-04
  17860   0.21624E-04
  17870   0.21573E-04
  17880   0.21495E-04
  17890   0.21453E-04
  17900   0.21397E-04
  17910   0.21326E-04
  17920   0.21258E-04
  17930   0.21184E-04
  17940   0.21164E-04
  17950   0.21089E-04
  17960   0.21021E-04
  17970   0.20974E-04
  17980   0.20975E-04
  17990   0.20895E-04
  18000   0.20806E-04
  18010   0.20766E-04
  18020   0.20751E-04
  18030   0.20673E-04
  18040   0.20594E-04
  18050   0.20559E-04
  18060   0.20469E-04
  18070   0.20422E-04
  18080   0.20404E-04
  18090   0.20333E-04
  18100   0.20268E-04
  18110   0.20214E-04
  18120   0.20145E-04
  18130   0.20124E-04
  18140   0.20046E-04
  18150   0.19992E-04
  18160   0.19918E-04
  18170   0.19868E-04
  18180   0.19828E-04
  18190   0.19755E-04
  18200   0.19690E-04
  18210   0.19612E-04
  18220   0.19572E-04
  18230   0.19542E-04
  18240   0.19502E-04
  18250   0.19458E-04
  18260   0.19360E-04
  18270   0.19309E-04
  18280   0.19272E-04
  18290   0.19200E-04
  18300   0.19130E-04
  18310   0.19104E-04
  18320   0.19053E-04
  18330   0.18951E-04
  18340   0.18912E-04
  18350   0.18878E-04
  18360   0.18836E-04
  18370   0.18772E-04
  18380   0.18740E-04
  18390   0.18695E-04
  18400   0.18644E-04
  18410   0.18581E-04
  18420   0.18506E-04
  18430   0.18441E-04
  18440   0.18400E-04
  18450   0.18346E-04
  18460   0.18299E-04
  18470   0.18278E-04
  18480   0.18181E-04
  18490   0.18147E-04
  18500   0.18085E-04
  18510   0.18032E-04
  18520   0.17991E-04
  18530   0.17903E-04
  18540   0.17862E-04
  18550   0.17810E-04
  18560   0.17772E-04
  18570   0.17709E-04
  18580   0.17685E-04
  18590   0.17604E-04
  18600   0.17514E-04
  18610   0.17492E-04
  18620   0.17413E-04
  18630   0.17379E-04
  18640   0.17329E-04
  18650   0.17302E-04
  18660   0.17247E-04
  18670   0.17181E-04
  18680   0.17116E-04
  18690   0.17092E-04
  18700   0.17023E-04
  18710   0.16976E-04
  18720   0.16911E-04
  18730   0.16875E-04
  18740   0.16825E-04
  18750   0.16787E-04
  18760   0.16722E-04
  18770   0.16665E-04
  18780   0.16598E-04
  18790   0.16560E-04
  18800   0.16546E-04
  18810   0.16484E-04
  18820   0.16412E-04
  18830   0.16373E-04
  18840   0.16327E-04
  18850   0.16252E-04
  18860   0.16218E-04
  18870   0.16136E-04
  18880   0.16089E-04
  18890   0.16065E-04
  18900   0.16005E-04
  18910   0.15962E-04
  18920   0.15913E-04
  18930   0.15871E-04
  18940   0.15824E-04
  18950   0.15757E-04
  18960   0.15702E-04
  18970   0.15672E-04
  18980   0.15629E-04
  18990   0.15607E-04
  19000   0.15532E-04
  19010   0.15499E-04
  19020   0.15417E-04
  19030   0.15393E-04
  19040   0.15337E-04
  19050   0.15282E-04
  19060   0.15199E-04
  19070   0.15200E-04
  19080   0.15179E-04
  19090   0.15103E-04
  19100   0.15060E-04
  19110   0.14978E-04
  19120   0.14934E-04
  19130   0.14893E-04
  19140   0.14841E-04
  19150   0.14795E-04
  19160   0.14747E-04
  19170   0.14709E-04
  19180   0.14668E-04
  19190   0.14601E-04
  19200   0.14549E-04
  19210   0.14500E-04
  19220   0.14447E-04
  19230   0.14392E-04
  19240   0.14355E-04
  19250   0.14294E-04
  19260   0.14251E-04
  19270   0.14196E-04
  19280   0.14173E-04
  19290   0.14129E-04
  19300   0.14092E-04
  19310   0.14041E-04
  19320   0.13983E-04
  19330   0.13940E-04
  19340   0.13891E-04
  19350   0.13849E-04
  19360   0.13800E-04
  19370   0.13754E-04
  19380   0.13715E-04
  19390   0.13652E-04
  19400   0.13597E-04
  19410   0.13539E-04
  19420   0.13514E-04
  19430   0.13476E-04
  19440   0.13449E-04
  19450   0.13400E-04
  19460   0.13347E-04
  19470   0.13289E-04
  19480   0.13260E-04
  19490   0.13198E-04
  19500   0.13141E-04
  19510   0.13119E-04
  19520   0.13073E-04
  19530   0.13021E-04
  19540   0.12947E-04
  19550   0.12895E-04
  19560   0.12865E-04
  19570   0.12852E-04
  19580   0.12777E-04
  19590   0.12717E-04
  19600   0.12703E-04
  19610   0.12653E-04
  19620   0.12613E-04
  19630   0.12571E-04
  19640   0.12517E-04
  19650   0.12453E-04
  19660   0.12420E-04
  19670   0.12366E-04
  19680   0.12358E-04
  19690   0.12291E-04
  19700   0.12267E-04
  19710   0.12200E-04
  19720   0.12183E-04
  19730   0.12123E-04
  19740   0.12083E-04
  19750   0.12046E-04
  19760   0.11965E-04
  19770   0.11961E-04
  19780   0.11926E-04
  19790   0.11879E-04
  19800   0.11844E-04
  19810   0.11759E-04
  19820   0.11745E-04
  19830   0.11701E-04
  19840   0.11671E-04
  19850   0.11610E-04
  19860   0.11581E-04
  19870   0.11540E-04
  19880   0.11501E-04
  19890   0.11450E-04
  19900   0.11394E-04
  19910   0.11346E-04
  19920   0.11281E-04
  19930   0.11248E-04
  19940   0.11239E-04
  19950   0.11199E-04
  19960   0.11140E-04
  19970   0.11111E-04
  19980   0.11077E-04
  19990   0.11046E-04
  20000   0.10995E-04
