     10   0.10544E-02
     20   0.89625E-03
     30   0.79262E-03
     40   0.71897E-03
     50   0.66330E-03
     60   0.61901E-03
     70   0.58159E-03
     80   0.54893E-03
     90   0.52000E-03
    100   0.49381E-03
    110   0.47174E-03
    120   0.45127E-03
    130   0.43215E-03
    140   0.41409E-03
    150   0.39710E-03
    160   0.38105E-03
    170   0.36589E-03
    180   0.35153E-03
    190   0.33800E-03
    200   0.32519E-03
    210   0.31342E-03
    220   0.30227E-03
    230   0.29180E-03
    240   0.28191E-03
    250   0.27265E-03
    260   0.26394E-03
    270   0.25577E-03
    280   0.24813E-03
    290   0.24096E-03
    300   0.23428E-03
    310   0.22815E-03
    320   0.22241E-03
    330   0.21706E-03
    340   0.21211E-03
    350   0.20749E-03
    360   0.20326E-03
    370   0.19939E-03
    380   0.19590E-03
    390   0.19279E-03
    400   0.19002E-03
    410   0.18765E-03
    420   0.18561E-03
    430   0.18387E-03
    440   0.18241E-03
    450   0.18117E-03
    460   0.18012E-03
    470   0.17919E-03
    480   0.17834E-03
    490   0.17752E-03
    500   0.17670E-03
    510   0.17584E-03
    520   0.17493E-03
    530   0.17394E-03
    540   0.17286E-03
    550   0.17170E-03
    560   0.17046E-03
    570   0.16917E-03
    580   0.16786E-03
    590   0.16653E-03
    600   0.16523E-03
    610   0.16399E-03
    620   0.16282E-03
    630   0.16176E-03
    640   0.16083E-03
    650   0.16004E-03
    660   0.15941E-03
    670   0.15895E-03
    680   0.15865E-03
    690   0.15851E-03
    700   0.15853E-03
    710   0.15869E-03
    720   0.15897E-03
    730   0.15937E-03
    740   0.15986E-03
    750   0.16044E-03
    760   0.16106E-03
    770   0.16173E-03
    780   0.16242E-03
    790   0.16313E-03
    800   0.16383E-03
    810   0.16450E-03
    820   0.16515E-03
    830   0.16576E-03
    840   0.16631E-03
    850   0.16680E-03
    860   0.16721E-03
    870   0.16756E-03
    880   0.16783E-03
    890   0.16803E-03
    900   0.16813E-03
    910   0.16815E-03
    920   0.16807E-03
    930   0.16792E-03
    940   0.16768E-03
    950   0.16736E-03
    960   0.16695E-03
    970   0.16646E-03
    980   0.16591E-03
    990   0.16527E-03
   1000   0.16457E-03
   1010   0.16382E-03
   1020   0.16301E-03
   1030   0.16215E-03
   1040   0.16124E-03
   1050   0.16031E-03
   1060   0.15934E-03
   1070   0.15837E-03
   1080   0.15740E-03
   1090   0.15642E-03
   1100   0.15545E-03
   1110   0.15451E-03
   1120   0.15360E-03
   1130   0.15274E-03
   1140   0.15191E-03
   1150   0.15115E-03
   1160   0.15045E-03
   1170   0.14981E-03
   1180   0.14924E-03
   1190   0.14873E-03
   1200   0.14830E-03
   1210   0.14794E-03
   1220   0.14764E-03
   1230   0.14740E-03
   1240   0.14721E-03
   1250   0.14707E-03
   1260   0.14697E-03
   1270   0.14692E-03
   1280   0.14687E-03
   1290   0.14685E-03
   1300   0.14683E-03
   1310   0.14681E-03
   1320   0.14678E-03
   1330   0.14675E-03
   1340   0.14667E-03
   1350   0.14659E-03
   1360   0.14646E-03
   1370   0.14629E-03
   1380   0.14607E-03
   1390   0.14582E-03
   1400   0.14551E-03
   1410   0.14517E-03
   1420   0.14476E-03
   1430   0.14433E-03
   1440   0.14384E-03
   1450   0.14333E-03
   1460   0.14277E-03
   1470   0.14217E-03
   1480   0.14156E-03
   1490   0.14090E-03
   1500   0.14024E-03
   1510   0.13958E-03
   1520   0.13891E-03
   1530   0.13824E-03
   1540   0.13756E-03
   1550   0.13693E-03
   1560   0.13630E-03
   1570   0.13572E-03
   1580   0.13513E-03
   1590   0.13459E-03
   1600   0.13408E-03
   1610   0.13362E-03
   1620   0.13320E-03
   1630   0.13277E-03
   1640   0.13242E-03
   1650   0.13207E-03
   1660   0.13175E-03
   1670   0.13146E-03
   1680   0.13120E-03
   1690   0.13093E-03
   1700   0.13068E-03
   1710   0.13041E-03
   1720   0.13014E-03
   1730   0.12985E-03
   1740   0.12955E-03
   1750   0.12922E-03
   1760   0.12887E-03
   1770   0.12848E-03
   1780   0.12805E-03
   1790   0.12760E-03
   1800   0.12711E-03
   1810   0.12655E-03
   1820   0.12597E-03
   1830   0.12534E-03
   1840   0.12467E-03
   1850   0.12398E-03
   1860   0.12326E-03
   1870   0.12250E-03
   1880   0.12172E-03
   1890   0.12093E-03
   1900   0.12010E-03
   1910   0.11929E-03
   1920   0.11847E-03
   1930   0.11765E-03
   1940   0.11686E-03
   1950   0.11608E-03
   1960   0.11534E-03
   1970   0.11462E-03
   1980   0.11395E-03
   1990   0.11334E-03
   2000   0.11278E-03
   2010   0.11228E-03
   2020   0.11186E-03
   2030   0.11153E-03
   2040   0.11125E-03
   2050   0.11107E-03
   2060   0.11099E-03
   2070   0.11100E-03
   2080   0.11107E-03
   2090   0.11125E-03
   2100   0.11153E-03
   2110   0.11190E-03
   2120   0.11236E-03
   2130   0.11288E-03
   2140   0.11349E-03
   2150   0.11419E-03
   2160   0.11493E-03
   2170   0.11575E-03
   2180   0.11663E-03
   2190   0.11754E-03
   2200   0.11851E-03
   2210   0.11952E-03
   2220   0.12055E-03
   2230   0.12161E-03
   2240   0.12270E-03
   2250   0.12380E-03
   2260   0.12490E-03
   2270   0.12601E-03
   2280   0.12713E-03
   2290   0.12825E-03
   2300   0.12934E-03
   2310   0.13043E-03
   2320   0.13154E-03
   2330   0.13261E-03
   2340   0.13366E-03
   2350   0.13469E-03
   2360   0.13574E-03
   2370   0.13673E-03
   2380   0.13772E-03
   2390   0.13868E-03
   2400   0.13962E-03
   2410   0.14053E-03
   2420   0.14141E-03
   2430   0.14226E-03
   2440   0.14310E-03
   2450   0.14389E-03
   2460   0.14466E-03
   2470   0.14538E-03
   2480   0.14608E-03
   2490   0.14674E-03
   2500   0.14735E-03
   2510   0.14793E-03
   2520   0.14846E-03
   2530   0.14896E-03
   2540   0.14939E-03
   2550   0.14981E-03
   2560   0.15017E-03
   2570   0.15048E-03
   2580   0.15074E-03
   2590   0.15094E-03
   2600   0.15112E-03
   2610   0.15123E-03
   2620   0.15129E-03
   2630   0.15131E-03
   2640   0.15128E-03
   2650   0.15119E-03
   2660   0.15106E-03
   2670   0.15090E-03
   2680   0.15069E-03
   2690   0.15040E-03
   2700   0.15010E-03
   2710   0.14975E-03
   2720   0.14937E-03
   2730   0.14892E-03
   2740   0.14846E-03
   2750   0.14795E-03
   2760   0.14742E-03
   2770   0.14682E-03
   2780   0.14623E-03
   2790   0.14558E-03
   2800   0.14491E-03
   2810   0.14419E-03
   2820   0.14347E-03
   2830   0.14271E-03
   2840   0.14194E-03
   2850   0.14113E-03
   2860   0.14029E-03
   2870   0.13945E-03
   2880   0.13857E-03
   2890   0.13768E-03
   2900   0.13680E-03
   2910   0.13586E-03
   2920   0.13491E-03
   2930   0.13397E-03
   2940   0.13300E-03
   2950   0.13201E-03
   2960   0.13101E-03
   2970   0.13001E-03
   2980   0.12900E-03
   2990   0.12799E-03
   3000   0.12694E-03
   3010   0.12588E-03
   3020   0.12487E-03
   3030   0.12381E-03
   3040   0.12277E-03
   3050   0.12172E-03
   3060   0.12067E-03
   3070   0.11959E-03
   3080   0.11853E-03
   3090   0.11746E-03
   3100   0.11643E-03
   3110   0.11534E-03
   3120   0.11431E-03
   3130   0.11325E-03
   3140   0.11222E-03
   3150   0.11118E-03
   3160   0.11014E-03
   3170   0.10912E-03
   3180   0.10809E-03
   3190   0.10707E-03
   3200   0.10605E-03
   3210   0.10508E-03
   3220   0.10408E-03
   3230   0.10314E-03
   3240   0.10217E-03
   3250   0.10119E-03
   3260   0.10028E-03
   3270   0.99300E-04
   3280   0.98407E-04
   3290   0.97492E-04
   3300   0.96621E-04
   3310   0.95737E-04
   3320   0.94861E-04
   3330   0.94007E-04
   3340   0.93165E-04
   3350   0.92356E-04
   3360   0.91547E-04
   3370   0.90753E-04
   3380   0.89970E-04
   3390   0.89207E-04
   3400   0.88489E-04
   3410   0.87740E-04
   3420   0.87001E-04
   3430   0.86325E-04
   3440   0.85646E-04
   3450   0.84940E-04
   3460   0.84297E-04
   3470   0.83649E-04
   3480   0.83027E-04
   3490   0.82396E-04
   3500   0.81796E-04
   3510   0.81205E-04
   3520   0.80634E-04
   3530   0.80070E-04
   3540   0.79514E-04
   3550   0.78968E-04
   3560   0.78441E-04
   3570   0.77913E-04
   3580   0.77404E-04
   3590   0.76915E-04
   3600   0.76418E-04
   3610   0.75952E-04
   3620   0.75488E-04
   3630   0.75026E-04
   3640   0.74588E-04
   3650   0.74152E-04
   3660   0.73708E-04
   3670   0.73288E-04
   3680   0.72867E-04
   3690   0.72471E-04
   3700   0.72086E-04
   3710   0.71693E-04
   3720   0.71314E-04
   3730   0.70939E-04
   3740   0.70570E-04
   3750   0.70225E-04
   3760   0.69873E-04
   3770   0.69525E-04
   3780   0.69191E-04
   3790   0.68870E-04
   3800   0.68531E-04
   3810   0.68206E-04
   3820   0.67914E-04
   3830   0.67607E-04
   3840   0.67288E-04
   3850   0.67016E-04
   3860   0.66734E-04
   3870   0.66448E-04
   3880   0.66188E-04
   3890   0.65920E-04
   3900   0.65659E-04
   3910   0.65394E-04
   3920   0.65159E-04
   3930   0.64927E-04
   3940   0.64706E-04
   3950   0.64465E-04
   3960   0.64252E-04
   3970   0.64036E-04
   3980   0.63810E-04
   3990   0.63631E-04
   4000   0.63435E-04
   4010   0.63243E-04
   4020   0.63076E-04
   4030   0.62891E-04
   4040   0.62720E-04
   4050   0.62565E-04
   4060   0.62402E-04
   4070   0.62254E-04
   4080   0.62111E-04
   4090   0.61961E-04
   4100   0.61835E-04
   4110   0.61719E-04
   4120   0.61565E-04
   4130   0.61447E-04
   4140   0.61335E-04
   4150   0.61245E-04
   4160   0.61124E-04
   4170   0.61023E-04
   4180   0.60940E-04
   4190   0.60836E-04
   4200   0.60753E-04
   4210   0.60682E-04
   4220   0.60614E-04
   4230   0.60524E-04
   4240   0.60463E-04
   4250   0.60403E-04
   4260   0.60346E-04
   4270   0.60287E-04
   4280   0.60250E-04
   4290   0.60199E-04
   4300   0.60161E-04
   4310   0.60123E-04
   4320   0.60095E-04
   4330   0.60053E-04
   4340   0.60028E-04
   4350   0.60017E-04
   4360   0.59988E-04
   4370   0.59973E-04
   4380   0.59971E-04
   4390   0.59967E-04
   4400   0.59964E-04
   4410   0.59959E-04
   4420   0.59972E-04
   4430   0.59980E-04
   4440   0.59982E-04
   4450   0.60007E-04
   4460   0.60043E-04
   4470   0.60051E-04
   4480   0.60075E-04
   4490   0.60118E-04
   4500   0.60161E-04
   4510   0.60202E-04
   4520   0.60227E-04
   4530   0.60277E-04
   4540   0.60323E-04
   4550   0.60380E-04
   4560   0.60430E-04
   4570   0.60480E-04
   4580   0.60558E-04
   4590   0.60605E-04
   4600   0.60658E-04
   4610   0.60729E-04
   4620   0.60795E-04
   4630   0.60883E-04
   4640   0.60940E-04
   4650   0.61012E-04
   4660   0.61094E-04
   4670   0.61162E-04
   4680   0.61248E-04
   4690   0.61326E-04
   4700   0.61396E-04
   4710   0.61479E-04
   4720   0.61565E-04
   4730   0.61658E-04
   4740   0.61736E-04
   4750   0.61829E-04
   4760   0.61907E-04
   4770   0.61976E-04
   4780   0.62075E-04
   4790   0.62151E-04
   4800   0.62229E-04
   4810   0.62317E-04
   4820   0.62395E-04
   4830   0.62476E-04
   4840   0.62551E-04
   4850   0.62636E-04
   4860   0.62699E-04
   4870   0.62792E-04
   4880   0.62864E-04
   4890   0.62938E-04
   4900   0.63001E-04
   4910   0.63065E-04
   4920   0.63132E-04
   4930   0.63191E-04
   4940   0.63251E-04
   4950   0.63322E-04
   4960   0.63376E-04
   4970   0.63417E-04
   4980   0.63466E-04
   4990   0.63505E-04
   5000   0.63563E-04
   5010   0.63604E-04
   5020   0.63641E-04
   5030   0.63658E-04
   5040   0.63704E-04
   5050   0.63732E-04
   5060   0.63754E-04
   5070   0.63778E-04
   5080   0.63801E-04
   5090   0.63794E-04
   5100   0.63810E-04
   5110   0.63818E-04
   5120   0.63838E-04
   5130   0.63812E-04
   5140   0.63818E-04
   5150   0.63821E-04
   5160   0.63802E-04
   5170   0.63793E-04
   5180   0.63769E-04
   5190   0.63747E-04
   5200   0.63730E-04
   5210   0.63702E-04
   5220   0.63669E-04
   5230   0.63646E-04
   5240   0.63592E-04
   5250   0.63550E-04
   5260   0.63515E-04
   5270   0.63459E-04
   5280   0.63418E-04
   5290   0.63367E-04
   5300   0.63290E-04
   5310   0.63262E-04
   5320   0.63195E-04
   5330   0.63123E-04
   5340   0.63055E-04
   5350   0.62992E-04
   5360   0.62937E-04
   5370   0.62854E-04
   5380   0.62785E-04
   5390   0.62702E-04
   5400   0.62634E-04
   5410   0.62539E-04
   5420   0.62472E-04
   5430   0.62394E-04
   5440   0.62305E-04
   5450   0.62214E-04
   5460   0.62149E-04
   5470   0.62049E-04
   5480   0.61955E-04
   5490   0.61872E-04
   5500   0.61779E-04
   5510   0.61688E-04
   5520   0.61613E-04
   5530   0.61516E-04
   5540   0.61425E-04
   5550   0.61325E-04
   5560   0.61240E-04
   5570   0.61151E-04
   5580   0.61057E-04
   5590   0.60977E-04
   5600   0.60882E-04
   5610   0.60796E-04
   5620   0.60703E-04
   5630   0.60592E-04
   5640   0.60524E-04
   5650   0.60439E-04
   5660   0.60351E-04
   5670   0.60261E-04
   5680   0.60180E-04
   5690   0.60094E-04
   5700   0.60003E-04
   5710   0.59924E-04
   5720   0.59836E-04
   5730   0.59754E-04
   5740   0.59675E-04
   5750   0.59604E-04
   5760   0.59531E-04
   5770   0.59449E-04
   5780   0.59365E-04
   5790   0.59297E-04
   5800   0.59234E-04
   5810   0.59158E-04
   5820   0.59098E-04
   5830   0.59020E-04
   5840   0.58968E-04
   5850   0.58908E-04
   5860   0.58846E-04
   5870   0.58781E-04
   5880   0.58727E-04
   5890   0.58661E-04
   5900   0.58612E-04
   5910   0.58546E-04
   5920   0.58498E-04
   5930   0.58449E-04
   5940   0.58390E-04
   5950   0.58346E-04
   5960   0.58305E-04
   5970   0.58260E-04
   5980   0.58227E-04
   5990   0.58186E-04
   6000   0.58150E-04
   6010   0.58122E-04
   6020   0.58076E-04
   6030   0.58042E-04
   6040   0.58004E-04
   6050   0.57974E-04
   6060   0.57947E-04
   6070   0.57920E-04
   6080   0.57885E-04
   6090   0.57868E-04
   6100   0.57841E-04
   6110   0.57821E-04
   6120   0.57798E-04
   6130   0.57788E-04
   6140   0.57765E-04
   6150   0.57747E-04
   6160   0.57726E-04
   6170   0.57711E-04
   6180   0.57703E-04
   6190   0.57685E-04
   6200   0.57681E-04
   6210   0.57657E-04
   6220   0.57652E-04
   6230   0.57627E-04
   6240   0.57637E-04
   6250   0.57615E-04
   6260   0.57617E-04
   6270   0.57613E-04
   6280   0.57593E-04
   6290   0.57597E-04
   6300   0.57586E-04
   6310   0.57582E-04
   6320   0.57584E-04
   6330   0.57582E-04
   6340   0.57562E-04
   6350   0.57563E-04
   6360   0.57557E-04
   6370   0.57548E-04
   6380   0.57560E-04
   6390   0.57550E-04
   6400   0.57548E-04
   6410   0.57551E-04
   6420   0.57535E-04
   6430   0.57543E-04
   6440   0.57534E-04
   6450   0.57541E-04
   6460   0.57526E-04
   6470   0.57524E-04
   6480   0.57540E-04
   6490   0.57529E-04
   6500   0.57534E-04
   6510   0.57522E-04
   6520   0.57516E-04
   6530   0.57511E-04
   6540   0.57495E-04
   6550   0.57502E-04
   6560   0.57502E-04
   6570   0.57499E-04
   6580   0.57497E-04
   6590   0.57490E-04
   6600   0.57492E-04
   6610   0.57477E-04
   6620   0.57483E-04
   6630   0.57477E-04
   6640   0.57469E-04
   6650   0.57460E-04
   6660   0.57453E-04
   6670   0.57438E-04
   6680   0.57427E-04
   6690   0.57425E-04
   6700   0.57410E-04
   6710   0.57402E-04
   6720   0.57388E-04
   6730   0.57371E-04
   6740   0.57354E-04
   6750   0.57337E-04
   6760   0.57322E-04
   6770   0.57312E-04
   6780   0.57294E-04
   6790   0.57277E-04
   6800   0.57259E-04
   6810   0.57245E-04
   6820   0.57215E-04
   6830   0.57192E-04
   6840   0.57164E-04
   6850   0.57134E-04
   6860   0.57098E-04
   6870   0.57078E-04
   6880   0.57039E-04
   6890   0.57020E-04
   6900   0.56973E-04
   6910   0.56942E-04
   6920   0.56896E-04
   6930   0.56857E-04
   6940   0.56823E-04
   6950   0.56784E-04
   6960   0.56728E-04
   6970   0.56687E-04
   6980   0.56634E-04
   6990   0.56588E-04
   7000   0.56532E-04
   7010   0.56487E-04
   7020   0.56426E-04
   7030   0.56363E-04
   7040   0.56303E-04
   7050   0.56241E-04
   7060   0.56176E-04
   7070   0.56111E-04
   7080   0.56036E-04
   7090   0.55965E-04
   7100   0.55896E-04
   7110   0.55826E-04
   7120   0.55744E-04
   7130   0.55662E-04
   7140   0.55577E-04
   7150   0.55499E-04
   7160   0.55415E-04
   7170   0.55326E-04
   7180   0.55254E-04
   7190   0.55143E-04
   7200   0.55055E-04
   7210   0.54960E-04
   7220   0.54859E-04
   7230   0.54776E-04
   7240   0.54660E-04
   7250   0.54568E-04
   7260   0.54459E-04
   7270   0.54358E-04
   7280   0.54251E-04
   7290   0.54141E-04
   7300   0.54058E-04
   7310   0.53944E-04
   7320   0.53827E-04
   7330   0.53708E-04
   7340   0.53616E-04
   7350   0.53495E-04
   7360   0.53394E-04
   7370   0.53281E-04
   7380   0.53170E-04
   7390   0.53062E-04
   7400   0.52945E-04
   7410   0.52847E-04
   7420   0.52720E-04
   7430   0.52619E-04
   7440   0.52519E-04
   7450   0.52414E-04
   7460   0.52310E-04
   7470   0.52198E-04
   7480   0.52083E-04
   7490   0.51999E-04
   7500   0.51890E-04
   7510   0.51785E-04
   7520   0.51696E-04
   7530   0.51579E-04
   7540   0.51492E-04
   7550   0.51407E-04
   7560   0.51306E-04
   7570   0.51219E-04
   7580   0.51142E-04
   7590   0.51040E-04
   7600   0.50964E-04
   7610   0.50877E-04
   7620   0.50783E-04
   7630   0.50725E-04
   7640   0.50639E-04
   7650   0.50563E-04
   7660   0.50492E-04
   7670   0.50418E-04
   7680   0.50337E-04
   7690   0.50266E-04
   7700   0.50201E-04
   7710   0.50139E-04
   7720   0.50049E-04
   7730   0.50014E-04
   7740   0.49941E-04
   7750   0.49879E-04
   7760   0.49809E-04
   7770   0.49765E-04
   7780   0.49702E-04
   7790   0.49643E-04
   7800   0.49555E-04
   7810   0.49509E-04
   7820   0.49457E-04
   7830   0.49415E-04
   7840   0.49345E-04
   7850   0.49292E-04
   7860   0.49234E-04
   7870   0.49155E-04
   7880   0.49117E-04
   7890   0.49056E-04
   7900   0.48997E-04
   7910   0.48934E-04
   7920   0.48876E-04
   7930   0.48798E-04
   7940   0.48749E-04
   7950   0.48687E-04
   7960   0.48623E-04
   7970   0.48551E-04
   7980   0.48482E-04
   7990   0.48429E-04
   8000   0.48354E-04
   8010   0.48276E-04
   8020   0.48215E-04
   8030   0.48151E-04
   8040   0.48067E-04
   8050   0.48003E-04
   8060   0.47923E-04
   8070   0.47848E-04
   8080   0.47770E-04
   8090   0.47688E-04
   8100   0.47600E-04
   8110   0.47544E-04
   8120   0.47460E-04
   8130   0.47358E-04
   8140   0.47284E-04
   8150   0.47204E-04
   8160   0.47121E-04
   8170   0.47017E-04
   8180   0.46960E-04
   8190   0.46859E-04
   8200   0.46774E-04
   8210   0.46678E-04
   8220   0.46595E-04
   8230   0.46519E-04
   8240   0.46407E-04
   8250   0.46336E-04
   8260   0.46227E-04
   8270   0.46146E-04
   8280   0.46065E-04
   8290   0.45944E-04
   8300   0.45857E-04
   8310   0.45792E-04
   8320   0.45688E-04
   8330   0.45575E-04
   8340   0.45496E-04
   8350   0.45408E-04
   8360   0.45318E-04
   8370   0.45216E-04
   8380   0.45129E-04
   8390   0.45045E-04
   8400   0.44959E-04
   8410   0.44866E-04
   8420   0.44764E-04
   8430   0.44683E-04
   8440   0.44583E-04
   8450   0.44515E-04
   8460   0.44412E-04
   8470   0.44327E-04
   8480   0.44261E-04
   8490   0.44156E-04
   8500   0.44080E-04
   8510   0.44005E-04
   8520   0.43904E-04
   8530   0.43815E-04
   8540   0.43726E-04
   8550   0.43645E-04
   8560   0.43544E-04
   8570   0.43464E-04
   8580   0.43388E-04
   8590   0.43306E-04
   8600   0.43212E-04
   8610   0.43158E-04
   8620   0.43046E-04
   8630   0.42975E-04
   8640   0.42884E-04
   8650   0.42802E-04
   8660   0.42715E-04
   8670   0.42644E-04
   8680   0.42550E-04
   8690   0.42473E-04
   8700   0.42402E-04
   8710   0.42289E-04
   8720   0.42226E-04
   8730   0.42116E-04
   8740   0.42035E-04
   8750   0.41955E-04
   8760   0.41853E-04
   8770   0.41777E-04
   8780   0.41688E-04
   8790   0.41583E-04
   8800   0.41506E-04
   8810   0.41406E-04
   8820   0.41285E-04
   8830   0.41219E-04
   8840   0.41119E-04
   8850   0.41030E-04
   8860   0.40935E-04
   8870   0.40826E-04
   8880   0.40731E-04
   8890   0.40633E-04
   8900   0.40550E-04
   8910   0.40432E-04
   8920   0.40343E-04
   8930   0.40252E-04
   8940   0.40136E-04
   8950   0.40019E-04
   8960   0.39915E-04
   8970   0.39817E-04
   8980   0.39715E-04
   8990   0.39615E-04
   9000   0.39496E-04
   9010   0.39379E-04
   9020   0.39261E-04
   9030   0.39157E-04
   9040   0.39040E-04
   9050   0.38930E-04
   9060   0.38807E-04
   9070   0.38687E-04
   9080   0.38569E-04
   9090   0.38440E-04
   9100   0.38341E-04
   9110   0.38219E-04
   9120   0.38090E-04
   9130   0.37980E-04
   9140   0.37855E-04
   9150   0.37736E-04
   9160   0.37619E-04
   9170   0.37489E-04
   9180   0.37380E-04
   9190   0.37248E-04
   9200   0.37144E-04
   9210   0.36990E-04
   9220   0.36886E-04
   9230   0.36753E-04
   9240   0.36654E-04
   9250   0.36515E-04
   9260   0.36411E-04
   9270   0.36290E-04
   9280   0.36157E-04
   9290   0.36038E-04
   9300   0.35915E-04
   9310   0.35785E-04
   9320   0.35675E-04
   9330   0.35551E-04
   9340   0.35431E-04
   9350   0.35297E-04
   9360   0.35179E-04
   9370   0.35082E-04
   9380   0.34950E-04
   9390   0.34841E-04
   9400   0.34716E-04
   9410   0.34604E-04
   9420   0.34497E-04
   9430   0.34381E-04
   9440   0.34261E-04
   9450   0.34146E-04
   9460   0.34036E-04
   9470   0.33915E-04
   9480   0.33813E-04
   9490   0.33712E-04
   9500   0.33585E-04
   9510   0.33491E-04
   9520   0.33373E-04
   9530   0.33242E-04
   9540   0.33130E-04
   9550   0.33039E-04
   9560   0.32936E-04
   9570   0.32824E-04
   9580   0.32723E-04
   9590   0.32625E-04
   9600   0.32500E-04
   9610   0.32379E-04
   9620   0.32295E-04
   9630   0.32198E-04
   9640   0.32082E-04
   9650   0.31997E-04
   9660   0.31878E-04
   9670   0.31796E-04
   9680   0.31678E-04
   9690   0.31591E-04
   9700   0.31501E-04
   9710   0.31392E-04
   9720   0.31291E-04
   9730   0.31170E-04
   9740   0.31118E-04
   9750   0.30985E-04
   9760   0.30893E-04
   9770   0.30793E-04
   9780   0.30720E-04
   9790   0.30598E-04
   9800   0.30515E-04
   9810   0.30407E-04
   9820   0.30309E-04
   9830   0.30210E-04
   9840   0.30126E-04
   9850   0.30035E-04
   9860   0.29942E-04
   9870   0.29827E-04
   9880   0.29731E-04
   9890   0.29643E-04
   9900   0.29546E-04
   9910   0.29444E-04
   9920   0.29359E-04
   9930   0.29260E-04
   9940   0.29165E-04
   9950   0.29064E-04
   9960   0.28987E-04
   9970   0.28882E-04
   9980   0.28799E-04
   9990   0.28672E-04
  10000   0.28593E-04
  10010   0.28497E-04
  10020   0.28404E-04
  10030   0.28306E-04
  10040   0.28219E-04
  10050   0.28118E-04
  10060   0.28027E-04
  10070   0.27937E-04
  10080   0.27844E-04
  10090   0.27743E-04
  10100   0.27645E-04
  10110   0.27537E-04
  10120   0.27451E-04
  10130   0.27358E-04
  10140   0.27269E-04
  10150   0.27170E-04
  10160   0.27082E-04
  10170   0.26975E-04
  10180   0.26879E-04
  10190   0.26784E-04
  10200   0.26698E-04
  10210   0.26605E-04
  10220   0.26496E-04
  10230   0.26405E-04
  10240   0.26315E-04
  10250   0.26221E-04
  10260   0.26108E-04
  10270   0.26052E-04
  10280   0.25945E-04
  10290   0.25852E-04
  10300   0.25747E-04
  10310   0.25648E-04
  10320   0.25572E-04
  10330   0.25474E-04
  10340   0.25385E-04
  10350   0.25310E-04
  10360   0.25204E-04
  10370   0.25113E-04
  10380   0.25017E-04
  10390   0.24954E-04
  10400   0.24849E-04
  10410   0.24743E-04
  10420   0.24647E-04
  10430   0.24577E-04
  10440   0.24482E-04
  10450   0.24394E-04
  10460   0.24307E-04
  10470   0.24213E-04
  10480   0.24144E-04
  10490   0.24057E-04
  10500   0.23965E-04
  10510   0.23903E-04
  10520   0.23791E-04
  10530   0.23721E-04
  10540   0.23646E-04
  10550   0.23561E-04
  10560   0.23478E-04
  10570   0.23391E-04
  10580   0.23329E-04
  10590   0.23254E-04
  10600   0.23147E-04
  10610   0.23099E-04
  10620   0.23014E-04
  10630   0.22940E-04
  10640   0.22855E-04
  10650   0.22774E-04
  10660   0.22706E-04
  10670   0.22636E-04
  10680   0.22556E-04
  10690   0.22494E-04
  10700   0.22413E-04
  10710   0.22350E-04
  10720   0.22266E-04
  10730   0.22207E-04
  10740   0.22128E-04
  10750   0.22078E-04
  10760   0.22000E-04
  10770   0.21934E-04
  10780   0.21859E-04
  10790   0.21799E-04
  10800   0.21732E-04
  10810   0.21665E-04
  10820   0.21624E-04
  10830   0.21547E-04
  10840   0.21495E-04
  10850   0.21409E-04
  10860   0.21364E-04
  10870   0.21315E-04
  10880   0.21250E-04
  10890   0.21187E-04
  10900   0.21130E-04
  10910   0.21059E-04
  10920   0.21001E-04
  10930   0.20950E-04
  10940   0.20892E-04
  10950   0.20832E-04
  10960   0.20764E-04
  10970   0.20710E-04
  10980   0.20661E-04
  10990   0.20586E-04
  11000   0.20530E-04
  11010   0.20474E-04
  11020   0.20422E-04
  11030   0.20361E-04
  11040   0.20307E-04
  11050   0.20225E-04
  11060   0.20165E-04
  11070   0.20116E-04
  11080   0.20062E-04
  11090   0.19998E-04
  11100   0.19942E-04
  11110   0.19858E-04
  11120   0.19814E-04
  11130   0.19746E-04
  11140   0.19709E-04
  11150   0.19640E-04
  11160   0.19571E-04
  11170   0.19516E-04
  11180   0.19458E-04
  11190   0.19389E-04
  11200   0.19309E-04
  11210   0.19268E-04
  11220   0.19218E-04
  11230   0.19148E-04
  11240   0.19079E-04
  11250   0.19026E-04
  11260   0.18978E-04
  11270   0.18913E-04
  11280   0.18833E-04
  11290   0.18799E-04
  11300   0.18741E-04
  11310   0.18667E-04
  11320   0.18619E-04
  11330   0.18573E-04
  11340   0.18516E-04
  11350   0.18460E-04
  11360   0.18422E-04
  11370   0.18385E-04
  11380   0.18335E-04
  11390   0.18289E-04
  11400   0.18256E-04
  11410   0.18218E-04
  11420   0.18186E-04
  11430   0.18155E-04
  11440   0.18144E-04
  11450   0.18114E-04
  11460   0.18098E-04
  11470   0.18090E-04
  11480   0.18084E-04
  11490   0.18086E-04
  11500   0.18082E-04
  11510   0.18081E-04
  11520   0.18095E-04
  11530   0.18099E-04
  11540   0.18114E-04
  11550   0.18128E-04
  11560   0.18153E-04
  11570   0.18177E-04
  11580   0.18218E-04
  11590   0.18246E-04
  11600   0.18303E-04
  11610   0.18331E-04
  11620   0.18369E-04
  11630   0.18417E-04
  11640   0.18461E-04
  11650   0.18516E-04
  11660   0.18571E-04
  11670   0.18629E-04
  11680   0.18675E-04
  11690   0.18735E-04
  11700   0.18768E-04
  11710   0.18823E-04
  11720   0.18869E-04
  11730   0.18915E-04
  11740   0.18954E-04
  11750   0.19012E-04
  11760   0.19037E-04
  11770   0.19070E-04
  11780   0.19107E-04
  11790   0.19149E-04
  11800   0.19167E-04
  11810   0.19216E-04
  11820   0.19262E-04
  11830   0.19306E-04
  11840   0.19352E-04
  11850   0.19409E-04
  11860   0.19500E-04
  11870   0.19560E-04
  11880   0.19648E-04
  11890   0.19733E-04
  11900   0.19838E-04
  11910   0.19953E-04
  11920   0.20071E-04
  11930   0.20189E-04
  11940   0.20329E-04
  11950   0.20461E-04
  11960   0.20597E-04
  11970   0.20729E-04
  11980   0.20864E-04
  11990   0.21009E-04
  12000   0.21138E-04
  12010   0.21279E-04
  12020   0.21415E-04
  12030   0.21539E-04
  12040   0.21679E-04
  12050   0.21817E-04
  12060   0.21950E-04
  12070   0.22061E-04
  12080   0.22190E-04
  12090   0.22318E-04
  12100   0.22429E-04
  12110   0.22552E-04
  12120   0.22675E-04
  12130   0.22780E-04
  12140   0.22870E-04
  12150   0.22984E-04
  12160   0.23088E-04
  12170   0.23178E-04
  12180   0.23271E-04
  12190   0.23370E-04
  12200   0.23436E-04
  12210   0.23515E-04
  12220   0.23588E-04
  12230   0.23663E-04
  12240   0.23718E-04
  12250   0.23787E-04
  12260   0.23832E-04
  12270   0.23892E-04
  12280   0.23934E-04
  12290   0.23994E-04
  12300   0.24024E-04
  12310   0.24093E-04
  12320   0.24152E-04
  12330   0.24194E-04
  12340   0.24260E-04
  12350   0.24317E-04
  12360   0.24383E-04
  12370   0.24443E-04
  12380   0.24518E-04
  12390   0.24605E-04
  12400   0.24669E-04
  12410   0.24751E-04
  12420   0.24840E-04
  12430   0.24931E-04
  12440   0.25017E-04
  12450   0.25118E-04
  12460   0.25224E-04
  12470   0.25325E-04
  12480   0.25433E-04
  12490   0.25555E-04
  12500   0.25662E-04
  12510   0.25777E-04
  12520   0.25895E-04
  12530   0.26014E-04
  12540   0.26142E-04
  12550   0.26271E-04
  12560   0.26401E-04
  12570   0.26510E-04
  12580   0.26653E-04
  12590   0.26787E-04
  12600   0.26916E-04
  12610   0.27050E-04
  12620   0.27179E-04
  12630   0.27318E-04
  12640   0.27452E-04
  12650   0.27571E-04
  12660   0.27700E-04
  12670   0.27848E-04
  12680   0.27965E-04
  12690   0.28118E-04
  12700   0.28237E-04
  12710   0.28368E-04
  12720   0.28498E-04
  12730   0.28632E-04
  12740   0.28778E-04
  12750   0.28907E-04
  12760   0.29048E-04
  12770   0.29198E-04
  12780   0.29339E-04
  12790   0.29478E-04
  12800   0.29620E-04
  12810   0.29779E-04
  12820   0.29914E-04
  12830   0.30083E-04
  12840   0.30238E-04
  12850   0.30403E-04
  12860   0.30553E-04
  12870   0.30744E-04
  12880   0.30890E-04
  12890   0.31071E-04
  12900   0.31252E-04
  12910   0.31432E-04
  12920   0.31602E-04
  12930   0.31784E-04
  12940   0.31971E-04
  12950   0.32166E-04
  12960   0.32331E-04
  12970   0.32540E-04
  12980   0.32735E-04
  12990   0.32920E-04
  13000   0.33131E-04
  13010   0.33320E-04
  13020   0.33525E-04
  13030   0.33729E-04
  13040   0.33933E-04
  13050   0.34137E-04
  13060   0.34338E-04
  13070   0.34553E-04
  13080   0.34767E-04
  13090   0.34971E-04
  13100   0.35183E-04
  13110   0.35401E-04
  13120   0.35624E-04
  13130   0.35825E-04
  13140   0.36040E-04
  13150   0.36253E-04
  13160   0.36474E-04
  13170   0.36688E-04
  13180   0.36912E-04
  13190   0.37127E-04
  13200   0.37353E-04
  13210   0.37576E-04
  13220   0.37800E-04
  13230   0.38032E-04
  13240   0.38267E-04
  13250   0.38499E-04
  13260   0.38737E-04
  13270   0.38972E-04
  13280   0.39228E-04
  13290   0.39469E-04
  13300   0.39719E-04
  13310   0.39982E-04
  13320   0.40235E-04
  13330   0.40496E-04
  13340   0.40757E-04
  13350   0.41026E-04
  13360   0.41289E-04
  13370   0.41561E-04
  13380   0.41831E-04
  13390   0.42103E-04
  13400   0.42379E-04
  13410   0.42654E-04
  13420   0.42929E-04
  13430   0.43205E-04
  13440   0.43477E-04
  13450   0.43752E-04
  13460   0.44029E-04
  13470   0.44310E-04
  13480   0.44585E-04
  13490   0.44864E-04
  13500   0.45143E-04
  13510   0.45417E-04
  13520   0.45702E-04
  13530   0.45984E-04
  13540   0.46263E-04
  13550   0.46549E-04
  13560   0.46832E-04
  13570   0.47114E-04
  13580   0.47408E-04
  13590   0.47692E-04
  13600   0.47982E-04
  13610   0.48275E-04
  13620   0.48570E-04
  13630   0.48862E-04
  13640   0.49151E-04
  13650   0.49447E-04
  13660   0.49739E-04
  13670   0.50033E-04
  13680   0.50328E-04
  13690   0.50618E-04
  13700   0.50910E-04
  13710   0.51195E-04
  13720   0.51482E-04
  13730   0.51770E-04
  13740   0.52050E-04
  13750   0.52334E-04
  13760   0.52606E-04
  13770   0.52884E-04
  13780   0.53159E-04
  13790   0.53430E-04
  13800   0.53696E-04
  13810   0.53961E-04
  13820   0.54225E-04
  13830   0.54488E-04
  13840   0.54735E-04
  13850   0.54992E-04
  13860   0.55251E-04
  13870   0.55500E-04
  13880   0.55743E-04
  13890   0.55994E-04
  13900   0.56243E-04
  13910   0.56492E-04
  13920   0.56724E-04
  13930   0.56968E-04
  13940   0.57205E-04
  13950   0.57451E-04
  13960   0.57683E-04
  13970   0.57920E-04
  13980   0.58152E-04
  13990   0.58386E-04
  14000   0.58610E-04
  14010   0.58842E-04
  14020   0.59068E-04
  14030   0.59292E-04
  14040   0.59513E-04
  14050   0.59733E-04
  14060   0.59954E-04
  14070   0.60168E-04
  14080   0.60377E-04
  14090   0.60591E-04
  14100   0.60795E-04
  14110   0.61001E-04
  14120   0.61204E-04
  14130   0.61404E-04
  14140   0.61601E-04
  14150   0.61802E-04
  14160   0.61994E-04
  14170   0.62186E-04
  14180   0.62365E-04
  14190   0.62553E-04
  14200   0.62726E-04
  14210   0.62906E-04
  14220   0.63073E-04
  14230   0.63247E-04
  14240   0.63418E-04
  14250   0.63575E-04
  14260   0.63734E-04
  14270   0.63886E-04
  14280   0.64040E-04
  14290   0.64179E-04
  14300   0.64319E-04
  14310   0.64452E-04
  14320   0.64589E-04
  14330   0.64714E-04
  14340   0.64829E-04
  14350   0.64944E-04
  14360   0.65052E-04
  14370   0.65155E-04
  14380   0.65250E-04
  14390   0.65342E-04
  14400   0.65429E-04
  14410   0.65503E-04
  14420   0.65565E-04
  14430   0.65633E-04
  14440   0.65688E-04
  14450   0.65735E-04
  14460   0.65772E-04
  14470   0.65798E-04
  14480   0.65812E-04
  14490   0.65829E-04
  14500   0.65832E-04
  14510   0.65828E-04
  14520   0.65814E-04
  14530   0.65791E-04
  14540   0.65755E-04
  14550   0.65709E-04
  14560   0.65652E-04
  14570   0.65587E-04
  14580   0.65517E-04
  14590   0.65435E-04
  14600   0.65348E-04
  14610   0.65246E-04
  14620   0.65142E-04
  14630   0.65017E-04
  14640   0.64893E-04
  14650   0.64765E-04
  14660   0.64621E-04
  14670   0.64475E-04
  14680   0.64331E-04
  14690   0.64163E-04
  14700   0.64007E-04
  14710   0.63836E-04
  14720   0.63665E-04
  14730   0.63501E-04
  14740   0.63328E-04
  14750   0.63155E-04
  14760   0.62987E-04
  14770   0.62821E-04
  14780   0.62659E-04
  14790   0.62509E-04
  14800   0.62355E-04
  14810   0.62217E-04
  14820   0.62093E-04
  14830   0.61973E-04
  14840   0.61866E-04
  14850   0.61777E-04
  14860   0.61698E-04
  14870   0.61641E-04
  14880   0.61609E-04
  14890   0.61583E-04
  14900   0.61582E-04
  14910   0.61604E-04
  14920   0.61664E-04
  14930   0.61730E-04
  14940   0.61832E-04
  14950   0.61960E-04
  14960   0.62107E-04
  14970   0.62295E-04
  14980   0.62505E-04
  14990   0.62746E-04
  15000   0.63010E-04
  15010   0.63305E-04
  15020   0.63634E-04
  15030   0.63988E-04
  15040   0.64376E-04
  15050   0.64787E-04
  15060   0.65229E-04
  15070   0.65689E-04
  15080   0.66188E-04
  15090   0.66705E-04
  15100   0.67246E-04
  15110   0.67807E-04
  15120   0.68397E-04
  15130   0.69016E-04
  15140   0.69644E-04
  15150   0.70297E-04
  15160   0.70961E-04
  15170   0.71643E-04
  15180   0.72345E-04
  15190   0.73061E-04
  15200   0.73789E-04
  15210   0.74523E-04
  15220   0.75278E-04
  15230   0.76037E-04
  15240   0.76807E-04
  15250   0.77579E-04
  15260   0.78364E-04
  15270   0.79149E-04
  15280   0.79944E-04
  15290   0.80732E-04
  15300   0.81533E-04
  15310   0.82329E-04
  15320   0.83129E-04
  15330   0.83936E-04
  15340   0.84739E-04
  15350   0.85535E-04
  15360   0.86322E-04
  15370   0.87116E-04
  15380   0.87906E-04
  15390   0.88695E-04
  15400   0.89465E-04
  15410   0.90238E-04
  15420   0.91013E-04
  15430   0.91773E-04
  15440   0.92536E-04
  15450   0.93278E-04
  15460   0.94014E-04
  15470   0.94745E-04
  15480   0.95468E-04
  15490   0.96185E-04
  15500   0.96889E-04
  15510   0.97587E-04
  15520   0.98271E-04
  15530   0.98950E-04
  15540   0.99610E-04
  15550   0.10026E-03
  15560   0.10090E-03
  15570   0.10154E-03
  15580   0.10216E-03
  15590   0.10277E-03
  15600   0.10336E-03
  15610   0.10395E-03
  15620   0.10452E-03
  15630   0.10507E-03
  15640   0.10562E-03
  15650   0.10616E-03
  15660   0.10667E-03
  15670   0.10718E-03
  15680   0.10767E-03
  15690   0.10815E-03
  15700   0.10861E-03
  15710   0.10906E-03
  15720   0.10949E-03
  15730   0.10992E-03
  15740   0.11032E-03
  15750   0.11071E-03
  15760   0.11109E-03
  15770   0.11144E-03
  15780   0.11178E-03
  15790   0.11212E-03
  15800   0.11242E-03
  15810   0.11272E-03
  15820   0.11300E-03
  15830   0.11327E-03
  15840   0.11351E-03
  15850   0.11375E-03
  15860   0.11396E-03
  15870   0.11416E-03
  15880   0.11434E-03
  15890   0.11450E-03
  15900   0.11465E-03
  15910   0.11479E-03
  15920   0.11490E-03
  15930   0.11499E-03
  15940   0.11507E-03
  15950   0.11514E-03
  15960   0.11518E-03
  15970   0.11521E-03
  15980   0.11522E-03
  15990   0.11521E-03
  16000   0.11519E-03
  16010   0.11515E-03
  16020   0.11509E-03
  16030   0.11502E-03
  16040   0.11492E-03
  16050   0.11481E-03
  16060   0.11469E-03
  16070   0.11453E-03
  16080   0.11437E-03
  16090   0.11419E-03
  16100   0.11400E-03
  16110   0.11378E-03
  16120   0.11355E-03
  16130   0.11329E-03
  16140   0.11304E-03
  16150   0.11276E-03
  16160   0.11246E-03
  16170   0.11214E-03
  16180   0.11182E-03
  16190   0.11147E-03
  16200   0.11111E-03
  16210   0.11073E-03
  16220   0.11034E-03
  16230   0.10994E-03
  16240   0.10951E-03
  16250   0.10908E-03
  16260   0.10863E-03
  16270   0.10816E-03
  16280   0.10769E-03
  16290   0.10722E-03
  16300   0.10672E-03
  16310   0.10621E-03
  16320   0.10569E-03
  16330   0.10516E-03
  16340   0.10462E-03
  16350   0.10408E-03
  16360   0.10352E-03
  16370   0.10295E-03
  16380   0.10238E-03
  16390   0.10180E-03
  16400   0.10122E-03
  16410   0.10062E-03
  16420   0.10003E-03
  16430   0.99431E-04
  16440   0.98826E-04
  16450   0.98228E-04
  16460   0.97617E-04
  16470   0.97015E-04
  16480   0.96394E-04
  16490   0.95796E-04
  16500   0.95185E-04
  16510   0.94581E-04
  16520   0.93978E-04
  16530   0.93375E-04
  16540   0.92782E-04
  16550   0.92185E-04
  16560   0.91582E-04
  16570   0.91013E-04
  16580   0.90438E-04
  16590   0.89875E-04
  16600   0.89309E-04
  16610   0.88758E-04
  16620   0.88219E-04
  16630   0.87674E-04
  16640   0.87137E-04
  16650   0.86631E-04
  16660   0.86124E-04
  16670   0.85625E-04
  16680   0.85152E-04
  16690   0.84688E-04
  16700   0.84218E-04
  16710   0.83773E-04
  16720   0.83332E-04
  16730   0.82898E-04
  16740   0.82489E-04
  16750   0.82095E-04
  16760   0.81710E-04
  16770   0.81329E-04
  16780   0.80973E-04
  16790   0.80620E-04
  16800   0.80296E-04
  16810   0.79966E-04
  16820   0.79650E-04
  16830   0.79352E-04
  16840   0.79049E-04
  16850   0.78776E-04
  16860   0.78495E-04
  16870   0.78234E-04
  16880   0.77976E-04
  16890   0.77742E-04
  16900   0.77503E-04
  16910   0.77266E-04
  16920   0.77045E-04
  16930   0.76829E-04
  16940   0.76616E-04
  16950   0.76403E-04
  16960   0.76220E-04
  16970   0.76020E-04
  16980   0.75836E-04
  16990   0.75637E-04
  17000   0.75449E-04
  17010   0.75265E-04
  17020   0.75096E-04
  17030   0.74916E-04
  17040   0.74742E-04
  17050   0.74546E-04
  17060   0.74371E-04
  17070   0.74202E-04
  17080   0.74026E-04
  17090   0.73837E-04
  17100   0.73673E-04
  17110   0.73467E-04
  17120   0.73288E-04
  17130   0.73092E-04
  17140   0.72894E-04
  17150   0.72724E-04
  17160   0.72518E-04
  17170   0.72347E-04
  17180   0.72136E-04
  17190   0.71919E-04
  17200   0.71699E-04
  17210   0.71522E-04
  17220   0.71314E-04
  17230   0.71085E-04
  17240   0.70922E-04
  17250   0.70666E-04
  17260   0.70446E-04
  17270   0.70227E-04
  17280   0.70022E-04
  17290   0.69805E-04
  17300   0.69593E-04
  17310   0.69366E-04
  17320   0.69133E-04
  17330   0.68893E-04
  17340   0.68674E-04
  17350   0.68471E-04
  17360   0.68240E-04
  17370   0.67995E-04
  17380   0.67788E-04
  17390   0.67583E-04
  17400   0.67347E-04
  17410   0.67136E-04
  17420   0.66942E-04
  17430   0.66712E-04
  17440   0.66503E-04
  17450   0.66288E-04
  17460   0.66078E-04
  17470   0.65878E-04
  17480   0.65702E-04
  17490   0.65502E-04
  17500   0.65306E-04
  17510   0.65136E-04
  17520   0.64927E-04
  17530   0.64756E-04
  17540   0.64549E-04
  17550   0.64414E-04
  17560   0.64246E-04
  17570   0.64054E-04
  17580   0.63901E-04
  17590   0.63747E-04
  17600   0.63588E-04
  17610   0.63427E-04
  17620   0.63264E-04
  17630   0.63122E-04
  17640   0.62985E-04
  17650   0.62829E-04
  17660   0.62683E-04
  17670   0.62551E-04
  17680   0.62406E-04
  17690   0.62284E-04
  17700   0.62142E-04
  17710   0.61991E-04
  17720   0.61861E-04
  17730   0.61732E-04
  17740   0.61606E-04
  17750   0.61453E-04
  17760   0.61325E-04
  17770   0.61201E-04
  17780   0.61097E-04
  17790   0.60934E-04
  17800   0.60798E-04
  17810   0.60657E-04
  17820   0.60520E-04
  17830   0.60392E-04
  17840   0.60245E-04
  17850   0.60114E-04
  17860   0.59972E-04
  17870   0.59845E-04
  17880   0.59697E-04
  17890   0.59534E-04
  17900   0.59384E-04
  17910   0.59237E-04
  17920   0.59081E-04
  17930   0.58973E-04
  17940   0.58807E-04
  17950   0.58653E-04
  17960   0.58519E-04
  17970   0.58354E-04
  17980   0.58218E-04
  17990   0.58063E-04
  18000   0.57909E-04
  18010   0.57774E-04
  18020   0.57626E-04
  18030   0.57482E-04
  18040   0.57355E-04
  18050   0.57202E-04
  18060   0.57085E-04
  18070   0.56949E-04
  18080   0.56809E-04
  18090   0.56681E-04
  18100   0.56569E-04
  18110   0.56441E-04
  18120   0.56330E-04
  18130   0.56231E-04
  18140   0.56126E-04
  18150   0.56046E-04
  18160   0.55942E-04
  18170   0.55843E-04
  18180   0.55756E-04
  18190   0.55690E-04
  18200   0.55625E-04
  18210   0.55564E-04
  18220   0.55507E-04
  18230   0.55445E-04
  18240   0.55405E-04
  18250   0.55356E-04
  18260   0.55319E-04
  18270   0.55311E-04
  18280   0.55270E-04
  18290   0.55242E-04
  18300   0.55243E-04
  18310   0.55228E-04
  18320   0.55245E-04
  18330   0.55220E-04
  18340   0.55215E-04
  18350   0.55242E-04
  18360   0.55240E-04
  18370   0.55270E-04
  18380   0.55282E-04
  18390   0.55304E-04
  18400   0.55330E-04
  18410   0.55350E-04
  18420   0.55368E-04
  18430   0.55402E-04
  18440   0.55429E-04
  18450   0.55443E-04
  18460   0.55454E-04
  18470   0.55495E-04
  18480   0.55516E-04
  18490   0.55544E-04
  18500   0.55559E-04
  18510   0.55553E-04
  18520   0.55582E-04
  18530   0.55583E-04
  18540   0.55583E-04
  18550   0.55586E-04
  18560   0.55571E-04
  18570   0.55560E-04
  18580   0.55531E-04
  18590   0.55505E-04
  18600   0.55501E-04
  18610   0.55429E-04
  18620   0.55398E-04
  18630   0.55354E-04
  18640   0.55285E-04
  18650   0.55226E-04
  18660   0.55139E-04
  18670   0.55039E-04
  18680   0.54946E-04
  18690   0.54844E-04
  18700   0.54735E-04
  18710   0.54619E-04
  18720   0.54488E-04
  18730   0.54345E-04
  18740   0.54213E-04
  18750   0.54046E-04
  18760   0.53895E-04
  18770   0.53712E-04
  18780   0.53531E-04
  18790   0.53338E-04
  18800   0.53146E-04
  18810   0.52941E-04
  18820   0.52714E-04
  18830   0.52483E-04
  18840   0.52254E-04
  18850   0.52023E-04
  18860   0.51773E-04
  18870   0.51517E-04
  18880   0.51236E-04
  18890   0.50975E-04
  18900   0.50694E-04
  18910   0.50401E-04
  18920   0.50113E-04
  18930   0.49811E-04
  18940   0.49503E-04
  18950   0.49204E-04
  18960   0.48918E-04
  18970   0.48588E-04
  18980   0.48249E-04
  18990   0.47945E-04
  19000   0.47615E-04
  19010   0.47306E-04
  19020   0.46945E-04
  19030   0.46612E-04
  19040   0.46291E-04
  19050   0.45956E-04
  19060   0.45614E-04
  19070   0.45286E-04
  19080   0.44945E-04
  19090   0.44603E-04
  19100   0.44295E-04
  19110   0.43954E-04
  19120   0.43624E-04
  19130   0.43303E-04
  19140   0.43001E-04
  19150   0.42689E-04
  19160   0.42373E-04
  19170   0.42102E-04
  19180   0.41771E-04
  19190   0.41494E-04
  19200   0.41191E-04
  19210   0.40932E-04
  19220   0.40671E-04
  19230   0.40398E-04
  19240   0.40149E-04
  19250   0.39935E-04
  19260   0.39683E-04
  19270   0.39455E-04
  19280   0.39239E-04
  19290   0.39048E-04
  19300   0.38872E-04
  19310   0.38683E-04
  19320   0.38507E-04
  19330   0.38351E-04
  19340   0.38217E-04
  19350   0.38103E-04
  19360   0.37967E-04
  19370   0.37863E-04
  19380   0.37762E-04
  19390   0.37682E-04
  19400   0.37617E-04
  19410   0.37550E-04
  19420   0.37512E-04
  19430   0.37463E-04
  19440   0.37438E-04
  19450   0.37440E-04
  19460   0.37440E-04
  19470   0.37432E-04
  19480   0.37473E-04
  19490   0.37488E-04
  19500   0.37530E-04
  19510   0.37590E-04
  19520   0.37655E-04
  19530   0.37718E-04
  19540   0.37801E-04
  19550   0.37874E-04
  19560   0.37967E-04
  19570   0.38069E-04
  19580   0.38171E-04
  19590   0.38295E-04
  19600   0.38408E-04
  19610   0.38538E-04
  19620   0.38665E-04
  19630   0.38791E-04
  19640   0.38945E-04
  19650   0.39096E-04
  19660   0.39225E-04
  19670   0.39386E-04
  19680   0.39533E-04
  19690   0.39678E-04
  19700   0.39849E-04
  19710   0.40000E-04
  19720   0.40183E-04
  19730   0.40339E-04
  19740   0.40492E-04
  19750   0.40669E-04
  19760   0.40811E-04
  19770   0.40969E-04
  19780   0.41153E-04
  19790   0.41293E-04
  19800   0.41465E-04
  19810   0.41643E-04
  19820   0.41780E-04
  19830   0.41932E-04
  19840   0.42093E-04
  19850   0.42235E-04
  19860   0.42384E-04
  19870   0.42540E-04
  19880   0.42682E-04
  19890   0.42828E-04
  19900   0.42966E-04
  19910   0.43116E-04
  19920   0.43229E-04
  19930   0.43355E-04
  19940   0.43490E-04
  19950   0.43606E-04
  19960   0.43728E-04
  19970   0.43840E-04
  19980   0.43972E-04
  19990   0.44054E-04
  20000   0.44182E-04
