     10   0.11077E-02
     20   0.94414E-03
     30   0.83452E-03
     40   0.75587E-03
     50   0.69620E-03
     60   0.64843E-03
     70   0.60847E-03
     80   0.57396E-03
     90   0.54345E-03
    100   0.51591E-03
    110   0.49122E-03
    120   0.46832E-03
    130   0.44709E-03
    140   0.42716E-03
    150   0.40830E-03
    160   0.39048E-03
    170   0.37366E-03
    180   0.35785E-03
    190   0.34292E-03
    200   0.32875E-03
    210   0.31529E-03
    220   0.30261E-03
    230   0.29064E-03
    240   0.27940E-03
    250   0.26882E-03
    260   0.25891E-03
    270   0.24960E-03
    280   0.24088E-03
    290   0.23273E-03
    300   0.22510E-03
    310   0.21795E-03
    320   0.21127E-03
    330   0.20502E-03
    340   0.19918E-03
    350   0.19378E-03
    360   0.18879E-03
    370   0.18422E-03
    380   0.18008E-03
    390   0.17636E-03
    400   0.17304E-03
    410   0.17011E-03
    420   0.16756E-03
    430   0.16533E-03
    440   0.16337E-03
    450   0.16164E-03
    460   0.16006E-03
    470   0.15856E-03
    480   0.15709E-03
    490   0.15560E-03
    500   0.15406E-03
    510   0.15242E-03
    520   0.15069E-03
    530   0.14887E-03
    540   0.14696E-03
    550   0.14500E-03
    560   0.14302E-03
    570   0.14105E-03
    580   0.13914E-03
    590   0.13732E-03
    600   0.13565E-03
    610   0.13413E-03
    620   0.13282E-03
    630   0.13173E-03
    640   0.13087E-03
    650   0.13024E-03
    660   0.12987E-03
    670   0.12971E-03
    680   0.12977E-03
    690   0.13000E-03
    700   0.13039E-03
    710   0.13093E-03
    720   0.13156E-03
    730   0.13226E-03
    740   0.13299E-03
    750   0.13373E-03
    760   0.13444E-03
    770   0.13509E-03
    780   0.13566E-03
    790   0.13612E-03
    800   0.13647E-03
    810   0.13670E-03
    820   0.13677E-03
    830   0.13671E-03
    840   0.13650E-03
    850   0.13614E-03
    860   0.13564E-03
    870   0.13501E-03
    880   0.13424E-03
    890   0.13337E-03
    900   0.13241E-03
    910   0.13134E-03
    920   0.13018E-03
    930   0.12895E-03
    940   0.12766E-03
    950   0.12632E-03
    960   0.12495E-03
    970   0.12354E-03
    980   0.12214E-03
    990   0.12072E-03
   1000   0.11934E-03
   1010   0.11800E-03
   1020   0.11671E-03
   1030   0.11550E-03
   1040   0.11438E-03
   1050   0.11336E-03
   1060   0.11249E-03
   1070   0.11174E-03
   1080   0.11114E-03
   1090   0.11069E-03
   1100   0.11038E-03
   1110   0.11023E-03
   1120   0.11026E-03
   1130   0.11040E-03
   1140   0.11068E-03
   1150   0.11107E-03
   1160   0.11156E-03
   1170   0.11213E-03
   1180   0.11277E-03
   1190   0.11343E-03
   1200   0.11414E-03
   1210   0.11485E-03
   1220   0.11554E-03
   1230   0.11622E-03
   1240   0.11686E-03
   1250   0.11745E-03
   1260   0.11798E-03
   1270   0.11844E-03
   1280   0.11884E-03
   1290   0.11915E-03
   1300   0.11942E-03
   1310   0.11962E-03
   1320   0.11973E-03
   1330   0.11980E-03
   1340   0.11984E-03
   1350   0.11981E-03
   1360   0.11977E-03
   1370   0.11971E-03
   1380   0.11963E-03
   1390   0.11957E-03
   1400   0.11952E-03
   1410   0.11949E-03
   1420   0.11948E-03
   1430   0.11951E-03
   1440   0.11958E-03
   1450   0.11968E-03
   1460   0.11984E-03
   1470   0.12004E-03
   1480   0.12026E-03
   1490   0.12051E-03
   1500   0.12079E-03
   1510   0.12108E-03
   1520   0.12138E-03
   1530   0.12165E-03
   1540   0.12193E-03
   1550   0.12218E-03
   1560   0.12239E-03
   1570   0.12255E-03
   1580   0.12268E-03
   1590   0.12272E-03
   1600   0.12272E-03
   1610   0.12263E-03
   1620   0.12248E-03
   1630   0.12225E-03
   1640   0.12195E-03
   1650   0.12157E-03
   1660   0.12112E-03
   1670   0.12061E-03
   1680   0.12003E-03
   1690   0.11939E-03
   1700   0.11871E-03
   1710   0.11799E-03
   1720   0.11723E-03
   1730   0.11646E-03
   1740   0.11568E-03
   1750   0.11491E-03
   1760   0.11413E-03
   1770   0.11341E-03
   1780   0.11271E-03
   1790   0.11206E-03
   1800   0.11147E-03
   1810   0.11096E-03
   1820   0.11053E-03
   1830   0.11019E-03
   1840   0.10996E-03
   1850   0.10983E-03
   1860   0.10983E-03
   1870   0.10995E-03
   1880   0.11018E-03
   1890   0.11054E-03
   1900   0.11101E-03
   1910   0.11162E-03
   1920   0.11232E-03
   1930   0.11313E-03
   1940   0.11405E-03
   1950   0.11506E-03
   1960   0.11615E-03
   1970   0.11733E-03
   1980   0.11858E-03
   1990   0.11986E-03
   2000   0.12120E-03
   2010   0.12258E-03
   2020   0.12399E-03
   2030   0.12541E-03
   2040   0.12685E-03
   2050   0.12829E-03
   2060   0.12972E-03
   2070   0.13116E-03
   2080   0.13256E-03
   2090   0.13395E-03
   2100   0.13531E-03
   2110   0.13665E-03
   2120   0.13793E-03
   2130   0.13920E-03
   2140   0.14040E-03
   2150   0.14160E-03
   2160   0.14270E-03
   2170   0.14378E-03
   2180   0.14480E-03
   2190   0.14575E-03
   2200   0.14667E-03
   2210   0.14754E-03
   2220   0.14833E-03
   2230   0.14908E-03
   2240   0.14974E-03
   2250   0.15040E-03
   2260   0.15094E-03
   2270   0.15146E-03
   2280   0.15190E-03
   2290   0.15229E-03
   2300   0.15260E-03
   2310   0.15287E-03
   2320   0.15305E-03
   2330   0.15321E-03
   2340   0.15326E-03
   2350   0.15330E-03
   2360   0.15327E-03
   2370   0.15317E-03
   2380   0.15302E-03
   2390   0.15282E-03
   2400   0.15257E-03
   2410   0.15226E-03
   2420   0.15190E-03
   2430   0.15150E-03
   2440   0.15106E-03
   2450   0.15055E-03
   2460   0.15002E-03
   2470   0.14943E-03
   2480   0.14879E-03
   2490   0.14812E-03
   2500   0.14743E-03
   2510   0.14668E-03
   2520   0.14593E-03
   2530   0.14512E-03
   2540   0.14429E-03
   2550   0.14345E-03
   2560   0.14257E-03
   2570   0.14163E-03
   2580   0.14070E-03
   2590   0.13974E-03
   2600   0.13875E-03
   2610   0.13773E-03
   2620   0.13671E-03
   2630   0.13566E-03
   2640   0.13460E-03
   2650   0.13349E-03
   2660   0.13239E-03
   2670   0.13127E-03
   2680   0.13013E-03
   2690   0.12896E-03
   2700   0.12780E-03
   2710   0.12659E-03
   2720   0.12539E-03
   2730   0.12417E-03
   2740   0.12293E-03
   2750   0.12170E-03
   2760   0.12045E-03
   2770   0.11918E-03
   2780   0.11790E-03
   2790   0.11662E-03
   2800   0.11536E-03
   2810   0.11405E-03
   2820   0.11277E-03
   2830   0.11148E-03
   2840   0.11019E-03
   2850   0.10890E-03
   2860   0.10762E-03
   2870   0.10636E-03
   2880   0.10510E-03
   2890   0.10383E-03
   2900   0.10260E-03
   2910   0.10138E-03
   2920   0.10016E-03
   2930   0.98970E-04
   2940   0.97786E-04
   2950   0.96638E-04
   2960   0.95514E-04
   2970   0.94388E-04
   2980   0.93281E-04
   2990   0.92231E-04
   3000   0.91196E-04
   3010   0.90174E-04
   3020   0.89172E-04
   3030   0.88200E-04
   3040   0.87271E-04
   3050   0.86337E-04
   3060   0.85450E-04
   3070   0.84598E-04
   3080   0.83739E-04
   3090   0.82918E-04
   3100   0.82118E-04
   3110   0.81350E-04
   3120   0.80593E-04
   3130   0.79886E-04
   3140   0.79171E-04
   3150   0.78489E-04
   3160   0.77830E-04
   3170   0.77176E-04
   3180   0.76539E-04
   3190   0.75930E-04
   3200   0.75353E-04
   3210   0.74756E-04
   3220   0.74198E-04
   3230   0.73652E-04
   3240   0.73142E-04
   3250   0.72614E-04
   3260   0.72119E-04
   3270   0.71604E-04
   3280   0.71113E-04
   3290   0.70638E-04
   3300   0.70201E-04
   3310   0.69764E-04
   3320   0.69325E-04
   3330   0.68882E-04
   3340   0.68477E-04
   3350   0.68059E-04
   3360   0.67664E-04
   3370   0.67294E-04
   3380   0.66912E-04
   3390   0.66546E-04
   3400   0.66193E-04
   3410   0.65845E-04
   3420   0.65507E-04
   3430   0.65178E-04
   3440   0.64871E-04
   3450   0.64581E-04
   3460   0.64272E-04
   3470   0.63974E-04
   3480   0.63717E-04
   3490   0.63447E-04
   3500   0.63196E-04
   3510   0.62964E-04
   3520   0.62739E-04
   3530   0.62508E-04
   3540   0.62305E-04
   3550   0.62096E-04
   3560   0.61910E-04
   3570   0.61716E-04
   3580   0.61556E-04
   3590   0.61387E-04
   3600   0.61228E-04
   3610   0.61075E-04
   3620   0.60947E-04
   3630   0.60828E-04
   3640   0.60724E-04
   3650   0.60604E-04
   3660   0.60513E-04
   3670   0.60420E-04
   3680   0.60337E-04
   3690   0.60270E-04
   3700   0.60207E-04
   3710   0.60129E-04
   3720   0.60065E-04
   3730   0.60020E-04
   3740   0.59971E-04
   3750   0.59926E-04
   3760   0.59911E-04
   3770   0.59889E-04
   3780   0.59856E-04
   3790   0.59842E-04
   3800   0.59833E-04
   3810   0.59821E-04
   3820   0.59814E-04
   3830   0.59820E-04
   3840   0.59830E-04
   3850   0.59829E-04
   3860   0.59850E-04
   3870   0.59869E-04
   3880   0.59874E-04
   3890   0.59917E-04
   3900   0.59919E-04
   3910   0.59965E-04
   3920   0.59993E-04
   3930   0.60033E-04
   3940   0.60055E-04
   3950   0.60102E-04
   3960   0.60141E-04
   3970   0.60164E-04
   3980   0.60224E-04
   3990   0.60288E-04
   4000   0.60321E-04
   4010   0.60363E-04
   4020   0.60434E-04
   4030   0.60495E-04
   4040   0.60538E-04
   4050   0.60614E-04
   4060   0.60681E-04
   4070   0.60736E-04
   4080   0.60799E-04
   4090   0.60864E-04
   4100   0.60934E-04
   4110   0.60989E-04
   4120   0.61069E-04
   4130   0.61151E-04
   4140   0.61214E-04
   4150   0.61290E-04
   4160   0.61366E-04
   4170   0.61439E-04
   4180   0.61520E-04
   4190   0.61600E-04
   4200   0.61685E-04
   4210   0.61738E-04
   4220   0.61819E-04
   4230   0.61905E-04
   4240   0.61968E-04
   4250   0.62067E-04
   4260   0.62135E-04
   4270   0.62216E-04
   4280   0.62283E-04
   4290   0.62355E-04
   4300   0.62431E-04
   4310   0.62506E-04
   4320   0.62585E-04
   4330   0.62648E-04
   4340   0.62725E-04
   4350   0.62782E-04
   4360   0.62853E-04
   4370   0.62923E-04
   4380   0.62974E-04
   4390   0.63044E-04
   4400   0.63092E-04
   4410   0.63148E-04
   4420   0.63199E-04
   4430   0.63244E-04
   4440   0.63286E-04
   4450   0.63330E-04
   4460   0.63373E-04
   4470   0.63411E-04
   4480   0.63450E-04
   4490   0.63471E-04
   4500   0.63500E-04
   4510   0.63528E-04
   4520   0.63523E-04
   4530   0.63546E-04
   4540   0.63564E-04
   4550   0.63558E-04
   4560   0.63564E-04
   4570   0.63557E-04
   4580   0.63549E-04
   4590   0.63546E-04
   4600   0.63507E-04
   4610   0.63514E-04
   4620   0.63487E-04
   4630   0.63457E-04
   4640   0.63426E-04
   4650   0.63384E-04
   4660   0.63340E-04
   4670   0.63300E-04
   4680   0.63247E-04
   4690   0.63197E-04
   4700   0.63144E-04
   4710   0.63084E-04
   4720   0.63031E-04
   4730   0.62961E-04
   4740   0.62897E-04
   4750   0.62826E-04
   4760   0.62748E-04
   4770   0.62676E-04
   4780   0.62594E-04
   4790   0.62507E-04
   4800   0.62433E-04
   4810   0.62350E-04
   4820   0.62246E-04
   4830   0.62164E-04
   4840   0.62079E-04
   4850   0.61978E-04
   4860   0.61884E-04
   4870   0.61799E-04
   4880   0.61700E-04
   4890   0.61604E-04
   4900   0.61505E-04
   4910   0.61403E-04
   4920   0.61310E-04
   4930   0.61213E-04
   4940   0.61116E-04
   4950   0.61014E-04
   4960   0.60918E-04
   4970   0.60813E-04
   4980   0.60720E-04
   4990   0.60626E-04
   5000   0.60528E-04
   5010   0.60439E-04
   5020   0.60348E-04
   5030   0.60259E-04
   5040   0.60171E-04
   5050   0.60079E-04
   5060   0.59985E-04
   5070   0.59900E-04
   5080   0.59833E-04
   5090   0.59739E-04
   5100   0.59669E-04
   5110   0.59589E-04
   5120   0.59523E-04
   5130   0.59442E-04
   5140   0.59375E-04
   5150   0.59304E-04
   5160   0.59242E-04
   5170   0.59169E-04
   5180   0.59097E-04
   5190   0.59040E-04
   5200   0.58990E-04
   5210   0.58943E-04
   5220   0.58884E-04
   5230   0.58834E-04
   5240   0.58782E-04
   5250   0.58748E-04
   5260   0.58698E-04
   5270   0.58661E-04
   5280   0.58618E-04
   5290   0.58586E-04
   5300   0.58543E-04
   5310   0.58522E-04
   5320   0.58490E-04
   5330   0.58445E-04
   5340   0.58434E-04
   5350   0.58407E-04
   5360   0.58372E-04
   5370   0.58368E-04
   5380   0.58334E-04
   5390   0.58310E-04
   5400   0.58310E-04
   5410   0.58281E-04
   5420   0.58278E-04
   5430   0.58260E-04
   5440   0.58242E-04
   5450   0.58225E-04
   5460   0.58214E-04
   5470   0.58207E-04
   5480   0.58204E-04
   5490   0.58204E-04
   5500   0.58194E-04
   5510   0.58171E-04
   5520   0.58171E-04
   5530   0.58159E-04
   5540   0.58154E-04
   5550   0.58158E-04
   5560   0.58149E-04
   5570   0.58138E-04
   5580   0.58131E-04
   5590   0.58131E-04
   5600   0.58126E-04
   5610   0.58128E-04
   5620   0.58114E-04
   5630   0.58125E-04
   5640   0.58109E-04
   5650   0.58107E-04
   5660   0.58099E-04
   5670   0.58096E-04
   5680   0.58087E-04
   5690   0.58084E-04
   5700   0.58077E-04
   5710   0.58072E-04
   5720   0.58059E-04
   5730   0.58039E-04
   5740   0.58040E-04
   5750   0.58041E-04
   5760   0.58027E-04
   5770   0.58022E-04
   5780   0.58008E-04
   5790   0.57999E-04
   5800   0.57995E-04
   5810   0.57978E-04
   5820   0.57965E-04
   5830   0.57950E-04
   5840   0.57943E-04
   5850   0.57922E-04
   5860   0.57904E-04
   5870   0.57882E-04
   5880   0.57879E-04
   5890   0.57845E-04
   5900   0.57852E-04
   5910   0.57814E-04
   5920   0.57781E-04
   5930   0.57763E-04
   5940   0.57756E-04
   5950   0.57717E-04
   5960   0.57707E-04
   5970   0.57671E-04
   5980   0.57637E-04
   5990   0.57609E-04
   6000   0.57585E-04
   6010   0.57554E-04
   6020   0.57528E-04
   6030   0.57475E-04
   6040   0.57452E-04
   6050   0.57421E-04
   6060   0.57391E-04
   6070   0.57344E-04
   6080   0.57299E-04
   6090   0.57271E-04
   6100   0.57222E-04
   6110   0.57187E-04
   6120   0.57146E-04
   6130   0.57100E-04
   6140   0.57048E-04
   6150   0.57011E-04
   6160   0.56948E-04
   6170   0.56887E-04
   6180   0.56853E-04
   6190   0.56787E-04
   6200   0.56731E-04
   6210   0.56666E-04
   6220   0.56605E-04
   6230   0.56552E-04
   6240   0.56485E-04
   6250   0.56422E-04
   6260   0.56364E-04
   6270   0.56300E-04
   6280   0.56228E-04
   6290   0.56149E-04
   6300   0.56069E-04
   6310   0.56002E-04
   6320   0.55912E-04
   6330   0.55812E-04
   6340   0.55748E-04
   6350   0.55655E-04
   6360   0.55573E-04
   6370   0.55482E-04
   6380   0.55383E-04
   6390   0.55284E-04
   6400   0.55189E-04
   6410   0.55088E-04
   6420   0.54983E-04
   6430   0.54884E-04
   6440   0.54764E-04
   6450   0.54651E-04
   6460   0.54549E-04
   6470   0.54426E-04
   6480   0.54302E-04
   6490   0.54191E-04
   6500   0.54056E-04
   6510   0.53925E-04
   6520   0.53806E-04
   6530   0.53667E-04
   6540   0.53542E-04
   6550   0.53397E-04
   6560   0.53257E-04
   6570   0.53111E-04
   6580   0.52972E-04
   6590   0.52821E-04
   6600   0.52677E-04
   6610   0.52537E-04
   6620   0.52388E-04
   6630   0.52225E-04
   6640   0.52079E-04
   6650   0.51914E-04
   6660   0.51760E-04
   6670   0.51590E-04
   6680   0.51445E-04
   6690   0.51294E-04
   6700   0.51127E-04
   6710   0.50959E-04
   6720   0.50804E-04
   6730   0.50630E-04
   6740   0.50484E-04
   6750   0.50321E-04
   6760   0.50163E-04
   6770   0.49983E-04
   6780   0.49826E-04
   6790   0.49661E-04
   6800   0.49505E-04
   6810   0.49342E-04
   6820   0.49166E-04
   6830   0.49018E-04
   6840   0.48854E-04
   6850   0.48688E-04
   6860   0.48540E-04
   6870   0.48386E-04
   6880   0.48240E-04
   6890   0.48075E-04
   6900   0.47923E-04
   6910   0.47767E-04
   6920   0.47618E-04
   6930   0.47454E-04
   6940   0.47325E-04
   6950   0.47177E-04
   6960   0.47034E-04
   6970   0.46893E-04
   6980   0.46756E-04
   6990   0.46618E-04
   7000   0.46468E-04
   7010   0.46321E-04
   7020   0.46201E-04
   7030   0.46077E-04
   7040   0.45939E-04
   7050   0.45802E-04
   7060   0.45672E-04
   7070   0.45535E-04
   7080   0.45420E-04
   7090   0.45276E-04
   7100   0.45164E-04
   7110   0.45026E-04
   7120   0.44926E-04
   7130   0.44801E-04
   7140   0.44671E-04
   7150   0.44554E-04
   7160   0.44440E-04
   7170   0.44323E-04
   7180   0.44202E-04
   7190   0.44097E-04
   7200   0.43966E-04
   7210   0.43858E-04
   7220   0.43749E-04
   7230   0.43639E-04
   7240   0.43518E-04
   7250   0.43412E-04
   7260   0.43297E-04
   7270   0.43188E-04
   7280   0.43076E-04
   7290   0.42966E-04
   7300   0.42846E-04
   7310   0.42751E-04
   7320   0.42650E-04
   7330   0.42539E-04
   7340   0.42421E-04
   7350   0.42324E-04
   7360   0.42211E-04
   7370   0.42109E-04
   7380   0.42002E-04
   7390   0.41912E-04
   7400   0.41782E-04
   7410   0.41681E-04
   7420   0.41579E-04
   7430   0.41474E-04
   7440   0.41380E-04
   7450   0.41265E-04
   7460   0.41159E-04
   7470   0.41066E-04
   7480   0.40953E-04
   7490   0.40854E-04
   7500   0.40745E-04
   7510   0.40640E-04
   7520   0.40546E-04
   7530   0.40434E-04
   7540   0.40340E-04
   7550   0.40234E-04
   7560   0.40121E-04
   7570   0.40030E-04
   7580   0.39914E-04
   7590   0.39806E-04
   7600   0.39702E-04
   7610   0.39598E-04
   7620   0.39505E-04
   7630   0.39411E-04
   7640   0.39303E-04
   7650   0.39183E-04
   7660   0.39074E-04
   7670   0.38986E-04
   7680   0.38872E-04
   7690   0.38764E-04
   7700   0.38647E-04
   7710   0.38561E-04
   7720   0.38426E-04
   7730   0.38336E-04
   7740   0.38219E-04
   7750   0.38116E-04
   7760   0.38002E-04
   7770   0.37882E-04
   7780   0.37777E-04
   7790   0.37670E-04
   7800   0.37548E-04
   7810   0.37437E-04
   7820   0.37333E-04
   7830   0.37214E-04
   7840   0.37096E-04
   7850   0.36977E-04
   7860   0.36874E-04
   7870   0.36754E-04
   7880   0.36623E-04
   7890   0.36510E-04
   7900   0.36398E-04
   7910   0.36281E-04
   7920   0.36173E-04
   7930   0.36055E-04
   7940   0.35935E-04
   7950   0.35820E-04
   7960   0.35694E-04
   7970   0.35576E-04
   7980   0.35461E-04
   7990   0.35336E-04
   8000   0.35219E-04
   8010   0.35108E-04
   8020   0.34983E-04
   8030   0.34876E-04
   8040   0.34736E-04
   8050   0.34623E-04
   8060   0.34504E-04
   8070   0.34401E-04
   8080   0.34260E-04
   8090   0.34156E-04
   8100   0.34014E-04
   8110   0.33893E-04
   8120   0.33774E-04
   8130   0.33644E-04
   8140   0.33542E-04
   8150   0.33423E-04
   8160   0.33308E-04
   8170   0.33181E-04
   8180   0.33057E-04
   8190   0.32943E-04
   8200   0.32815E-04
   8210   0.32691E-04
   8220   0.32555E-04
   8230   0.32435E-04
   8240   0.32328E-04
   8250   0.32226E-04
   8260   0.32102E-04
   8270   0.31962E-04
   8280   0.31858E-04
   8290   0.31718E-04
   8300   0.31593E-04
   8310   0.31479E-04
   8320   0.31365E-04
   8330   0.31233E-04
   8340   0.31133E-04
   8350   0.31007E-04
   8360   0.30887E-04
   8370   0.30804E-04
   8380   0.30685E-04
   8390   0.30530E-04
   8400   0.30426E-04
   8410   0.30315E-04
   8420   0.30198E-04
   8430   0.30080E-04
   8440   0.29964E-04
   8450   0.29866E-04
   8460   0.29724E-04
   8470   0.29614E-04
   8480   0.29492E-04
   8490   0.29386E-04
   8500   0.29265E-04
   8510   0.29148E-04
   8520   0.29042E-04
   8530   0.28921E-04
   8540   0.28806E-04
   8550   0.28683E-04
   8560   0.28590E-04
   8570   0.28478E-04
   8580   0.28356E-04
   8590   0.28245E-04
   8600   0.28139E-04
   8610   0.28037E-04
   8620   0.27914E-04
   8630   0.27811E-04
   8640   0.27716E-04
   8650   0.27591E-04
   8660   0.27463E-04
   8670   0.27376E-04
   8680   0.27263E-04
   8690   0.27155E-04
   8700   0.27052E-04
   8710   0.26944E-04
   8720   0.26845E-04
   8730   0.26734E-04
   8740   0.26621E-04
   8750   0.26501E-04
   8760   0.26395E-04
   8770   0.26284E-04
   8780   0.26174E-04
   8790   0.26084E-04
   8800   0.25957E-04
   8810   0.25856E-04
   8820   0.25746E-04
   8830   0.25629E-04
   8840   0.25548E-04
   8850   0.25423E-04
   8860   0.25318E-04
   8870   0.25210E-04
   8880   0.25111E-04
   8890   0.24992E-04
   8900   0.24892E-04
   8910   0.24774E-04
   8920   0.24682E-04
   8930   0.24561E-04
   8940   0.24457E-04
   8950   0.24358E-04
   8960   0.24268E-04
   8970   0.24150E-04
   8980   0.24041E-04
   8990   0.23934E-04
   9000   0.23847E-04
   9010   0.23730E-04
   9020   0.23624E-04
   9030   0.23507E-04
   9040   0.23408E-04
   9050   0.23302E-04
   9060   0.23199E-04
   9070   0.23088E-04
   9080   0.22999E-04
   9090   0.22888E-04
   9100   0.22779E-04
   9110   0.22673E-04
   9120   0.22570E-04
   9130   0.22460E-04
   9140   0.22353E-04
   9150   0.22247E-04
   9160   0.22154E-04
   9170   0.22043E-04
   9180   0.21956E-04
   9190   0.21841E-04
   9200   0.21749E-04
   9210   0.21621E-04
   9220   0.21550E-04
   9230   0.21420E-04
   9240   0.21317E-04
   9250   0.21200E-04
   9260   0.21105E-04
   9270   0.21004E-04
   9280   0.20911E-04
   9290   0.20793E-04
   9300   0.20697E-04
   9310   0.20584E-04
   9320   0.20489E-04
   9330   0.20369E-04
   9340   0.20273E-04
   9350   0.20170E-04
   9360   0.20052E-04
   9370   0.19955E-04
   9380   0.19873E-04
   9390   0.19756E-04
   9400   0.19670E-04
   9410   0.19555E-04
   9420   0.19467E-04
   9430   0.19359E-04
   9440   0.19266E-04
   9450   0.19158E-04
   9460   0.19052E-04
   9470   0.18965E-04
   9480   0.18857E-04
   9490   0.18755E-04
   9500   0.18660E-04
   9510   0.18547E-04
   9520   0.18465E-04
   9530   0.18358E-04
   9540   0.18260E-04
   9550   0.18155E-04
   9560   0.18062E-04
   9570   0.17950E-04
   9580   0.17856E-04
   9590   0.17772E-04
   9600   0.17684E-04
   9610   0.17580E-04
   9620   0.17488E-04
   9630   0.17370E-04
   9640   0.17298E-04
   9650   0.17209E-04
   9660   0.17110E-04
   9670   0.17013E-04
   9680   0.16928E-04
   9690   0.16827E-04
   9700   0.16735E-04
   9710   0.16656E-04
   9720   0.16566E-04
   9730   0.16466E-04
   9740   0.16372E-04
   9750   0.16285E-04
   9760   0.16181E-04
   9770   0.16096E-04
   9780   0.16017E-04
   9790   0.15921E-04
   9800   0.15852E-04
   9810   0.15744E-04
   9820   0.15665E-04
   9830   0.15584E-04
   9840   0.15500E-04
   9850   0.15417E-04
   9860   0.15319E-04
   9870   0.15248E-04
   9880   0.15150E-04
   9890   0.15068E-04
   9900   0.14989E-04
   9910   0.14893E-04
   9920   0.14816E-04
   9930   0.14732E-04
   9940   0.14646E-04
   9950   0.14581E-04
   9960   0.14499E-04
   9970   0.14404E-04
   9980   0.14321E-04
   9990   0.14265E-04
  10000   0.14163E-04
  10010   0.14089E-04
  10020   0.14012E-04
  10030   0.13942E-04
  10040   0.13849E-04
  10050   0.13756E-04
  10060   0.13693E-04
  10070   0.13617E-04
  10080   0.13527E-04
  10090   0.13458E-04
  10100   0.13366E-04
  10110   0.13304E-04
  10120   0.13230E-04
  10130   0.13145E-04
  10140   0.13072E-04
  10150   0.12995E-04
  10160   0.12937E-04
  10170   0.12842E-04
  10180   0.12767E-04
  10190   0.12699E-04
  10200   0.12628E-04
  10210   0.12559E-04
  10220   0.12469E-04
  10230   0.12409E-04
  10240   0.12336E-04
  10250   0.12259E-04
  10260   0.12191E-04
  10270   0.12107E-04
  10280   0.12035E-04
  10290   0.11967E-04
  10300   0.11888E-04
  10310   0.11817E-04
  10320   0.11745E-04
  10330   0.11673E-04
  10340   0.11604E-04
  10350   0.11542E-04
  10360   0.11460E-04
  10370   0.11390E-04
  10380   0.11327E-04
  10390   0.11245E-04
  10400   0.11170E-04
  10410   0.11118E-04
  10420   0.11039E-04
  10430   0.10971E-04
  10440   0.10894E-04
  10450   0.10821E-04
  10460   0.10755E-04
  10470   0.10675E-04
  10480   0.10621E-04
  10490   0.10550E-04
  10500   0.10483E-04
  10510   0.10419E-04
  10520   0.10340E-04
  10530   0.10265E-04
  10540   0.10207E-04
  10550   0.10134E-04
  10560   0.10068E-04
  10570   0.99947E-05
  10580   0.99335E-05
  10590   0.98460E-05
  10600   0.97943E-05
  10610   0.97026E-05
  10620   0.96422E-05
  10630   0.95712E-05
  10640   0.95058E-05
  10650   0.94407E-05
  10660   0.93871E-05
  10670   0.93080E-05
  10680   0.92248E-05
  10690   0.91719E-05
  10700   0.90937E-05
  10710   0.90247E-05
  10720   0.89755E-05
  10730   0.89083E-05
  10740   0.88414E-05
  10750   0.87767E-05
  10760   0.87078E-05
  10770   0.86358E-05
  10780   0.85742E-05
  10790   0.85073E-05
  10800   0.84462E-05
  10810   0.83623E-05
  10820   0.83061E-05
  10830   0.82596E-05
  10840   0.81816E-05
  10850   0.81165E-05
  10860   0.80410E-05
  10870   0.79858E-05
  10880   0.79262E-05
  10890   0.78620E-05
  10900   0.78022E-05
  10910   0.77285E-05
  10920   0.76719E-05
  10930   0.76034E-05
  10940   0.75469E-05
  10950   0.74883E-05
  10960   0.74246E-05
  10970   0.73642E-05
  10980   0.73006E-05
  10990   0.72419E-05
  11000   0.71784E-05
  11010   0.71228E-05
  11020   0.70656E-05
  11030   0.69905E-05
  11040   0.69475E-05
  11050   0.68794E-05
  11060   0.68268E-05
  11070   0.67586E-05
  11080   0.66933E-05
  11090   0.66560E-05
  11100   0.65868E-05
  11110   0.65343E-05
  11120   0.64850E-05
  11130   0.64346E-05
  11140   0.63820E-05
  11150   0.63303E-05
  11160   0.62695E-05
  11170   0.62279E-05
  11180   0.61696E-05
  11190   0.61170E-05
  11200   0.60805E-05
  11210   0.60118E-05
  11220   0.59647E-05
  11230   0.59031E-05
  11240   0.58556E-05
  11250   0.58225E-05
  11260   0.57589E-05
  11270   0.57156E-05
  11280   0.56594E-05
  11290   0.56081E-05
  11300   0.55624E-05
  11310   0.55135E-05
  11320   0.54669E-05
  11330   0.54188E-05
  11340   0.53774E-05
  11350   0.53422E-05
  11360   0.52946E-05
  11370   0.52539E-05
  11380   0.51968E-05
  11390   0.51514E-05
  11400   0.51113E-05
  11410   0.50643E-05
  11420   0.50295E-05
  11430   0.49813E-05
  11440   0.49450E-05
  11450   0.48916E-05
  11460   0.48478E-05
  11470   0.48150E-05
  11480   0.47777E-05
  11490   0.47384E-05
  11500   0.47048E-05
  11510   0.46517E-05
  11520   0.46249E-05
  11530   0.45717E-05
  11540   0.45257E-05
  11550   0.44855E-05
  11560   0.44433E-05
  11570   0.44083E-05
  11580   0.43677E-05
  11590   0.43359E-05
  11600   0.42938E-05
  11610   0.42637E-05
  11620   0.42100E-05
  11630   0.41955E-05
  11640   0.41719E-05
  11650   0.41124E-05
  11660   0.40734E-05
  11670   0.40412E-05
  11680   0.39965E-05
  11690   0.39711E-05
  11700   0.39447E-05
  11710   0.39122E-05
  11720   0.38842E-05
  11730   0.38581E-05
  11740   0.38267E-05
  11750   0.37794E-05
  11760   0.37523E-05
  11770   0.37177E-05
  11780   0.36722E-05
  11790   0.36368E-05
  11800   0.36163E-05
  11810   0.35796E-05
  11820   0.35534E-05
  11830   0.35229E-05
  11840   0.34950E-05
  11850   0.34732E-05
  11860   0.34363E-05
  11870   0.34208E-05
  11880   0.33918E-05
  11890   0.33519E-05
  11900   0.33288E-05
  11910   0.33041E-05
  11920   0.32844E-05
  11930   0.32586E-05
  11940   0.32463E-05
  11950   0.32070E-05
  11960   0.31656E-05
  11970   0.31556E-05
  11980   0.31356E-05
  11990   0.30971E-05
  12000   0.30985E-05
  12010   0.30674E-05
  12020   0.30615E-05
  12030   0.30341E-05
  12040   0.30236E-05
  12050   0.29853E-05
  12060   0.29638E-05
  12070   0.29530E-05
  12080   0.29255E-05
  12090   0.29031E-05
  12100   0.28966E-05
  12110   0.28707E-05
  12120   0.28616E-05
  12130   0.28389E-05
  12140   0.28249E-05
  12150   0.28159E-05
  12160   0.28039E-05
  12170   0.27852E-05
  12180   0.27634E-05
  12190   0.27416E-05
  12200   0.27306E-05
  12210   0.27166E-05
  12220   0.26972E-05
  12230   0.26674E-05
  12240   0.26629E-05
  12250   0.26503E-05
  12260   0.26458E-05
  12270   0.26390E-05
  12280   0.26233E-05
  12290   0.26129E-05
  12300   0.25896E-05
  12310   0.25732E-05
  12320   0.25666E-05
  12330   0.25398E-05
  12340   0.25385E-05
  12350   0.25217E-05
  12360   0.25050E-05
  12370   0.24977E-05
  12380   0.24876E-05
  12390   0.24876E-05
  12400   0.24912E-05
  12410   0.24549E-05
  12420   0.24519E-05
  12430   0.24361E-05
  12440   0.24258E-05
  12450   0.24172E-05
  12460   0.24157E-05
  12470   0.23822E-05
  12480   0.23805E-05
  12490   0.23684E-05
  12500   0.23735E-05
  12510   0.23570E-05
  12520   0.23404E-05
  12530   0.23332E-05
  12540   0.23110E-05
  12550   0.23072E-05
  12560   0.22838E-05
  12570   0.22823E-05
  12580   0.22755E-05
  12590   0.22816E-05
  12600   0.22564E-05
  12610   0.22639E-05
  12620   0.22352E-05
  12630   0.22295E-05
  12640   0.22340E-05
  12650   0.22117E-05
  12660   0.21998E-05
  12670   0.22093E-05
  12680   0.21975E-05
  12690   0.21962E-05
  12700   0.21938E-05
  12710   0.21737E-05
  12720   0.21576E-05
  12730   0.21528E-05
  12740   0.21554E-05
  12750   0.21485E-05
  12760   0.21348E-05
  12770   0.21148E-05
  12780   0.21167E-05
  12790   0.21120E-05
  12800   0.21076E-05
  12810   0.21125E-05
  12820   0.21055E-05
  12830   0.20953E-05
  12840   0.20696E-05
  12850   0.20496E-05
  12860   0.20377E-05
  12870   0.20345E-05
  12880   0.20360E-05
  12890   0.20416E-05
  12900   0.20302E-05
  12910   0.20225E-05
  12920   0.20156E-05
  12930   0.20056E-05
  12940   0.20091E-05
  12950   0.20009E-05
  12960   0.19964E-05
  12970   0.19899E-05
  12980   0.19765E-05
  12990   0.19655E-05
  13000   0.19728E-05
  13010   0.19513E-05
  13020   0.19483E-05
  13030   0.19454E-05
  13040   0.19404E-05
  13050   0.19314E-05
  13060   0.19182E-05
  13070   0.19113E-05
  13080   0.19123E-05
  13090   0.19044E-05
  13100   0.18962E-05
  13110   0.18779E-05
  13120   0.18708E-05
  13130   0.18731E-05
  13140   0.18725E-05
  13150   0.18724E-05
  13160   0.18572E-05
  13170   0.18586E-05
  13180   0.18574E-05
  13190   0.18518E-05
  13200   0.18446E-05
  13210   0.18387E-05
  13220   0.18324E-05
  13230   0.18226E-05
  13240   0.18244E-05
  13250   0.18214E-05
  13260   0.18057E-05
  13270   0.18125E-05
  13280   0.18131E-05
  13290   0.17924E-05
  13300   0.17893E-05
  13310   0.17787E-05
  13320   0.17626E-05
  13330   0.17630E-05
  13340   0.17548E-05
  13350   0.17580E-05
  13360   0.17422E-05
  13370   0.17400E-05
  13380   0.17406E-05
  13390   0.17345E-05
  13400   0.17257E-05
  13410   0.17157E-05
  13420   0.17118E-05
  13430   0.17107E-05
  13440   0.16982E-05
  13450   0.17052E-05
  13460   0.16968E-05
  13470   0.16997E-05
  13480   0.16977E-05
  13490   0.16871E-05
  13500   0.16876E-05
  13510   0.16737E-05
  13520   0.16734E-05
  13530   0.16545E-05
  13540   0.16470E-05
  13550   0.16525E-05
  13560   0.16586E-05
  13570   0.16555E-05
  13580   0.16521E-05
  13590   0.16497E-05
  13600   0.16421E-05
  13610   0.16223E-05
  13620   0.16242E-05
  13630   0.16131E-05
  13640   0.16146E-05
  13650   0.16135E-05
  13660   0.16021E-05
  13670   0.16041E-05
  13680   0.15952E-05
  13690   0.15821E-05
  13700   0.15723E-05
  13710   0.15791E-05
  13720   0.15790E-05
  13730   0.15784E-05
  13740   0.15809E-05
  13750   0.15900E-05
  13760   0.15641E-05
  13770   0.15699E-05
  13780   0.15590E-05
  13790   0.15651E-05
  13800   0.15495E-05
  13810   0.15587E-05
  13820   0.15445E-05
  13830   0.15392E-05
  13840   0.15227E-05
  13850   0.15303E-05
  13860   0.15194E-05
  13870   0.15123E-05
  13880   0.15126E-05
  13890   0.15215E-05
  13900   0.15157E-05
  13910   0.15141E-05
  13920   0.15159E-05
  13930   0.15157E-05
  13940   0.15055E-05
  13950   0.15047E-05
  13960   0.15012E-05
  13970   0.14976E-05
  13980   0.14923E-05
  13990   0.14899E-05
  14000   0.14866E-05
  14010   0.14980E-05
  14020   0.14807E-05
  14030   0.14760E-05
  14040   0.14681E-05
  14050   0.14642E-05
  14060   0.14723E-05
  14070   0.14599E-05
  14080   0.14682E-05
  14090   0.14712E-05
  14100   0.14615E-05
  14110   0.14467E-05
  14120   0.14512E-05
  14130   0.14506E-05
  14140   0.14475E-05
  14150   0.14464E-05
  14160   0.14524E-05
  14170   0.14338E-05
  14180   0.14420E-05
  14190   0.14308E-05
  14200   0.14201E-05
  14210   0.14134E-05
  14220   0.14255E-05
  14230   0.14376E-05
  14240   0.14337E-05
  14250   0.14141E-05
  14260   0.14098E-05
  14270   0.14017E-05
  14280   0.13956E-05
  14290   0.14058E-05
  14300   0.13950E-05
  14310   0.13990E-05
  14320   0.14017E-05
  14330   0.13810E-05
  14340   0.13796E-05
  14350   0.13809E-05
  14360   0.13739E-05
  14370   0.13705E-05
  14380   0.13484E-05
  14390   0.13651E-05
  14400   0.13737E-05
  14410   0.13762E-05
  14420   0.13730E-05
  14430   0.13700E-05
  14440   0.13453E-05
  14450   0.13575E-05
  14460   0.13394E-05
  14470   0.13433E-05
  14480   0.13516E-05
  14490   0.13581E-05
  14500   0.13349E-05
  14510   0.13291E-05
  14520   0.13368E-05
  14530   0.13361E-05
  14540   0.13291E-05
  14550   0.13336E-05
  14560   0.13229E-05
  14570   0.13133E-05
  14580   0.13041E-05
  14590   0.13035E-05
  14600   0.12904E-05
  14610   0.12931E-05
  14620   0.13065E-05
  14630   0.13020E-05
  14640   0.12995E-05
  14650   0.13046E-05
  14660   0.12863E-05
  14670   0.12987E-05
  14680   0.13002E-05
  14690   0.12841E-05
  14700   0.12762E-05
  14710   0.12739E-05
  14720   0.12542E-05
  14730   0.12604E-05
  14740   0.12570E-05
  14750   0.12481E-05
  14760   0.12629E-05
  14770   0.12575E-05
  14780   0.12501E-05
  14790   0.12434E-05
  14800   0.12547E-05
  14810   0.12268E-05
  14820   0.12229E-05
  14830   0.12337E-05
  14840   0.12285E-05
  14850   0.12219E-05
  14860   0.12210E-05
  14870   0.12167E-05
  14880   0.12250E-05
  14890   0.12141E-05
  14900   0.12176E-05
  14910   0.12109E-05
  14920   0.12281E-05
  14930   0.12155E-05
  14940   0.12163E-05
  14950   0.12100E-05
  14960   0.11891E-05
  14970   0.11925E-05
  14980   0.11966E-05
  14990   0.11936E-05
  15000   0.12028E-05
  15010   0.11916E-05
  15020   0.11799E-05
  15030   0.11897E-05
  15040   0.11750E-05
  15050   0.11804E-05
  15060   0.11692E-05
  15070   0.11708E-05
  15080   0.11668E-05
  15090   0.11474E-05
  15100   0.11516E-05
  15110   0.11458E-05
  15120   0.11407E-05
  15130   0.11588E-05
  15140   0.11604E-05
  15150   0.11385E-05
  15160   0.11308E-05
  15170   0.11361E-05
  15180   0.11228E-05
  15190   0.11248E-05
  15200   0.11418E-05
  15210   0.11177E-05
  15220   0.11188E-05
  15230   0.11373E-05
  15240   0.11305E-05
  15250   0.11300E-05
  15260   0.11250E-05
  15270   0.11171E-05
  15280   0.11094E-05
  15290   0.11131E-05
  15300   0.11107E-05
  15310   0.10986E-05
  15320   0.11104E-05
  15330   0.11016E-05
  15340   0.11040E-05
  15350   0.11180E-05
  15360   0.11063E-05
  15370   0.11049E-05
  15380   0.10945E-05
  15390   0.10909E-05
  15400   0.10863E-05
  15410   0.10869E-05
  15420   0.10640E-05
  15430   0.10801E-05
  15440   0.10652E-05
  15450   0.10341E-05
  15460   0.10632E-05
  15470   0.10391E-05
  15480   0.10408E-05
  15490   0.10446E-05
  15500   0.10387E-05
  15510   0.10290E-05
  15520   0.10210E-05
  15530   0.10020E-05
  15540   0.10014E-05
  15550   0.98571E-06
  15560   0.10075E-05
  15570   0.10112E-05
  15580   0.10175E-05
  15590   0.98918E-06
  15600   0.99405E-06
  15610   0.99382E-06
  15620   0.99801E-06
  15630   0.97577E-06
  15640   0.97701E-06
  15650   0.96404E-06
  15660   0.96492E-06
  15670   0.95116E-06
  15680   0.95518E-06
  15690   0.95726E-06
  15700   0.95509E-06
  15710   0.94202E-06
  15720   0.93753E-06
  15730   0.94912E-06
  15740   0.92753E-06
  15750   0.92961E-06
  15760   0.92613E-06
  15770   0.92183E-06
  15780   0.90958E-06
  15790   0.90751E-06
  15800   0.90400E-06
  15810   0.89992E-06
  15820   0.91551E-06
  15830   0.91360E-06
  15840   0.91872E-06
  15850   0.90067E-06
  15860   0.89705E-06
  15870   0.90946E-06
  15880   0.90842E-06
  15890   0.87570E-06
  15900   0.88703E-06
  15910   0.87785E-06
  15920   0.88792E-06
  15930   0.87874E-06
  15940   0.86595E-06
  15950   0.86808E-06
  15960   0.86305E-06
  15970   0.85082E-06
  15980   0.85271E-06
  15990   0.85134E-06
  16000   0.83579E-06
  16010   0.82211E-06
  16020   0.82381E-06
  16030   0.81185E-06
  16040   0.80658E-06
  16050   0.79139E-06
  16060   0.78912E-06
  16070   0.77976E-06
  16080   0.78051E-06
  16090   0.78942E-06
  16100   0.76687E-06
  16110   0.76454E-06
  16120   0.76310E-06
  16130   0.75133E-06
  16140   0.74984E-06
  16150   0.74476E-06
  16160   0.74762E-06
  16170   0.73062E-06
  16180   0.72441E-06
  16190   0.73238E-06
  16200   0.72208E-06
  16210   0.72925E-06
  16220   0.73071E-06
  16230   0.72792E-06
  16240   0.73196E-06
  16250   0.73839E-06
  16260   0.73502E-06
  16270   0.76400E-06
  16280   0.72992E-06
  16290   0.74233E-06
  16300   0.71659E-06
  16310   0.70184E-06
  16320   0.70806E-06
  16330   0.70387E-06
  16340   0.70887E-06
  16350   0.71283E-06
  16360   0.68660E-06
  16370   0.68743E-06
  16380   0.69141E-06
  16390   0.69014E-06
  16400   0.67822E-06
  16410   0.67478E-06
  16420   0.64966E-06
  16430   0.65419E-06
  16440   0.66303E-06
  16450   0.65190E-06
  16460   0.64763E-06
  16470   0.64084E-06
  16480   0.63463E-06
  16490   0.64528E-06
  16500   0.62433E-06
  16510   0.62488E-06
  16520   0.62332E-06
  16530   0.61911E-06
  16540   0.60651E-06
  16550   0.62236E-06
  16560   0.60316E-06
  16570   0.61241E-06
  16580   0.61673E-06
  16590   0.59653E-06
  16600   0.60311E-06
  16610   0.60402E-06
  16620   0.60302E-06
  16630   0.57846E-06
  16640   0.56530E-06
  16650   0.56148E-06
  16660   0.57394E-06
  16670   0.56167E-06
  16680   0.57250E-06
  16690   0.56126E-06
  16700   0.56085E-06
  16710   0.58106E-06
  16720   0.56889E-06
  16730   0.54416E-06
  16740   0.53448E-06
  16750   0.52681E-06
  16760   0.52848E-06
  16770   0.51966E-06
  16780   0.51801E-06
  16790   0.52316E-06
  16800   0.53788E-06
  16810   0.52716E-06
  16820   0.52406E-06
  16830   0.53023E-06
  16840   0.52879E-06
  16850   0.51761E-06
  16860   0.52415E-06
  16870   0.51659E-06
  16880   0.51261E-06
  16890   0.49615E-06
  16900   0.49089E-06
  16910   0.48514E-06
  16920   0.47707E-06
  16930   0.49307E-06
  16940   0.48206E-06
  16950   0.48422E-06
  16960   0.48325E-06
  16970   0.48006E-06
  16980   0.47647E-06
  16990   0.46544E-06
  17000   0.48403E-06
  17010   0.48261E-06
  17020   0.49160E-06
  17030   0.46554E-06
  17040   0.44952E-06
  17050   0.45488E-06
  17060   0.46669E-06
  17070   0.48133E-06
  17080   0.46655E-06
  17090   0.47744E-06
  17100   0.47644E-06
  17110   0.47293E-06
  17120   0.46743E-06
  17130   0.44614E-06
  17140   0.46014E-06
  17150   0.44984E-06
  17160   0.45354E-06
  17170   0.44072E-06
  17180   0.44762E-06
  17190   0.45470E-06
  17200   0.45158E-06
  17210   0.45626E-06
  17220   0.44239E-06
  17230   0.44412E-06
  17240   0.42160E-06
  17250   0.42997E-06
  17260   0.43399E-06
  17270   0.42583E-06
  17280   0.44084E-06
  17290   0.42531E-06
  17300   0.42742E-06
  17310   0.42218E-06
  17320   0.41615E-06
  17330   0.42687E-06
  17340   0.42302E-06
  17350   0.41016E-06
  17360   0.40904E-06
  17370   0.41561E-06
  17380   0.40187E-06
  17390   0.40018E-06
  17400   0.40397E-06
  17410   0.40370E-06
  17420   0.39004E-06
  17430   0.39585E-06
  17440   0.39580E-06
  17450   0.38239E-06
  17460   0.38770E-06
  17470   0.39370E-06
  17480   0.39179E-06
  17490   0.37140E-06
  17500   0.37461E-06
  17510   0.38801E-06
  17520   0.36924E-06
  17530   0.35823E-06
  17540   0.36992E-06
  17550   0.35303E-06
  17560   0.36006E-06
  17570   0.34533E-06
  17580   0.36597E-06
  17590   0.36062E-06
  17600   0.34866E-06
  17610   0.35444E-06
  17620   0.36872E-06
  17630   0.35664E-06
  17640   0.35578E-06
  17650   0.35512E-06
  17660   0.34821E-06
  17670   0.36782E-06
  17680   0.35349E-06
  17690   0.36469E-06
  17700   0.35484E-06
  17710   0.35544E-06
  17720   0.35002E-06
  17730   0.34736E-06
  17740   0.33127E-06
  17750   0.34503E-06
  17760   0.34626E-06
  17770   0.32280E-06
  17780   0.32840E-06
  17790   0.33871E-06
  17800   0.33737E-06
  17810   0.34200E-06
  17820   0.33229E-06
  17830   0.32901E-06
  17840   0.35701E-06
  17850   0.33921E-06
  17860   0.33232E-06
  17870   0.32071E-06
  17880   0.31233E-06
  17890   0.31228E-06
  17900   0.30081E-06
  17910   0.29723E-06
  17920   0.29538E-06
  17930   0.30376E-06
  17940   0.29248E-06
  17950   0.30350E-06
  17960   0.32901E-06
  17970   0.30803E-06
  17980   0.30197E-06
  17990   0.29748E-06
  18000   0.29417E-06
  18010   0.29168E-06
  18020   0.29807E-06
  18030   0.30320E-06
  18040   0.29850E-06
  18050   0.30010E-06
  18060   0.28791E-06
  18070   0.29537E-06
  18080   0.28126E-06
  18090   0.28671E-06
  18100   0.29074E-06
  18110   0.29935E-06
  18120   0.30165E-06
  18130   0.29866E-06
  18140   0.28847E-06
  18150   0.25167E-06
  18160   0.27814E-06
  18170   0.27014E-06
  18180   0.26963E-06
  18190   0.27818E-06
  18200   0.25837E-06
  18210   0.27435E-06
  18220   0.25474E-06
  18230   0.28701E-06
  18240   0.26789E-06
  18250   0.28050E-06
  18260   0.27527E-06
  18270   0.26300E-06
  18280   0.27566E-06
  18290   0.27987E-06
  18300   0.27456E-06
  18310   0.28028E-06
  18320   0.29406E-06
  18330   0.28029E-06
  18340   0.27836E-06
  18350   0.26671E-06
  18360   0.27375E-06
  18370   0.27088E-06
  18380   0.26263E-06
  18390   0.28268E-06
  18400   0.28328E-06
  18410   0.28394E-06
  18420   0.28296E-06
  18430   0.27169E-06
  18440   0.26999E-06
  18450   0.26701E-06
  18460   0.25964E-06
  18470   0.27350E-06
  18480   0.28167E-06
  18490   0.28273E-06
  18500   0.26496E-06
  18510   0.26183E-06
  18520   0.27843E-06
  18530   0.27127E-06
  18540   0.27018E-06
  18550   0.26239E-06
  18560   0.28581E-06
  18570   0.29320E-06
  18580   0.28413E-06
  18590   0.27519E-06
  18600   0.25519E-06
  18610   0.26451E-06
  18620   0.26245E-06
  18630   0.25845E-06
  18640   0.25131E-06
  18650   0.24796E-06
  18660   0.25352E-06
  18670   0.25233E-06
  18680   0.24931E-06
  18690   0.24976E-06
  18700   0.25080E-06
  18710   0.26493E-06
  18720   0.26035E-06
  18730   0.24178E-06
  18740   0.25674E-06
  18750   0.24134E-06
  18760   0.26000E-06
  18770   0.24945E-06
  18780   0.25091E-06
  18790   0.25964E-06
  18800   0.25377E-06
  18810   0.24953E-06
  18820   0.23163E-06
  18830   0.23085E-06
  18840   0.23229E-06
  18850   0.23129E-06
  18860   0.22770E-06
  18870   0.23924E-06
  18880   0.25308E-06
  18890   0.24704E-06
  18900   0.25152E-06
  18910   0.24803E-06
  18920   0.24672E-06
  18930   0.24435E-06
  18940   0.23963E-06
  18950   0.24678E-06
  18960   0.24052E-06
  18970   0.23645E-06
  18980   0.23680E-06
  18990   0.23638E-06
  19000   0.22965E-06
  19010   0.22905E-06
  19020   0.23006E-06
  19030   0.23235E-06
  19040   0.22882E-06
  19050   0.22819E-06
  19060   0.22359E-06
  19070   0.23082E-06
  19080   0.23307E-06
  19090   0.25072E-06
  19100   0.23779E-06
  19110   0.23575E-06
  19120   0.23882E-06
  19130   0.22979E-06
  19140   0.23868E-06
  19150   0.25548E-06
  19160   0.24281E-06
  19170   0.24708E-06
  19180   0.24883E-06
  19190   0.22837E-06
  19200   0.24339E-06
  19210   0.25624E-06
  19220   0.24599E-06
  19230   0.25371E-06
  19240   0.24020E-06
  19250   0.24466E-06
  19260   0.24599E-06
  19270   0.24375E-06
  19280   0.25017E-06
  19290   0.24606E-06
  19300   0.25212E-06
  19310   0.25365E-06
  19320   0.26976E-06
  19330   0.25299E-06
  19340   0.25921E-06
  19350   0.25573E-06
  19360   0.25040E-06
  19370   0.25998E-06
  19380   0.25420E-06
  19390   0.26234E-06
  19400   0.24606E-06
  19410   0.25126E-06
  19420   0.24719E-06
  19430   0.23911E-06
  19440   0.24039E-06
  19450   0.23675E-06
  19460   0.25145E-06
  19470   0.24266E-06
  19480   0.25275E-06
  19490   0.23598E-06
  19500   0.22895E-06
  19510   0.23584E-06
  19520   0.23509E-06
  19530   0.25383E-06
  19540   0.25994E-06
  19550   0.26903E-06
  19560   0.24619E-06
  19570   0.25128E-06
  19580   0.26602E-06
  19590   0.26040E-06
  19600   0.26390E-06
  19610   0.28886E-06
  19620   0.27502E-06
  19630   0.28864E-06
  19640   0.26713E-06
  19650   0.26460E-06
  19660   0.27646E-06
  19670   0.27331E-06
  19680   0.28016E-06
  19690   0.27640E-06
  19700   0.27249E-06
  19710   0.26664E-06
  19720   0.26979E-06
  19730   0.25008E-06
  19740   0.27178E-06
  19750   0.25951E-06
  19760   0.26069E-06
  19770   0.24772E-06
  19780   0.23570E-06
  19790   0.25633E-06
  19800   0.22856E-06
  19810   0.25869E-06
  19820   0.24376E-06
  19830   0.22701E-06
  19840   0.23849E-06
  19850   0.24154E-06
  19860   0.23769E-06
  19870   0.22935E-06
  19880   0.23009E-06
  19890   0.22902E-06
  19900   0.23057E-06
  19910   0.24426E-06
  19920   0.22490E-06
  19930   0.23156E-06
  19940   0.22407E-06
  19950   0.24032E-06
  19960   0.25072E-06
  19970   0.24471E-06
  19980   0.24613E-06
  19990   0.25070E-06
  20000   0.24821E-06
