     10   0.10489E-02
     20   0.88823E-03
     30   0.78325E-03
     40   0.70887E-03
     50   0.65268E-03
     60   0.60758E-03
     70   0.56959E-03
     80   0.53651E-03
     90   0.50711E-03
    100   0.48042E-03
    110   0.45665E-03
    120   0.43457E-03
    130   0.41393E-03
    140   0.39448E-03
    150   0.37619E-03
    160   0.35890E-03
    170   0.34258E-03
    180   0.32713E-03
    190   0.31251E-03
    200   0.29867E-03
    210   0.28552E-03
    220   0.27311E-03
    230   0.26140E-03
    240   0.25036E-03
    250   0.23995E-03
    260   0.23017E-03
    270   0.22097E-03
    280   0.21233E-03
    290   0.20421E-03
    300   0.19657E-03
    310   0.18938E-03
    320   0.18265E-03
    330   0.17637E-03
    340   0.17058E-03
    350   0.16525E-03
    360   0.16041E-03
    370   0.15607E-03
    380   0.15222E-03
    390   0.14884E-03
    400   0.14587E-03
    410   0.14330E-03
    420   0.14102E-03
    430   0.13895E-03
    440   0.13702E-03
    450   0.13516E-03
    460   0.13330E-03
    470   0.13142E-03
    480   0.12945E-03
    490   0.12739E-03
    500   0.12526E-03
    510   0.12311E-03
    520   0.12090E-03
    530   0.11869E-03
    540   0.11654E-03
    550   0.11449E-03
    560   0.11259E-03
    570   0.11087E-03
    580   0.10940E-03
    590   0.10817E-03
    600   0.10722E-03
    610   0.10657E-03
    620   0.10619E-03
    630   0.10608E-03
    640   0.10620E-03
    650   0.10655E-03
    660   0.10708E-03
    670   0.10777E-03
    680   0.10858E-03
    690   0.10947E-03
    700   0.11042E-03
    710   0.11139E-03
    720   0.11234E-03
    730   0.11327E-03
    740   0.11413E-03
    750   0.11489E-03
    760   0.11556E-03
    770   0.11610E-03
    780   0.11650E-03
    790   0.11675E-03
    800   0.11686E-03
    810   0.11680E-03
    820   0.11658E-03
    830   0.11621E-03
    840   0.11570E-03
    850   0.11504E-03
    860   0.11423E-03
    870   0.11331E-03
    880   0.11227E-03
    890   0.11113E-03
    900   0.10990E-03
    910   0.10859E-03
    920   0.10723E-03
    930   0.10583E-03
    940   0.10440E-03
    950   0.10298E-03
    960   0.10156E-03
    970   0.10020E-03
    980   0.98904E-04
    990   0.97692E-04
   1000   0.96584E-04
   1010   0.95610E-04
   1020   0.94777E-04
   1030   0.94094E-04
   1040   0.93588E-04
   1050   0.93264E-04
   1060   0.93111E-04
   1070   0.93129E-04
   1080   0.93308E-04
   1090   0.93640E-04
   1100   0.94125E-04
   1110   0.94730E-04
   1120   0.95440E-04
   1130   0.96229E-04
   1140   0.97084E-04
   1150   0.97987E-04
   1160   0.98912E-04
   1170   0.99837E-04
   1180   0.10076E-03
   1190   0.10166E-03
   1200   0.10251E-03
   1210   0.10333E-03
   1220   0.10407E-03
   1230   0.10474E-03
   1240   0.10536E-03
   1250   0.10591E-03
   1260   0.10640E-03
   1270   0.10681E-03
   1280   0.10716E-03
   1290   0.10745E-03
   1300   0.10769E-03
   1310   0.10790E-03
   1320   0.10807E-03
   1330   0.10822E-03
   1340   0.10835E-03
   1350   0.10849E-03
   1360   0.10863E-03
   1370   0.10878E-03
   1380   0.10897E-03
   1390   0.10917E-03
   1400   0.10942E-03
   1410   0.10971E-03
   1420   0.11004E-03
   1430   0.11040E-03
   1440   0.11081E-03
   1450   0.11125E-03
   1460   0.11170E-03
   1470   0.11219E-03
   1480   0.11268E-03
   1490   0.11317E-03
   1500   0.11364E-03
   1510   0.11410E-03
   1520   0.11454E-03
   1530   0.11492E-03
   1540   0.11526E-03
   1550   0.11555E-03
   1560   0.11577E-03
   1570   0.11592E-03
   1580   0.11600E-03
   1590   0.11599E-03
   1600   0.11591E-03
   1610   0.11576E-03
   1620   0.11554E-03
   1630   0.11522E-03
   1640   0.11485E-03
   1650   0.11442E-03
   1660   0.11393E-03
   1670   0.11341E-03
   1680   0.11284E-03
   1690   0.11223E-03
   1700   0.11163E-03
   1710   0.11101E-03
   1720   0.11041E-03
   1730   0.10983E-03
   1740   0.10927E-03
   1750   0.10877E-03
   1760   0.10832E-03
   1770   0.10794E-03
   1780   0.10765E-03
   1790   0.10744E-03
   1800   0.10733E-03
   1810   0.10732E-03
   1820   0.10743E-03
   1830   0.10764E-03
   1840   0.10798E-03
   1850   0.10843E-03
   1860   0.10901E-03
   1870   0.10970E-03
   1880   0.11048E-03
   1890   0.11138E-03
   1900   0.11237E-03
   1910   0.11346E-03
   1920   0.11463E-03
   1930   0.11586E-03
   1940   0.11715E-03
   1950   0.11851E-03
   1960   0.11990E-03
   1970   0.12131E-03
   1980   0.12276E-03
   1990   0.12421E-03
   2000   0.12567E-03
   2010   0.12712E-03
   2020   0.12857E-03
   2030   0.12998E-03
   2040   0.13139E-03
   2050   0.13274E-03
   2060   0.13408E-03
   2070   0.13535E-03
   2080   0.13660E-03
   2090   0.13778E-03
   2100   0.13892E-03
   2110   0.14002E-03
   2120   0.14104E-03
   2130   0.14201E-03
   2140   0.14292E-03
   2150   0.14377E-03
   2160   0.14457E-03
   2170   0.14533E-03
   2180   0.14601E-03
   2190   0.14661E-03
   2200   0.14719E-03
   2210   0.14769E-03
   2220   0.14814E-03
   2230   0.14854E-03
   2240   0.14886E-03
   2250   0.14916E-03
   2260   0.14938E-03
   2270   0.14956E-03
   2280   0.14969E-03
   2290   0.14979E-03
   2300   0.14981E-03
   2310   0.14982E-03
   2320   0.14975E-03
   2330   0.14964E-03
   2340   0.14948E-03
   2350   0.14929E-03
   2360   0.14905E-03
   2370   0.14878E-03
   2380   0.14846E-03
   2390   0.14810E-03
   2400   0.14769E-03
   2410   0.14726E-03
   2420   0.14678E-03
   2430   0.14627E-03
   2440   0.14570E-03
   2450   0.14512E-03
   2460   0.14449E-03
   2470   0.14381E-03
   2480   0.14313E-03
   2490   0.14240E-03
   2500   0.14164E-03
   2510   0.14088E-03
   2520   0.14007E-03
   2530   0.13921E-03
   2540   0.13836E-03
   2550   0.13747E-03
   2560   0.13654E-03
   2570   0.13560E-03
   2580   0.13464E-03
   2590   0.13365E-03
   2600   0.13265E-03
   2610   0.13165E-03
   2620   0.13060E-03
   2630   0.12953E-03
   2640   0.12847E-03
   2650   0.12737E-03
   2660   0.12626E-03
   2670   0.12515E-03
   2680   0.12401E-03
   2690   0.12284E-03
   2700   0.12169E-03
   2710   0.12052E-03
   2720   0.11934E-03
   2730   0.11815E-03
   2740   0.11693E-03
   2750   0.11575E-03
   2760   0.11452E-03
   2770   0.11332E-03
   2780   0.11211E-03
   2790   0.11088E-03
   2800   0.10969E-03
   2810   0.10847E-03
   2820   0.10726E-03
   2830   0.10608E-03
   2840   0.10487E-03
   2850   0.10371E-03
   2860   0.10255E-03
   2870   0.10139E-03
   2880   0.10028E-03
   2890   0.99162E-04
   2900   0.98046E-04
   2910   0.96963E-04
   2920   0.95901E-04
   2930   0.94855E-04
   2940   0.93843E-04
   2950   0.92831E-04
   2960   0.91859E-04
   2970   0.90897E-04
   2980   0.89980E-04
   2990   0.89077E-04
   3000   0.88202E-04
   3010   0.87331E-04
   3020   0.86477E-04
   3030   0.85651E-04
   3040   0.84872E-04
   3050   0.84091E-04
   3060   0.83319E-04
   3070   0.82594E-04
   3080   0.81877E-04
   3090   0.81163E-04
   3100   0.80465E-04
   3110   0.79804E-04
   3120   0.79153E-04
   3130   0.78500E-04
   3140   0.77864E-04
   3150   0.77258E-04
   3160   0.76666E-04
   3170   0.76078E-04
   3180   0.75505E-04
   3190   0.74939E-04
   3200   0.74373E-04
   3210   0.73839E-04
   3220   0.73284E-04
   3230   0.72786E-04
   3240   0.72238E-04
   3250   0.71756E-04
   3260   0.71268E-04
   3270   0.70781E-04
   3280   0.70311E-04
   3290   0.69847E-04
   3300   0.69377E-04
   3310   0.68923E-04
   3320   0.68484E-04
   3330   0.68059E-04
   3340   0.67650E-04
   3350   0.67241E-04
   3360   0.66832E-04
   3370   0.66437E-04
   3380   0.66069E-04
   3390   0.65703E-04
   3400   0.65330E-04
   3410   0.64970E-04
   3420   0.64650E-04
   3430   0.64311E-04
   3440   0.63994E-04
   3450   0.63686E-04
   3460   0.63394E-04
   3470   0.63098E-04
   3480   0.62821E-04
   3490   0.62555E-04
   3500   0.62282E-04
   3510   0.62051E-04
   3520   0.61812E-04
   3530   0.61582E-04
   3540   0.61367E-04
   3550   0.61163E-04
   3560   0.60962E-04
   3570   0.60781E-04
   3580   0.60601E-04
   3590   0.60428E-04
   3600   0.60260E-04
   3610   0.60097E-04
   3620   0.59975E-04
   3630   0.59826E-04
   3640   0.59701E-04
   3650   0.59584E-04
   3660   0.59472E-04
   3670   0.59359E-04
   3680   0.59277E-04
   3690   0.59174E-04
   3700   0.59074E-04
   3710   0.59005E-04
   3720   0.58936E-04
   3730   0.58870E-04
   3740   0.58821E-04
   3750   0.58748E-04
   3760   0.58700E-04
   3770   0.58648E-04
   3780   0.58611E-04
   3790   0.58570E-04
   3800   0.58553E-04
   3810   0.58532E-04
   3820   0.58514E-04
   3830   0.58506E-04
   3840   0.58495E-04
   3850   0.58485E-04
   3860   0.58470E-04
   3870   0.58482E-04
   3880   0.58476E-04
   3890   0.58484E-04
   3900   0.58490E-04
   3910   0.58508E-04
   3920   0.58544E-04
   3930   0.58563E-04
   3940   0.58584E-04
   3950   0.58617E-04
   3960   0.58662E-04
   3970   0.58685E-04
   3980   0.58727E-04
   3990   0.58773E-04
   4000   0.58818E-04
   4010   0.58877E-04
   4020   0.58918E-04
   4030   0.58981E-04
   4040   0.59023E-04
   4050   0.59085E-04
   4060   0.59161E-04
   4070   0.59231E-04
   4080   0.59285E-04
   4090   0.59362E-04
   4100   0.59439E-04
   4110   0.59501E-04
   4120   0.59577E-04
   4130   0.59661E-04
   4140   0.59738E-04
   4150   0.59805E-04
   4160   0.59907E-04
   4170   0.59984E-04
   4180   0.60082E-04
   4190   0.60152E-04
   4200   0.60239E-04
   4210   0.60324E-04
   4220   0.60422E-04
   4230   0.60498E-04
   4240   0.60595E-04
   4250   0.60688E-04
   4260   0.60765E-04
   4270   0.60857E-04
   4280   0.60946E-04
   4290   0.61028E-04
   4300   0.61110E-04
   4310   0.61205E-04
   4320   0.61283E-04
   4330   0.61365E-04
   4340   0.61438E-04
   4350   0.61516E-04
   4360   0.61608E-04
   4370   0.61672E-04
   4380   0.61750E-04
   4390   0.61815E-04
   4400   0.61888E-04
   4410   0.61947E-04
   4420   0.62002E-04
   4430   0.62065E-04
   4440   0.62115E-04
   4450   0.62175E-04
   4460   0.62228E-04
   4470   0.62253E-04
   4480   0.62299E-04
   4490   0.62328E-04
   4500   0.62358E-04
   4510   0.62380E-04
   4520   0.62412E-04
   4530   0.62421E-04
   4540   0.62441E-04
   4550   0.62438E-04
   4560   0.62452E-04
   4570   0.62441E-04
   4580   0.62429E-04
   4590   0.62426E-04
   4600   0.62405E-04
   4610   0.62395E-04
   4620   0.62353E-04
   4630   0.62322E-04
   4640   0.62282E-04
   4650   0.62249E-04
   4660   0.62202E-04
   4670   0.62173E-04
   4680   0.62105E-04
   4690   0.62042E-04
   4700   0.61975E-04
   4710   0.61911E-04
   4720   0.61833E-04
   4730   0.61749E-04
   4740   0.61667E-04
   4750   0.61582E-04
   4760   0.61507E-04
   4770   0.61419E-04
   4780   0.61318E-04
   4790   0.61224E-04
   4800   0.61135E-04
   4810   0.61031E-04
   4820   0.60925E-04
   4830   0.60816E-04
   4840   0.60712E-04
   4850   0.60616E-04
   4860   0.60483E-04
   4870   0.60378E-04
   4880   0.60269E-04
   4890   0.60151E-04
   4900   0.60037E-04
   4910   0.59921E-04
   4920   0.59812E-04
   4930   0.59705E-04
   4940   0.59584E-04
   4950   0.59473E-04
   4960   0.59371E-04
   4970   0.59255E-04
   4980   0.59146E-04
   4990   0.59025E-04
   5000   0.58933E-04
   5010   0.58830E-04
   5020   0.58724E-04
   5030   0.58623E-04
   5040   0.58531E-04
   5050   0.58447E-04
   5060   0.58340E-04
   5070   0.58242E-04
   5080   0.58160E-04
   5090   0.58070E-04
   5100   0.57987E-04
   5110   0.57918E-04
   5120   0.57825E-04
   5130   0.57754E-04
   5140   0.57674E-04
   5150   0.57621E-04
   5160   0.57544E-04
   5170   0.57482E-04
   5180   0.57430E-04
   5190   0.57375E-04
   5200   0.57330E-04
   5210   0.57267E-04
   5220   0.57227E-04
   5230   0.57167E-04
   5240   0.57132E-04
   5250   0.57089E-04
   5260   0.57060E-04
   5270   0.57033E-04
   5280   0.56999E-04
   5290   0.56970E-04
   5300   0.56941E-04
   5310   0.56916E-04
   5320   0.56910E-04
   5330   0.56884E-04
   5340   0.56864E-04
   5350   0.56860E-04
   5360   0.56835E-04
   5370   0.56834E-04
   5380   0.56820E-04
   5390   0.56822E-04
   5400   0.56815E-04
   5410   0.56804E-04
   5420   0.56795E-04
   5430   0.56815E-04
   5440   0.56804E-04
   5450   0.56816E-04
   5460   0.56816E-04
   5470   0.56814E-04
   5480   0.56818E-04
   5490   0.56815E-04
   5500   0.56835E-04
   5510   0.56843E-04
   5520   0.56837E-04
   5530   0.56856E-04
   5540   0.56858E-04
   5550   0.56871E-04
   5560   0.56876E-04
   5570   0.56878E-04
   5580   0.56877E-04
   5590   0.56896E-04
   5600   0.56916E-04
   5610   0.56915E-04
   5620   0.56915E-04
   5630   0.56917E-04
   5640   0.56926E-04
   5650   0.56934E-04
   5660   0.56939E-04
   5670   0.56935E-04
   5680   0.56950E-04
   5690   0.56941E-04
   5700   0.56952E-04
   5710   0.56964E-04
   5720   0.56941E-04
   5730   0.56951E-04
   5740   0.56953E-04
   5750   0.56950E-04
   5760   0.56944E-04
   5770   0.56954E-04
   5780   0.56946E-04
   5790   0.56938E-04
   5800   0.56915E-04
   5810   0.56916E-04
   5820   0.56905E-04
   5830   0.56882E-04
   5840   0.56885E-04
   5850   0.56863E-04
   5860   0.56847E-04
   5870   0.56834E-04
   5880   0.56830E-04
   5890   0.56812E-04
   5900   0.56776E-04
   5910   0.56759E-04
   5920   0.56740E-04
   5930   0.56715E-04
   5940   0.56697E-04
   5950   0.56663E-04
   5960   0.56636E-04
   5970   0.56605E-04
   5980   0.56580E-04
   5990   0.56540E-04
   6000   0.56521E-04
   6010   0.56483E-04
   6020   0.56450E-04
   6030   0.56417E-04
   6040   0.56375E-04
   6050   0.56334E-04
   6060   0.56296E-04
   6070   0.56262E-04
   6080   0.56213E-04
   6090   0.56160E-04
   6100   0.56120E-04
   6110   0.56078E-04
   6120   0.56013E-04
   6130   0.55961E-04
   6140   0.55914E-04
   6150   0.55853E-04
   6160   0.55801E-04
   6170   0.55729E-04
   6180   0.55677E-04
   6190   0.55604E-04
   6200   0.55534E-04
   6210   0.55469E-04
   6220   0.55394E-04
   6230   0.55325E-04
   6240   0.55255E-04
   6250   0.55182E-04
   6260   0.55094E-04
   6270   0.55005E-04
   6280   0.54930E-04
   6290   0.54838E-04
   6300   0.54753E-04
   6310   0.54649E-04
   6320   0.54552E-04
   6330   0.54456E-04
   6340   0.54347E-04
   6350   0.54252E-04
   6360   0.54144E-04
   6370   0.54023E-04
   6380   0.53927E-04
   6390   0.53822E-04
   6400   0.53696E-04
   6410   0.53582E-04
   6420   0.53458E-04
   6430   0.53330E-04
   6440   0.53205E-04
   6450   0.53072E-04
   6460   0.52958E-04
   6470   0.52828E-04
   6480   0.52693E-04
   6490   0.52553E-04
   6500   0.52412E-04
   6510   0.52294E-04
   6520   0.52145E-04
   6530   0.51999E-04
   6540   0.51856E-04
   6550   0.51718E-04
   6560   0.51576E-04
   6570   0.51430E-04
   6580   0.51286E-04
   6590   0.51133E-04
   6600   0.51000E-04
   6610   0.50863E-04
   6620   0.50713E-04
   6630   0.50576E-04
   6640   0.50428E-04
   6650   0.50303E-04
   6660   0.50137E-04
   6670   0.50008E-04
   6680   0.49857E-04
   6690   0.49715E-04
   6700   0.49585E-04
   6710   0.49445E-04
   6720   0.49324E-04
   6730   0.49178E-04
   6740   0.49058E-04
   6750   0.48917E-04
   6760   0.48796E-04
   6770   0.48669E-04
   6780   0.48553E-04
   6790   0.48429E-04
   6800   0.48317E-04
   6810   0.48184E-04
   6820   0.48073E-04
   6830   0.47946E-04
   6840   0.47842E-04
   6850   0.47724E-04
   6860   0.47628E-04
   6870   0.47506E-04
   6880   0.47413E-04
   6890   0.47306E-04
   6900   0.47205E-04
   6910   0.47103E-04
   6920   0.46996E-04
   6930   0.46891E-04
   6940   0.46785E-04
   6950   0.46698E-04
   6960   0.46602E-04
   6970   0.46507E-04
   6980   0.46416E-04
   6990   0.46324E-04
   7000   0.46241E-04
   7010   0.46146E-04
   7020   0.46056E-04
   7030   0.45976E-04
   7040   0.45874E-04
   7050   0.45791E-04
   7060   0.45705E-04
   7070   0.45613E-04
   7080   0.45531E-04
   7090   0.45450E-04
   7100   0.45380E-04
   7110   0.45292E-04
   7120   0.45225E-04
   7130   0.45125E-04
   7140   0.45053E-04
   7150   0.44979E-04
   7160   0.44890E-04
   7170   0.44807E-04
   7180   0.44738E-04
   7190   0.44655E-04
   7200   0.44584E-04
   7210   0.44503E-04
   7220   0.44448E-04
   7230   0.44365E-04
   7240   0.44277E-04
   7250   0.44213E-04
   7260   0.44140E-04
   7270   0.44064E-04
   7280   0.43988E-04
   7290   0.43920E-04
   7300   0.43850E-04
   7310   0.43783E-04
   7320   0.43693E-04
   7330   0.43627E-04
   7340   0.43567E-04
   7350   0.43481E-04
   7360   0.43406E-04
   7370   0.43343E-04
   7380   0.43272E-04
   7390   0.43184E-04
   7400   0.43117E-04
   7410   0.43052E-04
   7420   0.42967E-04
   7430   0.42898E-04
   7440   0.42842E-04
   7450   0.42764E-04
   7460   0.42687E-04
   7470   0.42619E-04
   7480   0.42533E-04
   7490   0.42455E-04
   7500   0.42395E-04
   7510   0.42302E-04
   7520   0.42262E-04
   7530   0.42175E-04
   7540   0.42093E-04
   7550   0.42024E-04
   7560   0.41942E-04
   7570   0.41867E-04
   7580   0.41787E-04
   7590   0.41700E-04
   7600   0.41629E-04
   7610   0.41554E-04
   7620   0.41481E-04
   7630   0.41395E-04
   7640   0.41303E-04
   7650   0.41222E-04
   7660   0.41131E-04
   7670   0.41052E-04
   7680   0.40978E-04
   7690   0.40906E-04
   7700   0.40818E-04
   7710   0.40729E-04
   7720   0.40648E-04
   7730   0.40552E-04
   7740   0.40454E-04
   7750   0.40370E-04
   7760   0.40290E-04
   7770   0.40200E-04
   7780   0.40112E-04
   7790   0.40005E-04
   7800   0.39916E-04
   7810   0.39831E-04
   7820   0.39741E-04
   7830   0.39650E-04
   7840   0.39561E-04
   7850   0.39449E-04
   7860   0.39365E-04
   7870   0.39254E-04
   7880   0.39166E-04
   7890   0.39077E-04
   7900   0.38976E-04
   7910   0.38861E-04
   7920   0.38762E-04
   7930   0.38681E-04
   7940   0.38588E-04
   7950   0.38467E-04
   7960   0.38369E-04
   7970   0.38283E-04
   7980   0.38160E-04
   7990   0.38080E-04
   8000   0.37971E-04
   8010   0.37885E-04
   8020   0.37768E-04
   8030   0.37668E-04
   8040   0.37564E-04
   8050   0.37451E-04
   8060   0.37341E-04
   8070   0.37236E-04
   8080   0.37135E-04
   8090   0.37045E-04
   8100   0.36911E-04
   8110   0.36832E-04
   8120   0.36723E-04
   8130   0.36614E-04
   8140   0.36488E-04
   8150   0.36388E-04
   8160   0.36292E-04
   8170   0.36184E-04
   8180   0.36081E-04
   8190   0.35963E-04
   8200   0.35860E-04
   8210   0.35756E-04
   8220   0.35638E-04
   8230   0.35530E-04
   8240   0.35431E-04
   8250   0.35305E-04
   8260   0.35210E-04
   8270   0.35099E-04
   8280   0.34990E-04
   8290   0.34901E-04
   8300   0.34773E-04
   8310   0.34673E-04
   8320   0.34577E-04
   8330   0.34445E-04
   8340   0.34348E-04
   8350   0.34232E-04
   8360   0.34119E-04
   8370   0.34032E-04
   8380   0.33916E-04
   8390   0.33806E-04
   8400   0.33686E-04
   8410   0.33587E-04
   8420   0.33486E-04
   8430   0.33369E-04
   8440   0.33263E-04
   8450   0.33132E-04
   8460   0.33037E-04
   8470   0.32942E-04
   8480   0.32820E-04
   8490   0.32712E-04
   8500   0.32609E-04
   8510   0.32498E-04
   8520   0.32409E-04
   8530   0.32292E-04
   8540   0.32184E-04
   8550   0.32084E-04
   8560   0.31966E-04
   8570   0.31859E-04
   8580   0.31757E-04
   8590   0.31633E-04
   8600   0.31538E-04
   8610   0.31428E-04
   8620   0.31335E-04
   8630   0.31228E-04
   8640   0.31115E-04
   8650   0.31009E-04
   8660   0.30897E-04
   8670   0.30801E-04
   8680   0.30671E-04
   8690   0.30590E-04
   8700   0.30494E-04
   8710   0.30386E-04
   8720   0.30271E-04
   8730   0.30168E-04
   8740   0.30057E-04
   8750   0.29957E-04
   8760   0.29857E-04
   8770   0.29752E-04
   8780   0.29634E-04
   8790   0.29540E-04
   8800   0.29448E-04
   8810   0.29327E-04
   8820   0.29236E-04
   8830   0.29141E-04
   8840   0.29029E-04
   8850   0.28922E-04
   8860   0.28823E-04
   8870   0.28720E-04
   8880   0.28618E-04
   8890   0.28517E-04
   8900   0.28397E-04
   8910   0.28310E-04
   8920   0.28197E-04
   8930   0.28110E-04
   8940   0.27999E-04
   8950   0.27897E-04
   8960   0.27818E-04
   8970   0.27690E-04
   8980   0.27580E-04
   8990   0.27484E-04
   9000   0.27391E-04
   9010   0.27282E-04
   9020   0.27189E-04
   9030   0.27082E-04
   9040   0.26988E-04
   9050   0.26882E-04
   9060   0.26801E-04
   9070   0.26688E-04
   9080   0.26587E-04
   9090   0.26477E-04
   9100   0.26377E-04
   9110   0.26264E-04
   9120   0.26173E-04
   9130   0.26067E-04
   9140   0.25976E-04
   9150   0.25879E-04
   9160   0.25785E-04
   9170   0.25675E-04
   9180   0.25606E-04
   9190   0.25485E-04
   9200   0.25375E-04
   9210   0.25272E-04
   9220   0.25167E-04
   9230   0.25079E-04
   9240   0.24969E-04
   9250   0.24876E-04
   9260   0.24766E-04
   9270   0.24674E-04
   9280   0.24591E-04
   9290   0.24469E-04
   9300   0.24371E-04
   9310   0.24291E-04
   9320   0.24196E-04
   9330   0.24094E-04
   9340   0.24000E-04
   9350   0.23897E-04
   9360   0.23792E-04
   9370   0.23694E-04
   9380   0.23619E-04
   9390   0.23511E-04
   9400   0.23410E-04
   9410   0.23320E-04
   9420   0.23230E-04
   9430   0.23131E-04
   9440   0.23033E-04
   9450   0.22935E-04
   9460   0.22848E-04
   9470   0.22746E-04
   9480   0.22679E-04
   9490   0.22562E-04
   9500   0.22466E-04
   9510   0.22379E-04
   9520   0.22303E-04
   9530   0.22200E-04
   9540   0.22115E-04
   9550   0.22032E-04
   9560   0.21928E-04
   9570   0.21849E-04
   9580   0.21750E-04
   9590   0.21666E-04
   9600   0.21573E-04
   9610   0.21474E-04
   9620   0.21393E-04
   9630   0.21296E-04
   9640   0.21216E-04
   9650   0.21138E-04
   9660   0.21035E-04
   9670   0.20957E-04
   9680   0.20881E-04
   9690   0.20796E-04
   9700   0.20702E-04
   9710   0.20621E-04
   9720   0.20536E-04
   9730   0.20456E-04
   9740   0.20367E-04
   9750   0.20290E-04
   9760   0.20205E-04
   9770   0.20111E-04
   9780   0.20027E-04
   9790   0.19940E-04
   9800   0.19862E-04
   9810   0.19784E-04
   9820   0.19695E-04
   9830   0.19626E-04
   9840   0.19535E-04
   9850   0.19472E-04
   9860   0.19386E-04
   9870   0.19309E-04
   9880   0.19231E-04
   9890   0.19138E-04
   9900   0.19079E-04
   9910   0.18991E-04
   9920   0.18899E-04
   9930   0.18833E-04
   9940   0.18748E-04
   9950   0.18678E-04
   9960   0.18596E-04
   9970   0.18525E-04
   9980   0.18445E-04
   9990   0.18371E-04
  10000   0.18277E-04
  10010   0.18210E-04
  10020   0.18128E-04
  10030   0.18064E-04
  10040   0.17963E-04
  10050   0.17894E-04
  10060   0.17808E-04
  10070   0.17748E-04
  10080   0.17659E-04
  10090   0.17586E-04
  10100   0.17520E-04
  10110   0.17433E-04
  10120   0.17352E-04
  10130   0.17269E-04
  10140   0.17196E-04
  10150   0.17117E-04
  10160   0.17048E-04
  10170   0.16962E-04
  10180   0.16891E-04
  10190   0.16798E-04
  10200   0.16732E-04
  10210   0.16649E-04
  10220   0.16571E-04
  10230   0.16495E-04
  10240   0.16400E-04
  10250   0.16336E-04
  10260   0.16252E-04
  10270   0.16169E-04
  10280   0.16098E-04
  10290   0.16006E-04
  10300   0.15934E-04
  10310   0.15841E-04
  10320   0.15769E-04
  10330   0.15695E-04
  10340   0.15602E-04
  10350   0.15519E-04
  10360   0.15447E-04
  10370   0.15350E-04
  10380   0.15285E-04
  10390   0.15184E-04
  10400   0.15102E-04
  10410   0.15020E-04
  10420   0.14938E-04
  10430   0.14857E-04
  10440   0.14765E-04
  10450   0.14692E-04
  10460   0.14605E-04
  10470   0.14524E-04
  10480   0.14439E-04
  10490   0.14341E-04
  10500   0.14271E-04
  10510   0.14173E-04
  10520   0.14085E-04
  10530   0.14000E-04
  10540   0.13927E-04
  10550   0.13837E-04
  10560   0.13762E-04
  10570   0.13659E-04
  10580   0.13586E-04
  10590   0.13490E-04
  10600   0.13416E-04
  10610   0.13318E-04
  10620   0.13240E-04
  10630   0.13177E-04
  10640   0.13080E-04
  10650   0.13003E-04
  10660   0.12910E-04
  10670   0.12823E-04
  10680   0.12740E-04
  10690   0.12660E-04
  10700   0.12573E-04
  10710   0.12496E-04
  10720   0.12411E-04
  10730   0.12330E-04
  10740   0.12233E-04
  10750   0.12160E-04
  10760   0.12085E-04
  10770   0.11996E-04
  10780   0.11921E-04
  10790   0.11831E-04
  10800   0.11739E-04
  10810   0.11669E-04
  10820   0.11593E-04
  10830   0.11487E-04
  10840   0.11429E-04
  10850   0.11344E-04
  10860   0.11266E-04
  10870   0.11191E-04
  10880   0.11101E-04
  10890   0.11023E-04
  10900   0.10953E-04
  10910   0.10857E-04
  10920   0.10795E-04
  10930   0.10729E-04
  10940   0.10621E-04
  10950   0.10557E-04
  10960   0.10488E-04
  10970   0.10391E-04
  10980   0.10331E-04
  10990   0.10266E-04
  11000   0.10183E-04
  11010   0.10099E-04
  11020   0.10029E-04
  11030   0.99546E-05
  11040   0.98763E-05
  11050   0.98083E-05
  11060   0.97399E-05
  11070   0.96636E-05
  11080   0.95998E-05
  11090   0.95320E-05
  11100   0.94450E-05
  11110   0.93730E-05
  11120   0.93124E-05
  11130   0.92411E-05
  11140   0.91629E-05
  11150   0.90940E-05
  11160   0.90198E-05
  11170   0.89600E-05
  11180   0.88944E-05
  11190   0.88172E-05
  11200   0.87515E-05
  11210   0.86920E-05
  11220   0.86214E-05
  11230   0.85502E-05
  11240   0.84793E-05
  11250   0.84171E-05
  11260   0.83479E-05
  11270   0.82754E-05
  11280   0.82084E-05
  11290   0.81576E-05
  11300   0.80851E-05
  11310   0.80229E-05
  11320   0.79542E-05
  11330   0.79009E-05
  11340   0.78178E-05
  11350   0.77700E-05
  11360   0.76946E-05
  11370   0.76361E-05
  11380   0.75708E-05
  11390   0.75196E-05
  11400   0.74712E-05
  11410   0.74002E-05
  11420   0.73179E-05
  11430   0.72709E-05
  11440   0.72161E-05
  11450   0.71529E-05
  11460   0.70846E-05
  11470   0.70264E-05
  11480   0.69754E-05
  11490   0.69215E-05
  11500   0.68658E-05
  11510   0.68098E-05
  11520   0.67456E-05
  11530   0.66855E-05
  11540   0.66290E-05
  11550   0.65819E-05
  11560   0.65190E-05
  11570   0.64602E-05
  11580   0.64121E-05
  11590   0.63469E-05
  11600   0.63053E-05
  11610   0.62394E-05
  11620   0.61934E-05
  11630   0.61281E-05
  11640   0.60895E-05
  11650   0.60291E-05
  11660   0.59895E-05
  11670   0.59255E-05
  11680   0.58767E-05
  11690   0.58220E-05
  11700   0.57738E-05
  11710   0.57134E-05
  11720   0.56768E-05
  11730   0.56171E-05
  11740   0.55761E-05
  11750   0.55213E-05
  11760   0.54719E-05
  11770   0.54370E-05
  11780   0.53789E-05
  11790   0.53233E-05
  11800   0.52859E-05
  11810   0.52394E-05
  11820   0.51971E-05
  11830   0.51511E-05
  11840   0.51025E-05
  11850   0.50607E-05
  11860   0.50194E-05
  11870   0.49757E-05
  11880   0.49264E-05
  11890   0.48839E-05
  11900   0.48459E-05
  11910   0.48206E-05
  11920   0.47625E-05
  11930   0.47295E-05
  11940   0.46777E-05
  11950   0.46393E-05
  11960   0.46005E-05
  11970   0.45523E-05
  11980   0.45170E-05
  11990   0.44806E-05
  12000   0.44388E-05
  12010   0.43952E-05
  12020   0.43677E-05
  12030   0.43212E-05
  12040   0.42871E-05
  12050   0.42528E-05
  12060   0.42106E-05
  12070   0.41714E-05
  12080   0.41390E-05
  12090   0.41103E-05
  12100   0.40711E-05
  12110   0.40356E-05
  12120   0.39982E-05
  12130   0.39689E-05
  12140   0.39448E-05
  12150   0.39001E-05
  12160   0.38689E-05
  12170   0.38398E-05
  12180   0.38051E-05
  12190   0.37776E-05
  12200   0.37433E-05
  12210   0.37202E-05
  12220   0.36858E-05
  12230   0.36483E-05
  12240   0.36126E-05
  12250   0.35766E-05
  12260   0.35594E-05
  12270   0.35263E-05
  12280   0.34972E-05
  12290   0.34839E-05
  12300   0.34494E-05
  12310   0.34171E-05
  12320   0.34010E-05
  12330   0.33753E-05
  12340   0.33580E-05
  12350   0.33233E-05
  12360   0.32926E-05
  12370   0.32705E-05
  12380   0.32525E-05
  12390   0.32116E-05
  12400   0.31941E-05
  12410   0.31761E-05
  12420   0.31479E-05
  12430   0.31277E-05
  12440   0.31121E-05
  12450   0.30906E-05
  12460   0.30671E-05
  12470   0.30393E-05
  12480   0.30163E-05
  12490   0.29977E-05
  12500   0.29787E-05
  12510   0.29564E-05
  12520   0.29388E-05
  12530   0.29132E-05
  12540   0.28876E-05
  12550   0.28648E-05
  12560   0.28553E-05
  12570   0.28393E-05
  12580   0.28180E-05
  12590   0.27972E-05
  12600   0.27842E-05
  12610   0.27664E-05
  12620   0.27473E-05
  12630   0.27149E-05
  12640   0.26995E-05
  12650   0.26948E-05
  12660   0.26776E-05
  12670   0.26572E-05
  12680   0.26397E-05
  12690   0.26185E-05
  12700   0.26016E-05
  12710   0.25842E-05
  12720   0.25763E-05
  12730   0.25714E-05
  12740   0.25530E-05
  12750   0.25374E-05
  12760   0.25225E-05
  12770   0.25037E-05
  12780   0.24924E-05
  12790   0.24779E-05
  12800   0.24663E-05
  12810   0.24486E-05
  12820   0.24300E-05
  12830   0.24228E-05
  12840   0.24175E-05
  12850   0.24016E-05
  12860   0.23888E-05
  12870   0.23703E-05
  12880   0.23539E-05
  12890   0.23519E-05
  12900   0.23326E-05
  12910   0.23152E-05
  12920   0.23082E-05
  12930   0.22950E-05
  12940   0.22855E-05
  12950   0.22743E-05
  12960   0.22655E-05
  12970   0.22478E-05
  12980   0.22387E-05
  12990   0.22235E-05
  13000   0.22173E-05
  13010   0.22054E-05
  13020   0.21990E-05
  13030   0.21892E-05
  13040   0.21735E-05
  13050   0.21684E-05
  13060   0.21599E-05
  13070   0.21432E-05
  13080   0.21262E-05
  13090   0.21219E-05
  13100   0.21102E-05
  13110   0.21070E-05
  13120   0.20981E-05
  13130   0.20994E-05
  13140   0.20833E-05
  13150   0.20778E-05
  13160   0.20662E-05
  13170   0.20524E-05
  13180   0.20437E-05
  13190   0.20364E-05
  13200   0.20284E-05
  13210   0.20206E-05
  13220   0.20115E-05
  13230   0.20098E-05
  13240   0.20031E-05
  13250   0.19926E-05
  13260   0.19795E-05
  13270   0.19730E-05
  13280   0.19687E-05
  13290   0.19645E-05
  13300   0.19500E-05
  13310   0.19445E-05
  13320   0.19449E-05
  13330   0.19452E-05
  13340   0.19363E-05
  13350   0.19304E-05
  13360   0.19255E-05
  13370   0.19198E-05
  13380   0.19164E-05
  13390   0.19129E-05
  13400   0.19018E-05
  13410   0.18947E-05
  13420   0.18934E-05
  13430   0.18810E-05
  13440   0.18767E-05
  13450   0.18709E-05
  13460   0.18606E-05
  13470   0.18556E-05
  13480   0.18513E-05
  13490   0.18472E-05
  13500   0.18359E-05
  13510   0.18380E-05
  13520   0.18370E-05
  13530   0.18293E-05
  13540   0.18258E-05
  13550   0.18248E-05
  13560   0.18288E-05
  13570   0.18269E-05
  13580   0.18169E-05
  13590   0.17986E-05
  13600   0.18020E-05
  13610   0.18008E-05
  13620   0.17927E-05
  13630   0.17849E-05
  13640   0.17764E-05
  13650   0.17823E-05
  13660   0.17782E-05
  13670   0.17701E-05
  13680   0.17664E-05
  13690   0.17582E-05
  13700   0.17531E-05
  13710   0.17483E-05
  13720   0.17432E-05
  13730   0.17373E-05
  13740   0.17335E-05
  13750   0.17268E-05
  13760   0.17194E-05
  13770   0.17235E-05
  13780   0.17222E-05
  13790   0.17163E-05
  13800   0.17157E-05
  13810   0.16988E-05
  13820   0.16991E-05
  13830   0.16980E-05
  13840   0.16890E-05
  13850   0.16845E-05
  13860   0.16986E-05
  13870   0.16943E-05
  13880   0.16807E-05
  13890   0.16874E-05
  13900   0.16900E-05
  13910   0.16812E-05
  13920   0.16722E-05
  13930   0.16708E-05
  13940   0.16678E-05
  13950   0.16655E-05
  13960   0.16479E-05
  13970   0.16472E-05
  13980   0.16553E-05
  13990   0.16523E-05
  14000   0.16523E-05
  14010   0.16529E-05
  14020   0.16597E-05
  14030   0.16383E-05
  14040   0.16392E-05
  14050   0.16372E-05
  14060   0.16272E-05
  14070   0.16341E-05
  14080   0.16378E-05
  14090   0.16256E-05
  14100   0.16136E-05
  14110   0.16128E-05
  14120   0.16218E-05
  14130   0.15968E-05
  14140   0.16081E-05
  14150   0.15951E-05
  14160   0.15864E-05
  14170   0.15744E-05
  14180   0.15740E-05
  14190   0.15720E-05
  14200   0.15661E-05
  14210   0.15728E-05
  14220   0.15647E-05
  14230   0.15559E-05
  14240   0.15429E-05
  14250   0.15512E-05
  14260   0.15503E-05
  14270   0.15442E-05
  14280   0.15493E-05
  14290   0.15546E-05
  14300   0.15486E-05
  14310   0.15424E-05
  14320   0.15355E-05
  14330   0.15329E-05
  14340   0.15285E-05
  14350   0.15205E-05
  14360   0.15314E-05
  14370   0.15234E-05
  14380   0.14889E-05
  14390   0.14974E-05
  14400   0.14890E-05
  14410   0.14895E-05
  14420   0.14991E-05
  14430   0.14934E-05
  14440   0.14840E-05
  14450   0.14920E-05
  14460   0.14859E-05
  14470   0.14959E-05
  14480   0.14977E-05
  14490   0.14921E-05
  14500   0.14747E-05
  14510   0.14753E-05
  14520   0.14854E-05
  14530   0.14769E-05
  14540   0.14572E-05
  14550   0.14619E-05
  14560   0.14570E-05
  14570   0.14646E-05
  14580   0.14713E-05
  14590   0.14652E-05
  14600   0.14599E-05
  14610   0.14638E-05
  14620   0.14413E-05
  14630   0.14388E-05
  14640   0.14334E-05
  14650   0.14295E-05
  14660   0.14341E-05
  14670   0.14403E-05
  14680   0.14443E-05
  14690   0.14327E-05
  14700   0.14343E-05
  14710   0.14207E-05
  14720   0.14173E-05
  14730   0.14187E-05
  14740   0.14097E-05
  14750   0.14086E-05
  14760   0.14088E-05
  14770   0.14085E-05
  14780   0.14023E-05
  14790   0.14043E-05
  14800   0.13954E-05
  14810   0.13899E-05
  14820   0.13908E-05
  14830   0.13769E-05
  14840   0.13650E-05
  14850   0.13697E-05
  14860   0.13734E-05
  14870   0.13751E-05
  14880   0.13659E-05
  14890   0.13677E-05
  14900   0.13689E-05
  14910   0.13654E-05
  14920   0.13720E-05
  14930   0.13550E-05
  14940   0.13647E-05
  14950   0.13562E-05
  14960   0.13740E-05
  14970   0.13779E-05
  14980   0.13668E-05
  14990   0.13746E-05
  15000   0.13472E-05
  15010   0.13508E-05
  15020   0.13436E-05
  15030   0.13431E-05
  15040   0.13434E-05
  15050   0.13456E-05
  15060   0.13251E-05
  15070   0.13259E-05
  15080   0.13225E-05
  15090   0.13400E-05
  15100   0.13350E-05
  15110   0.13278E-05
  15120   0.13241E-05
  15130   0.13112E-05
  15140   0.13118E-05
  15150   0.13222E-05
  15160   0.12937E-05
  15170   0.12937E-05
  15180   0.12852E-05
  15190   0.13044E-05
  15200   0.12886E-05
  15210   0.12870E-05
  15220   0.12812E-05
  15230   0.12865E-05
  15240   0.12740E-05
  15250   0.12861E-05
  15260   0.12920E-05
  15270   0.12836E-05
  15280   0.12830E-05
  15290   0.12742E-05
  15300   0.12774E-05
  15310   0.12611E-05
  15320   0.12582E-05
  15330   0.12559E-05
  15340   0.12434E-05
  15350   0.12455E-05
  15360   0.12442E-05
  15370   0.12364E-05
  15380   0.12416E-05
  15390   0.12339E-05
  15400   0.12233E-05
  15410   0.12294E-05
  15420   0.12095E-05
  15430   0.12252E-05
  15440   0.12182E-05
  15450   0.12129E-05
  15460   0.12161E-05
  15470   0.12163E-05
  15480   0.12102E-05
  15490   0.12075E-05
  15500   0.12128E-05
  15510   0.12019E-05
  15520   0.11949E-05
  15530   0.11968E-05
  15540   0.11849E-05
  15550   0.11768E-05
  15560   0.11566E-05
  15570   0.11566E-05
  15580   0.11509E-05
  15590   0.11570E-05
  15600   0.11559E-05
  15610   0.11667E-05
  15620   0.11546E-05
  15630   0.11574E-05
  15640   0.11587E-05
  15650   0.11386E-05
  15660   0.11413E-05
  15670   0.11344E-05
  15680   0.11213E-05
  15690   0.11321E-05
  15700   0.11192E-05
  15710   0.11170E-05
  15720   0.11044E-05
  15730   0.11086E-05
  15740   0.11142E-05
  15750   0.11096E-05
  15760   0.11008E-05
  15770   0.10864E-05
  15780   0.10863E-05
  15790   0.10921E-05
  15800   0.10921E-05
  15810   0.10761E-05
  15820   0.10857E-05
  15830   0.10860E-05
  15840   0.10617E-05
  15850   0.10703E-05
  15860   0.10495E-05
  15870   0.10505E-05
  15880   0.10569E-05
  15890   0.10435E-05
  15900   0.10411E-05
  15910   0.10482E-05
  15920   0.10386E-05
  15930   0.10317E-05
  15940   0.10186E-05
  15950   0.10246E-05
  15960   0.10167E-05
  15970   0.10102E-05
  15980   0.10070E-05
  15990   0.10016E-05
  16000   0.99351E-06
  16010   0.97309E-06
  16020   0.96688E-06
  16030   0.96237E-06
  16040   0.96257E-06
  16050   0.95418E-06
  16060   0.95517E-06
  16070   0.95682E-06
  16080   0.96456E-06
  16090   0.95043E-06
  16100   0.95504E-06
  16110   0.94527E-06
  16120   0.94264E-06
  16130   0.93818E-06
  16140   0.90845E-06
  16150   0.91545E-06
  16160   0.90807E-06
  16170   0.89242E-06
  16180   0.89796E-06
  16190   0.89469E-06
  16200   0.90227E-06
  16210   0.90382E-06
  16220   0.87721E-06
  16230   0.87361E-06
  16240   0.88856E-06
  16250   0.86793E-06
  16260   0.86085E-06
  16270   0.85085E-06
  16280   0.82912E-06
  16290   0.83177E-06
  16300   0.83291E-06
  16310   0.82319E-06
  16320   0.81911E-06
  16330   0.82514E-06
  16340   0.82844E-06
  16350   0.81598E-06
  16360   0.81120E-06
  16370   0.82066E-06
  16380   0.82125E-06
  16390   0.81376E-06
  16400   0.81436E-06
  16410   0.81267E-06
  16420   0.78791E-06
  16430   0.77694E-06
  16440   0.77729E-06
  16450   0.76735E-06
  16460   0.76401E-06
  16470   0.76721E-06
  16480   0.75989E-06
  16490   0.74686E-06
  16500   0.74488E-06
  16510   0.74388E-06
  16520   0.73764E-06
  16530   0.72711E-06
  16540   0.73308E-06
  16550   0.73926E-06
  16560   0.71870E-06
  16570   0.72048E-06
  16580   0.72148E-06
  16590   0.72404E-06
  16600   0.71919E-06
  16610   0.71015E-06
  16620   0.69858E-06
  16630   0.69219E-06
  16640   0.68814E-06
  16650   0.69304E-06
  16660   0.67301E-06
  16670   0.67509E-06
  16680   0.68223E-06
  16690   0.66436E-06
  16700   0.65866E-06
  16710   0.66047E-06
  16720   0.65868E-06
  16730   0.64821E-06
  16740   0.65583E-06
  16750   0.65603E-06
  16760   0.64244E-06
  16770   0.63942E-06
  16780   0.64005E-06
  16790   0.63200E-06
  16800   0.63634E-06
  16810   0.63064E-06
  16820   0.60542E-06
  16830   0.59989E-06
  16840   0.60192E-06
  16850   0.59343E-06
  16860   0.58371E-06
  16870   0.58779E-06
  16880   0.58770E-06
  16890   0.58790E-06
  16900   0.58215E-06
  16910   0.58667E-06
  16920   0.59039E-06
  16930   0.57535E-06
  16940   0.57275E-06
  16950   0.56631E-06
  16960   0.56197E-06
  16970   0.55635E-06
  16980   0.55226E-06
  16990   0.54854E-06
  17000   0.54086E-06
  17010   0.55759E-06
  17020   0.54087E-06
  17030   0.54933E-06
  17040   0.53696E-06
  17050   0.53497E-06
  17060   0.53589E-06
  17070   0.53914E-06
  17080   0.53119E-06
  17090   0.51408E-06
  17100   0.52202E-06
  17110   0.51480E-06
  17120   0.51392E-06
  17130   0.51951E-06
  17140   0.51870E-06
  17150   0.51908E-06
  17160   0.50951E-06
  17170   0.50544E-06
  17180   0.50400E-06
  17190   0.51152E-06
  17200   0.50733E-06
  17210   0.49505E-06
  17220   0.49067E-06
  17230   0.49159E-06
  17240   0.47359E-06
  17250   0.47210E-06
  17260   0.46603E-06
  17270   0.46726E-06
  17280   0.46089E-06
  17290   0.45657E-06
  17300   0.45023E-06
  17310   0.45549E-06
  17320   0.45618E-06
  17330   0.45492E-06
  17340   0.45127E-06
  17350   0.43780E-06
  17360   0.43132E-06
  17370   0.43299E-06
  17380   0.43206E-06
  17390   0.44606E-06
  17400   0.43340E-06
  17410   0.42969E-06
  17420   0.41831E-06
  17430   0.42822E-06
  17440   0.42071E-06
  17450   0.41863E-06
  17460   0.42393E-06
  17470   0.41087E-06
  17480   0.42089E-06
  17490   0.40941E-06
  17500   0.40331E-06
  17510   0.41034E-06
  17520   0.40825E-06
  17530   0.40460E-06
  17540   0.39200E-06
  17550   0.38697E-06
  17560   0.38063E-06
  17570   0.40212E-06
  17580   0.39432E-06
  17590   0.39615E-06
  17600   0.40539E-06
  17610   0.40489E-06
  17620   0.39591E-06
  17630   0.39154E-06
  17640   0.40728E-06
  17650   0.41092E-06
  17660   0.39385E-06
  17670   0.39689E-06
  17680   0.40337E-06
  17690   0.39346E-06
  17700   0.39303E-06
  17710   0.39985E-06
  17720   0.36916E-06
  17730   0.38169E-06
  17740   0.38604E-06
  17750   0.37252E-06
  17760   0.37332E-06
  17770   0.36538E-06
  17780   0.36674E-06
  17790   0.36910E-06
  17800   0.36060E-06
  17810   0.37772E-06
  17820   0.37881E-06
  17830   0.36503E-06
  17840   0.36273E-06
  17850   0.36747E-06
  17860   0.35551E-06
  17870   0.35900E-06
  17880   0.33465E-06
  17890   0.35561E-06
  17900   0.33646E-06
  17910   0.36311E-06
  17920   0.33310E-06
  17930   0.33558E-06
  17940   0.33458E-06
  17950   0.34108E-06
  17960   0.34036E-06
  17970   0.33443E-06
  17980   0.33232E-06
  17990   0.34527E-06
  18000   0.33590E-06
  18010   0.33635E-06
  18020   0.33029E-06
  18030   0.32985E-06
  18040   0.32142E-06
  18050   0.33110E-06
  18060   0.32286E-06
  18070   0.33513E-06
  18080   0.32674E-06
  18090   0.32864E-06
  18100   0.31946E-06
  18110   0.31489E-06
  18120   0.32177E-06
  18130   0.31894E-06
  18140   0.30141E-06
  18150   0.30261E-06
  18160   0.31334E-06
  18170   0.30694E-06
  18180   0.29908E-06
  18190   0.30520E-06
  18200   0.29958E-06
  18210   0.30749E-06
  18220   0.28501E-06
  18230   0.29689E-06
  18240   0.28762E-06
  18250   0.27781E-06
  18260   0.28746E-06
  18270   0.27381E-06
  18280   0.27897E-06
  18290   0.26565E-06
  18300   0.27546E-06
  18310   0.28428E-06
  18320   0.27571E-06
  18330   0.27598E-06
  18340   0.27487E-06
  18350   0.28027E-06
  18360   0.27548E-06
  18370   0.26993E-06
  18380   0.26185E-06
  18390   0.25586E-06
  18400   0.25853E-06
  18410   0.26386E-06
  18420   0.26220E-06
  18430   0.25167E-06
  18440   0.25618E-06
  18450   0.27106E-06
  18460   0.26122E-06
  18470   0.26761E-06
  18480   0.25430E-06
  18490   0.25908E-06
  18500   0.25033E-06
  18510   0.28586E-06
  18520   0.26039E-06
  18530   0.25115E-06
  18540   0.24624E-06
  18550   0.24555E-06
  18560   0.24668E-06
  18570   0.24179E-06
  18580   0.23613E-06
  18590   0.23727E-06
  18600   0.24544E-06
  18610   0.26045E-06
  18620   0.25161E-06
  18630   0.24273E-06
  18640   0.24627E-06
  18650   0.23588E-06
  18660   0.23789E-06
  18670   0.24954E-06
  18680   0.24272E-06
  18690   0.24459E-06
  18700   0.25014E-06
  18710   0.26447E-06
  18720   0.24957E-06
  18730   0.25360E-06
  18740   0.23938E-06
  18750   0.25366E-06
  18760   0.24453E-06
  18770   0.24651E-06
  18780   0.24679E-06
  18790   0.25980E-06
  18800   0.24379E-06
  18810   0.27222E-06
  18820   0.25393E-06
  18830   0.24125E-06
  18840   0.23867E-06
  18850   0.24252E-06
  18860   0.25049E-06
  18870   0.24172E-06
  18880   0.24902E-06
  18890   0.25578E-06
  18900   0.25370E-06
  18910   0.26451E-06
  18920   0.26125E-06
  18930   0.25127E-06
  18940   0.24350E-06
  18950   0.24259E-06
  18960   0.25361E-06
  18970   0.25187E-06
  18980   0.24163E-06
  18990   0.24086E-06
  19000   0.24662E-06
  19010   0.25329E-06
  19020   0.24147E-06
  19030   0.25429E-06
  19040   0.23971E-06
  19050   0.24590E-06
  19060   0.24474E-06
  19070   0.24595E-06
  19080   0.23803E-06
  19090   0.23591E-06
  19100   0.23272E-06
  19110   0.25203E-06
  19120   0.24932E-06
  19130   0.23888E-06
  19140   0.25606E-06
  19150   0.26418E-06
  19160   0.25526E-06
  19170   0.24328E-06
  19180   0.22010E-06
  19190   0.23342E-06
  19200   0.23319E-06
  19210   0.23647E-06
  19220   0.24249E-06
  19230   0.24438E-06
  19240   0.23324E-06
  19250   0.22704E-06
  19260   0.23230E-06
  19270   0.23888E-06
  19280   0.22493E-06
  19290   0.23952E-06
  19300   0.23283E-06
  19310   0.24936E-06
  19320   0.24016E-06
  19330   0.23353E-06
  19340   0.23319E-06
  19350   0.24566E-06
  19360   0.24509E-06
  19370   0.24952E-06
  19380   0.23575E-06
  19390   0.22231E-06
  19400   0.23285E-06
  19410   0.26253E-06
  19420   0.23673E-06
  19430   0.25038E-06
  19440   0.24670E-06
  19450   0.23965E-06
  19460   0.23474E-06
  19470   0.22758E-06
  19480   0.24592E-06
  19490   0.25050E-06
  19500   0.23720E-06
  19510   0.25159E-06
  19520   0.25242E-06
  19530   0.25882E-06
  19540   0.23699E-06
  19550   0.25406E-06
  19560   0.25159E-06
  19570   0.25265E-06
  19580   0.24646E-06
  19590   0.23587E-06
  19600   0.24529E-06
  19610   0.25310E-06
  19620   0.23769E-06
  19630   0.22556E-06
  19640   0.23964E-06
  19650   0.22409E-06
  19660   0.24373E-06
  19670   0.23845E-06
  19680   0.22486E-06
  19690   0.23215E-06
  19700   0.21327E-06
  19710   0.24767E-06
  19720   0.22479E-06
  19730   0.23143E-06
  19740   0.22431E-06
  19750   0.21928E-06
  19760   0.20409E-06
  19770   0.21179E-06
  19780   0.21786E-06
  19790   0.22630E-06
  19800   0.22394E-06
  19810   0.24199E-06
  19820   0.22403E-06
  19830   0.22208E-06
  19840   0.22625E-06
  19850   0.23302E-06
  19860   0.24066E-06
  19870   0.23716E-06
  19880   0.22113E-06
  19890   0.23125E-06
  19900   0.23688E-06
  19910   0.24248E-06
  19920   0.21885E-06
  19930   0.23574E-06
  19940   0.22417E-06
  19950   0.21860E-06
  19960   0.21940E-06
  19970   0.23011E-06
  19980   0.21704E-06
  19990   0.22003E-06
  20000   0.24130E-06
