     10   0.10772E-02
     20   0.91765E-03
     30   0.81163E-03
     40   0.73580E-03
     50   0.67828E-03
     60   0.63229E-03
     70   0.59370E-03
     80   0.56011E-03
     90   0.53039E-03
    100   0.50358E-03
    110   0.47839E-03
    120   0.45509E-03
    130   0.43346E-03
    140   0.41316E-03
    150   0.39406E-03
    160   0.37611E-03
    170   0.35920E-03
    180   0.34329E-03
    190   0.32828E-03
    200   0.31414E-03
    210   0.30069E-03
    220   0.28807E-03
    230   0.27623E-03
    240   0.26514E-03
    250   0.25480E-03
    260   0.24514E-03
    270   0.23614E-03
    280   0.22774E-03
    290   0.21994E-03
    300   0.21271E-03
    310   0.20594E-03
    320   0.19969E-03
    330   0.19392E-03
    340   0.18863E-03
    350   0.18385E-03
    360   0.17955E-03
    370   0.17572E-03
    380   0.17237E-03
    390   0.16945E-03
    400   0.16696E-03
    410   0.16488E-03
    420   0.16306E-03
    430   0.16145E-03
    440   0.15998E-03
    450   0.15858E-03
    460   0.15723E-03
    470   0.15584E-03
    480   0.15441E-03
    490   0.15291E-03
    500   0.15135E-03
    510   0.14977E-03
    520   0.14813E-03
    530   0.14650E-03
    540   0.14489E-03
    550   0.14334E-03
    560   0.14190E-03
    570   0.14057E-03
    580   0.13942E-03
    590   0.13843E-03
    600   0.13764E-03
    610   0.13706E-03
    620   0.13669E-03
    630   0.13649E-03
    640   0.13647E-03
    650   0.13662E-03
    660   0.13689E-03
    670   0.13729E-03
    680   0.13779E-03
    690   0.13835E-03
    700   0.13896E-03
    710   0.13960E-03
    720   0.14023E-03
    730   0.14085E-03
    740   0.14143E-03
    750   0.14196E-03
    760   0.14242E-03
    770   0.14280E-03
    780   0.14308E-03
    790   0.14328E-03
    800   0.14337E-03
    810   0.14336E-03
    820   0.14323E-03
    830   0.14301E-03
    840   0.14267E-03
    850   0.14226E-03
    860   0.14173E-03
    870   0.14112E-03
    880   0.14043E-03
    890   0.13966E-03
    900   0.13883E-03
    910   0.13792E-03
    920   0.13696E-03
    930   0.13596E-03
    940   0.13492E-03
    950   0.13386E-03
    960   0.13278E-03
    970   0.13169E-03
    980   0.13065E-03
    990   0.12961E-03
   1000   0.12862E-03
   1010   0.12768E-03
   1020   0.12680E-03
   1030   0.12600E-03
   1040   0.12530E-03
   1050   0.12468E-03
   1060   0.12419E-03
   1070   0.12380E-03
   1080   0.12350E-03
   1090   0.12331E-03
   1100   0.12322E-03
   1110   0.12321E-03
   1120   0.12328E-03
   1130   0.12343E-03
   1140   0.12360E-03
   1150   0.12384E-03
   1160   0.12410E-03
   1170   0.12436E-03
   1180   0.12464E-03
   1190   0.12489E-03
   1200   0.12512E-03
   1210   0.12530E-03
   1220   0.12545E-03
   1230   0.12554E-03
   1240   0.12558E-03
   1250   0.12556E-03
   1260   0.12547E-03
   1270   0.12533E-03
   1280   0.12513E-03
   1290   0.12486E-03
   1300   0.12455E-03
   1310   0.12419E-03
   1320   0.12378E-03
   1330   0.12335E-03
   1340   0.12290E-03
   1350   0.12243E-03
   1360   0.12195E-03
   1370   0.12148E-03
   1380   0.12102E-03
   1390   0.12059E-03
   1400   0.12018E-03
   1410   0.11982E-03
   1420   0.11950E-03
   1430   0.11923E-03
   1440   0.11901E-03
   1450   0.11882E-03
   1460   0.11868E-03
   1470   0.11860E-03
   1480   0.11856E-03
   1490   0.11854E-03
   1500   0.11857E-03
   1510   0.11860E-03
   1520   0.11865E-03
   1530   0.11868E-03
   1540   0.11874E-03
   1550   0.11875E-03
   1560   0.11875E-03
   1570   0.11873E-03
   1580   0.11865E-03
   1590   0.11855E-03
   1600   0.11838E-03
   1610   0.11817E-03
   1620   0.11792E-03
   1630   0.11760E-03
   1640   0.11724E-03
   1650   0.11682E-03
   1660   0.11635E-03
   1670   0.11585E-03
   1680   0.11532E-03
   1690   0.11474E-03
   1700   0.11416E-03
   1710   0.11356E-03
   1720   0.11296E-03
   1730   0.11237E-03
   1740   0.11178E-03
   1750   0.11124E-03
   1760   0.11075E-03
   1770   0.11028E-03
   1780   0.10988E-03
   1790   0.10956E-03
   1800   0.10932E-03
   1810   0.10914E-03
   1820   0.10908E-03
   1830   0.10910E-03
   1840   0.10923E-03
   1850   0.10948E-03
   1860   0.10983E-03
   1870   0.11030E-03
   1880   0.11086E-03
   1890   0.11154E-03
   1900   0.11231E-03
   1910   0.11318E-03
   1920   0.11415E-03
   1930   0.11519E-03
   1940   0.11631E-03
   1950   0.11749E-03
   1960   0.11873E-03
   1970   0.12001E-03
   1980   0.12135E-03
   1990   0.12269E-03
   2000   0.12406E-03
   2010   0.12547E-03
   2020   0.12683E-03
   2030   0.12823E-03
   2040   0.12960E-03
   2050   0.13095E-03
   2060   0.13229E-03
   2070   0.13358E-03
   2080   0.13485E-03
   2090   0.13608E-03
   2100   0.13727E-03
   2110   0.13843E-03
   2120   0.13954E-03
   2130   0.14059E-03
   2140   0.14161E-03
   2150   0.14259E-03
   2160   0.14350E-03
   2170   0.14438E-03
   2180   0.14520E-03
   2190   0.14597E-03
   2200   0.14669E-03
   2210   0.14736E-03
   2220   0.14797E-03
   2230   0.14855E-03
   2240   0.14908E-03
   2250   0.14954E-03
   2260   0.14995E-03
   2270   0.15031E-03
   2280   0.15062E-03
   2290   0.15089E-03
   2300   0.15110E-03
   2310   0.15128E-03
   2320   0.15136E-03
   2330   0.15143E-03
   2340   0.15141E-03
   2350   0.15138E-03
   2360   0.15128E-03
   2370   0.15113E-03
   2380   0.15094E-03
   2390   0.15069E-03
   2400   0.15039E-03
   2410   0.15007E-03
   2420   0.14970E-03
   2430   0.14927E-03
   2440   0.14884E-03
   2450   0.14834E-03
   2460   0.14781E-03
   2470   0.14723E-03
   2480   0.14665E-03
   2490   0.14598E-03
   2500   0.14531E-03
   2510   0.14463E-03
   2520   0.14390E-03
   2530   0.14315E-03
   2540   0.14238E-03
   2550   0.14159E-03
   2560   0.14074E-03
   2570   0.13990E-03
   2580   0.13903E-03
   2590   0.13818E-03
   2600   0.13728E-03
   2610   0.13636E-03
   2620   0.13541E-03
   2630   0.13447E-03
   2640   0.13352E-03
   2650   0.13253E-03
   2660   0.13153E-03
   2670   0.13053E-03
   2680   0.12951E-03
   2690   0.12849E-03
   2700   0.12742E-03
   2710   0.12636E-03
   2720   0.12530E-03
   2730   0.12423E-03
   2740   0.12314E-03
   2750   0.12205E-03
   2760   0.12094E-03
   2770   0.11982E-03
   2780   0.11870E-03
   2790   0.11757E-03
   2800   0.11642E-03
   2810   0.11530E-03
   2820   0.11414E-03
   2830   0.11298E-03
   2840   0.11186E-03
   2850   0.11070E-03
   2860   0.10953E-03
   2870   0.10839E-03
   2880   0.10724E-03
   2890   0.10609E-03
   2900   0.10497E-03
   2910   0.10385E-03
   2920   0.10273E-03
   2930   0.10162E-03
   2940   0.10052E-03
   2950   0.99433E-04
   2960   0.98349E-04
   2970   0.97302E-04
   2980   0.96235E-04
   2990   0.95219E-04
   3000   0.94214E-04
   3010   0.93202E-04
   3020   0.92238E-04
   3030   0.91283E-04
   3040   0.90333E-04
   3050   0.89430E-04
   3060   0.88527E-04
   3070   0.87638E-04
   3080   0.86795E-04
   3090   0.85963E-04
   3100   0.85138E-04
   3110   0.84346E-04
   3120   0.83590E-04
   3130   0.82833E-04
   3140   0.82099E-04
   3150   0.81368E-04
   3160   0.80667E-04
   3170   0.80013E-04
   3180   0.79342E-04
   3190   0.78700E-04
   3200   0.78077E-04
   3210   0.77454E-04
   3220   0.76859E-04
   3230   0.76287E-04
   3240   0.75707E-04
   3250   0.75175E-04
   3260   0.74656E-04
   3270   0.74114E-04
   3280   0.73618E-04
   3290   0.73143E-04
   3300   0.72662E-04
   3310   0.72202E-04
   3320   0.71746E-04
   3330   0.71306E-04
   3340   0.70868E-04
   3350   0.70438E-04
   3360   0.70060E-04
   3370   0.69629E-04
   3380   0.69274E-04
   3390   0.68870E-04
   3400   0.68506E-04
   3410   0.68145E-04
   3420   0.67789E-04
   3430   0.67453E-04
   3440   0.67100E-04
   3450   0.66789E-04
   3460   0.66459E-04
   3470   0.66152E-04
   3480   0.65847E-04
   3490   0.65563E-04
   3500   0.65259E-04
   3510   0.64967E-04
   3520   0.64705E-04
   3530   0.64417E-04
   3540   0.64161E-04
   3550   0.63898E-04
   3560   0.63662E-04
   3570   0.63397E-04
   3580   0.63174E-04
   3590   0.62935E-04
   3600   0.62718E-04
   3610   0.62465E-04
   3620   0.62253E-04
   3630   0.62036E-04
   3640   0.61834E-04
   3650   0.61616E-04
   3660   0.61415E-04
   3670   0.61212E-04
   3680   0.61018E-04
   3690   0.60824E-04
   3700   0.60656E-04
   3710   0.60460E-04
   3720   0.60285E-04
   3730   0.60113E-04
   3740   0.59934E-04
   3750   0.59771E-04
   3760   0.59594E-04
   3770   0.59451E-04
   3780   0.59286E-04
   3790   0.59141E-04
   3800   0.58996E-04
   3810   0.58842E-04
   3820   0.58698E-04
   3830   0.58575E-04
   3840   0.58431E-04
   3850   0.58311E-04
   3860   0.58193E-04
   3870   0.58062E-04
   3880   0.57954E-04
   3890   0.57857E-04
   3900   0.57753E-04
   3910   0.57657E-04
   3920   0.57558E-04
   3930   0.57474E-04
   3940   0.57393E-04
   3950   0.57325E-04
   3960   0.57240E-04
   3970   0.57191E-04
   3980   0.57139E-04
   3990   0.57069E-04
   4000   0.57016E-04
   4010   0.56982E-04
   4020   0.56950E-04
   4030   0.56905E-04
   4040   0.56902E-04
   4050   0.56884E-04
   4060   0.56862E-04
   4070   0.56845E-04
   4080   0.56858E-04
   4090   0.56873E-04
   4100   0.56856E-04
   4110   0.56873E-04
   4120   0.56899E-04
   4130   0.56924E-04
   4140   0.56945E-04
   4150   0.56976E-04
   4160   0.57031E-04
   4170   0.57068E-04
   4180   0.57121E-04
   4190   0.57169E-04
   4200   0.57226E-04
   4210   0.57292E-04
   4220   0.57342E-04
   4230   0.57428E-04
   4240   0.57500E-04
   4250   0.57562E-04
   4260   0.57657E-04
   4270   0.57711E-04
   4280   0.57801E-04
   4290   0.57898E-04
   4300   0.57985E-04
   4310   0.58067E-04
   4320   0.58152E-04
   4330   0.58255E-04
   4340   0.58327E-04
   4350   0.58434E-04
   4360   0.58519E-04
   4370   0.58626E-04
   4380   0.58705E-04
   4390   0.58816E-04
   4400   0.58910E-04
   4410   0.58993E-04
   4420   0.59095E-04
   4430   0.59176E-04
   4440   0.59264E-04
   4450   0.59355E-04
   4460   0.59435E-04
   4470   0.59526E-04
   4480   0.59607E-04
   4490   0.59700E-04
   4500   0.59774E-04
   4510   0.59848E-04
   4520   0.59926E-04
   4530   0.59986E-04
   4540   0.60044E-04
   4550   0.60105E-04
   4560   0.60173E-04
   4570   0.60220E-04
   4580   0.60282E-04
   4590   0.60333E-04
   4600   0.60386E-04
   4610   0.60414E-04
   4620   0.60463E-04
   4630   0.60475E-04
   4640   0.60516E-04
   4650   0.60539E-04
   4660   0.60568E-04
   4670   0.60560E-04
   4680   0.60594E-04
   4690   0.60602E-04
   4700   0.60603E-04
   4710   0.60585E-04
   4720   0.60596E-04
   4730   0.60572E-04
   4740   0.60569E-04
   4750   0.60555E-04
   4760   0.60523E-04
   4770   0.60498E-04
   4780   0.60462E-04
   4790   0.60424E-04
   4800   0.60383E-04
   4810   0.60335E-04
   4820   0.60302E-04
   4830   0.60227E-04
   4840   0.60186E-04
   4850   0.60119E-04
   4860   0.60073E-04
   4870   0.60003E-04
   4880   0.59924E-04
   4890   0.59864E-04
   4900   0.59780E-04
   4910   0.59702E-04
   4920   0.59625E-04
   4930   0.59540E-04
   4940   0.59456E-04
   4950   0.59374E-04
   4960   0.59284E-04
   4970   0.59180E-04
   4980   0.59111E-04
   4990   0.58996E-04
   5000   0.58900E-04
   5010   0.58818E-04
   5020   0.58710E-04
   5030   0.58621E-04
   5040   0.58525E-04
   5050   0.58422E-04
   5060   0.58321E-04
   5070   0.58208E-04
   5080   0.58121E-04
   5090   0.58027E-04
   5100   0.57928E-04
   5110   0.57823E-04
   5120   0.57729E-04
   5130   0.57633E-04
   5140   0.57532E-04
   5150   0.57436E-04
   5160   0.57345E-04
   5170   0.57249E-04
   5180   0.57157E-04
   5190   0.57058E-04
   5200   0.56992E-04
   5210   0.56889E-04
   5220   0.56798E-04
   5230   0.56724E-04
   5240   0.56648E-04
   5250   0.56553E-04
   5260   0.56478E-04
   5270   0.56422E-04
   5280   0.56334E-04
   5290   0.56276E-04
   5300   0.56195E-04
   5310   0.56132E-04
   5320   0.56075E-04
   5330   0.56008E-04
   5340   0.55961E-04
   5350   0.55905E-04
   5360   0.55845E-04
   5370   0.55798E-04
   5380   0.55745E-04
   5390   0.55709E-04
   5400   0.55651E-04
   5410   0.55613E-04
   5420   0.55580E-04
   5430   0.55528E-04
   5440   0.55499E-04
   5450   0.55450E-04
   5460   0.55442E-04
   5470   0.55414E-04
   5480   0.55377E-04
   5490   0.55353E-04
   5500   0.55334E-04
   5510   0.55315E-04
   5520   0.55300E-04
   5530   0.55292E-04
   5540   0.55277E-04
   5550   0.55265E-04
   5560   0.55262E-04
   5570   0.55249E-04
   5580   0.55237E-04
   5590   0.55234E-04
   5600   0.55207E-04
   5610   0.55226E-04
   5620   0.55210E-04
   5630   0.55211E-04
   5640   0.55218E-04
   5650   0.55224E-04
   5660   0.55231E-04
   5670   0.55240E-04
   5680   0.55236E-04
   5690   0.55240E-04
   5700   0.55235E-04
   5710   0.55234E-04
   5720   0.55245E-04
   5730   0.55262E-04
   5740   0.55267E-04
   5750   0.55273E-04
   5760   0.55286E-04
   5770   0.55276E-04
   5780   0.55293E-04
   5790   0.55293E-04
   5800   0.55309E-04
   5810   0.55309E-04
   5820   0.55321E-04
   5830   0.55334E-04
   5840   0.55353E-04
   5850   0.55354E-04
   5860   0.55355E-04
   5870   0.55358E-04
   5880   0.55366E-04
   5890   0.55370E-04
   5900   0.55386E-04
   5910   0.55377E-04
   5920   0.55388E-04
   5930   0.55385E-04
   5940   0.55399E-04
   5950   0.55395E-04
   5960   0.55395E-04
   5970   0.55388E-04
   5980   0.55403E-04
   5990   0.55399E-04
   6000   0.55386E-04
   6010   0.55386E-04
   6020   0.55398E-04
   6030   0.55394E-04
   6040   0.55378E-04
   6050   0.55371E-04
   6060   0.55371E-04
   6070   0.55341E-04
   6080   0.55348E-04
   6090   0.55342E-04
   6100   0.55308E-04
   6110   0.55293E-04
   6120   0.55277E-04
   6130   0.55254E-04
   6140   0.55237E-04
   6150   0.55215E-04
   6160   0.55192E-04
   6170   0.55169E-04
   6180   0.55138E-04
   6190   0.55101E-04
   6200   0.55074E-04
   6210   0.55033E-04
   6220   0.55001E-04
   6230   0.54952E-04
   6240   0.54921E-04
   6250   0.54872E-04
   6260   0.54816E-04
   6270   0.54767E-04
   6280   0.54719E-04
   6290   0.54666E-04
   6300   0.54614E-04
   6310   0.54544E-04
   6320   0.54489E-04
   6330   0.54423E-04
   6340   0.54344E-04
   6350   0.54281E-04
   6360   0.54201E-04
   6370   0.54131E-04
   6380   0.54053E-04
   6390   0.53973E-04
   6400   0.53876E-04
   6410   0.53799E-04
   6420   0.53711E-04
   6430   0.53615E-04
   6440   0.53523E-04
   6450   0.53421E-04
   6460   0.53329E-04
   6470   0.53228E-04
   6480   0.53120E-04
   6490   0.53009E-04
   6500   0.52912E-04
   6510   0.52816E-04
   6520   0.52704E-04
   6530   0.52592E-04
   6540   0.52469E-04
   6550   0.52363E-04
   6560   0.52250E-04
   6570   0.52127E-04
   6580   0.52021E-04
   6590   0.51896E-04
   6600   0.51789E-04
   6610   0.51673E-04
   6620   0.51560E-04
   6630   0.51452E-04
   6640   0.51319E-04
   6650   0.51218E-04
   6660   0.51099E-04
   6670   0.50996E-04
   6680   0.50894E-04
   6690   0.50768E-04
   6700   0.50652E-04
   6710   0.50543E-04
   6720   0.50445E-04
   6730   0.50337E-04
   6740   0.50235E-04
   6750   0.50119E-04
   6760   0.50031E-04
   6770   0.49935E-04
   6780   0.49846E-04
   6790   0.49739E-04
   6800   0.49655E-04
   6810   0.49561E-04
   6820   0.49483E-04
   6830   0.49392E-04
   6840   0.49299E-04
   6850   0.49218E-04
   6860   0.49138E-04
   6870   0.49070E-04
   6880   0.48996E-04
   6890   0.48912E-04
   6900   0.48839E-04
   6910   0.48771E-04
   6920   0.48714E-04
   6930   0.48644E-04
   6940   0.48577E-04
   6950   0.48514E-04
   6960   0.48444E-04
   6970   0.48388E-04
   6980   0.48341E-04
   6990   0.48268E-04
   7000   0.48222E-04
   7010   0.48168E-04
   7020   0.48119E-04
   7030   0.48080E-04
   7040   0.48025E-04
   7050   0.47980E-04
   7060   0.47920E-04
   7070   0.47875E-04
   7080   0.47834E-04
   7090   0.47794E-04
   7100   0.47745E-04
   7110   0.47713E-04
   7120   0.47662E-04
   7130   0.47621E-04
   7140   0.47599E-04
   7150   0.47555E-04
   7160   0.47534E-04
   7170   0.47480E-04
   7180   0.47451E-04
   7190   0.47403E-04
   7200   0.47377E-04
   7210   0.47355E-04
   7220   0.47309E-04
   7230   0.47290E-04
   7240   0.47254E-04
   7250   0.47226E-04
   7260   0.47189E-04
   7270   0.47174E-04
   7280   0.47153E-04
   7290   0.47120E-04
   7300   0.47090E-04
   7310   0.47064E-04
   7320   0.47041E-04
   7330   0.47006E-04
   7340   0.46986E-04
   7350   0.46975E-04
   7360   0.46934E-04
   7370   0.46919E-04
   7380   0.46887E-04
   7390   0.46869E-04
   7400   0.46848E-04
   7410   0.46826E-04
   7420   0.46802E-04
   7430   0.46786E-04
   7440   0.46764E-04
   7450   0.46750E-04
   7460   0.46727E-04
   7470   0.46694E-04
   7480   0.46681E-04
   7490   0.46652E-04
   7500   0.46645E-04
   7510   0.46614E-04
   7520   0.46589E-04
   7530   0.46564E-04
   7540   0.46550E-04
   7550   0.46534E-04
   7560   0.46494E-04
   7570   0.46467E-04
   7580   0.46457E-04
   7590   0.46439E-04
   7600   0.46409E-04
   7610   0.46378E-04
   7620   0.46358E-04
   7630   0.46327E-04
   7640   0.46298E-04
   7650   0.46272E-04
   7660   0.46236E-04
   7670   0.46206E-04
   7680   0.46192E-04
   7690   0.46166E-04
   7700   0.46136E-04
   7710   0.46086E-04
   7720   0.46059E-04
   7730   0.46030E-04
   7740   0.46007E-04
   7750   0.45963E-04
   7760   0.45931E-04
   7770   0.45889E-04
   7780   0.45864E-04
   7790   0.45833E-04
   7800   0.45792E-04
   7810   0.45760E-04
   7820   0.45720E-04
   7830   0.45676E-04
   7840   0.45643E-04
   7850   0.45605E-04
   7860   0.45566E-04
   7870   0.45520E-04
   7880   0.45490E-04
   7890   0.45438E-04
   7900   0.45395E-04
   7910   0.45354E-04
   7920   0.45318E-04
   7930   0.45259E-04
   7940   0.45209E-04
   7950   0.45169E-04
   7960   0.45129E-04
   7970   0.45088E-04
   7980   0.45046E-04
   7990   0.44996E-04
   8000   0.44947E-04
   8010   0.44911E-04
   8020   0.44849E-04
   8030   0.44805E-04
   8040   0.44743E-04
   8050   0.44705E-04
   8060   0.44662E-04
   8070   0.44608E-04
   8080   0.44548E-04
   8090   0.44496E-04
   8100   0.44442E-04
   8110   0.44386E-04
   8120   0.44337E-04
   8130   0.44281E-04
   8140   0.44210E-04
   8150   0.44149E-04
   8160   0.44121E-04
   8170   0.44063E-04
   8180   0.44004E-04
   8190   0.43951E-04
   8200   0.43895E-04
   8210   0.43826E-04
   8220   0.43783E-04
   8230   0.43729E-04
   8240   0.43661E-04
   8250   0.43601E-04
   8260   0.43540E-04
   8270   0.43485E-04
   8280   0.43423E-04
   8290   0.43354E-04
   8300   0.43310E-04
   8310   0.43250E-04
   8320   0.43174E-04
   8330   0.43127E-04
   8340   0.43072E-04
   8350   0.42997E-04
   8360   0.42929E-04
   8370   0.42871E-04
   8380   0.42800E-04
   8390   0.42760E-04
   8400   0.42674E-04
   8410   0.42618E-04
   8420   0.42561E-04
   8430   0.42483E-04
   8440   0.42420E-04
   8450   0.42372E-04
   8460   0.42315E-04
   8470   0.42239E-04
   8480   0.42158E-04
   8490   0.42099E-04
   8500   0.42059E-04
   8510   0.41982E-04
   8520   0.41917E-04
   8530   0.41838E-04
   8540   0.41781E-04
   8550   0.41709E-04
   8560   0.41652E-04
   8570   0.41580E-04
   8580   0.41520E-04
   8590   0.41449E-04
   8600   0.41383E-04
   8610   0.41305E-04
   8620   0.41233E-04
   8630   0.41170E-04
   8640   0.41101E-04
   8650   0.41041E-04
   8660   0.40953E-04
   8670   0.40904E-04
   8680   0.40826E-04
   8690   0.40762E-04
   8700   0.40692E-04
   8710   0.40611E-04
   8720   0.40538E-04
   8730   0.40474E-04
   8740   0.40413E-04
   8750   0.40316E-04
   8760   0.40255E-04
   8770   0.40177E-04
   8780   0.40095E-04
   8790   0.40036E-04
   8800   0.39959E-04
   8810   0.39870E-04
   8820   0.39812E-04
   8830   0.39737E-04
   8840   0.39651E-04
   8850   0.39590E-04
   8860   0.39503E-04
   8870   0.39428E-04
   8880   0.39345E-04
   8890   0.39247E-04
   8900   0.39181E-04
   8910   0.39104E-04
   8920   0.39030E-04
   8930   0.38950E-04
   8940   0.38872E-04
   8950   0.38793E-04
   8960   0.38713E-04
   8970   0.38624E-04
   8980   0.38536E-04
   8990   0.38452E-04
   9000   0.38357E-04
   9010   0.38299E-04
   9020   0.38209E-04
   9030   0.38102E-04
   9040   0.38039E-04
   9050   0.37945E-04
   9060   0.37846E-04
   9070   0.37778E-04
   9080   0.37687E-04
   9090   0.37595E-04
   9100   0.37523E-04
   9110   0.37413E-04
   9120   0.37352E-04
   9130   0.37227E-04
   9140   0.37142E-04
   9150   0.37051E-04
   9160   0.36961E-04
   9170   0.36872E-04
   9180   0.36774E-04
   9190   0.36707E-04
   9200   0.36595E-04
   9210   0.36508E-04
   9220   0.36415E-04
   9230   0.36313E-04
   9240   0.36232E-04
   9250   0.36138E-04
   9260   0.36032E-04
   9270   0.35937E-04
   9280   0.35831E-04
   9290   0.35738E-04
   9300   0.35640E-04
   9310   0.35530E-04
   9320   0.35462E-04
   9330   0.35355E-04
   9340   0.35255E-04
   9350   0.35155E-04
   9360   0.35062E-04
   9370   0.34961E-04
   9380   0.34871E-04
   9390   0.34774E-04
   9400   0.34679E-04
   9410   0.34575E-04
   9420   0.34488E-04
   9430   0.34388E-04
   9440   0.34293E-04
   9450   0.34192E-04
   9460   0.34076E-04
   9470   0.33993E-04
   9480   0.33897E-04
   9490   0.33802E-04
   9500   0.33697E-04
   9510   0.33601E-04
   9520   0.33519E-04
   9530   0.33425E-04
   9540   0.33324E-04
   9550   0.33230E-04
   9560   0.33124E-04
   9570   0.33038E-04
   9580   0.32940E-04
   9590   0.32847E-04
   9600   0.32773E-04
   9610   0.32673E-04
   9620   0.32579E-04
   9630   0.32476E-04
   9640   0.32402E-04
   9650   0.32288E-04
   9660   0.32208E-04
   9670   0.32128E-04
   9680   0.32039E-04
   9690   0.31919E-04
   9700   0.31846E-04
   9710   0.31754E-04
   9720   0.31667E-04
   9730   0.31581E-04
   9740   0.31502E-04
   9750   0.31425E-04
   9760   0.31313E-04
   9770   0.31234E-04
   9780   0.31164E-04
   9790   0.31085E-04
   9800   0.30989E-04
   9810   0.30904E-04
   9820   0.30833E-04
   9830   0.30744E-04
   9840   0.30657E-04
   9850   0.30576E-04
   9860   0.30488E-04
   9870   0.30424E-04
   9880   0.30338E-04
   9890   0.30262E-04
   9900   0.30177E-04
   9910   0.30112E-04
   9920   0.30013E-04
   9930   0.29934E-04
   9940   0.29858E-04
   9950   0.29799E-04
   9960   0.29703E-04
   9970   0.29626E-04
   9980   0.29563E-04
   9990   0.29470E-04
  10000   0.29418E-04
  10010   0.29348E-04
  10020   0.29254E-04
  10030   0.29202E-04
  10040   0.29118E-04
  10050   0.29044E-04
  10060   0.28973E-04
  10070   0.28885E-04
  10080   0.28818E-04
  10090   0.28745E-04
  10100   0.28658E-04
  10110   0.28599E-04
  10120   0.28530E-04
  10130   0.28430E-04
  10140   0.28382E-04
  10150   0.28299E-04
  10160   0.28236E-04
  10170   0.28153E-04
  10180   0.28075E-04
  10190   0.27997E-04
  10200   0.27961E-04
  10210   0.27862E-04
  10220   0.27774E-04
  10230   0.27701E-04
  10240   0.27659E-04
  10250   0.27555E-04
  10260   0.27473E-04
  10270   0.27412E-04
  10280   0.27336E-04
  10290   0.27257E-04
  10300   0.27164E-04
  10310   0.27110E-04
  10320   0.27012E-04
  10330   0.26952E-04
  10340   0.26856E-04
  10350   0.26782E-04
  10360   0.26697E-04
  10370   0.26601E-04
  10380   0.26545E-04
  10390   0.26467E-04
  10400   0.26390E-04
  10410   0.26308E-04
  10420   0.26208E-04
  10430   0.26119E-04
  10440   0.26041E-04
  10450   0.25957E-04
  10460   0.25884E-04
  10470   0.25787E-04
  10480   0.25712E-04
  10490   0.25617E-04
  10500   0.25525E-04
  10510   0.25425E-04
  10520   0.25362E-04
  10530   0.25274E-04
  10540   0.25174E-04
  10550   0.25086E-04
  10560   0.25016E-04
  10570   0.24914E-04
  10580   0.24822E-04
  10590   0.24732E-04
  10600   0.24658E-04
  10610   0.24551E-04
  10620   0.24462E-04
  10630   0.24367E-04
  10640   0.24273E-04
  10650   0.24192E-04
  10660   0.24097E-04
  10670   0.24009E-04
  10680   0.23901E-04
  10690   0.23821E-04
  10700   0.23725E-04
  10710   0.23635E-04
  10720   0.23552E-04
  10730   0.23442E-04
  10740   0.23361E-04
  10750   0.23281E-04
  10760   0.23170E-04
  10770   0.23086E-04
  10780   0.22988E-04
  10790   0.22885E-04
  10800   0.22812E-04
  10810   0.22689E-04
  10820   0.22618E-04
  10830   0.22533E-04
  10840   0.22413E-04
  10850   0.22338E-04
  10860   0.22231E-04
  10870   0.22163E-04
  10880   0.22048E-04
  10890   0.21978E-04
  10900   0.21865E-04
  10910   0.21774E-04
  10920   0.21675E-04
  10930   0.21607E-04
  10940   0.21506E-04
  10950   0.21418E-04
  10960   0.21317E-04
  10970   0.21250E-04
  10980   0.21130E-04
  10990   0.21056E-04
  11000   0.20969E-04
  11010   0.20890E-04
  11020   0.20778E-04
  11030   0.20710E-04
  11040   0.20611E-04
  11050   0.20538E-04
  11060   0.20467E-04
  11070   0.20352E-04
  11080   0.20275E-04
  11090   0.20184E-04
  11100   0.20105E-04
  11110   0.20015E-04
  11120   0.19927E-04
  11130   0.19845E-04
  11140   0.19779E-04
  11150   0.19677E-04
  11160   0.19601E-04
  11170   0.19533E-04
  11180   0.19437E-04
  11190   0.19348E-04
  11200   0.19248E-04
  11210   0.19183E-04
  11220   0.19099E-04
  11230   0.19024E-04
  11240   0.18944E-04
  11250   0.18871E-04
  11260   0.18787E-04
  11270   0.18684E-04
  11280   0.18614E-04
  11290   0.18546E-04
  11300   0.18460E-04
  11310   0.18386E-04
  11320   0.18313E-04
  11330   0.18227E-04
  11340   0.18171E-04
  11350   0.18084E-04
  11360   0.18000E-04
  11370   0.17912E-04
  11380   0.17852E-04
  11390   0.17775E-04
  11400   0.17713E-04
  11410   0.17628E-04
  11420   0.17557E-04
  11430   0.17471E-04
  11440   0.17404E-04
  11450   0.17319E-04
  11460   0.17247E-04
  11470   0.17182E-04
  11480   0.17110E-04
  11490   0.17038E-04
  11500   0.16957E-04
  11510   0.16876E-04
  11520   0.16818E-04
  11530   0.16760E-04
  11540   0.16666E-04
  11550   0.16607E-04
  11560   0.16541E-04
  11570   0.16462E-04
  11580   0.16392E-04
  11590   0.16316E-04
  11600   0.16247E-04
  11610   0.16197E-04
  11620   0.16113E-04
  11630   0.16046E-04
  11640   0.15997E-04
  11650   0.15909E-04
  11660   0.15839E-04
  11670   0.15778E-04
  11680   0.15698E-04
  11690   0.15629E-04
  11700   0.15567E-04
  11710   0.15496E-04
  11720   0.15415E-04
  11730   0.15370E-04
  11740   0.15297E-04
  11750   0.15233E-04
  11760   0.15176E-04
  11770   0.15103E-04
  11780   0.15047E-04
  11790   0.14979E-04
  11800   0.14925E-04
  11810   0.14849E-04
  11820   0.14784E-04
  11830   0.14720E-04
  11840   0.14668E-04
  11850   0.14591E-04
  11860   0.14532E-04
  11870   0.14481E-04
  11880   0.14398E-04
  11890   0.14346E-04
  11900   0.14282E-04
  11910   0.14234E-04
  11920   0.14177E-04
  11930   0.14098E-04
  11940   0.14038E-04
  11950   0.13992E-04
  11960   0.13920E-04
  11970   0.13865E-04
  11980   0.13821E-04
  11990   0.13751E-04
  12000   0.13678E-04
  12010   0.13637E-04
  12020   0.13577E-04
  12030   0.13523E-04
  12040   0.13465E-04
  12050   0.13412E-04
  12060   0.13350E-04
  12070   0.13283E-04
  12080   0.13245E-04
  12090   0.13185E-04
  12100   0.13120E-04
  12110   0.13069E-04
  12120   0.13021E-04
  12130   0.12983E-04
  12140   0.12917E-04
  12150   0.12855E-04
  12160   0.12821E-04
  12170   0.12764E-04
  12180   0.12718E-04
  12190   0.12675E-04
  12200   0.12623E-04
  12210   0.12564E-04
  12220   0.12507E-04
  12230   0.12481E-04
  12240   0.12427E-04
  12250   0.12372E-04
  12260   0.12348E-04
  12270   0.12297E-04
  12280   0.12258E-04
  12290   0.12190E-04
  12300   0.12148E-04
  12310   0.12085E-04
  12320   0.12053E-04
  12330   0.12015E-04
  12340   0.11972E-04
  12350   0.11909E-04
  12360   0.11881E-04
  12370   0.11840E-04
  12380   0.11796E-04
  12390   0.11739E-04
  12400   0.11699E-04
  12410   0.11674E-04
  12420   0.11635E-04
  12430   0.11584E-04
  12440   0.11558E-04
  12450   0.11526E-04
  12460   0.11476E-04
  12470   0.11423E-04
  12480   0.11409E-04
  12490   0.11363E-04
  12500   0.11328E-04
  12510   0.11297E-04
  12520   0.11250E-04
  12530   0.11223E-04
  12540   0.11177E-04
  12550   0.11137E-04
  12560   0.11106E-04
  12570   0.11077E-04
  12580   0.11041E-04
  12590   0.10994E-04
  12600   0.10953E-04
  12610   0.10926E-04
  12620   0.10901E-04
  12630   0.10860E-04
  12640   0.10823E-04
  12650   0.10810E-04
  12660   0.10761E-04
  12670   0.10719E-04
  12680   0.10682E-04
  12690   0.10650E-04
  12700   0.10614E-04
  12710   0.10565E-04
  12720   0.10542E-04
  12730   0.10506E-04
  12740   0.10467E-04
  12750   0.10432E-04
  12760   0.10389E-04
  12770   0.10363E-04
  12780   0.10326E-04
  12790   0.10278E-04
  12800   0.10240E-04
  12810   0.10211E-04
  12820   0.10168E-04
  12830   0.10125E-04
  12840   0.10095E-04
  12850   0.10045E-04
  12860   0.10011E-04
  12870   0.99569E-05
  12880   0.99370E-05
  12890   0.98875E-05
  12900   0.98602E-05
  12910   0.98033E-05
  12920   0.97557E-05
  12930   0.97030E-05
  12940   0.96607E-05
  12950   0.96470E-05
  12960   0.95967E-05
  12970   0.95654E-05
  12980   0.95225E-05
  12990   0.94771E-05
  13000   0.94358E-05
  13010   0.93895E-05
  13020   0.93364E-05
  13030   0.92910E-05
  13040   0.92612E-05
  13050   0.92035E-05
  13060   0.91619E-05
  13070   0.91367E-05
  13080   0.90998E-05
  13090   0.90456E-05
  13100   0.90039E-05
  13110   0.89515E-05
  13120   0.89272E-05
  13130   0.88825E-05
  13140   0.88413E-05
  13150   0.88059E-05
  13160   0.87722E-05
  13170   0.87275E-05
  13180   0.87004E-05
  13190   0.86624E-05
  13200   0.86254E-05
  13210   0.85849E-05
  13220   0.85419E-05
  13230   0.85124E-05
  13240   0.84793E-05
  13250   0.84621E-05
  13260   0.84218E-05
  13270   0.84088E-05
  13280   0.83613E-05
  13290   0.83550E-05
  13300   0.83193E-05
  13310   0.82996E-05
  13320   0.82680E-05
  13330   0.82578E-05
  13340   0.82267E-05
  13350   0.82087E-05
  13360   0.81949E-05
  13370   0.81686E-05
  13380   0.81602E-05
  13390   0.81575E-05
  13400   0.81527E-05
  13410   0.81387E-05
  13420   0.81248E-05
  13430   0.81121E-05
  13440   0.81129E-05
  13450   0.81027E-05
  13460   0.81064E-05
  13470   0.81057E-05
  13480   0.80962E-05
  13490   0.80969E-05
  13500   0.80974E-05
  13510   0.80996E-05
  13520   0.81156E-05
  13530   0.81226E-05
  13540   0.81308E-05
  13550   0.81476E-05
  13560   0.81363E-05
  13570   0.81491E-05
  13580   0.81621E-05
  13590   0.81883E-05
  13600   0.81937E-05
  13610   0.81961E-05
  13620   0.82210E-05
  13630   0.82421E-05
  13640   0.82506E-05
  13650   0.82739E-05
  13660   0.82758E-05
  13670   0.83060E-05
  13680   0.83142E-05
  13690   0.83414E-05
  13700   0.83645E-05
  13710   0.83791E-05
  13720   0.84041E-05
  13730   0.84320E-05
  13740   0.84468E-05
  13750   0.84741E-05
  13760   0.85143E-05
  13770   0.85351E-05
  13780   0.85705E-05
  13790   0.85947E-05
  13800   0.86152E-05
  13810   0.86273E-05
  13820   0.86744E-05
  13830   0.86969E-05
  13840   0.87235E-05
  13850   0.87525E-05
  13860   0.87880E-05
  13870   0.88387E-05
  13880   0.88767E-05
  13890   0.88948E-05
  13900   0.89268E-05
  13910   0.89608E-05
  13920   0.89970E-05
  13930   0.90220E-05
  13940   0.90750E-05
  13950   0.90887E-05
  13960   0.91261E-05
  13970   0.91594E-05
  13980   0.91889E-05
  13990   0.92245E-05
  14000   0.92699E-05
  14010   0.92924E-05
  14020   0.93345E-05
  14030   0.93654E-05
  14040   0.93963E-05
  14050   0.94370E-05
  14060   0.94889E-05
  14070   0.95141E-05
  14080   0.95305E-05
  14090   0.95848E-05
  14100   0.96129E-05
  14110   0.96509E-05
  14120   0.97019E-05
  14130   0.97275E-05
  14140   0.97621E-05
  14150   0.97976E-05
  14160   0.98311E-05
  14170   0.98637E-05
  14180   0.98939E-05
  14190   0.99384E-05
  14200   0.99773E-05
  14210   0.10006E-04
  14220   0.10036E-04
  14230   0.10069E-04
  14240   0.10095E-04
  14250   0.10130E-04
  14260   0.10168E-04
  14270   0.10214E-04
  14280   0.10237E-04
  14290   0.10266E-04
  14300   0.10304E-04
  14310   0.10332E-04
  14320   0.10354E-04
  14330   0.10384E-04
  14340   0.10426E-04
  14350   0.10466E-04
  14360   0.10483E-04
  14370   0.10512E-04
  14380   0.10534E-04
  14390   0.10569E-04
  14400   0.10602E-04
  14410   0.10619E-04
  14420   0.10661E-04
  14430   0.10672E-04
  14440   0.10685E-04
  14450   0.10726E-04
  14460   0.10757E-04
  14470   0.10776E-04
  14480   0.10806E-04
  14490   0.10816E-04
  14500   0.10838E-04
  14510   0.10884E-04
  14520   0.10905E-04
  14530   0.10918E-04
  14540   0.10940E-04
  14550   0.10949E-04
  14560   0.10973E-04
  14570   0.10982E-04
  14580   0.11007E-04
  14590   0.11033E-04
  14600   0.11057E-04
  14610   0.11074E-04
  14620   0.11092E-04
  14630   0.11106E-04
  14640   0.11122E-04
  14650   0.11144E-04
  14660   0.11158E-04
  14670   0.11165E-04
  14680   0.11179E-04
  14690   0.11203E-04
  14700   0.11230E-04
  14710   0.11230E-04
  14720   0.11241E-04
  14730   0.11261E-04
  14740   0.11282E-04
  14750   0.11292E-04
  14760   0.11308E-04
  14770   0.11335E-04
  14780   0.11340E-04
  14790   0.11357E-04
  14800   0.11361E-04
  14810   0.11377E-04
  14820   0.11395E-04
  14830   0.11392E-04
  14840   0.11433E-04
  14850   0.11443E-04
  14860   0.11447E-04
  14870   0.11461E-04
  14880   0.11476E-04
  14890   0.11503E-04
  14900   0.11511E-04
  14910   0.11537E-04
  14920   0.11549E-04
  14930   0.11571E-04
  14940   0.11593E-04
  14950   0.11604E-04
  14960   0.11618E-04
  14970   0.11637E-04
  14980   0.11654E-04
  14990   0.11673E-04
  15000   0.11689E-04
  15010   0.11708E-04
  15020   0.11733E-04
  15030   0.11758E-04
  15040   0.11753E-04
  15050   0.11789E-04
  15060   0.11815E-04
  15070   0.11826E-04
  15080   0.11851E-04
  15090   0.11876E-04
  15100   0.11892E-04
  15110   0.11913E-04
  15120   0.11939E-04
  15130   0.11964E-04
  15140   0.11992E-04
  15150   0.12001E-04
  15160   0.12034E-04
  15170   0.12068E-04
  15180   0.12087E-04
  15190   0.12120E-04
  15200   0.12135E-04
  15210   0.12172E-04
  15220   0.12208E-04
  15230   0.12228E-04
  15240   0.12250E-04
  15250   0.12287E-04
  15260   0.12326E-04
  15270   0.12369E-04
  15280   0.12391E-04
  15290   0.12430E-04
  15300   0.12472E-04
  15310   0.12487E-04
  15320   0.12519E-04
  15330   0.12547E-04
  15340   0.12587E-04
  15350   0.12630E-04
  15360   0.12655E-04
  15370   0.12712E-04
  15380   0.12732E-04
  15390   0.12795E-04
  15400   0.12817E-04
  15410   0.12862E-04
  15420   0.12892E-04
  15430   0.12933E-04
  15440   0.12980E-04
  15450   0.13021E-04
  15460   0.13049E-04
  15470   0.13106E-04
  15480   0.13140E-04
  15490   0.13183E-04
  15500   0.13228E-04
  15510   0.13274E-04
  15520   0.13319E-04
  15530   0.13375E-04
  15540   0.13429E-04
  15550   0.13460E-04
  15560   0.13523E-04
  15570   0.13572E-04
  15580   0.13623E-04
  15590   0.13685E-04
  15600   0.13719E-04
  15610   0.13770E-04
  15620   0.13822E-04
  15630   0.13891E-04
  15640   0.13931E-04
  15650   0.13991E-04
  15660   0.14048E-04
  15670   0.14121E-04
  15680   0.14173E-04
  15690   0.14230E-04
  15700   0.14290E-04
  15710   0.14350E-04
  15720   0.14409E-04
  15730   0.14468E-04
  15740   0.14544E-04
  15750   0.14602E-04
  15760   0.14648E-04
  15770   0.14737E-04
  15780   0.14794E-04
  15790   0.14876E-04
  15800   0.14927E-04
  15810   0.14986E-04
  15820   0.15058E-04
  15830   0.15128E-04
  15840   0.15212E-04
  15850   0.15261E-04
  15860   0.15336E-04
  15870   0.15409E-04
  15880   0.15470E-04
  15890   0.15533E-04
  15900   0.15588E-04
  15910   0.15649E-04
  15920   0.15724E-04
  15930   0.15783E-04
  15940   0.15830E-04
  15950   0.15888E-04
  15960   0.15946E-04
  15970   0.16002E-04
  15980   0.16066E-04
  15990   0.16098E-04
  16000   0.16179E-04
  16010   0.16233E-04
  16020   0.16280E-04
  16030   0.16335E-04
  16040   0.16399E-04
  16050   0.16462E-04
  16060   0.16526E-04
  16070   0.16588E-04
  16080   0.16657E-04
  16090   0.16725E-04
  16100   0.16786E-04
  16110   0.16855E-04
  16120   0.16926E-04
  16130   0.16988E-04
  16140   0.17071E-04
  16150   0.17126E-04
  16160   0.17203E-04
  16170   0.17266E-04
  16180   0.17331E-04
  16190   0.17410E-04
  16200   0.17472E-04
  16210   0.17539E-04
  16220   0.17606E-04
  16230   0.17674E-04
  16240   0.17767E-04
  16250   0.17840E-04
  16260   0.17896E-04
  16270   0.17970E-04
  16280   0.18042E-04
  16290   0.18101E-04
  16300   0.18168E-04
  16310   0.18239E-04
  16320   0.18288E-04
  16330   0.18344E-04
  16340   0.18400E-04
  16350   0.18455E-04
  16360   0.18512E-04
  16370   0.18552E-04
  16380   0.18618E-04
  16390   0.18648E-04
  16400   0.18692E-04
  16410   0.18749E-04
  16420   0.18792E-04
  16430   0.18820E-04
  16440   0.18886E-04
  16450   0.18929E-04
  16460   0.18964E-04
  16470   0.19011E-04
  16480   0.19053E-04
  16490   0.19105E-04
  16500   0.19139E-04
  16510   0.19185E-04
  16520   0.19240E-04
  16530   0.19272E-04
  16540   0.19324E-04
  16550   0.19361E-04
  16560   0.19405E-04
  16570   0.19451E-04
  16580   0.19505E-04
  16590   0.19550E-04
  16600   0.19588E-04
  16610   0.19636E-04
  16620   0.19696E-04
  16630   0.19725E-04
  16640   0.19790E-04
  16650   0.19830E-04
  16660   0.19887E-04
  16670   0.19927E-04
  16680   0.19995E-04
  16690   0.20026E-04
  16700   0.20076E-04
  16710   0.20147E-04
  16720   0.20179E-04
  16730   0.20241E-04
  16740   0.20309E-04
  16750   0.20352E-04
  16760   0.20411E-04
  16770   0.20465E-04
  16780   0.20529E-04
  16790   0.20565E-04
  16800   0.20630E-04
  16810   0.20681E-04
  16820   0.20740E-04
  16830   0.20785E-04
  16840   0.20842E-04
  16850   0.20894E-04
  16860   0.20941E-04
  16870   0.21000E-04
  16880   0.21044E-04
  16890   0.21100E-04
  16900   0.21151E-04
  16910   0.21206E-04
  16920   0.21264E-04
  16930   0.21307E-04
  16940   0.21367E-04
  16950   0.21414E-04
  16960   0.21473E-04
  16970   0.21529E-04
  16980   0.21598E-04
  16990   0.21667E-04
  17000   0.21731E-04
  17010   0.21801E-04
  17020   0.21868E-04
  17030   0.21948E-04
  17040   0.22016E-04
  17050   0.22109E-04
  17060   0.22193E-04
  17070   0.22280E-04
  17080   0.22360E-04
  17090   0.22456E-04
  17100   0.22550E-04
  17110   0.22647E-04
  17120   0.22755E-04
  17130   0.22858E-04
  17140   0.22964E-04
  17150   0.23081E-04
  17160   0.23197E-04
  17170   0.23302E-04
  17180   0.23417E-04
  17190   0.23542E-04
  17200   0.23666E-04
  17210   0.23782E-04
  17220   0.23917E-04
  17230   0.24033E-04
  17240   0.24138E-04
  17250   0.24260E-04
  17260   0.24383E-04
  17270   0.24523E-04
  17280   0.24637E-04
  17290   0.24769E-04
  17300   0.24897E-04
  17310   0.25014E-04
  17320   0.25143E-04
  17330   0.25268E-04
  17340   0.25394E-04
  17350   0.25529E-04
  17360   0.25656E-04
  17370   0.25793E-04
  17380   0.25928E-04
  17390   0.26065E-04
  17400   0.26205E-04
  17410   0.26349E-04
  17420   0.26501E-04
  17430   0.26650E-04
  17440   0.26800E-04
  17450   0.26956E-04
  17460   0.27122E-04
  17470   0.27285E-04
  17480   0.27455E-04
  17490   0.27633E-04
  17500   0.27804E-04
  17510   0.27988E-04
  17520   0.28173E-04
  17530   0.28358E-04
  17540   0.28550E-04
  17550   0.28752E-04
  17560   0.28951E-04
  17570   0.29154E-04
  17580   0.29356E-04
  17590   0.29559E-04
  17600   0.29776E-04
  17610   0.29982E-04
  17620   0.30198E-04
  17630   0.30417E-04
  17640   0.30636E-04
  17650   0.30848E-04
  17660   0.31069E-04
  17670   0.31288E-04
  17680   0.31507E-04
  17690   0.31736E-04
  17700   0.31952E-04
  17710   0.32175E-04
  17720   0.32395E-04
  17730   0.32617E-04
  17740   0.32837E-04
  17750   0.33062E-04
  17760   0.33273E-04
  17770   0.33486E-04
  17780   0.33706E-04
  17790   0.33926E-04
  17800   0.34143E-04
  17810   0.34342E-04
  17820   0.34560E-04
  17830   0.34769E-04
  17840   0.34981E-04
  17850   0.35172E-04
  17860   0.35382E-04
  17870   0.35583E-04
  17880   0.35786E-04
  17890   0.35985E-04
  17900   0.36184E-04
  17910   0.36377E-04
  17920   0.36580E-04
  17930   0.36767E-04
  17940   0.36962E-04
  17950   0.37151E-04
  17960   0.37349E-04
  17970   0.37537E-04
  17980   0.37735E-04
  17990   0.37921E-04
  18000   0.38120E-04
  18010   0.38308E-04
  18020   0.38495E-04
  18030   0.38690E-04
  18040   0.38877E-04
  18050   0.39074E-04
  18060   0.39260E-04
  18070   0.39460E-04
  18080   0.39646E-04
  18090   0.39836E-04
  18100   0.40036E-04
  18110   0.40227E-04
  18120   0.40419E-04
  18130   0.40606E-04
  18140   0.40798E-04
  18150   0.40991E-04
  18160   0.41186E-04
  18170   0.41374E-04
  18180   0.41563E-04
  18190   0.41746E-04
  18200   0.41938E-04
  18210   0.42125E-04
  18220   0.42306E-04
  18230   0.42482E-04
  18240   0.42669E-04
  18250   0.42845E-04
  18260   0.43020E-04
  18270   0.43196E-04
  18280   0.43370E-04
  18290   0.43538E-04
  18300   0.43704E-04
  18310   0.43869E-04
  18320   0.44030E-04
  18330   0.44186E-04
  18340   0.44339E-04
  18350   0.44490E-04
  18360   0.44636E-04
  18370   0.44781E-04
  18380   0.44924E-04
  18390   0.45056E-04
  18400   0.45190E-04
  18410   0.45318E-04
  18420   0.45443E-04
  18430   0.45567E-04
  18440   0.45681E-04
  18450   0.45794E-04
  18460   0.45898E-04
  18470   0.46002E-04
  18480   0.46100E-04
  18490   0.46189E-04
  18500   0.46276E-04
  18510   0.46359E-04
  18520   0.46434E-04
  18530   0.46510E-04
  18540   0.46577E-04
  18550   0.46635E-04
  18560   0.46695E-04
  18570   0.46745E-04
  18580   0.46784E-04
  18590   0.46831E-04
  18600   0.46862E-04
  18610   0.46887E-04
  18620   0.46916E-04
  18630   0.46931E-04
  18640   0.46943E-04
  18650   0.46955E-04
  18660   0.46956E-04
  18670   0.46957E-04
  18680   0.46951E-04
  18690   0.46945E-04
  18700   0.46929E-04
  18710   0.46917E-04
  18720   0.46906E-04
  18730   0.46879E-04
  18740   0.46859E-04
  18750   0.46839E-04
  18760   0.46817E-04
  18770   0.46792E-04
  18780   0.46769E-04
  18790   0.46747E-04
  18800   0.46727E-04
  18810   0.46717E-04
  18820   0.46702E-04
  18830   0.46694E-04
  18840   0.46695E-04
  18850   0.46696E-04
  18860   0.46711E-04
  18870   0.46731E-04
  18880   0.46757E-04
  18890   0.46793E-04
  18900   0.46837E-04
  18910   0.46894E-04
  18920   0.46963E-04
  18930   0.47042E-04
  18940   0.47136E-04
  18950   0.47250E-04
  18960   0.47368E-04
  18970   0.47505E-04
  18980   0.47653E-04
  18990   0.47821E-04
  19000   0.48004E-04
  19010   0.48201E-04
  19020   0.48420E-04
  19030   0.48650E-04
  19040   0.48896E-04
  19050   0.49164E-04
  19060   0.49447E-04
  19070   0.49743E-04
  19080   0.50056E-04
  19090   0.50387E-04
  19100   0.50738E-04
  19110   0.51093E-04
  19120   0.51469E-04
  19130   0.51861E-04
  19140   0.52266E-04
  19150   0.52681E-04
  19160   0.53110E-04
  19170   0.53552E-04
  19180   0.54005E-04
  19190   0.54466E-04
  19200   0.54940E-04
  19210   0.55417E-04
  19220   0.55902E-04
  19230   0.56401E-04
  19240   0.56900E-04
  19250   0.57406E-04
  19260   0.57920E-04
  19270   0.58433E-04
  19280   0.58954E-04
  19290   0.59470E-04
  19300   0.59995E-04
  19310   0.60519E-04
  19320   0.61040E-04
  19330   0.61563E-04
  19340   0.62085E-04
  19350   0.62602E-04
  19360   0.63119E-04
  19370   0.63635E-04
  19380   0.64143E-04
  19390   0.64649E-04
  19400   0.65151E-04
  19410   0.65643E-04
  19420   0.66138E-04
  19430   0.66619E-04
  19440   0.67101E-04
  19450   0.67575E-04
  19460   0.68037E-04
  19470   0.68498E-04
  19480   0.68951E-04
  19490   0.69392E-04
  19500   0.69822E-04
  19510   0.70252E-04
  19520   0.70675E-04
  19530   0.71082E-04
  19540   0.71483E-04
  19550   0.71880E-04
  19560   0.72261E-04
  19570   0.72631E-04
  19580   0.72996E-04
  19590   0.73352E-04
  19600   0.73701E-04
  19610   0.74033E-04
  19620   0.74360E-04
  19630   0.74674E-04
  19640   0.74978E-04
  19650   0.75270E-04
  19660   0.75560E-04
  19670   0.75829E-04
  19680   0.76097E-04
  19690   0.76354E-04
  19700   0.76594E-04
  19710   0.76826E-04
  19720   0.77045E-04
  19730   0.77254E-04
  19740   0.77464E-04
  19750   0.77645E-04
  19760   0.77832E-04
  19770   0.77996E-04
  19780   0.78155E-04
  19790   0.78303E-04
  19800   0.78437E-04
  19810   0.78558E-04
  19820   0.78677E-04
  19830   0.78779E-04
  19840   0.78874E-04
  19850   0.78956E-04
  19860   0.79025E-04
  19870   0.79083E-04
  19880   0.79125E-04
  19890   0.79166E-04
  19900   0.79192E-04
  19910   0.79207E-04
  19920   0.79202E-04
  19930   0.79203E-04
  19940   0.79184E-04
  19950   0.79150E-04
  19960   0.79113E-04
  19970   0.79058E-04
  19980   0.78997E-04
  19990   0.78930E-04
  20000   0.78846E-04
