     10   0.10473E-02
     20   0.88647E-03
     30   0.78136E-03
     40   0.70702E-03
     50   0.65075E-03
     60   0.60559E-03
     70   0.56748E-03
     80   0.53425E-03
     90   0.50466E-03
    100   0.47780E-03
    110   0.45452E-03
    120   0.43285E-03
    130   0.41257E-03
    140   0.39348E-03
    150   0.37543E-03
    160   0.35837E-03
    170   0.34220E-03
    180   0.32690E-03
    190   0.31238E-03
    200   0.29865E-03
    210   0.28584E-03
    220   0.27368E-03
    230   0.26221E-03
    240   0.25132E-03
    250   0.24105E-03
    260   0.23130E-03
    270   0.22211E-03
    280   0.21344E-03
    290   0.20525E-03
    300   0.19753E-03
    310   0.19032E-03
    320   0.18352E-03
    330   0.17709E-03
    340   0.17110E-03
    350   0.16551E-03
    360   0.16035E-03
    370   0.15567E-03
    380   0.15138E-03
    390   0.14754E-03
    400   0.14413E-03
    410   0.14113E-03
    420   0.13846E-03
    430   0.13611E-03
    440   0.13397E-03
    450   0.13201E-03
    460   0.13015E-03
    470   0.12833E-03
    480   0.12652E-03
    490   0.12468E-03
    500   0.12276E-03
    510   0.12081E-03
    520   0.11878E-03
    530   0.11672E-03
    540   0.11462E-03
    550   0.11251E-03
    560   0.11046E-03
    570   0.10850E-03
    580   0.10667E-03
    590   0.10500E-03
    600   0.10355E-03
    610   0.10234E-03
    620   0.10138E-03
    630   0.10067E-03
    640   0.10023E-03
    650   0.10005E-03
    660   0.10010E-03
    670   0.10037E-03
    680   0.10082E-03
    690   0.10144E-03
    700   0.10219E-03
    710   0.10304E-03
    720   0.10396E-03
    730   0.10494E-03
    740   0.10594E-03
    750   0.10693E-03
    760   0.10787E-03
    770   0.10878E-03
    780   0.10962E-03
    790   0.11037E-03
    800   0.11104E-03
    810   0.11158E-03
    820   0.11201E-03
    830   0.11231E-03
    840   0.11248E-03
    850   0.11253E-03
    860   0.11243E-03
    870   0.11220E-03
    880   0.11184E-03
    890   0.11136E-03
    900   0.11076E-03
    910   0.11004E-03
    920   0.10921E-03
    930   0.10830E-03
    940   0.10730E-03
    950   0.10622E-03
    960   0.10507E-03
    970   0.10388E-03
    980   0.10265E-03
    990   0.10140E-03
   1000   0.10014E-03
   1010   0.98911E-04
   1020   0.97722E-04
   1030   0.96565E-04
   1040   0.95499E-04
   1050   0.94523E-04
   1060   0.93636E-04
   1070   0.92897E-04
   1080   0.92269E-04
   1090   0.91803E-04
   1100   0.91477E-04
   1110   0.91314E-04
   1120   0.91303E-04
   1130   0.91424E-04
   1140   0.91698E-04
   1150   0.92100E-04
   1160   0.92612E-04
   1170   0.93224E-04
   1180   0.93924E-04
   1190   0.94681E-04
   1200   0.95497E-04
   1210   0.96342E-04
   1220   0.97210E-04
   1230   0.98071E-04
   1240   0.98909E-04
   1250   0.99734E-04
   1260   0.10052E-03
   1270   0.10127E-03
   1280   0.10195E-03
   1290   0.10258E-03
   1300   0.10314E-03
   1310   0.10366E-03
   1320   0.10410E-03
   1330   0.10449E-03
   1340   0.10481E-03
   1350   0.10509E-03
   1360   0.10530E-03
   1370   0.10549E-03
   1380   0.10563E-03
   1390   0.10575E-03
   1400   0.10586E-03
   1410   0.10595E-03
   1420   0.10603E-03
   1430   0.10613E-03
   1440   0.10624E-03
   1450   0.10638E-03
   1460   0.10653E-03
   1470   0.10673E-03
   1480   0.10695E-03
   1490   0.10721E-03
   1500   0.10751E-03
   1510   0.10785E-03
   1520   0.10822E-03
   1530   0.10862E-03
   1540   0.10906E-03
   1550   0.10949E-03
   1560   0.10996E-03
   1570   0.11042E-03
   1580   0.11088E-03
   1590   0.11134E-03
   1600   0.11178E-03
   1610   0.11218E-03
   1620   0.11256E-03
   1630   0.11290E-03
   1640   0.11317E-03
   1650   0.11338E-03
   1660   0.11355E-03
   1670   0.11366E-03
   1680   0.11369E-03
   1690   0.11366E-03
   1700   0.11358E-03
   1710   0.11340E-03
   1720   0.11318E-03
   1730   0.11290E-03
   1740   0.11257E-03
   1750   0.11219E-03
   1760   0.11176E-03
   1770   0.11129E-03
   1780   0.11081E-03
   1790   0.11032E-03
   1800   0.10981E-03
   1810   0.10930E-03
   1820   0.10881E-03
   1830   0.10835E-03
   1840   0.10792E-03
   1850   0.10754E-03
   1860   0.10721E-03
   1870   0.10694E-03
   1880   0.10677E-03
   1890   0.10665E-03
   1900   0.10663E-03
   1910   0.10670E-03
   1920   0.10688E-03
   1930   0.10715E-03
   1940   0.10753E-03
   1950   0.10802E-03
   1960   0.10861E-03
   1970   0.10928E-03
   1980   0.11008E-03
   1990   0.11094E-03
   2000   0.11191E-03
   2010   0.11294E-03
   2020   0.11406E-03
   2030   0.11524E-03
   2040   0.11648E-03
   2050   0.11775E-03
   2060   0.11909E-03
   2070   0.12044E-03
   2080   0.12182E-03
   2090   0.12322E-03
   2100   0.12461E-03
   2110   0.12604E-03
   2120   0.12742E-03
   2130   0.12879E-03
   2140   0.13016E-03
   2150   0.13149E-03
   2160   0.13279E-03
   2170   0.13406E-03
   2180   0.13528E-03
   2190   0.13646E-03
   2200   0.13759E-03
   2210   0.13868E-03
   2220   0.13974E-03
   2230   0.14071E-03
   2240   0.14165E-03
   2250   0.14253E-03
   2260   0.14335E-03
   2270   0.14413E-03
   2280   0.14486E-03
   2290   0.14550E-03
   2300   0.14612E-03
   2310   0.14669E-03
   2320   0.14717E-03
   2330   0.14763E-03
   2340   0.14803E-03
   2350   0.14840E-03
   2360   0.14870E-03
   2370   0.14896E-03
   2380   0.14917E-03
   2390   0.14934E-03
   2400   0.14946E-03
   2410   0.14955E-03
   2420   0.14959E-03
   2430   0.14959E-03
   2440   0.14955E-03
   2450   0.14948E-03
   2460   0.14935E-03
   2470   0.14922E-03
   2480   0.14902E-03
   2490   0.14882E-03
   2500   0.14854E-03
   2510   0.14825E-03
   2520   0.14795E-03
   2530   0.14760E-03
   2540   0.14720E-03
   2550   0.14679E-03
   2560   0.14632E-03
   2570   0.14586E-03
   2580   0.14532E-03
   2590   0.14478E-03
   2600   0.14420E-03
   2610   0.14360E-03
   2620   0.14298E-03
   2630   0.14235E-03
   2640   0.14165E-03
   2650   0.14097E-03
   2660   0.14024E-03
   2670   0.13949E-03
   2680   0.13873E-03
   2690   0.13793E-03
   2700   0.13714E-03
   2710   0.13631E-03
   2720   0.13544E-03
   2730   0.13455E-03
   2740   0.13369E-03
   2750   0.13278E-03
   2760   0.13187E-03
   2770   0.13092E-03
   2780   0.12999E-03
   2790   0.12904E-03
   2800   0.12806E-03
   2810   0.12706E-03
   2820   0.12607E-03
   2830   0.12503E-03
   2840   0.12402E-03
   2850   0.12297E-03
   2860   0.12192E-03
   2870   0.12086E-03
   2880   0.11978E-03
   2890   0.11870E-03
   2900   0.11760E-03
   2910   0.11651E-03
   2920   0.11542E-03
   2930   0.11429E-03
   2940   0.11319E-03
   2950   0.11206E-03
   2960   0.11097E-03
   2970   0.10982E-03
   2980   0.10871E-03
   2990   0.10761E-03
   3000   0.10649E-03
   3010   0.10538E-03
   3020   0.10429E-03
   3030   0.10320E-03
   3040   0.10212E-03
   3050   0.10108E-03
   3060   0.10002E-03
   3070   0.98976E-04
   3080   0.97948E-04
   3090   0.96935E-04
   3100   0.95934E-04
   3110   0.94960E-04
   3120   0.94003E-04
   3130   0.93058E-04
   3140   0.92125E-04
   3150   0.91239E-04
   3160   0.90339E-04
   3170   0.89492E-04
   3180   0.88645E-04
   3190   0.87841E-04
   3200   0.87013E-04
   3210   0.86235E-04
   3220   0.85466E-04
   3230   0.84715E-04
   3240   0.84013E-04
   3250   0.83267E-04
   3260   0.82575E-04
   3270   0.81885E-04
   3280   0.81230E-04
   3290   0.80584E-04
   3300   0.79958E-04
   3310   0.79332E-04
   3320   0.78743E-04
   3330   0.78137E-04
   3340   0.77562E-04
   3350   0.76987E-04
   3360   0.76425E-04
   3370   0.75887E-04
   3380   0.75352E-04
   3390   0.74845E-04
   3400   0.74329E-04
   3410   0.73813E-04
   3420   0.73337E-04
   3430   0.72849E-04
   3440   0.72370E-04
   3450   0.71899E-04
   3460   0.71447E-04
   3470   0.70991E-04
   3480   0.70561E-04
   3490   0.70117E-04
   3500   0.69693E-04
   3510   0.69282E-04
   3520   0.68882E-04
   3530   0.68478E-04
   3540   0.68099E-04
   3550   0.67701E-04
   3560   0.67338E-04
   3570   0.66982E-04
   3580   0.66624E-04
   3590   0.66275E-04
   3600   0.65919E-04
   3610   0.65603E-04
   3620   0.65284E-04
   3630   0.64963E-04
   3640   0.64659E-04
   3650   0.64335E-04
   3660   0.64055E-04
   3670   0.63771E-04
   3680   0.63511E-04
   3690   0.63237E-04
   3700   0.62981E-04
   3710   0.62713E-04
   3720   0.62466E-04
   3730   0.62251E-04
   3740   0.62004E-04
   3750   0.61783E-04
   3760   0.61564E-04
   3770   0.61343E-04
   3780   0.61154E-04
   3790   0.60967E-04
   3800   0.60756E-04
   3810   0.60585E-04
   3820   0.60399E-04
   3830   0.60224E-04
   3840   0.60066E-04
   3850   0.59909E-04
   3860   0.59744E-04
   3870   0.59594E-04
   3880   0.59444E-04
   3890   0.59311E-04
   3900   0.59174E-04
   3910   0.59021E-04
   3920   0.58924E-04
   3930   0.58799E-04
   3940   0.58673E-04
   3950   0.58575E-04
   3960   0.58444E-04
   3970   0.58348E-04
   3980   0.58253E-04
   3990   0.58168E-04
   4000   0.58067E-04
   4010   0.57989E-04
   4020   0.57907E-04
   4030   0.57809E-04
   4040   0.57769E-04
   4050   0.57691E-04
   4060   0.57635E-04
   4070   0.57571E-04
   4080   0.57511E-04
   4090   0.57484E-04
   4100   0.57411E-04
   4110   0.57377E-04
   4120   0.57349E-04
   4130   0.57305E-04
   4140   0.57288E-04
   4150   0.57255E-04
   4160   0.57240E-04
   4170   0.57225E-04
   4180   0.57226E-04
   4190   0.57203E-04
   4200   0.57204E-04
   4210   0.57215E-04
   4220   0.57223E-04
   4230   0.57221E-04
   4240   0.57241E-04
   4250   0.57256E-04
   4260   0.57293E-04
   4270   0.57311E-04
   4280   0.57337E-04
   4290   0.57374E-04
   4300   0.57428E-04
   4310   0.57479E-04
   4320   0.57517E-04
   4330   0.57562E-04
   4340   0.57609E-04
   4350   0.57674E-04
   4360   0.57747E-04
   4370   0.57799E-04
   4380   0.57860E-04
   4390   0.57938E-04
   4400   0.58016E-04
   4410   0.58091E-04
   4420   0.58153E-04
   4430   0.58232E-04
   4440   0.58335E-04
   4450   0.58400E-04
   4460   0.58496E-04
   4470   0.58561E-04
   4480   0.58666E-04
   4490   0.58755E-04
   4500   0.58841E-04
   4510   0.58924E-04
   4520   0.59015E-04
   4530   0.59103E-04
   4540   0.59198E-04
   4550   0.59282E-04
   4560   0.59384E-04
   4570   0.59479E-04
   4580   0.59559E-04
   4590   0.59655E-04
   4600   0.59740E-04
   4610   0.59814E-04
   4620   0.59898E-04
   4630   0.59985E-04
   4640   0.60075E-04
   4650   0.60149E-04
   4660   0.60233E-04
   4670   0.60300E-04
   4680   0.60382E-04
   4690   0.60449E-04
   4700   0.60532E-04
   4710   0.60586E-04
   4720   0.60651E-04
   4730   0.60713E-04
   4740   0.60762E-04
   4750   0.60795E-04
   4760   0.60853E-04
   4770   0.60913E-04
   4780   0.60960E-04
   4790   0.60983E-04
   4800   0.61024E-04
   4810   0.61053E-04
   4820   0.61079E-04
   4830   0.61106E-04
   4840   0.61113E-04
   4850   0.61128E-04
   4860   0.61120E-04
   4870   0.61126E-04
   4880   0.61131E-04
   4890   0.61134E-04
   4900   0.61117E-04
   4910   0.61094E-04
   4920   0.61079E-04
   4930   0.61050E-04
   4940   0.61021E-04
   4950   0.61001E-04
   4960   0.60955E-04
   4970   0.60925E-04
   4980   0.60881E-04
   4990   0.60805E-04
   5000   0.60746E-04
   5010   0.60696E-04
   5020   0.60648E-04
   5030   0.60572E-04
   5040   0.60501E-04
   5050   0.60421E-04
   5060   0.60352E-04
   5070   0.60271E-04
   5080   0.60191E-04
   5090   0.60103E-04
   5100   0.60017E-04
   5110   0.59924E-04
   5120   0.59837E-04
   5130   0.59740E-04
   5140   0.59639E-04
   5150   0.59544E-04
   5160   0.59443E-04
   5170   0.59327E-04
   5180   0.59238E-04
   5190   0.59138E-04
   5200   0.59024E-04
   5210   0.58909E-04
   5220   0.58799E-04
   5230   0.58685E-04
   5240   0.58602E-04
   5250   0.58490E-04
   5260   0.58367E-04
   5270   0.58267E-04
   5280   0.58160E-04
   5290   0.58063E-04
   5300   0.57957E-04
   5310   0.57853E-04
   5320   0.57743E-04
   5330   0.57661E-04
   5340   0.57553E-04
   5350   0.57460E-04
   5360   0.57364E-04
   5370   0.57265E-04
   5380   0.57177E-04
   5390   0.57080E-04
   5400   0.56995E-04
   5410   0.56918E-04
   5420   0.56832E-04
   5430   0.56770E-04
   5440   0.56679E-04
   5450   0.56603E-04
   5460   0.56543E-04
   5470   0.56467E-04
   5480   0.56410E-04
   5490   0.56333E-04
   5500   0.56273E-04
   5510   0.56230E-04
   5520   0.56167E-04
   5530   0.56118E-04
   5540   0.56059E-04
   5550   0.56020E-04
   5560   0.55973E-04
   5570   0.55931E-04
   5580   0.55895E-04
   5590   0.55857E-04
   5600   0.55825E-04
   5610   0.55801E-04
   5620   0.55765E-04
   5630   0.55747E-04
   5640   0.55716E-04
   5650   0.55701E-04
   5660   0.55675E-04
   5670   0.55678E-04
   5680   0.55643E-04
   5690   0.55639E-04
   5700   0.55622E-04
   5710   0.55617E-04
   5720   0.55626E-04
   5730   0.55601E-04
   5740   0.55602E-04
   5750   0.55602E-04
   5760   0.55607E-04
   5770   0.55595E-04
   5780   0.55607E-04
   5790   0.55599E-04
   5800   0.55611E-04
   5810   0.55613E-04
   5820   0.55622E-04
   5830   0.55631E-04
   5840   0.55626E-04
   5850   0.55647E-04
   5860   0.55654E-04
   5870   0.55659E-04
   5880   0.55673E-04
   5890   0.55686E-04
   5900   0.55681E-04
   5910   0.55694E-04
   5920   0.55703E-04
   5930   0.55722E-04
   5940   0.55715E-04
   5950   0.55737E-04
   5960   0.55741E-04
   5970   0.55745E-04
   5980   0.55760E-04
   5990   0.55761E-04
   6000   0.55748E-04
   6010   0.55771E-04
   6020   0.55787E-04
   6030   0.55777E-04
   6040   0.55781E-04
   6050   0.55785E-04
   6060   0.55794E-04
   6070   0.55782E-04
   6080   0.55803E-04
   6090   0.55800E-04
   6100   0.55801E-04
   6110   0.55795E-04
   6120   0.55789E-04
   6130   0.55799E-04
   6140   0.55782E-04
   6150   0.55794E-04
   6160   0.55779E-04
   6170   0.55758E-04
   6180   0.55757E-04
   6190   0.55744E-04
   6200   0.55741E-04
   6210   0.55732E-04
   6220   0.55703E-04
   6230   0.55692E-04
   6240   0.55680E-04
   6250   0.55659E-04
   6260   0.55636E-04
   6270   0.55633E-04
   6280   0.55602E-04
   6290   0.55592E-04
   6300   0.55571E-04
   6310   0.55549E-04
   6320   0.55517E-04
   6330   0.55507E-04
   6340   0.55467E-04
   6350   0.55439E-04
   6360   0.55400E-04
   6370   0.55374E-04
   6380   0.55347E-04
   6390   0.55318E-04
   6400   0.55277E-04
   6410   0.55248E-04
   6420   0.55200E-04
   6430   0.55147E-04
   6440   0.55125E-04
   6450   0.55072E-04
   6460   0.55020E-04
   6470   0.54973E-04
   6480   0.54920E-04
   6490   0.54877E-04
   6500   0.54813E-04
   6510   0.54754E-04
   6520   0.54704E-04
   6530   0.54639E-04
   6540   0.54573E-04
   6550   0.54512E-04
   6560   0.54444E-04
   6570   0.54375E-04
   6580   0.54301E-04
   6590   0.54225E-04
   6600   0.54152E-04
   6610   0.54064E-04
   6620   0.53988E-04
   6630   0.53893E-04
   6640   0.53807E-04
   6650   0.53727E-04
   6660   0.53628E-04
   6670   0.53530E-04
   6680   0.53439E-04
   6690   0.53345E-04
   6700   0.53236E-04
   6710   0.53148E-04
   6720   0.53048E-04
   6730   0.52934E-04
   6740   0.52816E-04
   6750   0.52710E-04
   6760   0.52594E-04
   6770   0.52495E-04
   6780   0.52374E-04
   6790   0.52264E-04
   6800   0.52145E-04
   6810   0.52035E-04
   6820   0.51911E-04
   6830   0.51776E-04
   6840   0.51676E-04
   6850   0.51557E-04
   6860   0.51432E-04
   6870   0.51321E-04
   6880   0.51196E-04
   6890   0.51074E-04
   6900   0.50962E-04
   6910   0.50840E-04
   6920   0.50704E-04
   6930   0.50589E-04
   6940   0.50467E-04
   6950   0.50359E-04
   6960   0.50246E-04
   6970   0.50139E-04
   6980   0.50026E-04
   6990   0.49906E-04
   7000   0.49803E-04
   7010   0.49689E-04
   7020   0.49589E-04
   7030   0.49481E-04
   7040   0.49388E-04
   7050   0.49282E-04
   7060   0.49169E-04
   7070   0.49095E-04
   7080   0.48997E-04
   7090   0.48898E-04
   7100   0.48800E-04
   7110   0.48722E-04
   7120   0.48634E-04
   7130   0.48548E-04
   7140   0.48471E-04
   7150   0.48388E-04
   7160   0.48313E-04
   7170   0.48223E-04
   7180   0.48150E-04
   7190   0.48077E-04
   7200   0.48005E-04
   7210   0.47937E-04
   7220   0.47863E-04
   7230   0.47799E-04
   7240   0.47742E-04
   7250   0.47677E-04
   7260   0.47604E-04
   7270   0.47541E-04
   7280   0.47468E-04
   7290   0.47416E-04
   7300   0.47366E-04
   7310   0.47321E-04
   7320   0.47256E-04
   7330   0.47184E-04
   7340   0.47137E-04
   7350   0.47082E-04
   7360   0.47013E-04
   7370   0.46967E-04
   7380   0.46905E-04
   7390   0.46857E-04
   7400   0.46824E-04
   7410   0.46776E-04
   7420   0.46725E-04
   7430   0.46676E-04
   7440   0.46612E-04
   7450   0.46550E-04
   7460   0.46526E-04
   7470   0.46471E-04
   7480   0.46437E-04
   7490   0.46390E-04
   7500   0.46345E-04
   7510   0.46294E-04
   7520   0.46263E-04
   7530   0.46227E-04
   7540   0.46171E-04
   7550   0.46123E-04
   7560   0.46082E-04
   7570   0.46048E-04
   7580   0.46009E-04
   7590   0.45960E-04
   7600   0.45930E-04
   7610   0.45891E-04
   7620   0.45851E-04
   7630   0.45809E-04
   7640   0.45788E-04
   7650   0.45748E-04
   7660   0.45714E-04
   7670   0.45682E-04
   7680   0.45618E-04
   7690   0.45595E-04
   7700   0.45561E-04
   7710   0.45516E-04
   7720   0.45471E-04
   7730   0.45435E-04
   7740   0.45398E-04
   7750   0.45371E-04
   7760   0.45321E-04
   7770   0.45293E-04
   7780   0.45262E-04
   7790   0.45233E-04
   7800   0.45183E-04
   7810   0.45141E-04
   7820   0.45111E-04
   7830   0.45068E-04
   7840   0.45039E-04
   7850   0.44987E-04
   7860   0.44955E-04
   7870   0.44928E-04
   7880   0.44872E-04
   7890   0.44830E-04
   7900   0.44808E-04
   7910   0.44756E-04
   7920   0.44723E-04
   7930   0.44684E-04
   7940   0.44634E-04
   7950   0.44590E-04
   7960   0.44545E-04
   7970   0.44499E-04
   7980   0.44467E-04
   7990   0.44417E-04
   8000   0.44385E-04
   8010   0.44333E-04
   8020   0.44291E-04
   8030   0.44243E-04
   8040   0.44203E-04
   8050   0.44154E-04
   8060   0.44108E-04
   8070   0.44061E-04
   8080   0.44001E-04
   8090   0.43963E-04
   8100   0.43913E-04
   8110   0.43875E-04
   8120   0.43824E-04
   8130   0.43772E-04
   8140   0.43712E-04
   8150   0.43676E-04
   8160   0.43608E-04
   8170   0.43571E-04
   8180   0.43519E-04
   8190   0.43456E-04
   8200   0.43395E-04
   8210   0.43356E-04
   8220   0.43298E-04
   8230   0.43241E-04
   8240   0.43182E-04
   8250   0.43121E-04
   8260   0.43064E-04
   8270   0.43014E-04
   8280   0.42962E-04
   8290   0.42896E-04
   8300   0.42846E-04
   8310   0.42770E-04
   8320   0.42717E-04
   8330   0.42671E-04
   8340   0.42593E-04
   8350   0.42540E-04
   8360   0.42476E-04
   8370   0.42404E-04
   8380   0.42346E-04
   8390   0.42284E-04
   8400   0.42220E-04
   8410   0.42164E-04
   8420   0.42101E-04
   8430   0.42038E-04
   8440   0.41965E-04
   8450   0.41900E-04
   8460   0.41828E-04
   8470   0.41763E-04
   8480   0.41688E-04
   8490   0.41618E-04
   8500   0.41569E-04
   8510   0.41486E-04
   8520   0.41435E-04
   8530   0.41358E-04
   8540   0.41290E-04
   8550   0.41224E-04
   8560   0.41152E-04
   8570   0.41081E-04
   8580   0.40990E-04
   8590   0.40919E-04
   8600   0.40856E-04
   8610   0.40806E-04
   8620   0.40728E-04
   8630   0.40659E-04
   8640   0.40569E-04
   8650   0.40508E-04
   8660   0.40436E-04
   8670   0.40370E-04
   8680   0.40290E-04
   8690   0.40209E-04
   8700   0.40144E-04
   8710   0.40077E-04
   8720   0.40028E-04
   8730   0.39931E-04
   8740   0.39851E-04
   8750   0.39780E-04
   8760   0.39716E-04
   8770   0.39639E-04
   8780   0.39555E-04
   8790   0.39484E-04
   8800   0.39403E-04
   8810   0.39336E-04
   8820   0.39265E-04
   8830   0.39183E-04
   8840   0.39114E-04
   8850   0.39036E-04
   8860   0.38955E-04
   8870   0.38870E-04
   8880   0.38803E-04
   8890   0.38731E-04
   8900   0.38651E-04
   8910   0.38561E-04
   8920   0.38493E-04
   8930   0.38413E-04
   8940   0.38342E-04
   8950   0.38244E-04
   8960   0.38176E-04
   8970   0.38091E-04
   8980   0.38029E-04
   8990   0.37932E-04
   9000   0.37855E-04
   9010   0.37790E-04
   9020   0.37692E-04
   9030   0.37619E-04
   9040   0.37542E-04
   9050   0.37468E-04
   9060   0.37368E-04
   9070   0.37306E-04
   9080   0.37221E-04
   9090   0.37128E-04
   9100   0.37053E-04
   9110   0.36966E-04
   9120   0.36882E-04
   9130   0.36804E-04
   9140   0.36721E-04
   9150   0.36642E-04
   9160   0.36557E-04
   9170   0.36481E-04
   9180   0.36391E-04
   9190   0.36295E-04
   9200   0.36205E-04
   9210   0.36151E-04
   9220   0.36040E-04
   9230   0.35961E-04
   9240   0.35877E-04
   9250   0.35790E-04
   9260   0.35707E-04
   9270   0.35643E-04
   9280   0.35545E-04
   9290   0.35445E-04
   9300   0.35357E-04
   9310   0.35269E-04
   9320   0.35191E-04
   9330   0.35098E-04
   9340   0.35020E-04
   9350   0.34940E-04
   9360   0.34847E-04
   9370   0.34754E-04
   9380   0.34670E-04
   9390   0.34582E-04
   9400   0.34481E-04
   9410   0.34398E-04
   9420   0.34323E-04
   9430   0.34228E-04
   9440   0.34143E-04
   9450   0.34042E-04
   9460   0.33968E-04
   9470   0.33872E-04
   9480   0.33790E-04
   9490   0.33692E-04
   9500   0.33612E-04
   9510   0.33495E-04
   9520   0.33429E-04
   9530   0.33333E-04
   9540   0.33230E-04
   9550   0.33134E-04
   9560   0.33043E-04
   9570   0.32954E-04
   9580   0.32852E-04
   9590   0.32766E-04
   9600   0.32664E-04
   9610   0.32584E-04
   9620   0.32496E-04
   9630   0.32398E-04
   9640   0.32314E-04
   9650   0.32222E-04
   9660   0.32131E-04
   9670   0.32026E-04
   9680   0.31939E-04
   9690   0.31847E-04
   9700   0.31750E-04
   9710   0.31654E-04
   9720   0.31560E-04
   9730   0.31464E-04
   9740   0.31354E-04
   9750   0.31257E-04
   9760   0.31180E-04
   9770   0.31089E-04
   9780   0.30991E-04
   9790   0.30913E-04
   9800   0.30808E-04
   9810   0.30728E-04
   9820   0.30621E-04
   9830   0.30538E-04
   9840   0.30440E-04
   9850   0.30350E-04
   9860   0.30258E-04
   9870   0.30172E-04
   9880   0.30070E-04
   9890   0.29988E-04
   9900   0.29895E-04
   9910   0.29799E-04
   9920   0.29703E-04
   9930   0.29617E-04
   9940   0.29528E-04
   9950   0.29453E-04
   9960   0.29367E-04
   9970   0.29258E-04
   9980   0.29172E-04
   9990   0.29099E-04
  10000   0.28992E-04
  10010   0.28932E-04
  10020   0.28831E-04
  10030   0.28756E-04
  10040   0.28651E-04
  10050   0.28570E-04
  10060   0.28474E-04
  10070   0.28403E-04
  10080   0.28318E-04
  10090   0.28221E-04
  10100   0.28140E-04
  10110   0.28063E-04
  10120   0.27980E-04
  10130   0.27903E-04
  10140   0.27813E-04
  10150   0.27739E-04
  10160   0.27645E-04
  10170   0.27564E-04
  10180   0.27500E-04
  10190   0.27404E-04
  10200   0.27335E-04
  10210   0.27254E-04
  10220   0.27184E-04
  10230   0.27105E-04
  10240   0.27013E-04
  10250   0.26959E-04
  10260   0.26861E-04
  10270   0.26787E-04
  10280   0.26717E-04
  10290   0.26640E-04
  10300   0.26576E-04
  10310   0.26490E-04
  10320   0.26426E-04
  10330   0.26365E-04
  10340   0.26278E-04
  10350   0.26200E-04
  10360   0.26143E-04
  10370   0.26052E-04
  10380   0.25986E-04
  10390   0.25933E-04
  10400   0.25843E-04
  10410   0.25774E-04
  10420   0.25699E-04
  10430   0.25643E-04
  10440   0.25587E-04
  10450   0.25510E-04
  10460   0.25442E-04
  10470   0.25368E-04
  10480   0.25292E-04
  10490   0.25229E-04
  10500   0.25167E-04
  10510   0.25095E-04
  10520   0.25015E-04
  10530   0.24957E-04
  10540   0.24889E-04
  10550   0.24802E-04
  10560   0.24738E-04
  10570   0.24664E-04
  10580   0.24615E-04
  10590   0.24535E-04
  10600   0.24475E-04
  10610   0.24419E-04
  10620   0.24334E-04
  10630   0.24273E-04
  10640   0.24190E-04
  10650   0.24130E-04
  10660   0.24055E-04
  10670   0.23986E-04
  10680   0.23910E-04
  10690   0.23850E-04
  10700   0.23768E-04
  10710   0.23714E-04
  10720   0.23620E-04
  10730   0.23573E-04
  10740   0.23505E-04
  10750   0.23419E-04
  10760   0.23347E-04
  10770   0.23269E-04
  10780   0.23202E-04
  10790   0.23118E-04
  10800   0.23043E-04
  10810   0.22986E-04
  10820   0.22910E-04
  10830   0.22828E-04
  10840   0.22751E-04
  10850   0.22666E-04
  10860   0.22584E-04
  10870   0.22525E-04
  10880   0.22438E-04
  10890   0.22368E-04
  10900   0.22283E-04
  10910   0.22192E-04
  10920   0.22128E-04
  10930   0.22050E-04
  10940   0.21969E-04
  10950   0.21890E-04
  10960   0.21798E-04
  10970   0.21725E-04
  10980   0.21650E-04
  10990   0.21551E-04
  11000   0.21487E-04
  11010   0.21397E-04
  11020   0.21320E-04
  11030   0.21222E-04
  11040   0.21146E-04
  11050   0.21058E-04
  11060   0.20970E-04
  11070   0.20879E-04
  11080   0.20790E-04
  11090   0.20722E-04
  11100   0.20650E-04
  11110   0.20549E-04
  11120   0.20480E-04
  11130   0.20376E-04
  11140   0.20309E-04
  11150   0.20211E-04
  11160   0.20116E-04
  11170   0.20040E-04
  11180   0.19951E-04
  11190   0.19852E-04
  11200   0.19771E-04
  11210   0.19700E-04
  11220   0.19603E-04
  11230   0.19520E-04
  11240   0.19423E-04
  11250   0.19351E-04
  11260   0.19254E-04
  11270   0.19191E-04
  11280   0.19070E-04
  11290   0.19016E-04
  11300   0.18926E-04
  11310   0.18835E-04
  11320   0.18759E-04
  11330   0.18665E-04
  11340   0.18588E-04
  11350   0.18503E-04
  11360   0.18412E-04
  11370   0.18337E-04
  11380   0.18257E-04
  11390   0.18168E-04
  11400   0.18081E-04
  11410   0.18017E-04
  11420   0.17918E-04
  11430   0.17830E-04
  11440   0.17753E-04
  11450   0.17663E-04
  11460   0.17586E-04
  11470   0.17507E-04
  11480   0.17415E-04
  11490   0.17336E-04
  11500   0.17251E-04
  11510   0.17178E-04
  11520   0.17092E-04
  11530   0.17007E-04
  11540   0.16937E-04
  11550   0.16849E-04
  11560   0.16773E-04
  11570   0.16688E-04
  11580   0.16610E-04
  11590   0.16525E-04
  11600   0.16451E-04
  11610   0.16381E-04
  11620   0.16291E-04
  11630   0.16220E-04
  11640   0.16145E-04
  11650   0.16061E-04
  11660   0.15986E-04
  11670   0.15896E-04
  11680   0.15827E-04
  11690   0.15752E-04
  11700   0.15676E-04
  11710   0.15596E-04
  11720   0.15512E-04
  11730   0.15444E-04
  11740   0.15362E-04
  11750   0.15294E-04
  11760   0.15203E-04
  11770   0.15119E-04
  11780   0.15057E-04
  11790   0.14984E-04
  11800   0.14920E-04
  11810   0.14832E-04
  11820   0.14755E-04
  11830   0.14674E-04
  11840   0.14607E-04
  11850   0.14521E-04
  11860   0.14452E-04
  11870   0.14383E-04
  11880   0.14301E-04
  11890   0.14239E-04
  11900   0.14150E-04
  11910   0.14079E-04
  11920   0.14009E-04
  11930   0.13929E-04
  11940   0.13843E-04
  11950   0.13777E-04
  11960   0.13708E-04
  11970   0.13636E-04
  11980   0.13568E-04
  11990   0.13494E-04
  12000   0.13422E-04
  12010   0.13347E-04
  12020   0.13274E-04
  12030   0.13207E-04
  12040   0.13133E-04
  12050   0.13065E-04
  12060   0.12978E-04
  12070   0.12900E-04
  12080   0.12828E-04
  12090   0.12775E-04
  12100   0.12697E-04
  12110   0.12632E-04
  12120   0.12558E-04
  12130   0.12484E-04
  12140   0.12406E-04
  12150   0.12345E-04
  12160   0.12282E-04
  12170   0.12202E-04
  12180   0.12132E-04
  12190   0.12068E-04
  12200   0.11998E-04
  12210   0.11932E-04
  12220   0.11856E-04
  12230   0.11792E-04
  12240   0.11727E-04
  12250   0.11648E-04
  12260   0.11590E-04
  12270   0.11532E-04
  12280   0.11466E-04
  12290   0.11392E-04
  12300   0.11323E-04
  12310   0.11252E-04
  12320   0.11193E-04
  12330   0.11128E-04
  12340   0.11049E-04
  12350   0.10986E-04
  12360   0.10920E-04
  12370   0.10847E-04
  12380   0.10800E-04
  12390   0.10722E-04
  12400   0.10667E-04
  12410   0.10602E-04
  12420   0.10538E-04
  12430   0.10482E-04
  12440   0.10408E-04
  12450   0.10335E-04
  12460   0.10270E-04
  12470   0.10233E-04
  12480   0.10156E-04
  12490   0.10100E-04
  12500   0.10029E-04
  12510   0.99695E-05
  12520   0.99055E-05
  12530   0.98429E-05
  12540   0.97925E-05
  12550   0.97281E-05
  12560   0.96728E-05
  12570   0.96082E-05
  12580   0.95507E-05
  12590   0.94793E-05
  12600   0.94325E-05
  12610   0.93590E-05
  12620   0.93007E-05
  12630   0.92369E-05
  12640   0.91786E-05
  12650   0.91270E-05
  12660   0.90702E-05
  12670   0.90121E-05
  12680   0.89404E-05
  12690   0.88878E-05
  12700   0.88282E-05
  12710   0.87652E-05
  12720   0.87177E-05
  12730   0.86654E-05
  12740   0.86004E-05
  12750   0.85489E-05
  12760   0.84898E-05
  12770   0.84341E-05
  12780   0.83859E-05
  12790   0.83255E-05
  12800   0.82738E-05
  12810   0.82090E-05
  12820   0.81601E-05
  12830   0.81094E-05
  12840   0.80538E-05
  12850   0.79970E-05
  12860   0.79426E-05
  12870   0.78764E-05
  12880   0.78317E-05
  12890   0.77871E-05
  12900   0.77386E-05
  12910   0.76897E-05
  12920   0.76341E-05
  12930   0.75716E-05
  12940   0.75189E-05
  12950   0.74817E-05
  12960   0.74302E-05
  12970   0.73718E-05
  12980   0.73182E-05
  12990   0.72728E-05
  13000   0.72232E-05
  13010   0.71734E-05
  13020   0.71282E-05
  13030   0.70833E-05
  13040   0.70213E-05
  13050   0.69795E-05
  13060   0.69279E-05
  13070   0.68729E-05
  13080   0.68292E-05
  13090   0.67844E-05
  13100   0.67406E-05
  13110   0.66845E-05
  13120   0.66466E-05
  13130   0.65983E-05
  13140   0.65530E-05
  13150   0.65152E-05
  13160   0.64620E-05
  13170   0.64156E-05
  13180   0.63651E-05
  13190   0.63247E-05
  13200   0.62815E-05
  13210   0.62330E-05
  13220   0.62013E-05
  13230   0.61628E-05
  13240   0.61120E-05
  13250   0.60619E-05
  13260   0.60081E-05
  13270   0.59729E-05
  13280   0.59338E-05
  13290   0.58964E-05
  13300   0.58625E-05
  13310   0.58097E-05
  13320   0.57756E-05
  13330   0.57196E-05
  13340   0.56762E-05
  13350   0.56423E-05
  13360   0.56162E-05
  13370   0.55707E-05
  13380   0.55332E-05
  13390   0.54958E-05
  13400   0.54592E-05
  13410   0.54081E-05
  13420   0.53843E-05
  13430   0.53308E-05
  13440   0.53034E-05
  13450   0.52764E-05
  13460   0.52244E-05
  13470   0.51826E-05
  13480   0.51644E-05
  13490   0.51247E-05
  13500   0.50772E-05
  13510   0.50476E-05
  13520   0.50044E-05
  13530   0.49795E-05
  13540   0.49430E-05
  13550   0.49130E-05
  13560   0.48785E-05
  13570   0.48342E-05
  13580   0.48050E-05
  13590   0.47749E-05
  13600   0.47439E-05
  13610   0.47121E-05
  13620   0.46746E-05
  13630   0.46459E-05
  13640   0.46183E-05
  13650   0.45876E-05
  13660   0.45527E-05
  13670   0.45214E-05
  13680   0.45041E-05
  13690   0.44718E-05
  13700   0.44351E-05
  13710   0.44117E-05
  13720   0.43737E-05
  13730   0.43627E-05
  13740   0.43163E-05
  13750   0.42938E-05
  13760   0.42570E-05
  13770   0.42219E-05
  13780   0.42044E-05
  13790   0.41787E-05
  13800   0.41469E-05
  13810   0.41201E-05
  13820   0.40963E-05
  13830   0.40652E-05
  13840   0.40482E-05
  13850   0.40280E-05
  13860   0.40074E-05
  13870   0.39731E-05
  13880   0.39450E-05
  13890   0.39249E-05
  13900   0.38967E-05
  13910   0.38805E-05
  13920   0.38504E-05
  13930   0.38128E-05
  13940   0.37989E-05
  13950   0.37837E-05
  13960   0.37599E-05
  13970   0.37365E-05
  13980   0.37125E-05
  13990   0.36854E-05
  14000   0.36753E-05
  14010   0.36555E-05
  14020   0.36244E-05
  14030   0.35992E-05
  14040   0.35740E-05
  14050   0.35616E-05
  14060   0.35373E-05
  14070   0.35220E-05
  14080   0.35087E-05
  14090   0.34785E-05
  14100   0.34601E-05
  14110   0.34437E-05
  14120   0.34258E-05
  14130   0.34040E-05
  14140   0.33916E-05
  14150   0.33610E-05
  14160   0.33439E-05
  14170   0.33282E-05
  14180   0.33079E-05
  14190   0.32860E-05
  14200   0.32845E-05
  14210   0.32610E-05
  14220   0.32455E-05
  14230   0.32361E-05
  14240   0.32188E-05
  14250   0.32078E-05
  14260   0.31867E-05
  14270   0.31611E-05
  14280   0.31342E-05
  14290   0.31275E-05
  14300   0.31170E-05
  14310   0.31098E-05
  14320   0.30959E-05
  14330   0.30801E-05
  14340   0.30649E-05
  14350   0.30444E-05
  14360   0.30219E-05
  14370   0.30084E-05
  14380   0.29935E-05
  14390   0.29784E-05
  14400   0.29590E-05
  14410   0.29513E-05
  14420   0.29327E-05
  14430   0.29242E-05
  14440   0.29052E-05
  14450   0.29066E-05
  14460   0.28984E-05
  14470   0.28822E-05
  14480   0.28640E-05
  14490   0.28449E-05
  14500   0.28369E-05
  14510   0.28234E-05
  14520   0.28142E-05
  14530   0.28100E-05
  14540   0.27935E-05
  14550   0.27738E-05
  14560   0.27718E-05
  14570   0.27494E-05
  14580   0.27323E-05
  14590   0.27257E-05
  14600   0.27067E-05
  14610   0.26966E-05
  14620   0.26776E-05
  14630   0.26718E-05
  14640   0.26654E-05
  14650   0.26634E-05
  14660   0.26501E-05
  14670   0.26299E-05
  14680   0.26129E-05
  14690   0.26082E-05
  14700   0.25883E-05
  14710   0.25759E-05
  14720   0.25650E-05
  14730   0.25573E-05
  14740   0.25432E-05
  14750   0.25266E-05
  14760   0.25107E-05
  14770   0.25030E-05
  14780   0.24839E-05
  14790   0.24775E-05
  14800   0.24629E-05
  14810   0.24602E-05
  14820   0.24542E-05
  14830   0.24499E-05
  14840   0.24285E-05
  14850   0.24222E-05
  14860   0.24210E-05
  14870   0.24057E-05
  14880   0.24071E-05
  14890   0.23992E-05
  14900   0.23834E-05
  14910   0.23761E-05
  14920   0.23569E-05
  14930   0.23484E-05
  14940   0.23316E-05
  14950   0.23352E-05
  14960   0.23283E-05
  14970   0.23141E-05
  14980   0.23149E-05
  14990   0.23012E-05
  15000   0.22905E-05
  15010   0.22859E-05
  15020   0.22797E-05
  15030   0.22675E-05
  15040   0.22697E-05
  15050   0.22518E-05
  15060   0.22383E-05
  15070   0.22385E-05
  15080   0.22183E-05
  15090   0.22068E-05
  15100   0.21899E-05
  15110   0.21829E-05
  15120   0.21776E-05
  15130   0.21748E-05
  15140   0.21618E-05
  15150   0.21548E-05
  15160   0.21501E-05
  15170   0.21450E-05
  15180   0.21438E-05
  15190   0.21273E-05
  15200   0.21066E-05
  15210   0.21102E-05
  15220   0.21052E-05
  15230   0.20917E-05
  15240   0.20831E-05
  15250   0.20730E-05
  15260   0.20723E-05
  15270   0.20611E-05
  15280   0.20610E-05
  15290   0.20481E-05
  15300   0.20367E-05
  15310   0.20417E-05
  15320   0.20225E-05
  15330   0.20216E-05
  15340   0.20134E-05
  15350   0.20168E-05
  15360   0.20013E-05
  15370   0.20075E-05
  15380   0.19915E-05
  15390   0.19805E-05
  15400   0.19781E-05
  15410   0.19732E-05
  15420   0.19596E-05
  15430   0.19573E-05
  15440   0.19423E-05
  15450   0.19412E-05
  15460   0.19359E-05
  15470   0.19365E-05
  15480   0.19404E-05
  15490   0.19301E-05
  15500   0.19148E-05
  15510   0.19116E-05
  15520   0.18997E-05
  15530   0.18949E-05
  15540   0.18950E-05
  15550   0.18875E-05
  15560   0.18698E-05
  15570   0.18809E-05
  15580   0.18647E-05
  15590   0.18565E-05
  15600   0.18522E-05
  15610   0.18417E-05
  15620   0.18385E-05
  15630   0.18329E-05
  15640   0.18171E-05
  15650   0.18064E-05
  15660   0.18060E-05
  15670   0.18068E-05
  15680   0.17952E-05
  15690   0.17884E-05
  15700   0.17958E-05
  15710   0.17917E-05
  15720   0.17892E-05
  15730   0.17745E-05
  15740   0.17733E-05
  15750   0.17605E-05
  15760   0.17591E-05
  15770   0.17552E-05
  15780   0.17441E-05
  15790   0.17385E-05
  15800   0.17420E-05
  15810   0.17430E-05
  15820   0.17268E-05
  15830   0.17337E-05
  15840   0.17378E-05
  15850   0.17158E-05
  15860   0.17212E-05
  15870   0.17130E-05
  15880   0.17031E-05
  15890   0.16945E-05
  15900   0.16795E-05
  15910   0.16897E-05
  15920   0.16857E-05
  15930   0.16871E-05
  15940   0.16758E-05
  15950   0.16865E-05
  15960   0.16787E-05
  15970   0.16733E-05
  15980   0.16534E-05
  15990   0.16504E-05
  16000   0.16582E-05
  16010   0.16393E-05
  16020   0.16390E-05
  16030   0.16318E-05
  16040   0.16358E-05
  16050   0.16310E-05
  16060   0.16216E-05
  16070   0.16131E-05
  16080   0.16228E-05
  16090   0.16249E-05
  16100   0.16160E-05
  16110   0.16002E-05
  16120   0.15900E-05
  16130   0.15828E-05
  16140   0.15748E-05
  16150   0.15857E-05
  16160   0.15827E-05
  16170   0.15608E-05
  16180   0.15708E-05
  16190   0.15684E-05
  16200   0.15648E-05
  16210   0.15578E-05
  16220   0.15455E-05
  16230   0.15308E-05
  16240   0.15186E-05
  16250   0.15201E-05
  16260   0.15163E-05
  16270   0.15342E-05
  16280   0.15091E-05
  16290   0.15110E-05
  16300   0.15090E-05
  16310   0.15047E-05
  16320   0.14944E-05
  16330   0.14954E-05
  16340   0.15035E-05
  16350   0.15046E-05
  16360   0.14886E-05
  16370   0.14930E-05
  16380   0.14937E-05
  16390   0.14919E-05
  16400   0.14944E-05
  16410   0.14728E-05
  16420   0.14761E-05
  16430   0.14722E-05
  16440   0.14751E-05
  16450   0.14699E-05
  16460   0.14605E-05
  16470   0.14608E-05
  16480   0.14496E-05
  16490   0.14503E-05
  16500   0.14395E-05
  16510   0.14091E-05
  16520   0.14181E-05
  16530   0.14069E-05
  16540   0.14181E-05
  16550   0.14251E-05
  16560   0.14175E-05
  16570   0.13967E-05
  16580   0.13849E-05
  16590   0.13958E-05
  16600   0.13798E-05
  16610   0.13779E-05
  16620   0.13745E-05
  16630   0.13769E-05
  16640   0.13788E-05
  16650   0.13737E-05
  16660   0.13592E-05
  16670   0.13602E-05
  16680   0.13565E-05
  16690   0.13398E-05
  16700   0.13393E-05
  16710   0.13408E-05
  16720   0.13315E-05
  16730   0.13289E-05
  16740   0.13338E-05
  16750   0.13386E-05
  16760   0.13234E-05
  16770   0.13094E-05
  16780   0.13063E-05
  16790   0.13029E-05
  16800   0.12986E-05
  16810   0.12914E-05
  16820   0.12856E-05
  16830   0.12908E-05
  16840   0.12932E-05
  16850   0.12687E-05
  16860   0.12766E-05
  16870   0.12820E-05
  16880   0.12638E-05
  16890   0.12703E-05
  16900   0.12677E-05
  16910   0.12654E-05
  16920   0.12526E-05
  16930   0.12599E-05
  16940   0.12578E-05
  16950   0.12602E-05
  16960   0.12594E-05
  16970   0.12389E-05
  16980   0.12363E-05
  16990   0.12265E-05
  17000   0.12229E-05
  17010   0.12199E-05
  17020   0.12148E-05
  17030   0.12148E-05
  17040   0.12180E-05
  17050   0.12124E-05
  17060   0.12145E-05
  17070   0.12095E-05
  17080   0.12204E-05
  17090   0.12189E-05
  17100   0.11887E-05
  17110   0.12024E-05
  17120   0.11973E-05
  17130   0.11860E-05
  17140   0.11872E-05
  17150   0.11781E-05
  17160   0.11562E-05
  17170   0.11613E-05
  17180   0.11515E-05
  17190   0.11296E-05
  17200   0.11475E-05
  17210   0.11496E-05
  17220   0.11365E-05
  17230   0.11393E-05
  17240   0.11161E-05
  17250   0.11163E-05
  17260   0.11249E-05
  17270   0.11198E-05
  17280   0.11099E-05
  17290   0.10935E-05
  17300   0.10798E-05
  17310   0.10963E-05
  17320   0.10784E-05
  17330   0.10818E-05
  17340   0.10868E-05
  17350   0.10879E-05
  17360   0.10763E-05
  17370   0.10683E-05
  17380   0.10653E-05
  17390   0.10676E-05
  17400   0.10430E-05
  17410   0.10490E-05
  17420   0.10417E-05
  17430   0.10343E-05
  17440   0.10298E-05
  17450   0.10201E-05
  17460   0.10205E-05
  17470   0.10147E-05
  17480   0.10215E-05
  17490   0.10042E-05
  17500   0.10088E-05
  17510   0.99410E-06
  17520   0.10185E-05
  17530   0.10038E-05
  17540   0.99180E-06
  17550   0.99307E-06
  17560   0.99689E-06
  17570   0.97351E-06
  17580   0.95914E-06
  17590   0.97365E-06
  17600   0.96262E-06
  17610   0.95677E-06
  17620   0.95451E-06
  17630   0.95184E-06
  17640   0.95130E-06
  17650   0.94921E-06
  17660   0.93937E-06
  17670   0.93889E-06
  17680   0.93655E-06
  17690   0.94267E-06
  17700   0.93614E-06
  17710   0.92716E-06
  17720   0.91632E-06
  17730   0.91648E-06
  17740   0.91653E-06
  17750   0.91219E-06
  17760   0.90739E-06
  17770   0.90400E-06
  17780   0.89694E-06
  17790   0.89617E-06
  17800   0.89610E-06
  17810   0.90584E-06
  17820   0.89970E-06
  17830   0.89357E-06
  17840   0.89488E-06
  17850   0.85146E-06
  17860   0.86025E-06
  17870   0.85209E-06
  17880   0.84469E-06
  17890   0.82937E-06
  17900   0.81542E-06
  17910   0.82864E-06
  17920   0.82184E-06
  17930   0.81892E-06
  17940   0.82086E-06
  17950   0.80295E-06
  17960   0.79689E-06
  17970   0.78979E-06
  17980   0.80467E-06
  17990   0.79441E-06
  18000   0.79928E-06
  18010   0.78751E-06
  18020   0.77932E-06
  18030   0.77842E-06
  18040   0.78166E-06
  18050   0.76813E-06
  18060   0.77338E-06
  18070   0.74998E-06
  18080   0.74547E-06
  18090   0.73782E-06
  18100   0.73981E-06
  18110   0.72972E-06
  18120   0.73706E-06
  18130   0.72909E-06
  18140   0.71096E-06
  18150   0.72035E-06
  18160   0.71217E-06
  18170   0.71249E-06
  18180   0.70779E-06
  18190   0.71057E-06
  18200   0.70802E-06
  18210   0.70636E-06
  18220   0.70783E-06
  18230   0.69706E-06
  18240   0.68474E-06
  18250   0.69157E-06
  18260   0.69228E-06
  18270   0.68692E-06
  18280   0.67643E-06
  18290   0.68431E-06
  18300   0.68896E-06
  18310   0.69533E-06
  18320   0.68156E-06
  18330   0.67281E-06
  18340   0.67099E-06
  18350   0.66861E-06
  18360   0.67244E-06
  18370   0.65608E-06
  18380   0.65054E-06
  18390   0.65102E-06
  18400   0.64518E-06
  18410   0.64149E-06
  18420   0.63961E-06
  18430   0.63338E-06
  18440   0.63925E-06
  18450   0.63772E-06
  18460   0.64638E-06
  18470   0.62091E-06
  18480   0.60721E-06
  18490   0.60113E-06
  18500   0.58933E-06
  18510   0.60307E-06
  18520   0.58596E-06
  18530   0.57767E-06
  18540   0.57626E-06
  18550   0.58169E-06
  18560   0.56713E-06
  18570   0.57043E-06
  18580   0.57194E-06
  18590   0.57123E-06
  18600   0.57507E-06
  18610   0.56487E-06
  18620   0.54582E-06
  18630   0.54803E-06
  18640   0.53319E-06
  18650   0.53647E-06
  18660   0.52596E-06
  18670   0.52143E-06
  18680   0.53365E-06
  18690   0.53514E-06
  18700   0.52340E-06
  18710   0.51671E-06
  18720   0.52786E-06
  18730   0.51593E-06
  18740   0.52808E-06
  18750   0.51676E-06
  18760   0.50966E-06
  18770   0.51803E-06
  18780   0.51370E-06
  18790   0.52248E-06
  18800   0.51903E-06
  18810   0.50970E-06
  18820   0.50628E-06
  18830   0.49022E-06
  18840   0.49186E-06
  18850   0.49091E-06
  18860   0.48155E-06
  18870   0.48036E-06
  18880   0.48421E-06
  18890   0.47838E-06
  18900   0.47737E-06
  18910   0.47756E-06
  18920   0.46153E-06
  18930   0.47005E-06
  18940   0.45799E-06
  18950   0.45925E-06
  18960   0.46398E-06
  18970   0.45797E-06
  18980   0.45709E-06
  18990   0.44629E-06
  19000   0.45196E-06
  19010   0.44402E-06
  19020   0.43614E-06
  19030   0.42800E-06
  19040   0.42167E-06
  19050   0.41432E-06
  19060   0.39278E-06
  19070   0.40222E-06
  19080   0.40665E-06
  19090   0.40826E-06
  19100   0.40311E-06
  19110   0.41862E-06
  19120   0.40646E-06
  19130   0.39131E-06
  19140   0.39957E-06
  19150   0.38878E-06
  19160   0.40256E-06
  19170   0.39478E-06
  19180   0.39153E-06
  19190   0.39366E-06
  19200   0.38703E-06
  19210   0.38267E-06
  19220   0.37599E-06
  19230   0.37329E-06
  19240   0.37778E-06
  19250   0.35335E-06
  19260   0.35536E-06
  19270   0.35877E-06
  19280   0.36730E-06
  19290   0.36282E-06
  19300   0.35866E-06
  19310   0.38297E-06
  19320   0.36869E-06
  19330   0.36580E-06
  19340   0.34611E-06
  19350   0.35013E-06
  19360   0.34782E-06
  19370   0.34735E-06
  19380   0.33905E-06
  19390   0.35796E-06
  19400   0.34890E-06
  19410   0.33348E-06
  19420   0.33269E-06
  19430   0.33810E-06
  19440   0.35127E-06
  19450   0.33070E-06
  19460   0.32725E-06
  19470   0.33199E-06
  19480   0.34271E-06
  19490   0.34109E-06
  19500   0.33740E-06
  19510   0.35190E-06
  19520   0.34545E-06
  19530   0.33392E-06
  19540   0.32704E-06
  19550   0.34354E-06
  19560   0.33455E-06
  19570   0.33460E-06
  19580   0.33375E-06
  19590   0.32165E-06
  19600   0.33487E-06
  19610   0.33224E-06
  19620   0.33139E-06
  19630   0.32871E-06
  19640   0.31997E-06
  19650   0.32959E-06
  19660   0.31529E-06
  19670   0.31896E-06
  19680   0.32085E-06
  19690   0.30899E-06
  19700   0.30452E-06
  19710   0.32796E-06
  19720   0.31654E-06
  19730   0.32829E-06
  19740   0.33008E-06
  19750   0.33435E-06
  19760   0.33701E-06
  19770   0.33219E-06
  19780   0.33787E-06
  19790   0.32509E-06
  19800   0.33011E-06
  19810   0.31433E-06
  19820   0.31649E-06
  19830   0.32415E-06
  19840   0.30479E-06
  19850   0.31377E-06
  19860   0.31337E-06
  19870   0.31400E-06
  19880   0.32517E-06
  19890   0.32526E-06
  19900   0.31352E-06
  19910   0.32602E-06
  19920   0.31469E-06
  19930   0.31931E-06
  19940   0.31214E-06
  19950   0.31100E-06
  19960   0.30434E-06
  19970   0.30280E-06
  19980   0.29811E-06
  19990   0.29167E-06
  20000   0.29119E-06
