     10   0.11081E-02
     20   0.94484E-03
     30   0.83525E-03
     40   0.75659E-03
     50   0.69682E-03
     60   0.64896E-03
     70   0.60891E-03
     80   0.57429E-03
     90   0.54366E-03
    100   0.51602E-03
    110   0.49092E-03
    120   0.46768E-03
    130   0.44610E-03
    140   0.42585E-03
    150   0.40674E-03
    160   0.38868E-03
    170   0.37165E-03
    180   0.35562E-03
    190   0.34046E-03
    200   0.32615E-03
    210   0.31250E-03
    220   0.29967E-03
    230   0.28755E-03
    240   0.27618E-03
    250   0.26550E-03
    260   0.25548E-03
    270   0.24609E-03
    280   0.23730E-03
    290   0.22908E-03
    300   0.22137E-03
    310   0.21414E-03
    320   0.20741E-03
    330   0.20113E-03
    340   0.19528E-03
    350   0.18984E-03
    360   0.18486E-03
    370   0.18031E-03
    380   0.17620E-03
    390   0.17252E-03
    400   0.16924E-03
    410   0.16633E-03
    420   0.16380E-03
    430   0.16159E-03
    440   0.15965E-03
    450   0.15791E-03
    460   0.15628E-03
    470   0.15474E-03
    480   0.15322E-03
    490   0.15167E-03
    500   0.15004E-03
    510   0.14833E-03
    520   0.14655E-03
    530   0.14469E-03
    540   0.14277E-03
    550   0.14083E-03
    560   0.13890E-03
    570   0.13702E-03
    580   0.13523E-03
    590   0.13358E-03
    600   0.13209E-03
    610   0.13081E-03
    620   0.12973E-03
    630   0.12890E-03
    640   0.12829E-03
    650   0.12790E-03
    660   0.12773E-03
    670   0.12778E-03
    680   0.12799E-03
    690   0.12837E-03
    700   0.12888E-03
    710   0.12948E-03
    720   0.13014E-03
    730   0.13084E-03
    740   0.13155E-03
    750   0.13223E-03
    760   0.13287E-03
    770   0.13344E-03
    780   0.13391E-03
    790   0.13429E-03
    800   0.13453E-03
    810   0.13466E-03
    820   0.13465E-03
    830   0.13451E-03
    840   0.13423E-03
    850   0.13382E-03
    860   0.13329E-03
    870   0.13264E-03
    880   0.13188E-03
    890   0.13101E-03
    900   0.13007E-03
    910   0.12902E-03
    920   0.12791E-03
    930   0.12672E-03
    940   0.12550E-03
    950   0.12422E-03
    960   0.12291E-03
    970   0.12159E-03
    980   0.12027E-03
    990   0.11896E-03
   1000   0.11768E-03
   1010   0.11644E-03
   1020   0.11527E-03
   1030   0.11418E-03
   1040   0.11320E-03
   1050   0.11232E-03
   1060   0.11157E-03
   1070   0.11096E-03
   1080   0.11050E-03
   1090   0.11017E-03
   1100   0.11001E-03
   1110   0.10998E-03
   1120   0.11009E-03
   1130   0.11032E-03
   1140   0.11065E-03
   1150   0.11110E-03
   1160   0.11159E-03
   1170   0.11216E-03
   1180   0.11277E-03
   1190   0.11341E-03
   1200   0.11404E-03
   1210   0.11465E-03
   1220   0.11525E-03
   1230   0.11579E-03
   1240   0.11630E-03
   1250   0.11675E-03
   1260   0.11713E-03
   1270   0.11745E-03
   1280   0.11769E-03
   1290   0.11786E-03
   1300   0.11796E-03
   1310   0.11800E-03
   1320   0.11799E-03
   1330   0.11794E-03
   1340   0.11786E-03
   1350   0.11773E-03
   1360   0.11759E-03
   1370   0.11743E-03
   1380   0.11731E-03
   1390   0.11718E-03
   1400   0.11707E-03
   1410   0.11701E-03
   1420   0.11699E-03
   1430   0.11698E-03
   1440   0.11705E-03
   1450   0.11715E-03
   1460   0.11730E-03
   1470   0.11749E-03
   1480   0.11770E-03
   1490   0.11797E-03
   1500   0.11823E-03
   1510   0.11851E-03
   1520   0.11880E-03
   1530   0.11906E-03
   1540   0.11932E-03
   1550   0.11955E-03
   1560   0.11974E-03
   1570   0.11988E-03
   1580   0.11996E-03
   1590   0.12000E-03
   1600   0.11996E-03
   1610   0.11985E-03
   1620   0.11969E-03
   1630   0.11945E-03
   1640   0.11915E-03
   1650   0.11877E-03
   1660   0.11834E-03
   1670   0.11785E-03
   1680   0.11731E-03
   1690   0.11672E-03
   1700   0.11610E-03
   1710   0.11545E-03
   1720   0.11477E-03
   1730   0.11409E-03
   1740   0.11342E-03
   1750   0.11277E-03
   1760   0.11213E-03
   1770   0.11155E-03
   1780   0.11101E-03
   1790   0.11053E-03
   1800   0.11011E-03
   1810   0.10977E-03
   1820   0.10954E-03
   1830   0.10940E-03
   1840   0.10938E-03
   1850   0.10945E-03
   1860   0.10964E-03
   1870   0.10995E-03
   1880   0.11037E-03
   1890   0.11091E-03
   1900   0.11156E-03
   1910   0.11232E-03
   1920   0.11319E-03
   1930   0.11415E-03
   1940   0.11520E-03
   1950   0.11632E-03
   1960   0.11754E-03
   1970   0.11879E-03
   1980   0.12010E-03
   1990   0.12145E-03
   2000   0.12284E-03
   2010   0.12426E-03
   2020   0.12570E-03
   2030   0.12712E-03
   2040   0.12857E-03
   2050   0.12999E-03
   2060   0.13141E-03
   2070   0.13280E-03
   2080   0.13418E-03
   2090   0.13553E-03
   2100   0.13684E-03
   2110   0.13810E-03
   2120   0.13932E-03
   2130   0.14052E-03
   2140   0.14165E-03
   2150   0.14272E-03
   2160   0.14378E-03
   2170   0.14475E-03
   2180   0.14570E-03
   2190   0.14657E-03
   2200   0.14738E-03
   2210   0.14819E-03
   2220   0.14890E-03
   2230   0.14954E-03
   2240   0.15015E-03
   2250   0.15068E-03
   2260   0.15118E-03
   2270   0.15163E-03
   2280   0.15199E-03
   2290   0.15231E-03
   2300   0.15256E-03
   2310   0.15276E-03
   2320   0.15289E-03
   2330   0.15299E-03
   2340   0.15304E-03
   2350   0.15301E-03
   2360   0.15295E-03
   2370   0.15281E-03
   2380   0.15263E-03
   2390   0.15238E-03
   2400   0.15212E-03
   2410   0.15178E-03
   2420   0.15142E-03
   2430   0.15101E-03
   2440   0.15053E-03
   2450   0.15005E-03
   2460   0.14951E-03
   2470   0.14893E-03
   2480   0.14831E-03
   2490   0.14767E-03
   2500   0.14698E-03
   2510   0.14626E-03
   2520   0.14553E-03
   2530   0.14473E-03
   2540   0.14396E-03
   2550   0.14312E-03
   2560   0.14227E-03
   2570   0.14141E-03
   2580   0.14052E-03
   2590   0.13961E-03
   2600   0.13867E-03
   2610   0.13773E-03
   2620   0.13678E-03
   2630   0.13579E-03
   2640   0.13479E-03
   2650   0.13378E-03
   2660   0.13273E-03
   2670   0.13169E-03
   2680   0.13062E-03
   2690   0.12955E-03
   2700   0.12845E-03
   2710   0.12734E-03
   2720   0.12623E-03
   2730   0.12509E-03
   2740   0.12396E-03
   2750   0.12278E-03
   2760   0.12161E-03
   2770   0.12042E-03
   2780   0.11923E-03
   2790   0.11803E-03
   2800   0.11681E-03
   2810   0.11560E-03
   2820   0.11437E-03
   2830   0.11315E-03
   2840   0.11191E-03
   2850   0.11066E-03
   2860   0.10943E-03
   2870   0.10821E-03
   2880   0.10698E-03
   2890   0.10574E-03
   2900   0.10452E-03
   2910   0.10333E-03
   2920   0.10212E-03
   2930   0.10093E-03
   2940   0.99754E-04
   2950   0.98599E-04
   2960   0.97457E-04
   2970   0.96324E-04
   2980   0.95213E-04
   2990   0.94131E-04
   3000   0.93044E-04
   3010   0.92006E-04
   3020   0.90964E-04
   3030   0.89966E-04
   3040   0.88984E-04
   3050   0.88025E-04
   3060   0.87098E-04
   3070   0.86174E-04
   3080   0.85284E-04
   3090   0.84437E-04
   3100   0.83591E-04
   3110   0.82783E-04
   3120   0.81973E-04
   3130   0.81204E-04
   3140   0.80465E-04
   3150   0.79719E-04
   3160   0.79023E-04
   3170   0.78339E-04
   3180   0.77666E-04
   3190   0.77039E-04
   3200   0.76393E-04
   3210   0.75764E-04
   3220   0.75196E-04
   3230   0.74617E-04
   3240   0.74054E-04
   3250   0.73500E-04
   3260   0.72983E-04
   3270   0.72465E-04
   3280   0.71959E-04
   3290   0.71475E-04
   3300   0.70994E-04
   3310   0.70543E-04
   3320   0.70081E-04
   3330   0.69636E-04
   3340   0.69216E-04
   3350   0.68786E-04
   3360   0.68397E-04
   3370   0.67993E-04
   3380   0.67605E-04
   3390   0.67241E-04
   3400   0.66856E-04
   3410   0.66503E-04
   3420   0.66161E-04
   3430   0.65835E-04
   3440   0.65485E-04
   3450   0.65177E-04
   3460   0.64843E-04
   3470   0.64560E-04
   3480   0.64274E-04
   3490   0.63998E-04
   3500   0.63720E-04
   3510   0.63456E-04
   3520   0.63194E-04
   3530   0.62947E-04
   3540   0.62710E-04
   3550   0.62481E-04
   3560   0.62249E-04
   3570   0.62029E-04
   3580   0.61830E-04
   3590   0.61622E-04
   3600   0.61430E-04
   3610   0.61267E-04
   3620   0.61091E-04
   3630   0.60909E-04
   3640   0.60756E-04
   3650   0.60578E-04
   3660   0.60435E-04
   3670   0.60297E-04
   3680   0.60167E-04
   3690   0.60032E-04
   3700   0.59903E-04
   3710   0.59762E-04
   3720   0.59666E-04
   3730   0.59562E-04
   3740   0.59446E-04
   3750   0.59354E-04
   3760   0.59261E-04
   3770   0.59187E-04
   3780   0.59088E-04
   3790   0.59028E-04
   3800   0.58959E-04
   3810   0.58898E-04
   3820   0.58809E-04
   3830   0.58757E-04
   3840   0.58720E-04
   3850   0.58670E-04
   3860   0.58617E-04
   3870   0.58568E-04
   3880   0.58549E-04
   3890   0.58518E-04
   3900   0.58495E-04
   3910   0.58463E-04
   3920   0.58451E-04
   3930   0.58425E-04
   3940   0.58426E-04
   3950   0.58414E-04
   3960   0.58422E-04
   3970   0.58410E-04
   3980   0.58432E-04
   3990   0.58435E-04
   4000   0.58446E-04
   4010   0.58468E-04
   4020   0.58504E-04
   4030   0.58501E-04
   4040   0.58543E-04
   4050   0.58583E-04
   4060   0.58612E-04
   4070   0.58630E-04
   4080   0.58690E-04
   4090   0.58745E-04
   4100   0.58779E-04
   4110   0.58849E-04
   4120   0.58888E-04
   4130   0.58962E-04
   4140   0.59020E-04
   4150   0.59082E-04
   4160   0.59145E-04
   4170   0.59224E-04
   4180   0.59287E-04
   4190   0.59367E-04
   4200   0.59432E-04
   4210   0.59510E-04
   4220   0.59597E-04
   4230   0.59673E-04
   4240   0.59762E-04
   4250   0.59834E-04
   4260   0.59918E-04
   4270   0.60007E-04
   4280   0.60078E-04
   4290   0.60176E-04
   4300   0.60263E-04
   4310   0.60351E-04
   4320   0.60433E-04
   4330   0.60515E-04
   4340   0.60605E-04
   4350   0.60690E-04
   4360   0.60763E-04
   4370   0.60847E-04
   4380   0.60936E-04
   4390   0.61012E-04
   4400   0.61076E-04
   4410   0.61170E-04
   4420   0.61235E-04
   4430   0.61315E-04
   4440   0.61370E-04
   4450   0.61442E-04
   4460   0.61521E-04
   4470   0.61577E-04
   4480   0.61645E-04
   4490   0.61692E-04
   4500   0.61746E-04
   4510   0.61794E-04
   4520   0.61844E-04
   4530   0.61881E-04
   4540   0.61942E-04
   4550   0.61960E-04
   4560   0.61983E-04
   4570   0.62026E-04
   4580   0.62044E-04
   4590   0.62047E-04
   4600   0.62063E-04
   4610   0.62084E-04
   4620   0.62085E-04
   4630   0.62081E-04
   4640   0.62097E-04
   4650   0.62070E-04
   4660   0.62071E-04
   4670   0.62052E-04
   4680   0.62036E-04
   4690   0.61998E-04
   4700   0.61973E-04
   4710   0.61951E-04
   4720   0.61904E-04
   4730   0.61868E-04
   4740   0.61821E-04
   4750   0.61780E-04
   4760   0.61719E-04
   4770   0.61671E-04
   4780   0.61613E-04
   4790   0.61543E-04
   4800   0.61474E-04
   4810   0.61413E-04
   4820   0.61335E-04
   4830   0.61258E-04
   4840   0.61183E-04
   4850   0.61105E-04
   4860   0.61031E-04
   4870   0.60926E-04
   4880   0.60846E-04
   4890   0.60755E-04
   4900   0.60662E-04
   4910   0.60577E-04
   4920   0.60483E-04
   4930   0.60384E-04
   4940   0.60287E-04
   4950   0.60184E-04
   4960   0.60084E-04
   4970   0.59995E-04
   4980   0.59888E-04
   4990   0.59785E-04
   5000   0.59687E-04
   5010   0.59583E-04
   5020   0.59500E-04
   5030   0.59395E-04
   5040   0.59294E-04
   5050   0.59194E-04
   5060   0.59107E-04
   5070   0.59008E-04
   5080   0.58908E-04
   5090   0.58815E-04
   5100   0.58723E-04
   5110   0.58638E-04
   5120   0.58550E-04
   5130   0.58470E-04
   5140   0.58382E-04
   5150   0.58295E-04
   5160   0.58216E-04
   5170   0.58134E-04
   5180   0.58070E-04
   5190   0.57988E-04
   5200   0.57912E-04
   5210   0.57844E-04
   5220   0.57790E-04
   5230   0.57715E-04
   5240   0.57654E-04
   5250   0.57600E-04
   5260   0.57544E-04
   5270   0.57496E-04
   5280   0.57431E-04
   5290   0.57393E-04
   5300   0.57351E-04
   5310   0.57294E-04
   5320   0.57250E-04
   5330   0.57210E-04
   5340   0.57190E-04
   5350   0.57139E-04
   5360   0.57113E-04
   5370   0.57078E-04
   5380   0.57053E-04
   5390   0.57027E-04
   5400   0.57005E-04
   5410   0.56980E-04
   5420   0.56968E-04
   5430   0.56959E-04
   5440   0.56935E-04
   5450   0.56922E-04
   5460   0.56918E-04
   5470   0.56913E-04
   5480   0.56905E-04
   5490   0.56903E-04
   5500   0.56888E-04
   5510   0.56887E-04
   5520   0.56885E-04
   5530   0.56888E-04
   5540   0.56882E-04
   5550   0.56888E-04
   5560   0.56887E-04
   5570   0.56888E-04
   5580   0.56900E-04
   5590   0.56896E-04
   5600   0.56907E-04
   5610   0.56923E-04
   5620   0.56931E-04
   5630   0.56928E-04
   5640   0.56955E-04
   5650   0.56949E-04
   5660   0.56951E-04
   5670   0.56965E-04
   5680   0.56991E-04
   5690   0.57005E-04
   5700   0.56995E-04
   5710   0.57019E-04
   5720   0.57025E-04
   5730   0.57022E-04
   5740   0.57030E-04
   5750   0.57071E-04
   5760   0.57056E-04
   5770   0.57072E-04
   5780   0.57081E-04
   5790   0.57095E-04
   5800   0.57104E-04
   5810   0.57100E-04
   5820   0.57122E-04
   5830   0.57117E-04
   5840   0.57141E-04
   5850   0.57132E-04
   5860   0.57141E-04
   5870   0.57142E-04
   5880   0.57153E-04
   5890   0.57152E-04
   5900   0.57166E-04
   5910   0.57153E-04
   5920   0.57161E-04
   5930   0.57161E-04
   5940   0.57163E-04
   5950   0.57150E-04
   5960   0.57139E-04
   5970   0.57142E-04
   5980   0.57131E-04
   5990   0.57147E-04
   6000   0.57116E-04
   6010   0.57117E-04
   6020   0.57122E-04
   6030   0.57100E-04
   6040   0.57090E-04
   6050   0.57083E-04
   6060   0.57069E-04
   6070   0.57054E-04
   6080   0.57036E-04
   6090   0.57036E-04
   6100   0.56992E-04
   6110   0.56984E-04
   6120   0.56963E-04
   6130   0.56929E-04
   6140   0.56905E-04
   6150   0.56873E-04
   6160   0.56851E-04
   6170   0.56830E-04
   6180   0.56799E-04
   6190   0.56762E-04
   6200   0.56725E-04
   6210   0.56693E-04
   6220   0.56640E-04
   6230   0.56612E-04
   6240   0.56569E-04
   6250   0.56525E-04
   6260   0.56474E-04
   6270   0.56424E-04
   6280   0.56379E-04
   6290   0.56323E-04
   6300   0.56253E-04
   6310   0.56191E-04
   6320   0.56142E-04
   6330   0.56070E-04
   6340   0.56011E-04
   6350   0.55936E-04
   6360   0.55866E-04
   6370   0.55787E-04
   6380   0.55707E-04
   6390   0.55624E-04
   6400   0.55550E-04
   6410   0.55454E-04
   6420   0.55378E-04
   6430   0.55268E-04
   6440   0.55169E-04
   6450   0.55081E-04
   6460   0.54989E-04
   6470   0.54883E-04
   6480   0.54775E-04
   6490   0.54673E-04
   6500   0.54571E-04
   6510   0.54450E-04
   6520   0.54330E-04
   6530   0.54214E-04
   6540   0.54101E-04
   6550   0.53978E-04
   6560   0.53856E-04
   6570   0.53710E-04
   6580   0.53587E-04
   6590   0.53479E-04
   6600   0.53331E-04
   6610   0.53215E-04
   6620   0.53078E-04
   6630   0.52940E-04
   6640   0.52805E-04
   6650   0.52669E-04
   6660   0.52528E-04
   6670   0.52384E-04
   6680   0.52256E-04
   6690   0.52124E-04
   6700   0.51994E-04
   6710   0.51857E-04
   6720   0.51707E-04
   6730   0.51565E-04
   6740   0.51426E-04
   6750   0.51303E-04
   6760   0.51162E-04
   6770   0.51037E-04
   6780   0.50901E-04
   6790   0.50779E-04
   6800   0.50642E-04
   6810   0.50508E-04
   6820   0.50368E-04
   6830   0.50256E-04
   6840   0.50118E-04
   6850   0.50011E-04
   6860   0.49895E-04
   6870   0.49763E-04
   6880   0.49635E-04
   6890   0.49524E-04
   6900   0.49411E-04
   6910   0.49305E-04
   6920   0.49195E-04
   6930   0.49072E-04
   6940   0.48970E-04
   6950   0.48850E-04
   6960   0.48753E-04
   6970   0.48646E-04
   6980   0.48544E-04
   6990   0.48443E-04
   7000   0.48347E-04
   7010   0.48239E-04
   7020   0.48159E-04
   7030   0.48069E-04
   7040   0.47980E-04
   7050   0.47877E-04
   7060   0.47771E-04
   7070   0.47691E-04
   7080   0.47603E-04
   7090   0.47532E-04
   7100   0.47438E-04
   7110   0.47342E-04
   7120   0.47267E-04
   7130   0.47200E-04
   7140   0.47112E-04
   7150   0.47035E-04
   7160   0.46949E-04
   7170   0.46881E-04
   7180   0.46792E-04
   7190   0.46715E-04
   7200   0.46658E-04
   7210   0.46578E-04
   7220   0.46508E-04
   7230   0.46429E-04
   7240   0.46354E-04
   7250   0.46279E-04
   7260   0.46215E-04
   7270   0.46139E-04
   7280   0.46075E-04
   7290   0.45999E-04
   7300   0.45937E-04
   7310   0.45875E-04
   7320   0.45805E-04
   7330   0.45724E-04
   7340   0.45680E-04
   7350   0.45593E-04
   7360   0.45537E-04
   7370   0.45469E-04
   7380   0.45410E-04
   7390   0.45336E-04
   7400   0.45279E-04
   7410   0.45217E-04
   7420   0.45152E-04
   7430   0.45084E-04
   7440   0.45014E-04
   7450   0.44951E-04
   7460   0.44901E-04
   7470   0.44836E-04
   7480   0.44770E-04
   7490   0.44690E-04
   7500   0.44648E-04
   7510   0.44577E-04
   7520   0.44498E-04
   7530   0.44443E-04
   7540   0.44383E-04
   7550   0.44322E-04
   7560   0.44258E-04
   7570   0.44186E-04
   7580   0.44112E-04
   7590   0.44046E-04
   7600   0.43989E-04
   7610   0.43926E-04
   7620   0.43855E-04
   7630   0.43798E-04
   7640   0.43707E-04
   7650   0.43642E-04
   7660   0.43582E-04
   7670   0.43534E-04
   7680   0.43455E-04
   7690   0.43376E-04
   7700   0.43306E-04
   7710   0.43236E-04
   7720   0.43174E-04
   7730   0.43088E-04
   7740   0.43018E-04
   7750   0.42946E-04
   7760   0.42863E-04
   7770   0.42796E-04
   7780   0.42723E-04
   7790   0.42629E-04
   7800   0.42549E-04
   7810   0.42480E-04
   7820   0.42403E-04
   7830   0.42322E-04
   7840   0.42246E-04
   7850   0.42171E-04
   7860   0.42079E-04
   7870   0.42004E-04
   7880   0.41919E-04
   7890   0.41823E-04
   7900   0.41749E-04
   7910   0.41661E-04
   7920   0.41574E-04
   7930   0.41485E-04
   7940   0.41398E-04
   7950   0.41312E-04
   7960   0.41223E-04
   7970   0.41143E-04
   7980   0.41037E-04
   7990   0.40960E-04
   8000   0.40878E-04
   8010   0.40751E-04
   8020   0.40672E-04
   8030   0.40590E-04
   8040   0.40486E-04
   8050   0.40409E-04
   8060   0.40304E-04
   8070   0.40190E-04
   8080   0.40127E-04
   8090   0.40009E-04
   8100   0.39928E-04
   8110   0.39822E-04
   8120   0.39734E-04
   8130   0.39622E-04
   8140   0.39518E-04
   8150   0.39442E-04
   8160   0.39328E-04
   8170   0.39233E-04
   8180   0.39126E-04
   8190   0.39022E-04
   8200   0.38935E-04
   8210   0.38830E-04
   8220   0.38705E-04
   8230   0.38623E-04
   8240   0.38517E-04
   8250   0.38419E-04
   8260   0.38317E-04
   8270   0.38214E-04
   8280   0.38095E-04
   8290   0.37989E-04
   8300   0.37899E-04
   8310   0.37780E-04
   8320   0.37683E-04
   8330   0.37586E-04
   8340   0.37486E-04
   8350   0.37379E-04
   8360   0.37261E-04
   8370   0.37165E-04
   8380   0.37060E-04
   8390   0.36965E-04
   8400   0.36852E-04
   8410   0.36743E-04
   8420   0.36643E-04
   8430   0.36536E-04
   8440   0.36419E-04
   8450   0.36310E-04
   8460   0.36211E-04
   8470   0.36118E-04
   8480   0.36017E-04
   8490   0.35905E-04
   8500   0.35786E-04
   8510   0.35675E-04
   8520   0.35573E-04
   8530   0.35462E-04
   8540   0.35360E-04
   8550   0.35256E-04
   8560   0.35168E-04
   8570   0.35037E-04
   8580   0.34957E-04
   8590   0.34864E-04
   8600   0.34744E-04
   8610   0.34636E-04
   8620   0.34513E-04
   8630   0.34434E-04
   8640   0.34337E-04
   8650   0.34234E-04
   8660   0.34113E-04
   8670   0.34019E-04
   8680   0.33909E-04
   8690   0.33816E-04
   8700   0.33719E-04
   8710   0.33593E-04
   8720   0.33504E-04
   8730   0.33393E-04
   8740   0.33279E-04
   8750   0.33191E-04
   8760   0.33085E-04
   8770   0.32966E-04
   8780   0.32849E-04
   8790   0.32761E-04
   8800   0.32678E-04
   8810   0.32567E-04
   8820   0.32462E-04
   8830   0.32363E-04
   8840   0.32240E-04
   8850   0.32135E-04
   8860   0.32041E-04
   8870   0.31933E-04
   8880   0.31850E-04
   8890   0.31732E-04
   8900   0.31637E-04
   8910   0.31534E-04
   8920   0.31431E-04
   8930   0.31333E-04
   8940   0.31226E-04
   8950   0.31135E-04
   8960   0.31032E-04
   8970   0.30927E-04
   8980   0.30816E-04
   8990   0.30709E-04
   9000   0.30608E-04
   9010   0.30525E-04
   9020   0.30420E-04
   9030   0.30314E-04
   9040   0.30200E-04
   9050   0.30094E-04
   9060   0.30016E-04
   9070   0.29910E-04
   9080   0.29789E-04
   9090   0.29700E-04
   9100   0.29587E-04
   9110   0.29482E-04
   9120   0.29407E-04
   9130   0.29293E-04
   9140   0.29190E-04
   9150   0.29085E-04
   9160   0.28991E-04
   9170   0.28874E-04
   9180   0.28779E-04
   9190   0.28697E-04
   9200   0.28577E-04
   9210   0.28464E-04
   9220   0.28378E-04
   9230   0.28286E-04
   9240   0.28157E-04
   9250   0.28075E-04
   9260   0.27972E-04
   9270   0.27882E-04
   9280   0.27756E-04
   9290   0.27652E-04
   9300   0.27543E-04
   9310   0.27462E-04
   9320   0.27369E-04
   9330   0.27266E-04
   9340   0.27146E-04
   9350   0.27051E-04
   9360   0.26956E-04
   9370   0.26851E-04
   9380   0.26753E-04
   9390   0.26649E-04
   9400   0.26534E-04
   9410   0.26444E-04
   9420   0.26316E-04
   9430   0.26234E-04
   9440   0.26137E-04
   9450   0.26045E-04
   9460   0.25931E-04
   9470   0.25839E-04
   9480   0.25757E-04
   9490   0.25649E-04
   9500   0.25557E-04
   9510   0.25417E-04
   9520   0.25347E-04
   9530   0.25241E-04
   9540   0.25166E-04
   9550   0.25049E-04
   9560   0.24953E-04
   9570   0.24847E-04
   9580   0.24747E-04
   9590   0.24648E-04
   9600   0.24553E-04
   9610   0.24474E-04
   9620   0.24357E-04
   9630   0.24286E-04
   9640   0.24193E-04
   9650   0.24078E-04
   9660   0.23980E-04
   9670   0.23903E-04
   9680   0.23804E-04
   9690   0.23723E-04
   9700   0.23623E-04
   9710   0.23538E-04
   9720   0.23440E-04
   9730   0.23365E-04
   9740   0.23278E-04
   9750   0.23177E-04
   9760   0.23100E-04
   9770   0.23002E-04
   9780   0.22916E-04
   9790   0.22851E-04
   9800   0.22761E-04
   9810   0.22644E-04
   9820   0.22567E-04
   9830   0.22489E-04
   9840   0.22394E-04
   9850   0.22309E-04
   9860   0.22211E-04
   9870   0.22138E-04
   9880   0.22057E-04
   9890   0.21963E-04
   9900   0.21900E-04
   9910   0.21795E-04
   9920   0.21718E-04
   9930   0.21644E-04
   9940   0.21546E-04
   9950   0.21463E-04
   9960   0.21396E-04
   9970   0.21300E-04
   9980   0.21227E-04
   9990   0.21139E-04
  10000   0.21055E-04
  10010   0.20985E-04
  10020   0.20894E-04
  10030   0.20819E-04
  10040   0.20728E-04
  10050   0.20657E-04
  10060   0.20582E-04
  10070   0.20500E-04
  10080   0.20404E-04
  10090   0.20333E-04
  10100   0.20255E-04
  10110   0.20172E-04
  10120   0.20110E-04
  10130   0.20026E-04
  10140   0.19932E-04
  10150   0.19870E-04
  10160   0.19793E-04
  10170   0.19708E-04
  10180   0.19619E-04
  10190   0.19556E-04
  10200   0.19457E-04
  10210   0.19392E-04
  10220   0.19306E-04
  10230   0.19240E-04
  10240   0.19173E-04
  10250   0.19070E-04
  10260   0.18989E-04
  10270   0.18918E-04
  10280   0.18834E-04
  10290   0.18780E-04
  10300   0.18692E-04
  10310   0.18612E-04
  10320   0.18525E-04
  10330   0.18451E-04
  10340   0.18380E-04
  10350   0.18287E-04
  10360   0.18227E-04
  10370   0.18151E-04
  10380   0.18056E-04
  10390   0.17984E-04
  10400   0.17885E-04
  10410   0.17817E-04
  10420   0.17734E-04
  10430   0.17653E-04
  10440   0.17563E-04
  10450   0.17490E-04
  10460   0.17406E-04
  10470   0.17329E-04
  10480   0.17240E-04
  10490   0.17163E-04
  10500   0.17090E-04
  10510   0.17002E-04
  10520   0.16917E-04
  10530   0.16838E-04
  10540   0.16764E-04
  10550   0.16671E-04
  10560   0.16580E-04
  10570   0.16505E-04
  10580   0.16422E-04
  10590   0.16333E-04
  10600   0.16246E-04
  10610   0.16163E-04
  10620   0.16073E-04
  10630   0.15984E-04
  10640   0.15901E-04
  10650   0.15811E-04
  10660   0.15716E-04
  10670   0.15650E-04
  10680   0.15554E-04
  10690   0.15492E-04
  10700   0.15384E-04
  10710   0.15307E-04
  10720   0.15225E-04
  10730   0.15132E-04
  10740   0.15043E-04
  10750   0.14966E-04
  10760   0.14872E-04
  10770   0.14784E-04
  10780   0.14700E-04
  10790   0.14611E-04
  10800   0.14529E-04
  10810   0.14430E-04
  10820   0.14371E-04
  10830   0.14268E-04
  10840   0.14180E-04
  10850   0.14104E-04
  10860   0.14001E-04
  10870   0.13931E-04
  10880   0.13837E-04
  10890   0.13748E-04
  10900   0.13669E-04
  10910   0.13599E-04
  10920   0.13508E-04
  10930   0.13414E-04
  10940   0.13330E-04
  10950   0.13251E-04
  10960   0.13178E-04
  10970   0.13083E-04
  10980   0.12985E-04
  10990   0.12920E-04
  11000   0.12834E-04
  11010   0.12756E-04
  11020   0.12676E-04
  11030   0.12592E-04
  11040   0.12499E-04
  11050   0.12431E-04
  11060   0.12361E-04
  11070   0.12255E-04
  11080   0.12181E-04
  11090   0.12093E-04
  11100   0.12010E-04
  11110   0.11949E-04
  11120   0.11865E-04
  11130   0.11779E-04
  11140   0.11719E-04
  11150   0.11641E-04
  11160   0.11567E-04
  11170   0.11477E-04
  11180   0.11403E-04
  11190   0.11324E-04
  11200   0.11251E-04
  11210   0.11157E-04
  11220   0.11100E-04
  11230   0.11020E-04
  11240   0.10941E-04
  11250   0.10869E-04
  11260   0.10803E-04
  11270   0.10723E-04
  11280   0.10654E-04
  11290   0.10572E-04
  11300   0.10496E-04
  11310   0.10433E-04
  11320   0.10346E-04
  11330   0.10287E-04
  11340   0.10219E-04
  11350   0.10134E-04
  11360   0.10091E-04
  11370   0.99943E-05
  11380   0.99300E-05
  11390   0.98613E-05
  11400   0.97911E-05
  11410   0.97231E-05
  11420   0.96442E-05
  11430   0.95794E-05
  11440   0.95048E-05
  11450   0.94371E-05
  11460   0.93729E-05
  11470   0.93101E-05
  11480   0.92527E-05
  11490   0.91717E-05
  11500   0.91108E-05
  11510   0.90459E-05
  11520   0.89824E-05
  11530   0.89092E-05
  11540   0.88422E-05
  11550   0.87807E-05
  11560   0.87131E-05
  11570   0.86436E-05
  11580   0.85853E-05
  11590   0.85437E-05
  11600   0.84610E-05
  11610   0.84094E-05
  11620   0.83355E-05
  11630   0.82779E-05
  11640   0.82156E-05
  11650   0.81504E-05
  11660   0.81062E-05
  11670   0.80410E-05
  11680   0.79542E-05
  11690   0.79028E-05
  11700   0.78489E-05
  11710   0.77920E-05
  11720   0.77262E-05
  11730   0.76670E-05
  11740   0.76085E-05
  11750   0.75414E-05
  11760   0.74891E-05
  11770   0.74305E-05
  11780   0.73793E-05
  11790   0.73212E-05
  11800   0.72631E-05
  11810   0.71989E-05
  11820   0.71474E-05
  11830   0.71137E-05
  11840   0.70558E-05
  11850   0.69803E-05
  11860   0.69250E-05
  11870   0.68896E-05
  11880   0.68289E-05
  11890   0.67656E-05
  11900   0.67199E-05
  11910   0.66624E-05
  11920   0.66133E-05
  11930   0.65637E-05
  11940   0.65061E-05
  11950   0.64487E-05
  11960   0.64107E-05
  11970   0.63403E-05
  11980   0.63009E-05
  11990   0.62563E-05
  12000   0.62016E-05
  12010   0.61622E-05
  12020   0.61052E-05
  12030   0.60536E-05
  12040   0.60228E-05
  12050   0.59851E-05
  12060   0.59225E-05
  12070   0.58675E-05
  12080   0.58335E-05
  12090   0.57753E-05
  12100   0.57488E-05
  12110   0.57114E-05
  12120   0.56404E-05
  12130   0.56040E-05
  12140   0.55486E-05
  12150   0.55116E-05
  12160   0.54759E-05
  12170   0.54314E-05
  12180   0.53989E-05
  12190   0.53481E-05
  12200   0.53159E-05
  12210   0.52596E-05
  12220   0.52251E-05
  12230   0.51912E-05
  12240   0.51417E-05
  12250   0.50975E-05
  12260   0.50625E-05
  12270   0.50275E-05
  12280   0.49865E-05
  12290   0.49437E-05
  12300   0.49050E-05
  12310   0.48615E-05
  12320   0.48196E-05
  12330   0.47903E-05
  12340   0.47582E-05
  12350   0.47118E-05
  12360   0.46880E-05
  12370   0.46451E-05
  12380   0.46134E-05
  12390   0.45870E-05
  12400   0.45368E-05
  12410   0.45148E-05
  12420   0.44693E-05
  12430   0.44411E-05
  12440   0.44130E-05
  12450   0.43751E-05
  12460   0.43520E-05
  12470   0.43037E-05
  12480   0.42687E-05
  12490   0.42493E-05
  12500   0.42158E-05
  12510   0.41904E-05
  12520   0.41564E-05
  12530   0.41321E-05
  12540   0.41012E-05
  12550   0.40815E-05
  12560   0.40244E-05
  12570   0.40064E-05
  12580   0.39790E-05
  12590   0.39511E-05
  12600   0.39279E-05
  12610   0.38972E-05
  12620   0.38721E-05
  12630   0.38367E-05
  12640   0.38130E-05
  12650   0.37937E-05
  12660   0.37715E-05
  12670   0.37351E-05
  12680   0.37082E-05
  12690   0.36872E-05
  12700   0.36575E-05
  12710   0.36487E-05
  12720   0.36158E-05
  12730   0.35965E-05
  12740   0.35683E-05
  12750   0.35494E-05
  12760   0.35247E-05
  12770   0.34965E-05
  12780   0.34764E-05
  12790   0.34523E-05
  12800   0.34346E-05
  12810   0.34149E-05
  12820   0.33966E-05
  12830   0.33819E-05
  12840   0.33497E-05
  12850   0.33421E-05
  12860   0.33112E-05
  12870   0.32917E-05
  12880   0.32738E-05
  12890   0.32512E-05
  12900   0.32430E-05
  12910   0.32225E-05
  12920   0.31974E-05
  12930   0.31780E-05
  12940   0.31611E-05
  12950   0.31446E-05
  12960   0.31229E-05
  12970   0.31162E-05
  12980   0.30957E-05
  12990   0.30806E-05
  13000   0.30478E-05
  13010   0.30222E-05
  13020   0.30184E-05
  13030   0.30032E-05
  13040   0.29885E-05
  13050   0.29764E-05
  13060   0.29588E-05
  13070   0.29407E-05
  13080   0.29250E-05
  13090   0.29214E-05
  13100   0.29107E-05
  13110   0.28777E-05
  13120   0.28537E-05
  13130   0.28458E-05
  13140   0.28294E-05
  13150   0.28169E-05
  13160   0.28063E-05
  13170   0.27939E-05
  13180   0.27838E-05
  13190   0.27663E-05
  13200   0.27541E-05
  13210   0.27479E-05
  13220   0.27381E-05
  13230   0.27250E-05
  13240   0.27057E-05
  13250   0.27008E-05
  13260   0.26835E-05
  13270   0.26766E-05
  13280   0.26618E-05
  13290   0.26408E-05
  13300   0.26362E-05
  13310   0.26169E-05
  13320   0.26060E-05
  13330   0.25910E-05
  13340   0.25781E-05
  13350   0.25739E-05
  13360   0.25716E-05
  13370   0.25562E-05
  13380   0.25476E-05
  13390   0.25429E-05
  13400   0.25249E-05
  13410   0.25088E-05
  13420   0.24966E-05
  13430   0.24817E-05
  13440   0.24716E-05
  13450   0.24690E-05
  13460   0.24602E-05
  13470   0.24349E-05
  13480   0.24157E-05
  13490   0.24182E-05
  13500   0.24081E-05
  13510   0.24011E-05
  13520   0.23925E-05
  13530   0.23827E-05
  13540   0.23781E-05
  13550   0.23757E-05
  13560   0.23649E-05
  13570   0.23472E-05
  13580   0.23440E-05
  13590   0.23274E-05
  13600   0.23181E-05
  13610   0.23171E-05
  13620   0.23006E-05
  13630   0.22897E-05
  13640   0.22819E-05
  13650   0.22773E-05
  13660   0.22700E-05
  13670   0.22519E-05
  13680   0.22478E-05
  13690   0.22415E-05
  13700   0.22254E-05
  13710   0.22245E-05
  13720   0.22129E-05
  13730   0.22014E-05
  13740   0.21927E-05
  13750   0.21813E-05
  13760   0.21826E-05
  13770   0.21649E-05
  13780   0.21708E-05
  13790   0.21561E-05
  13800   0.21560E-05
  13810   0.21539E-05
  13820   0.21430E-05
  13830   0.21306E-05
  13840   0.21372E-05
  13850   0.21329E-05
  13860   0.21065E-05
  13870   0.21328E-05
  13880   0.21147E-05
  13890   0.20981E-05
  13900   0.20833E-05
  13910   0.20747E-05
  13920   0.20726E-05
  13930   0.20545E-05
  13940   0.20550E-05
  13950   0.20515E-05
  13960   0.20428E-05
  13970   0.20262E-05
  13980   0.20196E-05
  13990   0.20309E-05
  14000   0.20097E-05
  14010   0.20035E-05
  14020   0.20045E-05
  14030   0.20082E-05
  14040   0.19852E-05
  14050   0.19850E-05
  14060   0.19756E-05
  14070   0.19566E-05
  14080   0.19722E-05
  14090   0.19559E-05
  14100   0.19491E-05
  14110   0.19538E-05
  14120   0.19467E-05
  14130   0.19292E-05
  14140   0.19260E-05
  14150   0.19296E-05
  14160   0.19200E-05
  14170   0.19210E-05
  14180   0.19211E-05
  14190   0.19082E-05
  14200   0.18991E-05
  14210   0.18808E-05
  14220   0.18847E-05
  14230   0.18822E-05
  14240   0.18682E-05
  14250   0.18594E-05
  14260   0.18565E-05
  14270   0.18528E-05
  14280   0.18503E-05
  14290   0.18429E-05
  14300   0.18426E-05
  14310   0.18286E-05
  14320   0.18184E-05
  14330   0.18059E-05
  14340   0.18057E-05
  14350   0.17953E-05
  14360   0.17999E-05
  14370   0.17932E-05
  14380   0.17803E-05
  14390   0.17708E-05
  14400   0.17631E-05
  14410   0.17579E-05
  14420   0.17515E-05
  14430   0.17522E-05
  14440   0.17344E-05
  14450   0.17261E-05
  14460   0.17253E-05
  14470   0.17229E-05
  14480   0.17140E-05
  14490   0.17023E-05
  14500   0.17034E-05
  14510   0.16973E-05
  14520   0.17032E-05
  14530   0.17019E-05
  14540   0.17073E-05
  14550   0.17019E-05
  14560   0.17037E-05
  14570   0.17081E-05
  14580   0.17017E-05
  14590   0.16951E-05
  14600   0.16834E-05
  14610   0.16650E-05
  14620   0.16496E-05
  14630   0.16523E-05
  14640   0.16507E-05
  14650   0.16286E-05
  14660   0.16351E-05
  14670   0.16240E-05
  14680   0.16248E-05
  14690   0.16187E-05
  14700   0.16211E-05
  14710   0.16125E-05
  14720   0.16092E-05
  14730   0.16006E-05
  14740   0.16003E-05
  14750   0.16039E-05
  14760   0.15777E-05
  14770   0.15861E-05
  14780   0.15927E-05
  14790   0.15891E-05
  14800   0.15955E-05
  14810   0.15991E-05
  14820   0.15897E-05
  14830   0.15686E-05
  14840   0.15576E-05
  14850   0.15552E-05
  14860   0.15495E-05
  14870   0.15649E-05
  14880   0.15538E-05
  14890   0.15493E-05
  14900   0.15528E-05
  14910   0.15299E-05
  14920   0.15243E-05
  14930   0.15265E-05
  14940   0.15307E-05
  14950   0.15413E-05
  14960   0.15209E-05
  14970   0.15229E-05
  14980   0.15147E-05
  14990   0.15049E-05
  15000   0.15000E-05
  15010   0.15063E-05
  15020   0.14772E-05
  15030   0.14850E-05
  15040   0.14820E-05
  15050   0.14739E-05
  15060   0.14738E-05
  15070   0.14850E-05
  15080   0.14945E-05
  15090   0.14860E-05
  15100   0.14780E-05
  15110   0.14763E-05
  15120   0.14739E-05
  15130   0.14717E-05
  15140   0.14569E-05
  15150   0.14722E-05
  15160   0.14517E-05
  15170   0.14623E-05
  15180   0.14537E-05
  15190   0.14599E-05
  15200   0.14527E-05
  15210   0.14415E-05
  15220   0.14338E-05
  15230   0.14172E-05
  15240   0.14211E-05
  15250   0.14211E-05
  15260   0.14128E-05
  15270   0.14131E-05
  15280   0.14161E-05
  15290   0.14083E-05
  15300   0.14107E-05
  15310   0.13961E-05
  15320   0.13848E-05
  15330   0.13954E-05
  15340   0.13920E-05
  15350   0.13791E-05
  15360   0.13743E-05
  15370   0.13614E-05
  15380   0.13650E-05
  15390   0.13587E-05
  15400   0.13617E-05
  15410   0.13523E-05
  15420   0.13593E-05
  15430   0.13632E-05
  15440   0.13546E-05
  15450   0.13583E-05
  15460   0.13486E-05
  15470   0.13434E-05
  15480   0.13282E-05
  15490   0.13233E-05
  15500   0.13061E-05
  15510   0.13027E-05
  15520   0.12921E-05
  15530   0.13006E-05
  15540   0.12958E-05
  15550   0.13094E-05
  15560   0.13053E-05
  15570   0.13126E-05
  15580   0.12951E-05
  15590   0.12941E-05
  15600   0.12793E-05
  15610   0.12665E-05
  15620   0.12899E-05
  15630   0.12679E-05
  15640   0.12618E-05
  15650   0.12624E-05
  15660   0.12739E-05
  15670   0.12552E-05
  15680   0.12587E-05
  15690   0.12667E-05
  15700   0.12517E-05
  15710   0.12640E-05
  15720   0.12475E-05
  15730   0.12493E-05
  15740   0.12433E-05
  15750   0.12274E-05
  15760   0.12323E-05
  15770   0.12339E-05
  15780   0.12385E-05
  15790   0.12289E-05
  15800   0.12347E-05
  15810   0.12084E-05
  15820   0.12128E-05
  15830   0.12095E-05
  15840   0.12212E-05
  15850   0.12167E-05
  15860   0.12066E-05
  15870   0.12081E-05
  15880   0.11909E-05
  15890   0.11954E-05
  15900   0.11916E-05
  15910   0.11914E-05
  15920   0.11942E-05
  15930   0.11804E-05
  15940   0.11987E-05
  15950   0.11823E-05
  15960   0.11972E-05
  15970   0.11819E-05
  15980   0.11606E-05
  15990   0.11703E-05
  16000   0.11737E-05
  16010   0.11679E-05
  16020   0.11471E-05
  16030   0.11412E-05
  16040   0.11507E-05
  16050   0.11390E-05
  16060   0.11375E-05
  16070   0.11395E-05
  16080   0.11293E-05
  16090   0.11202E-05
  16100   0.11220E-05
  16110   0.11214E-05
  16120   0.11131E-05
  16130   0.10931E-05
  16140   0.10807E-05
  16150   0.10734E-05
  16160   0.10683E-05
  16170   0.10651E-05
  16180   0.10676E-05
  16190   0.10784E-05
  16200   0.10699E-05
  16210   0.10729E-05
  16220   0.10654E-05
  16230   0.10590E-05
  16240   0.10698E-05
  16250   0.10596E-05
  16260   0.10674E-05
  16270   0.10697E-05
  16280   0.10646E-05
  16290   0.10564E-05
  16300   0.10322E-05
  16310   0.10398E-05
  16320   0.10396E-05
  16330   0.10264E-05
  16340   0.10295E-05
  16350   0.10261E-05
  16360   0.10198E-05
  16370   0.10107E-05
  16380   0.99448E-06
  16390   0.10009E-05
  16400   0.99644E-06
  16410   0.99659E-06
  16420   0.98893E-06
  16430   0.98081E-06
  16440   0.97721E-06
  16450   0.97801E-06
  16460   0.98457E-06
  16470   0.97107E-06
  16480   0.96381E-06
  16490   0.95865E-06
  16500   0.94393E-06
  16510   0.95724E-06
  16520   0.95215E-06
  16530   0.93179E-06
  16540   0.93429E-06
  16550   0.94501E-06
  16560   0.92826E-06
  16570   0.92078E-06
  16580   0.92856E-06
  16590   0.93172E-06
  16600   0.92977E-06
  16610   0.92093E-06
  16620   0.91938E-06
  16630   0.90690E-06
  16640   0.90901E-06
  16650   0.89767E-06
  16660   0.88871E-06
  16670   0.89347E-06
  16680   0.89979E-06
  16690   0.87380E-06
  16700   0.86707E-06
  16710   0.86680E-06
  16720   0.86090E-06
  16730   0.85335E-06
  16740   0.86850E-06
  16750   0.84599E-06
  16760   0.84998E-06
  16770   0.83793E-06
  16780   0.82749E-06
  16790   0.82812E-06
  16800   0.83994E-06
  16810   0.83413E-06
  16820   0.83314E-06
  16830   0.82985E-06
  16840   0.81831E-06
  16850   0.81851E-06
  16860   0.81584E-06
  16870   0.81139E-06
  16880   0.81126E-06
  16890   0.81456E-06
  16900   0.79560E-06
  16910   0.80675E-06
  16920   0.79278E-06
  16930   0.79155E-06
  16940   0.77679E-06
  16950   0.78106E-06
  16960   0.77916E-06
  16970   0.78885E-06
  16980   0.76838E-06
  16990   0.77303E-06
  17000   0.78232E-06
  17010   0.77273E-06
  17020   0.76582E-06
  17030   0.75940E-06
  17040   0.77158E-06
  17050   0.78877E-06
  17060   0.78054E-06
  17070   0.77452E-06
  17080   0.76243E-06
  17090   0.76687E-06
  17100   0.75296E-06
  17110   0.75233E-06
  17120   0.75432E-06
  17130   0.75507E-06
  17140   0.75731E-06
  17150   0.75588E-06
  17160   0.76838E-06
  17170   0.75533E-06
  17180   0.74498E-06
  17190   0.75031E-06
  17200   0.75634E-06
  17210   0.75735E-06
  17220   0.75304E-06
  17230   0.74026E-06
  17240   0.72699E-06
  17250   0.72383E-06
  17260   0.72828E-06
  17270   0.72862E-06
  17280   0.72374E-06
  17290   0.71240E-06
  17300   0.72053E-06
  17310   0.72916E-06
  17320   0.73343E-06
  17330   0.73653E-06
  17340   0.73297E-06
  17350   0.73488E-06
  17360   0.74034E-06
  17370   0.73139E-06
  17380   0.73894E-06
  17390   0.73607E-06
  17400   0.72635E-06
  17410   0.74574E-06
  17420   0.72747E-06
  17430   0.72328E-06
  17440   0.72098E-06
  17450   0.72637E-06
  17460   0.72476E-06
  17470   0.72491E-06
  17480   0.72815E-06
  17490   0.73343E-06
  17500   0.71705E-06
  17510   0.72413E-06
  17520   0.72690E-06
  17530   0.72103E-06
  17540   0.72813E-06
  17550   0.72443E-06
  17560   0.72304E-06
  17570   0.71172E-06
  17580   0.70907E-06
  17590   0.71042E-06
  17600   0.70737E-06
  17610   0.71634E-06
  17620   0.72286E-06
  17630   0.70905E-06
  17640   0.70721E-06
  17650   0.71865E-06
  17660   0.71462E-06
  17670   0.72410E-06
  17680   0.72743E-06
  17690   0.73838E-06
  17700   0.74177E-06
  17710   0.75418E-06
  17720   0.74362E-06
  17730   0.76030E-06
  17740   0.74359E-06
  17750   0.75506E-06
  17760   0.75598E-06
  17770   0.75686E-06
  17780   0.75865E-06
  17790   0.75856E-06
  17800   0.74856E-06
  17810   0.75503E-06
  17820   0.74785E-06
  17830   0.75560E-06
  17840   0.75725E-06
  17850   0.76762E-06
  17860   0.76241E-06
  17870   0.75941E-06
  17880   0.76109E-06
  17890   0.76306E-06
  17900   0.76299E-06
  17910   0.76552E-06
  17920   0.77411E-06
  17930   0.77226E-06
  17940   0.77191E-06
  17950   0.77020E-06
  17960   0.77721E-06
  17970   0.78499E-06
  17980   0.77603E-06
  17990   0.79034E-06
  18000   0.78650E-06
  18010   0.80662E-06
  18020   0.80611E-06
  18030   0.79906E-06
  18040   0.80924E-06
  18050   0.79958E-06
  18060   0.80187E-06
  18070   0.80528E-06
  18080   0.81608E-06
  18090   0.81711E-06
  18100   0.81174E-06
  18110   0.84568E-06
  18120   0.84313E-06
  18130   0.84746E-06
  18140   0.83527E-06
  18150   0.81275E-06
  18160   0.81962E-06
  18170   0.79957E-06
  18180   0.80875E-06
  18190   0.82249E-06
  18200   0.82519E-06
  18210   0.86391E-06
  18220   0.85906E-06
  18230   0.86499E-06
  18240   0.84719E-06
  18250   0.85092E-06
  18260   0.84983E-06
  18270   0.86366E-06
  18280   0.86378E-06
  18290   0.86304E-06
  18300   0.86383E-06
  18310   0.89673E-06
  18320   0.89033E-06
  18330   0.89751E-06
  18340   0.90653E-06
  18350   0.90852E-06
  18360   0.91874E-06
  18370   0.91928E-06
  18380   0.91256E-06
  18390   0.90705E-06
  18400   0.92282E-06
  18410   0.92215E-06
  18420   0.92434E-06
  18430   0.92552E-06
  18440   0.92062E-06
  18450   0.93260E-06
  18460   0.92530E-06
  18470   0.92933E-06
  18480   0.93879E-06
  18490   0.92327E-06
  18500   0.93632E-06
  18510   0.95408E-06
  18520   0.93890E-06
  18530   0.95267E-06
  18540   0.95030E-06
  18550   0.95146E-06
  18560   0.94238E-06
  18570   0.94871E-06
  18580   0.94912E-06
  18590   0.95694E-06
  18600   0.95408E-06
  18610   0.96469E-06
  18620   0.97561E-06
  18630   0.98276E-06
  18640   0.98084E-06
  18650   0.98366E-06
  18660   0.98300E-06
  18670   0.98351E-06
  18680   0.98536E-06
  18690   0.98448E-06
  18700   0.99155E-06
  18710   0.99890E-06
  18720   0.10093E-05
  18730   0.99894E-06
  18740   0.10026E-05
  18750   0.99965E-06
  18760   0.10058E-05
  18770   0.10041E-05
  18780   0.10017E-05
  18790   0.10115E-05
  18800   0.10145E-05
  18810   0.10287E-05
  18820   0.10312E-05
  18830   0.10255E-05
  18840   0.10338E-05
  18850   0.10332E-05
  18860   0.10216E-05
  18870   0.10336E-05
  18880   0.10403E-05
  18890   0.10440E-05
  18900   0.10370E-05
  18910   0.10409E-05
  18920   0.10417E-05
  18930   0.10525E-05
  18940   0.10622E-05
  18950   0.10663E-05
  18960   0.10670E-05
  18970   0.10744E-05
  18980   0.10686E-05
  18990   0.10798E-05
  19000   0.10796E-05
  19010   0.10836E-05
  19020   0.10861E-05
  19030   0.10951E-05
  19040   0.10985E-05
  19050   0.11011E-05
  19060   0.11081E-05
  19070   0.11109E-05
  19080   0.11069E-05
  19090   0.11035E-05
  19100   0.11016E-05
  19110   0.10996E-05
  19120   0.10985E-05
  19130   0.11113E-05
  19140   0.11068E-05
  19150   0.11207E-05
  19160   0.11297E-05
  19170   0.11225E-05
  19180   0.11218E-05
  19190   0.11142E-05
  19200   0.11308E-05
  19210   0.11483E-05
  19220   0.11346E-05
  19230   0.11363E-05
  19240   0.11341E-05
  19250   0.11418E-05
  19260   0.11435E-05
  19270   0.11577E-05
  19280   0.11638E-05
  19290   0.11698E-05
  19300   0.11556E-05
  19310   0.11963E-05
  19320   0.12051E-05
  19330   0.11831E-05
  19340   0.11825E-05
  19350   0.11928E-05
  19360   0.12060E-05
  19370   0.12006E-05
  19380   0.12316E-05
  19390   0.12267E-05
  19400   0.12377E-05
  19410   0.12309E-05
  19420   0.12343E-05
  19430   0.12573E-05
  19440   0.12462E-05
  19450   0.12449E-05
  19460   0.12361E-05
  19470   0.12545E-05
  19480   0.12381E-05
  19490   0.12542E-05
  19500   0.12570E-05
  19510   0.12948E-05
  19520   0.12891E-05
  19530   0.12784E-05
  19540   0.12741E-05
  19550   0.12777E-05
  19560   0.13093E-05
  19570   0.12963E-05
  19580   0.12970E-05
  19590   0.13046E-05
  19600   0.13256E-05
  19610   0.13337E-05
  19620   0.13274E-05
  19630   0.13212E-05
  19640   0.13424E-05
  19650   0.13587E-05
  19660   0.13638E-05
  19670   0.13571E-05
  19680   0.13600E-05
  19690   0.13632E-05
  19700   0.13682E-05
  19710   0.13622E-05
  19720   0.13856E-05
  19730   0.13954E-05
  19740   0.14112E-05
  19750   0.14039E-05
  19760   0.13958E-05
  19770   0.14055E-05
  19780   0.14127E-05
  19790   0.14045E-05
  19800   0.14204E-05
  19810   0.14327E-05
  19820   0.14481E-05
  19830   0.14392E-05
  19840   0.14383E-05
  19850   0.14486E-05
  19860   0.14704E-05
  19870   0.14680E-05
  19880   0.14762E-05
  19890   0.14720E-05
  19900   0.14857E-05
  19910   0.14964E-05
  19920   0.15021E-05
  19930   0.15037E-05
  19940   0.15044E-05
  19950   0.15005E-05
  19960   0.15025E-05
  19970   0.15185E-05
  19980   0.15329E-05
  19990   0.15370E-05
  20000   0.15338E-05
