     10   0.10551E-02
     20   0.89665E-03
     30   0.79247E-03
     40   0.71832E-03
     50   0.66221E-03
     60   0.61739E-03
     70   0.57960E-03
     80   0.54665E-03
     90   0.51742E-03
    100   0.49098E-03
    110   0.46643E-03
    120   0.44374E-03
    130   0.42263E-03
    140   0.40275E-03
    150   0.38406E-03
    160   0.36651E-03
    170   0.35000E-03
    180   0.33444E-03
    190   0.31977E-03
    200   0.30596E-03
    210   0.29325E-03
    220   0.28131E-03
    230   0.27008E-03
    240   0.25956E-03
    250   0.24973E-03
    260   0.24049E-03
    270   0.23188E-03
    280   0.22386E-03
    290   0.21637E-03
    300   0.20941E-03
    310   0.20302E-03
    320   0.19708E-03
    330   0.19158E-03
    340   0.18655E-03
    350   0.18197E-03
    360   0.17784E-03
    370   0.17418E-03
    380   0.17094E-03
    390   0.16812E-03
    400   0.16569E-03
    410   0.16364E-03
    420   0.16186E-03
    430   0.16027E-03
    440   0.15885E-03
    450   0.15752E-03
    460   0.15622E-03
    470   0.15491E-03
    480   0.15356E-03
    490   0.15215E-03
    500   0.15069E-03
    510   0.14917E-03
    520   0.14761E-03
    530   0.14604E-03
    540   0.14446E-03
    550   0.14292E-03
    560   0.14147E-03
    570   0.14012E-03
    580   0.13890E-03
    590   0.13787E-03
    600   0.13700E-03
    610   0.13633E-03
    620   0.13585E-03
    630   0.13557E-03
    640   0.13547E-03
    650   0.13554E-03
    660   0.13576E-03
    670   0.13611E-03
    680   0.13657E-03
    690   0.13712E-03
    700   0.13773E-03
    710   0.13839E-03
    720   0.13907E-03
    730   0.13974E-03
    740   0.14040E-03
    750   0.14103E-03
    760   0.14160E-03
    770   0.14211E-03
    780   0.14255E-03
    790   0.14290E-03
    800   0.14316E-03
    810   0.14332E-03
    820   0.14339E-03
    830   0.14335E-03
    840   0.14321E-03
    850   0.14297E-03
    860   0.14263E-03
    870   0.14220E-03
    880   0.14168E-03
    890   0.14106E-03
    900   0.14038E-03
    910   0.13961E-03
    920   0.13879E-03
    930   0.13790E-03
    940   0.13697E-03
    950   0.13599E-03
    960   0.13499E-03
    970   0.13397E-03
    980   0.13295E-03
    990   0.13193E-03
   1000   0.13093E-03
   1010   0.12998E-03
   1020   0.12906E-03
   1030   0.12820E-03
   1040   0.12743E-03
   1050   0.12672E-03
   1060   0.12610E-03
   1070   0.12558E-03
   1080   0.12515E-03
   1090   0.12482E-03
   1100   0.12459E-03
   1110   0.12445E-03
   1120   0.12439E-03
   1130   0.12441E-03
   1140   0.12451E-03
   1150   0.12466E-03
   1160   0.12484E-03
   1170   0.12506E-03
   1180   0.12530E-03
   1190   0.12556E-03
   1200   0.12579E-03
   1210   0.12603E-03
   1220   0.12623E-03
   1230   0.12640E-03
   1240   0.12653E-03
   1250   0.12661E-03
   1260   0.12663E-03
   1270   0.12660E-03
   1280   0.12652E-03
   1290   0.12637E-03
   1300   0.12617E-03
   1310   0.12591E-03
   1320   0.12561E-03
   1330   0.12526E-03
   1340   0.12487E-03
   1350   0.12445E-03
   1360   0.12400E-03
   1370   0.12352E-03
   1380   0.12305E-03
   1390   0.12256E-03
   1400   0.12210E-03
   1410   0.12163E-03
   1420   0.12121E-03
   1430   0.12079E-03
   1440   0.12042E-03
   1450   0.12008E-03
   1460   0.11980E-03
   1470   0.11955E-03
   1480   0.11934E-03
   1490   0.11917E-03
   1500   0.11904E-03
   1510   0.11897E-03
   1520   0.11891E-03
   1530   0.11890E-03
   1540   0.11889E-03
   1550   0.11889E-03
   1560   0.11891E-03
   1570   0.11892E-03
   1580   0.11891E-03
   1590   0.11890E-03
   1600   0.11884E-03
   1610   0.11876E-03
   1620   0.11864E-03
   1630   0.11848E-03
   1640   0.11827E-03
   1650   0.11801E-03
   1660   0.11772E-03
   1670   0.11735E-03
   1680   0.11696E-03
   1690   0.11651E-03
   1700   0.11603E-03
   1710   0.11551E-03
   1720   0.11496E-03
   1730   0.11439E-03
   1740   0.11382E-03
   1750   0.11321E-03
   1760   0.11262E-03
   1770   0.11204E-03
   1780   0.11150E-03
   1790   0.11098E-03
   1800   0.11049E-03
   1810   0.11005E-03
   1820   0.10970E-03
   1830   0.10939E-03
   1840   0.10918E-03
   1850   0.10905E-03
   1860   0.10901E-03
   1870   0.10905E-03
   1880   0.10922E-03
   1890   0.10948E-03
   1900   0.10985E-03
   1910   0.11030E-03
   1920   0.11088E-03
   1930   0.11156E-03
   1940   0.11232E-03
   1950   0.11319E-03
   1960   0.11413E-03
   1970   0.11516E-03
   1980   0.11625E-03
   1990   0.11739E-03
   2000   0.11860E-03
   2010   0.11985E-03
   2020   0.12113E-03
   2030   0.12245E-03
   2040   0.12378E-03
   2050   0.12512E-03
   2060   0.12647E-03
   2070   0.12781E-03
   2080   0.12912E-03
   2090   0.13043E-03
   2100   0.13172E-03
   2110   0.13297E-03
   2120   0.13419E-03
   2130   0.13539E-03
   2140   0.13655E-03
   2150   0.13765E-03
   2160   0.13873E-03
   2170   0.13976E-03
   2180   0.14074E-03
   2190   0.14168E-03
   2200   0.14256E-03
   2210   0.14341E-03
   2220   0.14422E-03
   2230   0.14495E-03
   2240   0.14567E-03
   2250   0.14633E-03
   2260   0.14691E-03
   2270   0.14748E-03
   2280   0.14800E-03
   2290   0.14847E-03
   2300   0.14890E-03
   2310   0.14925E-03
   2320   0.14958E-03
   2330   0.14986E-03
   2340   0.15007E-03
   2350   0.15025E-03
   2360   0.15038E-03
   2370   0.15045E-03
   2380   0.15048E-03
   2390   0.15047E-03
   2400   0.15041E-03
   2410   0.15031E-03
   2420   0.15016E-03
   2430   0.14996E-03
   2440   0.14972E-03
   2450   0.14945E-03
   2460   0.14911E-03
   2470   0.14875E-03
   2480   0.14836E-03
   2490   0.14791E-03
   2500   0.14744E-03
   2510   0.14691E-03
   2520   0.14638E-03
   2530   0.14580E-03
   2540   0.14518E-03
   2550   0.14454E-03
   2560   0.14387E-03
   2570   0.14319E-03
   2580   0.14245E-03
   2590   0.14169E-03
   2600   0.14094E-03
   2610   0.14011E-03
   2620   0.13931E-03
   2630   0.13847E-03
   2640   0.13761E-03
   2650   0.13672E-03
   2660   0.13583E-03
   2670   0.13494E-03
   2680   0.13399E-03
   2690   0.13304E-03
   2700   0.13208E-03
   2710   0.13110E-03
   2720   0.13011E-03
   2730   0.12912E-03
   2740   0.12807E-03
   2750   0.12706E-03
   2760   0.12602E-03
   2770   0.12498E-03
   2780   0.12390E-03
   2790   0.12283E-03
   2800   0.12176E-03
   2810   0.12066E-03
   2820   0.11958E-03
   2830   0.11847E-03
   2840   0.11738E-03
   2850   0.11626E-03
   2860   0.11515E-03
   2870   0.11404E-03
   2880   0.11289E-03
   2890   0.11179E-03
   2900   0.11068E-03
   2910   0.10955E-03
   2920   0.10842E-03
   2930   0.10733E-03
   2940   0.10624E-03
   2950   0.10515E-03
   2960   0.10404E-03
   2970   0.10297E-03
   2980   0.10191E-03
   2990   0.10085E-03
   3000   0.99794E-04
   3010   0.98783E-04
   3020   0.97737E-04
   3030   0.96754E-04
   3040   0.95765E-04
   3050   0.94792E-04
   3060   0.93837E-04
   3070   0.92897E-04
   3080   0.91985E-04
   3090   0.91099E-04
   3100   0.90219E-04
   3110   0.89346E-04
   3120   0.88495E-04
   3130   0.87677E-04
   3140   0.86880E-04
   3150   0.86078E-04
   3160   0.85311E-04
   3170   0.84568E-04
   3180   0.83835E-04
   3190   0.83124E-04
   3200   0.82422E-04
   3210   0.81735E-04
   3220   0.81061E-04
   3230   0.80428E-04
   3240   0.79796E-04
   3250   0.79177E-04
   3260   0.78560E-04
   3270   0.77992E-04
   3280   0.77409E-04
   3290   0.76860E-04
   3300   0.76311E-04
   3310   0.75778E-04
   3320   0.75237E-04
   3330   0.74735E-04
   3340   0.74255E-04
   3350   0.73751E-04
   3360   0.73288E-04
   3370   0.72818E-04
   3380   0.72370E-04
   3390   0.71927E-04
   3400   0.71492E-04
   3410   0.71072E-04
   3420   0.70666E-04
   3430   0.70251E-04
   3440   0.69856E-04
   3450   0.69473E-04
   3460   0.69094E-04
   3470   0.68726E-04
   3480   0.68368E-04
   3490   0.68011E-04
   3500   0.67659E-04
   3510   0.67325E-04
   3520   0.67002E-04
   3530   0.66666E-04
   3540   0.66362E-04
   3550   0.66050E-04
   3560   0.65758E-04
   3570   0.65469E-04
   3580   0.65166E-04
   3590   0.64891E-04
   3600   0.64613E-04
   3610   0.64352E-04
   3620   0.64083E-04
   3630   0.63855E-04
   3640   0.63579E-04
   3650   0.63341E-04
   3660   0.63125E-04
   3670   0.62879E-04
   3680   0.62643E-04
   3690   0.62418E-04
   3700   0.62201E-04
   3710   0.62002E-04
   3720   0.61778E-04
   3730   0.61587E-04
   3740   0.61383E-04
   3750   0.61174E-04
   3760   0.60978E-04
   3770   0.60793E-04
   3780   0.60627E-04
   3790   0.60444E-04
   3800   0.60268E-04
   3810   0.60097E-04
   3820   0.59934E-04
   3830   0.59769E-04
   3840   0.59605E-04
   3850   0.59441E-04
   3860   0.59286E-04
   3870   0.59162E-04
   3880   0.59004E-04
   3890   0.58853E-04
   3900   0.58738E-04
   3910   0.58604E-04
   3920   0.58475E-04
   3930   0.58327E-04
   3940   0.58252E-04
   3950   0.58125E-04
   3960   0.58008E-04
   3970   0.57915E-04
   3980   0.57830E-04
   3990   0.57724E-04
   4000   0.57631E-04
   4010   0.57562E-04
   4020   0.57478E-04
   4030   0.57414E-04
   4040   0.57339E-04
   4050   0.57287E-04
   4060   0.57239E-04
   4070   0.57172E-04
   4080   0.57144E-04
   4090   0.57099E-04
   4100   0.57063E-04
   4110   0.57051E-04
   4120   0.57016E-04
   4130   0.57019E-04
   4140   0.56997E-04
   4150   0.57001E-04
   4160   0.56975E-04
   4170   0.56984E-04
   4180   0.57022E-04
   4190   0.57014E-04
   4200   0.57043E-04
   4210   0.57065E-04
   4220   0.57104E-04
   4230   0.57141E-04
   4240   0.57169E-04
   4250   0.57237E-04
   4260   0.57275E-04
   4270   0.57312E-04
   4280   0.57386E-04
   4290   0.57441E-04
   4300   0.57525E-04
   4310   0.57580E-04
   4320   0.57648E-04
   4330   0.57733E-04
   4340   0.57798E-04
   4350   0.57887E-04
   4360   0.57963E-04
   4370   0.58050E-04
   4380   0.58130E-04
   4390   0.58228E-04
   4400   0.58304E-04
   4410   0.58400E-04
   4420   0.58500E-04
   4430   0.58580E-04
   4440   0.58672E-04
   4450   0.58763E-04
   4460   0.58879E-04
   4470   0.58956E-04
   4480   0.59043E-04
   4490   0.59134E-04
   4500   0.59237E-04
   4510   0.59335E-04
   4520   0.59414E-04
   4530   0.59506E-04
   4540   0.59594E-04
   4550   0.59678E-04
   4560   0.59766E-04
   4570   0.59820E-04
   4580   0.59903E-04
   4590   0.59977E-04
   4600   0.60056E-04
   4610   0.60127E-04
   4620   0.60184E-04
   4630   0.60257E-04
   4640   0.60319E-04
   4650   0.60367E-04
   4660   0.60418E-04
   4670   0.60477E-04
   4680   0.60520E-04
   4690   0.60564E-04
   4700   0.60605E-04
   4710   0.60648E-04
   4720   0.60666E-04
   4730   0.60685E-04
   4740   0.60719E-04
   4750   0.60743E-04
   4760   0.60762E-04
   4770   0.60758E-04
   4780   0.60766E-04
   4790   0.60767E-04
   4800   0.60767E-04
   4810   0.60761E-04
   4820   0.60733E-04
   4830   0.60729E-04
   4840   0.60701E-04
   4850   0.60682E-04
   4860   0.60637E-04
   4870   0.60610E-04
   4880   0.60565E-04
   4890   0.60524E-04
   4900   0.60476E-04
   4910   0.60430E-04
   4920   0.60385E-04
   4930   0.60337E-04
   4940   0.60258E-04
   4950   0.60207E-04
   4960   0.60141E-04
   4970   0.60073E-04
   4980   0.59997E-04
   4990   0.59919E-04
   5000   0.59837E-04
   5010   0.59759E-04
   5020   0.59675E-04
   5030   0.59588E-04
   5040   0.59503E-04
   5050   0.59413E-04
   5060   0.59320E-04
   5070   0.59219E-04
   5080   0.59138E-04
   5090   0.59030E-04
   5100   0.58936E-04
   5110   0.58827E-04
   5120   0.58752E-04
   5130   0.58647E-04
   5140   0.58526E-04
   5150   0.58435E-04
   5160   0.58342E-04
   5170   0.58244E-04
   5180   0.58133E-04
   5190   0.58053E-04
   5200   0.57939E-04
   5210   0.57843E-04
   5220   0.57727E-04
   5230   0.57643E-04
   5240   0.57546E-04
   5250   0.57452E-04
   5260   0.57363E-04
   5270   0.57273E-04
   5280   0.57173E-04
   5290   0.57086E-04
   5300   0.56992E-04
   5310   0.56915E-04
   5320   0.56828E-04
   5330   0.56723E-04
   5340   0.56653E-04
   5350   0.56577E-04
   5360   0.56497E-04
   5370   0.56420E-04
   5380   0.56355E-04
   5390   0.56281E-04
   5400   0.56225E-04
   5410   0.56142E-04
   5420   0.56088E-04
   5430   0.56037E-04
   5440   0.55969E-04
   5450   0.55909E-04
   5460   0.55846E-04
   5470   0.55800E-04
   5480   0.55749E-04
   5490   0.55708E-04
   5500   0.55668E-04
   5510   0.55610E-04
   5520   0.55581E-04
   5530   0.55538E-04
   5540   0.55506E-04
   5550   0.55472E-04
   5560   0.55440E-04
   5570   0.55410E-04
   5580   0.55383E-04
   5590   0.55352E-04
   5600   0.55349E-04
   5610   0.55313E-04
   5620   0.55294E-04
   5630   0.55283E-04
   5640   0.55271E-04
   5650   0.55245E-04
   5660   0.55237E-04
   5670   0.55222E-04
   5680   0.55204E-04
   5690   0.55208E-04
   5700   0.55201E-04
   5710   0.55192E-04
   5720   0.55173E-04
   5730   0.55183E-04
   5740   0.55175E-04
   5750   0.55186E-04
   5760   0.55187E-04
   5770   0.55180E-04
   5780   0.55192E-04
   5790   0.55190E-04
   5800   0.55203E-04
   5810   0.55195E-04
   5820   0.55194E-04
   5830   0.55203E-04
   5840   0.55194E-04
   5850   0.55212E-04
   5860   0.55225E-04
   5870   0.55207E-04
   5880   0.55228E-04
   5890   0.55228E-04
   5900   0.55242E-04
   5910   0.55242E-04
   5920   0.55248E-04
   5930   0.55246E-04
   5940   0.55265E-04
   5950   0.55265E-04
   5960   0.55274E-04
   5970   0.55277E-04
   5980   0.55284E-04
   5990   0.55281E-04
   6000   0.55286E-04
   6010   0.55289E-04
   6020   0.55288E-04
   6030   0.55295E-04
   6040   0.55281E-04
   6050   0.55272E-04
   6060   0.55294E-04
   6070   0.55295E-04
   6080   0.55282E-04
   6090   0.55290E-04
   6100   0.55284E-04
   6110   0.55264E-04
   6120   0.55273E-04
   6130   0.55257E-04
   6140   0.55245E-04
   6150   0.55250E-04
   6160   0.55236E-04
   6170   0.55223E-04
   6180   0.55209E-04
   6190   0.55197E-04
   6200   0.55184E-04
   6210   0.55156E-04
   6220   0.55142E-04
   6230   0.55112E-04
   6240   0.55106E-04
   6250   0.55079E-04
   6260   0.55035E-04
   6270   0.55014E-04
   6280   0.54983E-04
   6290   0.54968E-04
   6300   0.54930E-04
   6310   0.54880E-04
   6320   0.54848E-04
   6330   0.54807E-04
   6340   0.54760E-04
   6350   0.54725E-04
   6360   0.54661E-04
   6370   0.54606E-04
   6380   0.54569E-04
   6390   0.54502E-04
   6400   0.54458E-04
   6410   0.54394E-04
   6420   0.54327E-04
   6430   0.54263E-04
   6440   0.54198E-04
   6450   0.54111E-04
   6460   0.54056E-04
   6470   0.53975E-04
   6480   0.53900E-04
   6490   0.53813E-04
   6500   0.53729E-04
   6510   0.53627E-04
   6520   0.53539E-04
   6530   0.53459E-04
   6540   0.53366E-04
   6550   0.53270E-04
   6560   0.53170E-04
   6570   0.53070E-04
   6580   0.52963E-04
   6590   0.52864E-04
   6600   0.52751E-04
   6610   0.52649E-04
   6620   0.52529E-04
   6630   0.52428E-04
   6640   0.52317E-04
   6650   0.52208E-04
   6660   0.52099E-04
   6670   0.51988E-04
   6680   0.51865E-04
   6690   0.51750E-04
   6700   0.51646E-04
   6710   0.51523E-04
   6720   0.51408E-04
   6730   0.51293E-04
   6740   0.51180E-04
   6750   0.51060E-04
   6760   0.50954E-04
   6770   0.50833E-04
   6780   0.50729E-04
   6790   0.50618E-04
   6800   0.50505E-04
   6810   0.50397E-04
   6820   0.50285E-04
   6830   0.50189E-04
   6840   0.50085E-04
   6850   0.49968E-04
   6860   0.49880E-04
   6870   0.49780E-04
   6880   0.49685E-04
   6890   0.49588E-04
   6900   0.49488E-04
   6910   0.49418E-04
   6920   0.49315E-04
   6930   0.49240E-04
   6940   0.49155E-04
   6950   0.49081E-04
   6960   0.48998E-04
   6970   0.48921E-04
   6980   0.48845E-04
   6990   0.48763E-04
   7000   0.48692E-04
   7010   0.48629E-04
   7020   0.48555E-04
   7030   0.48494E-04
   7040   0.48436E-04
   7050   0.48370E-04
   7060   0.48296E-04
   7070   0.48236E-04
   7080   0.48198E-04
   7090   0.48134E-04
   7100   0.48084E-04
   7110   0.48026E-04
   7120   0.47982E-04
   7130   0.47941E-04
   7140   0.47892E-04
   7150   0.47850E-04
   7160   0.47798E-04
   7170   0.47746E-04
   7180   0.47701E-04
   7190   0.47671E-04
   7200   0.47630E-04
   7210   0.47585E-04
   7220   0.47543E-04
   7230   0.47504E-04
   7240   0.47467E-04
   7250   0.47434E-04
   7260   0.47389E-04
   7270   0.47361E-04
   7280   0.47331E-04
   7290   0.47295E-04
   7300   0.47270E-04
   7310   0.47234E-04
   7320   0.47198E-04
   7330   0.47169E-04
   7340   0.47146E-04
   7350   0.47118E-04
   7360   0.47076E-04
   7370   0.47064E-04
   7380   0.47031E-04
   7390   0.47004E-04
   7400   0.46991E-04
   7410   0.46953E-04
   7420   0.46923E-04
   7430   0.46913E-04
   7440   0.46882E-04
   7450   0.46877E-04
   7460   0.46848E-04
   7470   0.46825E-04
   7480   0.46788E-04
   7490   0.46777E-04
   7500   0.46768E-04
   7510   0.46744E-04
   7520   0.46722E-04
   7530   0.46702E-04
   7540   0.46684E-04
   7550   0.46671E-04
   7560   0.46639E-04
   7570   0.46612E-04
   7580   0.46607E-04
   7590   0.46596E-04
   7600   0.46569E-04
   7610   0.46546E-04
   7620   0.46522E-04
   7630   0.46495E-04
   7640   0.46472E-04
   7650   0.46469E-04
   7660   0.46449E-04
   7670   0.46429E-04
   7680   0.46397E-04
   7690   0.46382E-04
   7700   0.46348E-04
   7710   0.46326E-04
   7720   0.46306E-04
   7730   0.46286E-04
   7740   0.46247E-04
   7750   0.46240E-04
   7760   0.46205E-04
   7770   0.46180E-04
   7780   0.46163E-04
   7790   0.46139E-04
   7800   0.46104E-04
   7810   0.46067E-04
   7820   0.46053E-04
   7830   0.46012E-04
   7840   0.45994E-04
   7850   0.45965E-04
   7860   0.45920E-04
   7870   0.45892E-04
   7880   0.45854E-04
   7890   0.45817E-04
   7900   0.45793E-04
   7910   0.45761E-04
   7920   0.45705E-04
   7930   0.45687E-04
   7940   0.45653E-04
   7950   0.45594E-04
   7960   0.45567E-04
   7970   0.45543E-04
   7980   0.45487E-04
   7990   0.45442E-04
   8000   0.45408E-04
   8010   0.45370E-04
   8020   0.45339E-04
   8030   0.45297E-04
   8040   0.45244E-04
   8050   0.45197E-04
   8060   0.45165E-04
   8070   0.45115E-04
   8080   0.45057E-04
   8090   0.45020E-04
   8100   0.44976E-04
   8110   0.44910E-04
   8120   0.44873E-04
   8130   0.44830E-04
   8140   0.44784E-04
   8150   0.44727E-04
   8160   0.44689E-04
   8170   0.44631E-04
   8180   0.44579E-04
   8190   0.44535E-04
   8200   0.44477E-04
   8210   0.44422E-04
   8220   0.44384E-04
   8230   0.44320E-04
   8240   0.44262E-04
   8250   0.44225E-04
   8260   0.44156E-04
   8270   0.44120E-04
   8280   0.44064E-04
   8290   0.43997E-04
   8300   0.43949E-04
   8310   0.43891E-04
   8320   0.43829E-04
   8330   0.43771E-04
   8340   0.43727E-04
   8350   0.43648E-04
   8360   0.43603E-04
   8370   0.43553E-04
   8380   0.43483E-04
   8390   0.43429E-04
   8400   0.43368E-04
   8410   0.43308E-04
   8420   0.43253E-04
   8430   0.43198E-04
   8440   0.43127E-04
   8450   0.43073E-04
   8460   0.43015E-04
   8470   0.42939E-04
   8480   0.42881E-04
   8490   0.42836E-04
   8500   0.42761E-04
   8510   0.42713E-04
   8520   0.42638E-04
   8530   0.42578E-04
   8540   0.42506E-04
   8550   0.42457E-04
   8560   0.42402E-04
   8570   0.42321E-04
   8580   0.42268E-04
   8590   0.42195E-04
   8600   0.42134E-04
   8610   0.42077E-04
   8620   0.41993E-04
   8630   0.41935E-04
   8640   0.41857E-04
   8650   0.41812E-04
   8660   0.41742E-04
   8670   0.41676E-04
   8680   0.41609E-04
   8690   0.41543E-04
   8700   0.41482E-04
   8710   0.41414E-04
   8720   0.41341E-04
   8730   0.41272E-04
   8740   0.41205E-04
   8750   0.41131E-04
   8760   0.41066E-04
   8770   0.40998E-04
   8780   0.40921E-04
   8790   0.40862E-04
   8800   0.40791E-04
   8810   0.40709E-04
   8820   0.40658E-04
   8830   0.40584E-04
   8840   0.40522E-04
   8850   0.40440E-04
   8860   0.40376E-04
   8870   0.40299E-04
   8880   0.40217E-04
   8890   0.40155E-04
   8900   0.40076E-04
   8910   0.40009E-04
   8920   0.39928E-04
   8930   0.39879E-04
   8940   0.39795E-04
   8950   0.39730E-04
   8960   0.39644E-04
   8970   0.39569E-04
   8980   0.39487E-04
   8990   0.39409E-04
   9000   0.39337E-04
   9010   0.39262E-04
   9020   0.39179E-04
   9030   0.39102E-04
   9040   0.39030E-04
   9050   0.38954E-04
   9060   0.38864E-04
   9070   0.38797E-04
   9080   0.38715E-04
   9090   0.38617E-04
   9100   0.38558E-04
   9110   0.38452E-04
   9120   0.38371E-04
   9130   0.38293E-04
   9140   0.38213E-04
   9150   0.38122E-04
   9160   0.38039E-04
   9170   0.37944E-04
   9180   0.37868E-04
   9190   0.37778E-04
   9200   0.37683E-04
   9210   0.37612E-04
   9220   0.37539E-04
   9230   0.37433E-04
   9240   0.37331E-04
   9250   0.37270E-04
   9260   0.37163E-04
   9270   0.37052E-04
   9280   0.36985E-04
   9290   0.36890E-04
   9300   0.36810E-04
   9310   0.36724E-04
   9320   0.36626E-04
   9330   0.36520E-04
   9340   0.36417E-04
   9350   0.36325E-04
   9360   0.36233E-04
   9370   0.36121E-04
   9380   0.36045E-04
   9390   0.35955E-04
   9400   0.35849E-04
   9410   0.35773E-04
   9420   0.35651E-04
   9430   0.35565E-04
   9440   0.35464E-04
   9450   0.35377E-04
   9460   0.35257E-04
   9470   0.35182E-04
   9480   0.35074E-04
   9490   0.34972E-04
   9500   0.34880E-04
   9510   0.34794E-04
   9520   0.34698E-04
   9530   0.34593E-04
   9540   0.34494E-04
   9550   0.34400E-04
   9560   0.34314E-04
   9570   0.34193E-04
   9580   0.34114E-04
   9590   0.34012E-04
   9600   0.33923E-04
   9610   0.33818E-04
   9620   0.33734E-04
   9630   0.33638E-04
   9640   0.33531E-04
   9650   0.33448E-04
   9660   0.33339E-04
   9670   0.33264E-04
   9680   0.33148E-04
   9690   0.33053E-04
   9700   0.32967E-04
   9710   0.32869E-04
   9720   0.32778E-04
   9730   0.32681E-04
   9740   0.32598E-04
   9750   0.32496E-04
   9760   0.32413E-04
   9770   0.32313E-04
   9780   0.32216E-04
   9790   0.32153E-04
   9800   0.32053E-04
   9810   0.31963E-04
   9820   0.31885E-04
   9830   0.31781E-04
   9840   0.31695E-04
   9850   0.31622E-04
   9860   0.31553E-04
   9870   0.31439E-04
   9880   0.31346E-04
   9890   0.31280E-04
   9900   0.31187E-04
   9910   0.31116E-04
   9920   0.31020E-04
   9930   0.30938E-04
   9940   0.30865E-04
   9950   0.30800E-04
   9960   0.30709E-04
   9970   0.30631E-04
   9980   0.30534E-04
   9990   0.30465E-04
  10000   0.30383E-04
  10010   0.30334E-04
  10020   0.30241E-04
  10030   0.30167E-04
  10040   0.30083E-04
  10050   0.29993E-04
  10060   0.29937E-04
  10070   0.29856E-04
  10080   0.29785E-04
  10090   0.29714E-04
  10100   0.29646E-04
  10110   0.29567E-04
  10120   0.29482E-04
  10130   0.29408E-04
  10140   0.29346E-04
  10150   0.29263E-04
  10160   0.29197E-04
  10170   0.29135E-04
  10180   0.29049E-04
  10190   0.28982E-04
  10200   0.28901E-04
  10210   0.28838E-04
  10220   0.28776E-04
  10230   0.28699E-04
  10240   0.28627E-04
  10250   0.28550E-04
  10260   0.28481E-04
  10270   0.28412E-04
  10280   0.28336E-04
  10290   0.28272E-04
  10300   0.28172E-04
  10310   0.28123E-04
  10320   0.28034E-04
  10330   0.27942E-04
  10340   0.27864E-04
  10350   0.27815E-04
  10360   0.27734E-04
  10370   0.27665E-04
  10380   0.27587E-04
  10390   0.27508E-04
  10400   0.27422E-04
  10410   0.27362E-04
  10420   0.27282E-04
  10430   0.27206E-04
  10440   0.27105E-04
  10450   0.27053E-04
  10460   0.26958E-04
  10470   0.26889E-04
  10480   0.26816E-04
  10490   0.26724E-04
  10500   0.26641E-04
  10510   0.26566E-04
  10520   0.26480E-04
  10530   0.26400E-04
  10540   0.26307E-04
  10550   0.26243E-04
  10560   0.26141E-04
  10570   0.26062E-04
  10580   0.25980E-04
  10590   0.25892E-04
  10600   0.25794E-04
  10610   0.25722E-04
  10620   0.25629E-04
  10630   0.25534E-04
  10640   0.25456E-04
  10650   0.25369E-04
  10660   0.25267E-04
  10670   0.25176E-04
  10680   0.25084E-04
  10690   0.24997E-04
  10700   0.24905E-04
  10710   0.24814E-04
  10720   0.24717E-04
  10730   0.24619E-04
  10740   0.24528E-04
  10750   0.24448E-04
  10760   0.24350E-04
  10770   0.24229E-04
  10780   0.24155E-04
  10790   0.24071E-04
  10800   0.23961E-04
  10810   0.23862E-04
  10820   0.23781E-04
  10830   0.23679E-04
  10840   0.23573E-04
  10850   0.23473E-04
  10860   0.23391E-04
  10870   0.23301E-04
  10880   0.23182E-04
  10890   0.23087E-04
  10900   0.23006E-04
  10910   0.22905E-04
  10920   0.22820E-04
  10930   0.22712E-04
  10940   0.22626E-04
  10950   0.22541E-04
  10960   0.22415E-04
  10970   0.22347E-04
  10980   0.22242E-04
  10990   0.22168E-04
  11000   0.22049E-04
  11010   0.21970E-04
  11020   0.21869E-04
  11030   0.21768E-04
  11040   0.21684E-04
  11050   0.21593E-04
  11060   0.21507E-04
  11070   0.21392E-04
  11080   0.21310E-04
  11090   0.21232E-04
  11100   0.21118E-04
  11110   0.21047E-04
  11120   0.20950E-04
  11130   0.20859E-04
  11140   0.20760E-04
  11150   0.20683E-04
  11160   0.20599E-04
  11170   0.20503E-04
  11180   0.20407E-04
  11190   0.20327E-04
  11200   0.20238E-04
  11210   0.20157E-04
  11220   0.20080E-04
  11230   0.19977E-04
  11240   0.19893E-04
  11250   0.19805E-04
  11260   0.19720E-04
  11270   0.19623E-04
  11280   0.19558E-04
  11290   0.19488E-04
  11300   0.19374E-04
  11310   0.19315E-04
  11320   0.19223E-04
  11330   0.19145E-04
  11340   0.19053E-04
  11350   0.18967E-04
  11360   0.18884E-04
  11370   0.18799E-04
  11380   0.18715E-04
  11390   0.18626E-04
  11400   0.18567E-04
  11410   0.18471E-04
  11420   0.18395E-04
  11430   0.18330E-04
  11440   0.18226E-04
  11450   0.18154E-04
  11460   0.18075E-04
  11470   0.17981E-04
  11480   0.17931E-04
  11490   0.17844E-04
  11500   0.17762E-04
  11510   0.17683E-04
  11520   0.17614E-04
  11530   0.17518E-04
  11540   0.17444E-04
  11550   0.17367E-04
  11560   0.17278E-04
  11570   0.17202E-04
  11580   0.17128E-04
  11590   0.17057E-04
  11600   0.16983E-04
  11610   0.16891E-04
  11620   0.16842E-04
  11630   0.16767E-04
  11640   0.16678E-04
  11650   0.16603E-04
  11660   0.16522E-04
  11670   0.16448E-04
  11680   0.16353E-04
  11690   0.16291E-04
  11700   0.16220E-04
  11710   0.16148E-04
  11720   0.16049E-04
  11730   0.15996E-04
  11740   0.15914E-04
  11750   0.15845E-04
  11760   0.15747E-04
  11770   0.15684E-04
  11780   0.15591E-04
  11790   0.15533E-04
  11800   0.15455E-04
  11810   0.15365E-04
  11820   0.15292E-04
  11830   0.15219E-04
  11840   0.15128E-04
  11850   0.15052E-04
  11860   0.14995E-04
  11870   0.14910E-04
  11880   0.14814E-04
  11890   0.14735E-04
  11900   0.14661E-04
  11910   0.14567E-04
  11920   0.14501E-04
  11930   0.14436E-04
  11940   0.14331E-04
  11950   0.14256E-04
  11960   0.14172E-04
  11970   0.14105E-04
  11980   0.14004E-04
  11990   0.13918E-04
  12000   0.13845E-04
  12010   0.13749E-04
  12020   0.13667E-04
  12030   0.13589E-04
  12040   0.13491E-04
  12050   0.13412E-04
  12060   0.13315E-04
  12070   0.13238E-04
  12080   0.13153E-04
  12090   0.13079E-04
  12100   0.12980E-04
  12110   0.12900E-04
  12120   0.12792E-04
  12130   0.12732E-04
  12140   0.12641E-04
  12150   0.12556E-04
  12160   0.12482E-04
  12170   0.12369E-04
  12180   0.12307E-04
  12190   0.12222E-04
  12200   0.12131E-04
  12210   0.12060E-04
  12220   0.11963E-04
  12230   0.11883E-04
  12240   0.11816E-04
  12250   0.11718E-04
  12260   0.11643E-04
  12270   0.11557E-04
  12280   0.11491E-04
  12290   0.11427E-04
  12300   0.11335E-04
  12310   0.11276E-04
  12320   0.11180E-04
  12330   0.11114E-04
  12340   0.11036E-04
  12350   0.10958E-04
  12360   0.10908E-04
  12370   0.10825E-04
  12380   0.10762E-04
  12390   0.10688E-04
  12400   0.10624E-04
  12410   0.10574E-04
  12420   0.10521E-04
  12430   0.10461E-04
  12440   0.10405E-04
  12450   0.10347E-04
  12460   0.10280E-04
  12470   0.10243E-04
  12480   0.10179E-04
  12490   0.10128E-04
  12500   0.10098E-04
  12510   0.10058E-04
  12520   0.99978E-05
  12530   0.99572E-05
  12540   0.99169E-05
  12550   0.98631E-05
  12560   0.98238E-05
  12570   0.97954E-05
  12580   0.97661E-05
  12590   0.97150E-05
  12600   0.96914E-05
  12610   0.96743E-05
  12620   0.96307E-05
  12630   0.96078E-05
  12640   0.95880E-05
  12650   0.95710E-05
  12660   0.95519E-05
  12670   0.95197E-05
  12680   0.95066E-05
  12690   0.94853E-05
  12700   0.94726E-05
  12710   0.94554E-05
  12720   0.94350E-05
  12730   0.94239E-05
  12740   0.94018E-05
  12750   0.93946E-05
  12760   0.93785E-05
  12770   0.93742E-05
  12780   0.93845E-05
  12790   0.93666E-05
  12800   0.93550E-05
  12810   0.93644E-05
  12820   0.93532E-05
  12830   0.93628E-05
  12840   0.93658E-05
  12850   0.93659E-05
  12860   0.93611E-05
  12870   0.93513E-05
  12880   0.93614E-05
  12890   0.93650E-05
  12900   0.93723E-05
  12910   0.93678E-05
  12920   0.93667E-05
  12930   0.93711E-05
  12940   0.93923E-05
  12950   0.94139E-05
  12960   0.94203E-05
  12970   0.94198E-05
  12980   0.94245E-05
  12990   0.94312E-05
  13000   0.94367E-05
  13010   0.94756E-05
  13020   0.94884E-05
  13030   0.94826E-05
  13040   0.94932E-05
  13050   0.95227E-05
  13060   0.95265E-05
  13070   0.95500E-05
  13080   0.95676E-05
  13090   0.95699E-05
  13100   0.95886E-05
  13110   0.96116E-05
  13120   0.96380E-05
  13130   0.96428E-05
  13140   0.96524E-05
  13150   0.96722E-05
  13160   0.96726E-05
  13170   0.96931E-05
  13180   0.97063E-05
  13190   0.97292E-05
  13200   0.97476E-05
  13210   0.97631E-05
  13220   0.97839E-05
  13230   0.98083E-05
  13240   0.98199E-05
  13250   0.98418E-05
  13260   0.98577E-05
  13270   0.98720E-05
  13280   0.98932E-05
  13290   0.99158E-05
  13300   0.99355E-05
  13310   0.99425E-05
  13320   0.99651E-05
  13330   0.99870E-05
  13340   0.99836E-05
  13350   0.10008E-04
  13360   0.10038E-04
  13370   0.10050E-04
  13380   0.10062E-04
  13390   0.10091E-04
  13400   0.10094E-04
  13410   0.10093E-04
  13420   0.10117E-04
  13430   0.10140E-04
  13440   0.10154E-04
  13450   0.10155E-04
  13460   0.10164E-04
  13470   0.10182E-04
  13480   0.10195E-04
  13490   0.10192E-04
  13500   0.10212E-04
  13510   0.10223E-04
  13520   0.10234E-04
  13530   0.10240E-04
  13540   0.10260E-04
  13550   0.10260E-04
  13560   0.10256E-04
  13570   0.10259E-04
  13580   0.10277E-04
  13590   0.10288E-04
  13600   0.10290E-04
  13610   0.10302E-04
  13620   0.10300E-04
  13630   0.10306E-04
  13640   0.10318E-04
  13650   0.10313E-04
  13660   0.10312E-04
  13670   0.10335E-04
  13680   0.10322E-04
  13690   0.10321E-04
  13700   0.10326E-04
  13710   0.10316E-04
  13720   0.10312E-04
  13730   0.10328E-04
  13740   0.10323E-04
  13750   0.10313E-04
  13760   0.10327E-04
  13770   0.10331E-04
  13780   0.10318E-04
  13790   0.10325E-04
  13800   0.10320E-04
  13810   0.10314E-04
  13820   0.10313E-04
  13830   0.10302E-04
  13840   0.10301E-04
  13850   0.10302E-04
  13860   0.10296E-04
  13870   0.10290E-04
  13880   0.10302E-04
  13890   0.10295E-04
  13900   0.10290E-04
  13910   0.10294E-04
  13920   0.10295E-04
  13930   0.10288E-04
  13940   0.10281E-04
  13950   0.10276E-04
  13960   0.10278E-04
  13970   0.10270E-04
  13980   0.10272E-04
  13990   0.10268E-04
  14000   0.10244E-04
  14010   0.10261E-04
  14020   0.10259E-04
  14030   0.10254E-04
  14040   0.10250E-04
  14050   0.10254E-04
  14060   0.10272E-04
  14070   0.10264E-04
  14080   0.10254E-04
  14090   0.10269E-04
  14100   0.10275E-04
  14110   0.10274E-04
  14120   0.10279E-04
  14130   0.10281E-04
  14140   0.10274E-04
  14150   0.10295E-04
  14160   0.10291E-04
  14170   0.10295E-04
  14180   0.10293E-04
  14190   0.10309E-04
  14200   0.10317E-04
  14210   0.10313E-04
  14220   0.10321E-04
  14230   0.10331E-04
  14240   0.10334E-04
  14250   0.10351E-04
  14260   0.10361E-04
  14270   0.10357E-04
  14280   0.10381E-04
  14290   0.10388E-04
  14300   0.10400E-04
  14310   0.10401E-04
  14320   0.10428E-04
  14330   0.10440E-04
  14340   0.10455E-04
  14350   0.10460E-04
  14360   0.10492E-04
  14370   0.10514E-04
  14380   0.10514E-04
  14390   0.10529E-04
  14400   0.10563E-04
  14410   0.10572E-04
  14420   0.10593E-04
  14430   0.10616E-04
  14440   0.10636E-04
  14450   0.10649E-04
  14460   0.10666E-04
  14470   0.10706E-04
  14480   0.10716E-04
  14490   0.10722E-04
  14500   0.10755E-04
  14510   0.10780E-04
  14520   0.10802E-04
  14530   0.10822E-04
  14540   0.10851E-04
  14550   0.10877E-04
  14560   0.10902E-04
  14570   0.10927E-04
  14580   0.10945E-04
  14590   0.10983E-04
  14600   0.11025E-04
  14610   0.11030E-04
  14620   0.11054E-04
  14630   0.11103E-04
  14640   0.11120E-04
  14650   0.11144E-04
  14660   0.11179E-04
  14670   0.11222E-04
  14680   0.11234E-04
  14690   0.11265E-04
  14700   0.11292E-04
  14710   0.11322E-04
  14720   0.11354E-04
  14730   0.11381E-04
  14740   0.11408E-04
  14750   0.11453E-04
  14760   0.11475E-04
  14770   0.11519E-04
  14780   0.11541E-04
  14790   0.11575E-04
  14800   0.11595E-04
  14810   0.11631E-04
  14820   0.11666E-04
  14830   0.11710E-04
  14840   0.11751E-04
  14850   0.11789E-04
  14860   0.11808E-04
  14870   0.11836E-04
  14880   0.11873E-04
  14890   0.11901E-04
  14900   0.11933E-04
  14910   0.11988E-04
  14920   0.12012E-04
  14930   0.12038E-04
  14940   0.12073E-04
  14950   0.12106E-04
  14960   0.12140E-04
  14970   0.12180E-04
  14980   0.12213E-04
  14990   0.12250E-04
  15000   0.12279E-04
  15010   0.12300E-04
  15020   0.12342E-04
  15030   0.12382E-04
  15040   0.12411E-04
  15050   0.12441E-04
  15060   0.12470E-04
  15070   0.12520E-04
  15080   0.12541E-04
  15090   0.12567E-04
  15100   0.12613E-04
  15110   0.12625E-04
  15120   0.12665E-04
  15130   0.12714E-04
  15140   0.12732E-04
  15150   0.12772E-04
  15160   0.12781E-04
  15170   0.12824E-04
  15180   0.12856E-04
  15190   0.12882E-04
  15200   0.12928E-04
  15210   0.12956E-04
  15220   0.12997E-04
  15230   0.13013E-04
  15240   0.13031E-04
  15250   0.13067E-04
  15260   0.13118E-04
  15270   0.13127E-04
  15280   0.13183E-04
  15290   0.13203E-04
  15300   0.13230E-04
  15310   0.13262E-04
  15320   0.13305E-04
  15330   0.13334E-04
  15340   0.13373E-04
  15350   0.13401E-04
  15360   0.13441E-04
  15370   0.13472E-04
  15380   0.13515E-04
  15390   0.13546E-04
  15400   0.13591E-04
  15410   0.13620E-04
  15420   0.13662E-04
  15430   0.13700E-04
  15440   0.13737E-04
  15450   0.13781E-04
  15460   0.13823E-04
  15470   0.13848E-04
  15480   0.13907E-04
  15490   0.13944E-04
  15500   0.14004E-04
  15510   0.14051E-04
  15520   0.14097E-04
  15530   0.14143E-04
  15540   0.14197E-04
  15550   0.14240E-04
  15560   0.14308E-04
  15570   0.14352E-04
  15580   0.14405E-04
  15590   0.14466E-04
  15600   0.14529E-04
  15610   0.14580E-04
  15620   0.14650E-04
  15630   0.14714E-04
  15640   0.14776E-04
  15650   0.14833E-04
  15660   0.14899E-04
  15670   0.14956E-04
  15680   0.15024E-04
  15690   0.15082E-04
  15700   0.15161E-04
  15710   0.15218E-04
  15720   0.15291E-04
  15730   0.15341E-04
  15740   0.15416E-04
  15750   0.15484E-04
  15760   0.15539E-04
  15770   0.15595E-04
  15780   0.15659E-04
  15790   0.15719E-04
  15800   0.15773E-04
  15810   0.15831E-04
  15820   0.15891E-04
  15830   0.15954E-04
  15840   0.15999E-04
  15850   0.16049E-04
  15860   0.16103E-04
  15870   0.16158E-04
  15880   0.16211E-04
  15890   0.16266E-04
  15900   0.16336E-04
  15910   0.16401E-04
  15920   0.16441E-04
  15930   0.16505E-04
  15940   0.16553E-04
  15950   0.16641E-04
  15960   0.16703E-04
  15970   0.16768E-04
  15980   0.16843E-04
  15990   0.16913E-04
  16000   0.16975E-04
  16010   0.17058E-04
  16020   0.17107E-04
  16030   0.17193E-04
  16040   0.17266E-04
  16050   0.17336E-04
  16060   0.17403E-04
  16070   0.17481E-04
  16080   0.17565E-04
  16090   0.17631E-04
  16100   0.17713E-04
  16110   0.17792E-04
  16120   0.17865E-04
  16130   0.17928E-04
  16140   0.18002E-04
  16150   0.18078E-04
  16160   0.18137E-04
  16170   0.18222E-04
  16180   0.18278E-04
  16190   0.18341E-04
  16200   0.18397E-04
  16210   0.18461E-04
  16220   0.18525E-04
  16230   0.18576E-04
  16240   0.18630E-04
  16250   0.18681E-04
  16260   0.18721E-04
  16270   0.18772E-04
  16280   0.18819E-04
  16290   0.18863E-04
  16300   0.18899E-04
  16310   0.18945E-04
  16320   0.18978E-04
  16330   0.19023E-04
  16340   0.19060E-04
  16350   0.19095E-04
  16360   0.19134E-04
  16370   0.19167E-04
  16380   0.19205E-04
  16390   0.19245E-04
  16400   0.19270E-04
  16410   0.19321E-04
  16420   0.19352E-04
  16430   0.19392E-04
  16440   0.19430E-04
  16450   0.19475E-04
  16460   0.19501E-04
  16470   0.19551E-04
  16480   0.19586E-04
  16490   0.19623E-04
  16500   0.19663E-04
  16510   0.19705E-04
  16520   0.19750E-04
  16530   0.19797E-04
  16540   0.19849E-04
  16550   0.19888E-04
  16560   0.19932E-04
  16570   0.19978E-04
  16580   0.20026E-04
  16590   0.20076E-04
  16600   0.20134E-04
  16610   0.20180E-04
  16620   0.20232E-04
  16630   0.20272E-04
  16640   0.20326E-04
  16650   0.20375E-04
  16660   0.20442E-04
  16670   0.20486E-04
  16680   0.20537E-04
  16690   0.20584E-04
  16700   0.20633E-04
  16710   0.20687E-04
  16720   0.20737E-04
  16730   0.20782E-04
  16740   0.20839E-04
  16750   0.20886E-04
  16760   0.20931E-04
  16770   0.20988E-04
  16780   0.21028E-04
  16790   0.21077E-04
  16800   0.21127E-04
  16810   0.21174E-04
  16820   0.21244E-04
  16830   0.21296E-04
  16840   0.21358E-04
  16850   0.21427E-04
  16860   0.21481E-04
  16870   0.21551E-04
  16880   0.21617E-04
  16890   0.21689E-04
  16900   0.21771E-04
  16910   0.21845E-04
  16920   0.21928E-04
  16930   0.22011E-04
  16940   0.22101E-04
  16950   0.22197E-04
  16960   0.22300E-04
  16970   0.22412E-04
  16980   0.22501E-04
  16990   0.22614E-04
  17000   0.22735E-04
  17010   0.22841E-04
  17020   0.22949E-04
  17030   0.23062E-04
  17040   0.23184E-04
  17050   0.23312E-04
  17060   0.23442E-04
  17070   0.23573E-04
  17080   0.23695E-04
  17090   0.23824E-04
  17100   0.23952E-04
  17110   0.24082E-04
  17120   0.24221E-04
  17130   0.24343E-04
  17140   0.24479E-04
  17150   0.24611E-04
  17160   0.24740E-04
  17170   0.24871E-04
  17180   0.25005E-04
  17190   0.25142E-04
  17200   0.25274E-04
  17210   0.25405E-04
  17220   0.25542E-04
  17230   0.25681E-04
  17240   0.25815E-04
  17250   0.25944E-04
  17260   0.26088E-04
  17270   0.26235E-04
  17280   0.26378E-04
  17290   0.26524E-04
  17300   0.26671E-04
  17310   0.26820E-04
  17320   0.26981E-04
  17330   0.27136E-04
  17340   0.27290E-04
  17350   0.27447E-04
  17360   0.27620E-04
  17370   0.27790E-04
  17380   0.27954E-04
  17390   0.28135E-04
  17400   0.28315E-04
  17410   0.28498E-04
  17420   0.28681E-04
  17430   0.28863E-04
  17440   0.29060E-04
  17450   0.29245E-04
  17460   0.29442E-04
  17470   0.29644E-04
  17480   0.29834E-04
  17490   0.30038E-04
  17500   0.30239E-04
  17510   0.30442E-04
  17520   0.30646E-04
  17530   0.30850E-04
  17540   0.31052E-04
  17550   0.31264E-04
  17560   0.31466E-04
  17570   0.31677E-04
  17580   0.31883E-04
  17590   0.32084E-04
  17600   0.32296E-04
  17610   0.32496E-04
  17620   0.32703E-04
  17630   0.32907E-04
  17640   0.33114E-04
  17650   0.33317E-04
  17660   0.33522E-04
  17670   0.33724E-04
  17680   0.33926E-04
  17690   0.34124E-04
  17700   0.34325E-04
  17710   0.34521E-04
  17720   0.34723E-04
  17730   0.34916E-04
  17740   0.35106E-04
  17750   0.35302E-04
  17760   0.35491E-04
  17770   0.35678E-04
  17780   0.35866E-04
  17790   0.36049E-04
  17800   0.36237E-04
  17810   0.36420E-04
  17820   0.36607E-04
  17830   0.36786E-04
  17840   0.36972E-04
  17850   0.37151E-04
  17860   0.37329E-04
  17870   0.37505E-04
  17880   0.37682E-04
  17890   0.37860E-04
  17900   0.38037E-04
  17910   0.38215E-04
  17920   0.38396E-04
  17930   0.38572E-04
  17940   0.38748E-04
  17950   0.38920E-04
  17960   0.39098E-04
  17970   0.39276E-04
  17980   0.39447E-04
  17990   0.39632E-04
  18000   0.39799E-04
  18010   0.39973E-04
  18020   0.40150E-04
  18030   0.40322E-04
  18040   0.40492E-04
  18050   0.40668E-04
  18060   0.40841E-04
  18070   0.41014E-04
  18080   0.41183E-04
  18090   0.41349E-04
  18100   0.41517E-04
  18110   0.41677E-04
  18120   0.41843E-04
  18130   0.42005E-04
  18140   0.42162E-04
  18150   0.42320E-04
  18160   0.42476E-04
  18170   0.42635E-04
  18180   0.42785E-04
  18190   0.42928E-04
  18200   0.43081E-04
  18210   0.43220E-04
  18220   0.43356E-04
  18230   0.43494E-04
  18240   0.43625E-04
  18250   0.43749E-04
  18260   0.43876E-04
  18270   0.44001E-04
  18280   0.44112E-04
  18290   0.44226E-04
  18300   0.44331E-04
  18310   0.44436E-04
  18320   0.44535E-04
  18330   0.44630E-04
  18340   0.44720E-04
  18350   0.44807E-04
  18360   0.44885E-04
  18370   0.44956E-04
  18380   0.45030E-04
  18390   0.45094E-04
  18400   0.45150E-04
  18410   0.45203E-04
  18420   0.45253E-04
  18430   0.45296E-04
  18440   0.45330E-04
  18450   0.45363E-04
  18460   0.45386E-04
  18470   0.45411E-04
  18480   0.45416E-04
  18490   0.45427E-04
  18500   0.45430E-04
  18510   0.45420E-04
  18520   0.45420E-04
  18530   0.45400E-04
  18540   0.45384E-04
  18550   0.45356E-04
  18560   0.45327E-04
  18570   0.45289E-04
  18580   0.45246E-04
  18590   0.45208E-04
  18600   0.45157E-04
  18610   0.45103E-04
  18620   0.45048E-04
  18630   0.44992E-04
  18640   0.44932E-04
  18650   0.44867E-04
  18660   0.44807E-04
  18670   0.44745E-04
  18680   0.44679E-04
  18690   0.44616E-04
  18700   0.44549E-04
  18710   0.44488E-04
  18720   0.44437E-04
  18730   0.44383E-04
  18740   0.44335E-04
  18750   0.44292E-04
  18760   0.44255E-04
  18770   0.44224E-04
  18780   0.44209E-04
  18790   0.44197E-04
  18800   0.44196E-04
  18810   0.44201E-04
  18820   0.44227E-04
  18830   0.44257E-04
  18840   0.44305E-04
  18850   0.44367E-04
  18860   0.44444E-04
  18870   0.44532E-04
  18880   0.44641E-04
  18890   0.44768E-04
  18900   0.44908E-04
  18910   0.45067E-04
  18920   0.45244E-04
  18930   0.45441E-04
  18940   0.45653E-04
  18950   0.45887E-04
  18960   0.46139E-04
  18970   0.46408E-04
  18980   0.46694E-04
  18990   0.47001E-04
  19000   0.47325E-04
  19010   0.47666E-04
  19020   0.48022E-04
  19030   0.48403E-04
  19040   0.48788E-04
  19050   0.49195E-04
  19060   0.49619E-04
  19070   0.50053E-04
  19080   0.50502E-04
  19090   0.50963E-04
  19100   0.51440E-04
  19110   0.51922E-04
  19120   0.52418E-04
  19130   0.52920E-04
  19140   0.53431E-04
  19150   0.53953E-04
  19160   0.54485E-04
  19170   0.55016E-04
  19180   0.55558E-04
  19190   0.56100E-04
  19200   0.56648E-04
  19210   0.57197E-04
  19220   0.57751E-04
  19230   0.58303E-04
  19240   0.58860E-04
  19250   0.59419E-04
  19260   0.59973E-04
  19270   0.60524E-04
  19280   0.61078E-04
  19290   0.61626E-04
  19300   0.62176E-04
  19310   0.62720E-04
  19320   0.63264E-04
  19330   0.63799E-04
  19340   0.64330E-04
  19350   0.64859E-04
  19360   0.65380E-04
  19370   0.65900E-04
  19380   0.66410E-04
  19390   0.66913E-04
  19400   0.67415E-04
  19410   0.67907E-04
  19420   0.68390E-04
  19430   0.68869E-04
  19440   0.69339E-04
  19450   0.69806E-04
  19460   0.70261E-04
  19470   0.70706E-04
  19480   0.71145E-04
  19490   0.71578E-04
  19500   0.72002E-04
  19510   0.72411E-04
  19520   0.72825E-04
  19530   0.73223E-04
  19540   0.73614E-04
  19550   0.73993E-04
  19560   0.74370E-04
  19570   0.74728E-04
  19580   0.75080E-04
  19590   0.75423E-04
  19600   0.75761E-04
  19610   0.76085E-04
  19620   0.76405E-04
  19630   0.76713E-04
  19640   0.77009E-04
  19650   0.77299E-04
  19660   0.77575E-04
  19670   0.77844E-04
  19680   0.78098E-04
  19690   0.78348E-04
  19700   0.78581E-04
  19710   0.78814E-04
  19720   0.79031E-04
  19730   0.79242E-04
  19740   0.79434E-04
  19750   0.79625E-04
  19760   0.79803E-04
  19770   0.79971E-04
  19780   0.80128E-04
  19790   0.80270E-04
  19800   0.80403E-04
  19810   0.80525E-04
  19820   0.80641E-04
  19830   0.80740E-04
  19840   0.80837E-04
  19850   0.80912E-04
  19860   0.80986E-04
  19870   0.81043E-04
  19880   0.81092E-04
  19890   0.81139E-04
  19900   0.81159E-04
  19910   0.81172E-04
  19920   0.81184E-04
  19930   0.81177E-04
  19940   0.81159E-04
  19950   0.81134E-04
  19960   0.81102E-04
  19970   0.81054E-04
  19980   0.80993E-04
  19990   0.80925E-04
  20000   0.80846E-04
