     10   0.99850E-03
     20   0.86474E-03
     30   0.77733E-03
     40   0.71663E-03
     50   0.67095E-03
     60   0.63666E-03
     70   0.60697E-03
     80   0.58068E-03
     90   0.55715E-03
    100   0.53700E-03
    110   0.52138E-03
    120   0.50683E-03
    130   0.49268E-03
    140   0.47898E-03
    150   0.46583E-03
    160   0.45297E-03
    170   0.44049E-03
    180   0.42821E-03
    190   0.41607E-03
    200   0.40422E-03
    210   0.39216E-03
    220   0.38116E-03
    230   0.37164E-03
    240   0.36324E-03
    250   0.35458E-03
    260   0.34546E-03
    270   0.33514E-03
    280   0.32376E-03
    290   0.31239E-03
    300   0.30225E-03
    310   0.29388E-03
    320   0.28707E-03
    330   0.28122E-03
    340   0.27598E-03
    350   0.27118E-03
    360   0.26676E-03
    370   0.26272E-03
    380   0.25902E-03
    390   0.25561E-03
    400   0.25245E-03
    410   0.24952E-03
    420   0.24681E-03
    430   0.24419E-03
    440   0.24165E-03
    450   0.23916E-03
    460   0.23667E-03
    470   0.23413E-03
    480   0.23153E-03
    490   0.22880E-03
    500   0.22593E-03
    510   0.22294E-03
    520   0.21981E-03
    530   0.21654E-03
    540   0.21315E-03
    550   0.20968E-03
    560   0.20611E-03
    570   0.20249E-03
    580   0.19886E-03
    590   0.19523E-03
    600   0.19166E-03
    610   0.18817E-03
    620   0.18480E-03
    630   0.18158E-03
    640   0.17857E-03
    650   0.17577E-03
    660   0.17322E-03
    670   0.17095E-03
    680   0.16899E-03
    690   0.16730E-03
    700   0.16596E-03
    710   0.16490E-03
    720   0.16414E-03
    730   0.16363E-03
    740   0.16336E-03
    750   0.16328E-03
    760   0.16333E-03
    770   0.16349E-03
    780   0.16372E-03
    790   0.16395E-03
    800   0.16415E-03
    810   0.16430E-03
    820   0.16434E-03
    830   0.16427E-03
    840   0.16404E-03
    850   0.16367E-03
    860   0.16314E-03
    870   0.16244E-03
    880   0.16157E-03
    890   0.16054E-03
    900   0.15935E-03
    910   0.15804E-03
    920   0.15657E-03
    930   0.15499E-03
    940   0.15331E-03
    950   0.15153E-03
    960   0.14966E-03
    970   0.14772E-03
    980   0.14572E-03
    990   0.14370E-03
   1000   0.14164E-03
   1010   0.13955E-03
   1020   0.13745E-03
   1030   0.13538E-03
   1040   0.13332E-03
   1050   0.13134E-03
   1060   0.12941E-03
   1070   0.12756E-03
   1080   0.12584E-03
   1090   0.12425E-03
   1100   0.12283E-03
   1110   0.12157E-03
   1120   0.12053E-03
   1130   0.11972E-03
   1140   0.11915E-03
   1150   0.11882E-03
   1160   0.11877E-03
   1170   0.11897E-03
   1180   0.11944E-03
   1190   0.12018E-03
   1200   0.12114E-03
   1210   0.12232E-03
   1220   0.12374E-03
   1230   0.12535E-03
   1240   0.12710E-03
   1250   0.12897E-03
   1260   0.13098E-03
   1270   0.13304E-03
   1280   0.13516E-03
   1290   0.13731E-03
   1300   0.13946E-03
   1310   0.14158E-03
   1320   0.14368E-03
   1330   0.14572E-03
   1340   0.14767E-03
   1350   0.14956E-03
   1360   0.15133E-03
   1370   0.15300E-03
   1380   0.15452E-03
   1390   0.15591E-03
   1400   0.15719E-03
   1410   0.15830E-03
   1420   0.15929E-03
   1430   0.16009E-03
   1440   0.16078E-03
   1450   0.16129E-03
   1460   0.16167E-03
   1470   0.16185E-03
   1480   0.16190E-03
   1490   0.16180E-03
   1500   0.16154E-03
   1510   0.16115E-03
   1520   0.16060E-03
   1530   0.15991E-03
   1540   0.15905E-03
   1550   0.15808E-03
   1560   0.15699E-03
   1570   0.15574E-03
   1580   0.15438E-03
   1590   0.15289E-03
   1600   0.15129E-03
   1610   0.14957E-03
   1620   0.14774E-03
   1630   0.14585E-03
   1640   0.14383E-03
   1650   0.14172E-03
   1660   0.13954E-03
   1670   0.13731E-03
   1680   0.13497E-03
   1690   0.13258E-03
   1700   0.13014E-03
   1710   0.12769E-03
   1720   0.12517E-03
   1730   0.12263E-03
   1740   0.12012E-03
   1750   0.11758E-03
   1760   0.11506E-03
   1770   0.11254E-03
   1780   0.11005E-03
   1790   0.10764E-03
   1800   0.10531E-03
   1810   0.10301E-03
   1820   0.10083E-03
   1830   0.98742E-04
   1840   0.96780E-04
   1850   0.94946E-04
   1860   0.93254E-04
   1870   0.91728E-04
   1880   0.90360E-04
   1890   0.89182E-04
   1900   0.88186E-04
   1910   0.87400E-04
   1920   0.86808E-04
   1930   0.86421E-04
   1940   0.86220E-04
   1950   0.86216E-04
   1960   0.86418E-04
   1970   0.86812E-04
   1980   0.87366E-04
   1990   0.88083E-04
   2000   0.88947E-04
   2010   0.89968E-04
   2020   0.91118E-04
   2030   0.92348E-04
   2040   0.93711E-04
   2050   0.95129E-04
   2060   0.96662E-04
   2070   0.98205E-04
   2080   0.99817E-04
   2090   0.10147E-03
   2100   0.10314E-03
   2110   0.10484E-03
   2120   0.10654E-03
   2130   0.10820E-03
   2140   0.10990E-03
   2150   0.11157E-03
   2160   0.11323E-03
   2170   0.11485E-03
   2180   0.11644E-03
   2190   0.11802E-03
   2200   0.11952E-03
   2210   0.12100E-03
   2220   0.12245E-03
   2230   0.12383E-03
   2240   0.12516E-03
   2250   0.12645E-03
   2260   0.12768E-03
   2270   0.12889E-03
   2280   0.13006E-03
   2290   0.13111E-03
   2300   0.13213E-03
   2310   0.13311E-03
   2320   0.13403E-03
   2330   0.13489E-03
   2340   0.13570E-03
   2350   0.13647E-03
   2360   0.13719E-03
   2370   0.13782E-03
   2380   0.13841E-03
   2390   0.13896E-03
   2400   0.13948E-03
   2410   0.13991E-03
   2420   0.14029E-03
   2430   0.14061E-03
   2440   0.14094E-03
   2450   0.14116E-03
   2460   0.14134E-03
   2470   0.14149E-03
   2480   0.14160E-03
   2490   0.14163E-03
   2500   0.14163E-03
   2510   0.14159E-03
   2520   0.14150E-03
   2530   0.14135E-03
   2540   0.14118E-03
   2550   0.14095E-03
   2560   0.14068E-03
   2570   0.14038E-03
   2580   0.14004E-03
   2590   0.13964E-03
   2600   0.13918E-03
   2610   0.13870E-03
   2620   0.13820E-03
   2630   0.13764E-03
   2640   0.13704E-03
   2650   0.13643E-03
   2660   0.13574E-03
   2670   0.13506E-03
   2680   0.13432E-03
   2690   0.13354E-03
   2700   0.13276E-03
   2710   0.13192E-03
   2720   0.13109E-03
   2730   0.13019E-03
   2740   0.12925E-03
   2750   0.12833E-03
   2760   0.12737E-03
   2770   0.12639E-03
   2780   0.12536E-03
   2790   0.12433E-03
   2800   0.12329E-03
   2810   0.12220E-03
   2820   0.12114E-03
   2830   0.12005E-03
   2840   0.11892E-03
   2850   0.11778E-03
   2860   0.11666E-03
   2870   0.11551E-03
   2880   0.11434E-03
   2890   0.11321E-03
   2900   0.11201E-03
   2910   0.11085E-03
   2920   0.10968E-03
   2930   0.10850E-03
   2940   0.10731E-03
   2950   0.10614E-03
   2960   0.10497E-03
   2970   0.10383E-03
   2980   0.10267E-03
   2990   0.10153E-03
   3000   0.10041E-03
   3010   0.99269E-04
   3020   0.98137E-04
   3030   0.97045E-04
   3040   0.95973E-04
   3050   0.94874E-04
   3060   0.93845E-04
   3070   0.92795E-04
   3080   0.91752E-04
   3090   0.90763E-04
   3100   0.89784E-04
   3110   0.88846E-04
   3120   0.87918E-04
   3130   0.86987E-04
   3140   0.86096E-04
   3150   0.85230E-04
   3160   0.84379E-04
   3170   0.83579E-04
   3180   0.82746E-04
   3190   0.81987E-04
   3200   0.81259E-04
   3210   0.80535E-04
   3220   0.79841E-04
   3230   0.79166E-04
   3240   0.78533E-04
   3250   0.77899E-04
   3260   0.77314E-04
   3270   0.76730E-04
   3280   0.76197E-04
   3290   0.75645E-04
   3300   0.75168E-04
   3310   0.74682E-04
   3320   0.74246E-04
   3330   0.73800E-04
   3340   0.73392E-04
   3350   0.72985E-04
   3360   0.72629E-04
   3370   0.72281E-04
   3380   0.71949E-04
   3390   0.71619E-04
   3400   0.71295E-04
   3410   0.71040E-04
   3420   0.70740E-04
   3430   0.70525E-04
   3440   0.70240E-04
   3450   0.70007E-04
   3460   0.69821E-04
   3470   0.69593E-04
   3480   0.69402E-04
   3490   0.69224E-04
   3500   0.69004E-04
   3510   0.68850E-04
   3520   0.68667E-04
   3530   0.68511E-04
   3540   0.68347E-04
   3550   0.68212E-04
   3560   0.68111E-04
   3570   0.67915E-04
   3580   0.67791E-04
   3590   0.67681E-04
   3600   0.67510E-04
   3610   0.67389E-04
   3620   0.67258E-04
   3630   0.67133E-04
   3640   0.66975E-04
   3650   0.66852E-04
   3660   0.66716E-04
   3670   0.66578E-04
   3680   0.66457E-04
   3690   0.66303E-04
   3700   0.66161E-04
   3710   0.66041E-04
   3720   0.65891E-04
   3730   0.65705E-04
   3740   0.65566E-04
   3750   0.65400E-04
   3760   0.65259E-04
   3770   0.65082E-04
   3780   0.64921E-04
   3790   0.64719E-04
   3800   0.64568E-04
   3810   0.64373E-04
   3820   0.64176E-04
   3830   0.63985E-04
   3840   0.63824E-04
   3850   0.63605E-04
   3860   0.63418E-04
   3870   0.63182E-04
   3880   0.62939E-04
   3890   0.62736E-04
   3900   0.62530E-04
   3910   0.62321E-04
   3920   0.62071E-04
   3930   0.61854E-04
   3940   0.61598E-04
   3950   0.61369E-04
   3960   0.61099E-04
   3970   0.60883E-04
   3980   0.60618E-04
   3990   0.60401E-04
   4000   0.60155E-04
   4010   0.59924E-04
   4020   0.59616E-04
   4030   0.59356E-04
   4040   0.59110E-04
   4050   0.58833E-04
   4060   0.58579E-04
   4070   0.58311E-04
   4080   0.58062E-04
   4090   0.57768E-04
   4100   0.57512E-04
   4110   0.57221E-04
   4120   0.56943E-04
   4130   0.56669E-04
   4140   0.56429E-04
   4150   0.56138E-04
   4160   0.55840E-04
   4170   0.55587E-04
   4180   0.55307E-04
   4190   0.55037E-04
   4200   0.54767E-04
   4210   0.54477E-04
   4220   0.54211E-04
   4230   0.53957E-04
   4240   0.53663E-04
   4250   0.53406E-04
   4260   0.53148E-04
   4270   0.52841E-04
   4280   0.52593E-04
   4290   0.52324E-04
   4300   0.52059E-04
   4310   0.51765E-04
   4320   0.51507E-04
   4330   0.51281E-04
   4340   0.50999E-04
   4350   0.50731E-04
   4360   0.50478E-04
   4370   0.50219E-04
   4380   0.49958E-04
   4390   0.49717E-04
   4400   0.49453E-04
   4410   0.49221E-04
   4420   0.48963E-04
   4430   0.48721E-04
   4440   0.48458E-04
   4450   0.48213E-04
   4460   0.47995E-04
   4470   0.47736E-04
   4480   0.47505E-04
   4490   0.47278E-04
   4500   0.47044E-04
   4510   0.46810E-04
   4520   0.46587E-04
   4530   0.46361E-04
   4540   0.46136E-04
   4550   0.45923E-04
   4560   0.45693E-04
   4570   0.45484E-04
   4580   0.45270E-04
   4590   0.45044E-04
   4600   0.44824E-04
   4610   0.44602E-04
   4620   0.44421E-04
   4630   0.44190E-04
   4640   0.44004E-04
   4650   0.43804E-04
   4660   0.43607E-04
   4670   0.43423E-04
   4680   0.43193E-04
   4690   0.43026E-04
   4700   0.42826E-04
   4710   0.42639E-04
   4720   0.42438E-04
   4730   0.42287E-04
   4740   0.42078E-04
   4750   0.41907E-04
   4760   0.41716E-04
   4770   0.41538E-04
   4780   0.41352E-04
   4790   0.41196E-04
   4800   0.41050E-04
   4810   0.40855E-04
   4820   0.40678E-04
   4830   0.40515E-04
   4840   0.40367E-04
   4850   0.40181E-04
   4860   0.40046E-04
   4870   0.39866E-04
   4880   0.39720E-04
   4890   0.39580E-04
   4900   0.39426E-04
   4910   0.39275E-04
   4920   0.39109E-04
   4930   0.38975E-04
   4940   0.38806E-04
   4950   0.38661E-04
   4960   0.38501E-04
   4970   0.38358E-04
   4980   0.38207E-04
   4990   0.38076E-04
   5000   0.37956E-04
   5010   0.37797E-04
   5020   0.37662E-04
   5030   0.37526E-04
   5040   0.37390E-04
   5050   0.37242E-04
   5060   0.37111E-04
   5070   0.36964E-04
   5080   0.36831E-04
   5090   0.36694E-04
   5100   0.36574E-04
   5110   0.36447E-04
   5120   0.36308E-04
   5130   0.36175E-04
   5140   0.36073E-04
   5150   0.35926E-04
   5160   0.35798E-04
   5170   0.35684E-04
   5180   0.35548E-04
   5190   0.35448E-04
   5200   0.35291E-04
   5210   0.35190E-04
   5220   0.35065E-04
   5230   0.34954E-04
   5240   0.34840E-04
   5250   0.34694E-04
   5260   0.34585E-04
   5270   0.34480E-04
   5280   0.34374E-04
   5290   0.34262E-04
   5300   0.34130E-04
   5310   0.34016E-04
   5320   0.33905E-04
   5330   0.33788E-04
   5340   0.33654E-04
   5350   0.33558E-04
   5360   0.33430E-04
   5370   0.33348E-04
   5380   0.33233E-04
   5390   0.33108E-04
   5400   0.33000E-04
   5410   0.32881E-04
   5420   0.32778E-04
   5430   0.32669E-04
   5440   0.32568E-04
   5450   0.32444E-04
   5460   0.32346E-04
   5470   0.32240E-04
   5480   0.32119E-04
   5490   0.32023E-04
   5500   0.31920E-04
   5510   0.31800E-04
   5520   0.31699E-04
   5530   0.31602E-04
   5540   0.31483E-04
   5550   0.31379E-04
   5560   0.31277E-04
   5570   0.31187E-04
   5580   0.31076E-04
   5590   0.30981E-04
   5600   0.30884E-04
   5610   0.30788E-04
   5620   0.30675E-04
   5630   0.30576E-04
   5640   0.30450E-04
   5650   0.30363E-04
   5660   0.30282E-04
   5670   0.30171E-04
   5680   0.30078E-04
   5690   0.29949E-04
   5700   0.29870E-04
   5710   0.29776E-04
   5720   0.29701E-04
   5730   0.29587E-04
   5740   0.29494E-04
   5750   0.29383E-04
   5760   0.29305E-04
   5770   0.29210E-04
   5780   0.29120E-04
   5790   0.29016E-04
   5800   0.28926E-04
   5810   0.28857E-04
   5820   0.28746E-04
   5830   0.28650E-04
   5840   0.28547E-04
   5850   0.28474E-04
   5860   0.28364E-04
   5870   0.28280E-04
   5880   0.28174E-04
   5890   0.28123E-04
   5900   0.28011E-04
   5910   0.27938E-04
   5920   0.27831E-04
   5930   0.27737E-04
   5940   0.27667E-04
   5950   0.27560E-04
   5960   0.27467E-04
   5970   0.27381E-04
   5980   0.27309E-04
   5990   0.27230E-04
   6000   0.27148E-04
   6010   0.27055E-04
   6020   0.26985E-04
   6030   0.26897E-04
   6040   0.26802E-04
   6050   0.26745E-04
   6060   0.26642E-04
   6070   0.26563E-04
   6080   0.26496E-04
   6090   0.26403E-04
   6100   0.26326E-04
   6110   0.26220E-04
   6120   0.26165E-04
   6130   0.26109E-04
   6140   0.25985E-04
   6150   0.25911E-04
   6160   0.25829E-04
   6170   0.25772E-04
   6180   0.25706E-04
   6190   0.25610E-04
   6200   0.25549E-04
   6210   0.25474E-04
   6220   0.25361E-04
   6230   0.25311E-04
   6240   0.25227E-04
   6250   0.25143E-04
   6260   0.25085E-04
   6270   0.25007E-04
   6280   0.24937E-04
   6290   0.24858E-04
   6300   0.24764E-04
   6310   0.24704E-04
   6320   0.24640E-04
   6330   0.24557E-04
   6340   0.24474E-04
   6350   0.24391E-04
   6360   0.24338E-04
   6370   0.24268E-04
   6380   0.24188E-04
   6390   0.24101E-04
   6400   0.24036E-04
   6410   0.23965E-04
   6420   0.23891E-04
   6430   0.23834E-04
   6440   0.23731E-04
   6450   0.23673E-04
   6460   0.23590E-04
   6470   0.23540E-04
   6480   0.23464E-04
   6490   0.23405E-04
   6500   0.23333E-04
   6510   0.23241E-04
   6520   0.23183E-04
   6530   0.23109E-04
   6540   0.23025E-04
   6550   0.22982E-04
   6560   0.22889E-04
   6570   0.22838E-04
   6580   0.22776E-04
   6590   0.22695E-04
   6600   0.22636E-04
   6610   0.22558E-04
   6620   0.22501E-04
   6630   0.22400E-04
   6640   0.22353E-04
   6650   0.22309E-04
   6660   0.22228E-04
   6670   0.22153E-04
   6680   0.22107E-04
   6690   0.22028E-04
   6700   0.21964E-04
   6710   0.21905E-04
   6720   0.21861E-04
   6730   0.21773E-04
   6740   0.21708E-04
   6750   0.21651E-04
   6760   0.21599E-04
   6770   0.21536E-04
   6780   0.21465E-04
   6790   0.21403E-04
   6800   0.21331E-04
   6810   0.21266E-04
   6820   0.21189E-04
   6830   0.21151E-04
   6840   0.21086E-04
   6850   0.21014E-04
   6860   0.20940E-04
   6870   0.20891E-04
   6880   0.20841E-04
   6890   0.20768E-04
   6900   0.20699E-04
   6910   0.20650E-04
   6920   0.20605E-04
   6930   0.20557E-04
   6940   0.20474E-04
   6950   0.20439E-04
   6960   0.20375E-04
   6970   0.20310E-04
   6980   0.20259E-04
   6990   0.20185E-04
   7000   0.20146E-04
   7010   0.20091E-04
   7020   0.20033E-04
   7030   0.19961E-04
   7040   0.19913E-04
   7050   0.19867E-04
   7060   0.19825E-04
   7070   0.19740E-04
   7080   0.19699E-04
   7090   0.19635E-04
   7100   0.19578E-04
   7110   0.19534E-04
   7120   0.19498E-04
   7130   0.19446E-04
   7140   0.19376E-04
   7150   0.19306E-04
   7160   0.19272E-04
   7170   0.19211E-04
   7180   0.19173E-04
   7190   0.19127E-04
   7200   0.19061E-04
   7210   0.18995E-04
   7220   0.18947E-04
   7230   0.18900E-04
   7240   0.18829E-04
   7250   0.18793E-04
   7260   0.18748E-04
   7270   0.18690E-04
   7280   0.18651E-04
   7290   0.18601E-04
   7300   0.18538E-04
   7310   0.18487E-04
   7320   0.18464E-04
   7330   0.18422E-04
   7340   0.18353E-04
   7350   0.18286E-04
   7360   0.18236E-04
   7370   0.18223E-04
   7380   0.18160E-04
   7390   0.18130E-04
   7400   0.18066E-04
   7410   0.18016E-04
   7420   0.17972E-04
   7430   0.17945E-04
   7440   0.17888E-04
   7450   0.17831E-04
   7460   0.17797E-04
   7470   0.17756E-04
   7480   0.17732E-04
   7490   0.17667E-04
   7500   0.17631E-04
   7510   0.17581E-04
   7520   0.17560E-04
   7530   0.17505E-04
   7540   0.17469E-04
   7550   0.17391E-04
   7560   0.17368E-04
   7570   0.17329E-04
   7580   0.17283E-04
   7590   0.17265E-04
   7600   0.17207E-04
   7610   0.17169E-04
   7620   0.17128E-04
   7630   0.17075E-04
   7640   0.17036E-04
   7650   0.16989E-04
   7660   0.16978E-04
   7670   0.16915E-04
   7680   0.16880E-04
   7690   0.16858E-04
   7700   0.16801E-04
   7710   0.16755E-04
   7720   0.16721E-04
   7730   0.16683E-04
   7740   0.16652E-04
   7750   0.16631E-04
   7760   0.16568E-04
   7770   0.16539E-04
   7780   0.16482E-04
   7790   0.16451E-04
   7800   0.16415E-04
   7810   0.16376E-04
   7820   0.16350E-04
   7830   0.16305E-04
   7840   0.16267E-04
   7850   0.16223E-04
   7860   0.16193E-04
   7870   0.16141E-04
   7880   0.16110E-04
   7890   0.16079E-04
   7900   0.16032E-04
   7910   0.16010E-04
   7920   0.15958E-04
   7930   0.15933E-04
   7940   0.15908E-04
   7950   0.15838E-04
   7960   0.15814E-04
   7970   0.15794E-04
   7980   0.15748E-04
   7990   0.15711E-04
   8000   0.15701E-04
   8010   0.15636E-04
   8020   0.15611E-04
   8030   0.15569E-04
   8040   0.15540E-04
   8050   0.15488E-04
   8060   0.15467E-04
   8070   0.15432E-04
   8080   0.15405E-04
   8090   0.15368E-04
   8100   0.15329E-04
   8110   0.15282E-04
   8120   0.15251E-04
   8130   0.15203E-04
   8140   0.15162E-04
   8150   0.15158E-04
   8160   0.15110E-04
   8170   0.15091E-04
   8180   0.15035E-04
   8190   0.15009E-04
   8200   0.14967E-04
   8210   0.14939E-04
   8220   0.14904E-04
   8230   0.14874E-04
   8240   0.14841E-04
   8250   0.14824E-04
   8260   0.14795E-04
   8270   0.14738E-04
   8280   0.14699E-04
   8290   0.14665E-04
   8300   0.14652E-04
   8310   0.14600E-04
   8320   0.14577E-04
   8330   0.14551E-04
   8340   0.14515E-04
   8350   0.14467E-04
   8360   0.14438E-04
   8370   0.14407E-04
   8380   0.14379E-04
   8390   0.14355E-04
   8400   0.14307E-04
   8410   0.14269E-04
   8420   0.14240E-04
   8430   0.14215E-04
   8440   0.14176E-04
   8450   0.14153E-04
   8460   0.14129E-04
   8470   0.14077E-04
   8480   0.14049E-04
   8490   0.14019E-04
   8500   0.13984E-04
   8510   0.13945E-04
   8520   0.13925E-04
   8530   0.13891E-04
   8540   0.13860E-04
   8550   0.13818E-04
   8560   0.13796E-04
   8570   0.13751E-04
   8580   0.13745E-04
   8590   0.13695E-04
   8600   0.13671E-04
   8610   0.13630E-04
   8620   0.13602E-04
   8630   0.13580E-04
   8640   0.13538E-04
   8650   0.13528E-04
   8660   0.13488E-04
   8670   0.13471E-04
   8680   0.13425E-04
   8690   0.13392E-04
   8700   0.13380E-04
   8710   0.13346E-04
   8720   0.13313E-04
   8730   0.13287E-04
   8740   0.13265E-04
   8750   0.13241E-04
   8760   0.13227E-04
   8770   0.13173E-04
   8780   0.13151E-04
   8790   0.13135E-04
   8800   0.13100E-04
   8810   0.13085E-04
   8820   0.13063E-04
   8830   0.13031E-04
   8840   0.13005E-04
   8850   0.12991E-04
   8860   0.12954E-04
   8870   0.12925E-04
   8880   0.12903E-04
   8890   0.12881E-04
   8900   0.12864E-04
   8910   0.12841E-04
   8920   0.12805E-04
   8930   0.12780E-04
   8940   0.12772E-04
   8950   0.12740E-04
   8960   0.12713E-04
   8970   0.12672E-04
   8980   0.12647E-04
   8990   0.12639E-04
   9000   0.12618E-04
   9010   0.12593E-04
   9020   0.12579E-04
   9030   0.12588E-04
   9040   0.12547E-04
   9050   0.12529E-04
   9060   0.12517E-04
   9070   0.12478E-04
   9080   0.12424E-04
   9090   0.12432E-04
   9100   0.12420E-04
   9110   0.12396E-04
   9120   0.12384E-04
   9130   0.12361E-04
   9140   0.12360E-04
   9150   0.12333E-04
   9160   0.12296E-04
   9170   0.12286E-04
   9180   0.12260E-04
   9190   0.12217E-04
   9200   0.12217E-04
   9210   0.12208E-04
   9220   0.12195E-04
   9230   0.12184E-04
   9240   0.12167E-04
   9250   0.12125E-04
   9260   0.12113E-04
   9270   0.12098E-04
   9280   0.12083E-04
   9290   0.12089E-04
   9300   0.12062E-04
   9310   0.12037E-04
   9320   0.12029E-04
   9330   0.12008E-04
   9340   0.12001E-04
   9350   0.11984E-04
   9360   0.11973E-04
   9370   0.11959E-04
   9380   0.11942E-04
   9390   0.11923E-04
   9400   0.11908E-04
   9410   0.11903E-04
   9420   0.11897E-04
   9430   0.11876E-04
   9440   0.11869E-04
   9450   0.11850E-04
   9460   0.11856E-04
   9470   0.11823E-04
   9480   0.11831E-04
   9490   0.11814E-04
   9500   0.11788E-04
   9510   0.11777E-04
   9520   0.11771E-04
   9530   0.11742E-04
   9540   0.11740E-04
   9550   0.11759E-04
   9560   0.11739E-04
   9570   0.11728E-04
   9580   0.11714E-04
   9590   0.11697E-04
   9600   0.11707E-04
   9610   0.11686E-04
   9620   0.11676E-04
   9630   0.11665E-04
   9640   0.11653E-04
   9650   0.11627E-04
   9660   0.11647E-04
   9670   0.11635E-04
   9680   0.11610E-04
   9690   0.11610E-04
   9700   0.11617E-04
   9710   0.11589E-04
   9720   0.11582E-04
   9730   0.11563E-04
   9740   0.11542E-04
   9750   0.11536E-04
   9760   0.11543E-04
   9770   0.11525E-04
   9780   0.11512E-04
   9790   0.11500E-04
   9800   0.11483E-04
   9810   0.11498E-04
   9820   0.11492E-04
   9830   0.11458E-04
   9840   0.11449E-04
   9850   0.11445E-04
   9860   0.11423E-04
   9870   0.11422E-04
   9880   0.11414E-04
   9890   0.11392E-04
   9900   0.11374E-04
   9910   0.11376E-04
   9920   0.11368E-04
   9930   0.11358E-04
   9940   0.11353E-04
   9950   0.11332E-04
   9960   0.11320E-04
   9970   0.11324E-04
   9980   0.11319E-04
   9990   0.11313E-04
  10000   0.11293E-04
  10010   0.11266E-04
  10020   0.11256E-04
  10030   0.11248E-04
  10040   0.11236E-04
  10050   0.11238E-04
  10060   0.11224E-04
  10070   0.11220E-04
  10080   0.11210E-04
  10090   0.11189E-04
  10100   0.11179E-04
  10110   0.11163E-04
  10120   0.11150E-04
  10130   0.11142E-04
  10140   0.11129E-04
  10150   0.11133E-04
  10160   0.11108E-04
  10170   0.11096E-04
  10180   0.11088E-04
  10190   0.11064E-04
  10200   0.11059E-04
  10210   0.11046E-04
  10220   0.11040E-04
  10230   0.11028E-04
  10240   0.11017E-04
  10250   0.10996E-04
  10260   0.10972E-04
  10270   0.10968E-04
  10280   0.10955E-04
  10290   0.10941E-04
  10300   0.10935E-04
  10310   0.10918E-04
  10320   0.10908E-04
  10330   0.10888E-04
  10340   0.10877E-04
  10350   0.10867E-04
  10360   0.10856E-04
  10370   0.10835E-04
  10380   0.10823E-04
  10390   0.10811E-04
  10400   0.10796E-04
  10410   0.10790E-04
  10420   0.10786E-04
  10430   0.10764E-04
  10440   0.10744E-04
  10450   0.10716E-04
  10460   0.10719E-04
  10470   0.10705E-04
  10480   0.10682E-04
  10490   0.10664E-04
  10500   0.10653E-04
  10510   0.10639E-04
  10520   0.10634E-04
  10530   0.10595E-04
  10540   0.10577E-04
  10550   0.10564E-04
  10560   0.10555E-04
  10570   0.10541E-04
  10580   0.10518E-04
  10590   0.10511E-04
  10600   0.10492E-04
  10610   0.10469E-04
  10620   0.10459E-04
  10630   0.10441E-04
  10640   0.10432E-04
  10650   0.10420E-04
  10660   0.10398E-04
  10670   0.10368E-04
  10680   0.10362E-04
  10690   0.10336E-04
  10700   0.10329E-04
  10710   0.10322E-04
  10720   0.10291E-04
  10730   0.10279E-04
  10740   0.10253E-04
  10750   0.10227E-04
  10760   0.10202E-04
  10770   0.10199E-04
  10780   0.10182E-04
  10790   0.10168E-04
  10800   0.10141E-04
  10810   0.10128E-04
  10820   0.10105E-04
  10830   0.10092E-04
  10840   0.10066E-04
  10850   0.10046E-04
  10860   0.10032E-04
  10870   0.10009E-04
  10880   0.99798E-05
  10890   0.99584E-05
  10900   0.99546E-05
  10910   0.99235E-05
  10920   0.99029E-05
  10930   0.98947E-05
  10940   0.98781E-05
  10950   0.98516E-05
  10960   0.98300E-05
  10970   0.98048E-05
  10980   0.97753E-05
  10990   0.97754E-05
  11000   0.97345E-05
  11010   0.97293E-05
  11020   0.96929E-05
  11030   0.96874E-05
  11040   0.96592E-05
  11050   0.96418E-05
  11060   0.96224E-05
  11070   0.95903E-05
  11080   0.95696E-05
  11090   0.95450E-05
  11100   0.95181E-05
  11110   0.95008E-05
  11120   0.94759E-05
  11130   0.94463E-05
  11140   0.94313E-05
  11150   0.94079E-05
  11160   0.93977E-05
  11170   0.93880E-05
  11180   0.93491E-05
  11190   0.93184E-05
  11200   0.92872E-05
  11210   0.92776E-05
  11220   0.92525E-05
  11230   0.92368E-05
  11240   0.92223E-05
  11250   0.91907E-05
  11260   0.91657E-05
  11270   0.91469E-05
  11280   0.91200E-05
  11290   0.90940E-05
  11300   0.90723E-05
  11310   0.90626E-05
  11320   0.90357E-05
  11330   0.90083E-05
  11340   0.89912E-05
  11350   0.89652E-05
  11360   0.89420E-05
  11370   0.89093E-05
  11380   0.89057E-05
  11390   0.88727E-05
  11400   0.88569E-05
  11410   0.88457E-05
  11420   0.88288E-05
  11430   0.87993E-05
  11440   0.87808E-05
  11450   0.87597E-05
  11460   0.87459E-05
  11470   0.87064E-05
  11480   0.86834E-05
  11490   0.86656E-05
  11500   0.86342E-05
  11510   0.86180E-05
  11520   0.86026E-05
  11530   0.85799E-05
  11540   0.85569E-05
  11550   0.85375E-05
  11560   0.85022E-05
  11570   0.84845E-05
  11580   0.84630E-05
  11590   0.84346E-05
  11600   0.84237E-05
  11610   0.84052E-05
  11620   0.83916E-05
  11630   0.83753E-05
  11640   0.83415E-05
  11650   0.83462E-05
  11660   0.83058E-05
  11670   0.82778E-05
  11680   0.82592E-05
  11690   0.82387E-05
  11700   0.82290E-05
  11710   0.82192E-05
  11720   0.82190E-05
  11730   0.81934E-05
  11740   0.81701E-05
  11750   0.81516E-05
  11760   0.81205E-05
  11770   0.81103E-05
  11780   0.80994E-05
  11790   0.80553E-05
  11800   0.80442E-05
  11810   0.80465E-05
  11820   0.80241E-05
  11830   0.80188E-05
  11840   0.79937E-05
  11850   0.79658E-05
  11860   0.79608E-05
  11870   0.79314E-05
  11880   0.79215E-05
  11890   0.79058E-05
  11900   0.78890E-05
  11910   0.78714E-05
  11920   0.78452E-05
  11930   0.78367E-05
  11940   0.78035E-05
  11950   0.78029E-05
  11960   0.77869E-05
  11970   0.77656E-05
  11980   0.77418E-05
  11990   0.77381E-05
  12000   0.77136E-05
  12010   0.76794E-05
  12020   0.76796E-05
  12030   0.76445E-05
  12040   0.76320E-05
  12050   0.76076E-05
  12060   0.75859E-05
  12070   0.75791E-05
  12080   0.75876E-05
  12090   0.75692E-05
  12100   0.75308E-05
  12110   0.75241E-05
  12120   0.75046E-05
  12130   0.74705E-05
  12140   0.74430E-05
  12150   0.74472E-05
  12160   0.74186E-05
  12170   0.74007E-05
  12180   0.74017E-05
  12190   0.73821E-05
  12200   0.73732E-05
  12210   0.73516E-05
  12220   0.73266E-05
  12230   0.72953E-05
  12240   0.72694E-05
  12250   0.72693E-05
  12260   0.72481E-05
  12270   0.72125E-05
  12280   0.72029E-05
  12290   0.72083E-05
  12300   0.71641E-05
  12310   0.71404E-05
  12320   0.71319E-05
  12330   0.70930E-05
  12340   0.70740E-05
  12350   0.70379E-05
  12360   0.70189E-05
  12370   0.70079E-05
  12380   0.69888E-05
  12390   0.69672E-05
  12400   0.69315E-05
  12410   0.69094E-05
  12420   0.68918E-05
  12430   0.68701E-05
  12440   0.68454E-05
  12450   0.68196E-05
  12460   0.68200E-05
  12470   0.67824E-05
  12480   0.67550E-05
  12490   0.67242E-05
  12500   0.67111E-05
  12510   0.66957E-05
  12520   0.66566E-05
  12530   0.66277E-05
  12540   0.65984E-05
  12550   0.65685E-05
  12560   0.65499E-05
  12570   0.65196E-05
  12580   0.64992E-05
  12590   0.64634E-05
  12600   0.64353E-05
  12610   0.64013E-05
  12620   0.63713E-05
  12630   0.63437E-05
  12640   0.62991E-05
  12650   0.62876E-05
  12660   0.62500E-05
  12670   0.62141E-05
  12680   0.61784E-05
  12690   0.61557E-05
  12700   0.61311E-05
  12710   0.60940E-05
  12720   0.60474E-05
  12730   0.60169E-05
  12740   0.59825E-05
  12750   0.59570E-05
  12760   0.59144E-05
  12770   0.58859E-05
  12780   0.58553E-05
  12790   0.58239E-05
  12800   0.57852E-05
  12810   0.57508E-05
  12820   0.57212E-05
  12830   0.56674E-05
  12840   0.56235E-05
  12850   0.55809E-05
  12860   0.55658E-05
  12870   0.55119E-05
  12880   0.54947E-05
  12890   0.54409E-05
  12900   0.54003E-05
  12910   0.53911E-05
  12920   0.53329E-05
  12930   0.52918E-05
  12940   0.52572E-05
  12950   0.52032E-05
  12960   0.51767E-05
  12970   0.51339E-05
  12980   0.50882E-05
  12990   0.50561E-05
  13000   0.50206E-05
  13010   0.49804E-05
  13020   0.49359E-05
  13030   0.49120E-05
  13040   0.48875E-05
  13050   0.48493E-05
  13060   0.48006E-05
  13070   0.47519E-05
  13080   0.46986E-05
  13090   0.46566E-05
  13100   0.46154E-05
  13110   0.45815E-05
  13120   0.45282E-05
  13130   0.45061E-05
  13140   0.44704E-05
  13150   0.44139E-05
  13160   0.43708E-05
  13170   0.43480E-05
  13180   0.43039E-05
  13190   0.42705E-05
  13200   0.42246E-05
  13210   0.41770E-05
  13220   0.41450E-05
  13230   0.40907E-05
  13240   0.40594E-05
  13250   0.40027E-05
  13260   0.39557E-05
  13270   0.39189E-05
  13280   0.38964E-05
  13290   0.38490E-05
  13300   0.38218E-05
  13310   0.37766E-05
  13320   0.37513E-05
  13330   0.37004E-05
  13340   0.36424E-05
  13350   0.36141E-05
  13360   0.35747E-05
  13370   0.35279E-05
  13380   0.34879E-05
  13390   0.34431E-05
  13400   0.34009E-05
  13410   0.33577E-05
  13420   0.33408E-05
  13430   0.32925E-05
  13440   0.32432E-05
  13450   0.32042E-05
  13460   0.31659E-05
  13470   0.31638E-05
  13480   0.31002E-05
  13490   0.30548E-05
  13500   0.30331E-05
  13510   0.29901E-05
  13520   0.29659E-05
  13530   0.29306E-05
  13540   0.28887E-05
  13550   0.28574E-05
  13560   0.28211E-05
  13570   0.27945E-05
  13580   0.27568E-05
  13590   0.27131E-05
  13600   0.26643E-05
  13610   0.26367E-05
  13620   0.26003E-05
  13630   0.25648E-05
  13640   0.25371E-05
  13650   0.25187E-05
  13660   0.25009E-05
  13670   0.24772E-05
  13680   0.24271E-05
  13690   0.24039E-05
  13700   0.23714E-05
  13710   0.23447E-05
  13720   0.23022E-05
  13730   0.23023E-05
  13740   0.22552E-05
  13750   0.22233E-05
  13760   0.22021E-05
  13770   0.21799E-05
  13780   0.21709E-05
  13790   0.21482E-05
  13800   0.21208E-05
  13810   0.20849E-05
  13820   0.20689E-05
  13830   0.20342E-05
  13840   0.19939E-05
  13850   0.19721E-05
  13860   0.19370E-05
  13870   0.18989E-05
  13880   0.18660E-05
  13890   0.18465E-05
  13900   0.18213E-05
  13910   0.18142E-05
  13920   0.17902E-05
  13930   0.17862E-05
  13940   0.17745E-05
  13950   0.17686E-05
  13960   0.17613E-05
  13970   0.17395E-05
  13980   0.17211E-05
  13990   0.17028E-05
  14000   0.16878E-05
  14010   0.16787E-05
  14020   0.16610E-05
  14030   0.16304E-05
  14040   0.16225E-05
  14050   0.16054E-05
  14060   0.16077E-05
  14070   0.15855E-05
  14080   0.15891E-05
  14090   0.15619E-05
  14100   0.15412E-05
  14110   0.15297E-05
  14120   0.15298E-05
  14130   0.15100E-05
  14140   0.14999E-05
  14150   0.14931E-05
  14160   0.15024E-05
  14170   0.15042E-05
  14180   0.14941E-05
  14190   0.14909E-05
  14200   0.14883E-05
  14210   0.14681E-05
  14220   0.14537E-05
  14230   0.14509E-05
  14240   0.14319E-05
  14250   0.14324E-05
  14260   0.14295E-05
  14270   0.14437E-05
  14280   0.14301E-05
  14290   0.14116E-05
  14300   0.14146E-05
  14310   0.14063E-05
  14320   0.14169E-05
  14330   0.13941E-05
  14340   0.13924E-05
  14350   0.13881E-05
  14360   0.13984E-05
  14370   0.14110E-05
  14380   0.13977E-05
  14390   0.13929E-05
  14400   0.13875E-05
  14410   0.13773E-05
  14420   0.13838E-05
  14430   0.13671E-05
  14440   0.13773E-05
  14450   0.13735E-05
  14460   0.13882E-05
  14470   0.13866E-05
  14480   0.13771E-05
  14490   0.13659E-05
  14500   0.13738E-05
  14510   0.13668E-05
  14520   0.13782E-05
  14530   0.13668E-05
  14540   0.13701E-05
  14550   0.13671E-05
  14560   0.13455E-05
  14570   0.13617E-05
  14580   0.13564E-05
  14590   0.13582E-05
  14600   0.13626E-05
  14610   0.13671E-05
  14620   0.13645E-05
  14630   0.13562E-05
  14640   0.13384E-05
  14650   0.13712E-05
  14660   0.13588E-05
  14670   0.13603E-05
  14680   0.13592E-05
  14690   0.13622E-05
  14700   0.13777E-05
  14710   0.13837E-05
  14720   0.13621E-05
  14730   0.13506E-05
  14740   0.13526E-05
  14750   0.13312E-05
  14760   0.13372E-05
  14770   0.13552E-05
  14780   0.13598E-05
  14790   0.13638E-05
  14800   0.13577E-05
  14810   0.13537E-05
  14820   0.13538E-05
  14830   0.13598E-05
  14840   0.13494E-05
  14850   0.13546E-05
  14860   0.13526E-05
  14870   0.13720E-05
  14880   0.13724E-05
  14890   0.13707E-05
  14900   0.13611E-05
  14910   0.13579E-05
  14920   0.13748E-05
  14930   0.13585E-05
  14940   0.13598E-05
  14950   0.13583E-05
  14960   0.13658E-05
  14970   0.13625E-05
  14980   0.13844E-05
  14990   0.13672E-05
  15000   0.13640E-05
  15010   0.13677E-05
  15020   0.13575E-05
  15030   0.13636E-05
  15040   0.13813E-05
  15050   0.13695E-05
  15060   0.13620E-05
  15070   0.13576E-05
  15080   0.13628E-05
  15090   0.13624E-05
  15100   0.13730E-05
  15110   0.13945E-05
  15120   0.13851E-05
  15130   0.13905E-05
  15140   0.13958E-05
  15150   0.13797E-05
  15160   0.13839E-05
  15170   0.13795E-05
  15180   0.13991E-05
  15190   0.13946E-05
  15200   0.14050E-05
  15210   0.13965E-05
  15220   0.13947E-05
  15230   0.13890E-05
  15240   0.13957E-05
  15250   0.13937E-05
  15260   0.13895E-05
  15270   0.14058E-05
  15280   0.14061E-05
  15290   0.13868E-05
  15300   0.13835E-05
  15310   0.13800E-05
  15320   0.13799E-05
  15330   0.13729E-05
  15340   0.13873E-05
  15350   0.13859E-05
  15360   0.13814E-05
  15370   0.13837E-05
  15380   0.13728E-05
  15390   0.13686E-05
  15400   0.13670E-05
  15410   0.13629E-05
  15420   0.13628E-05
  15430   0.13781E-05
  15440   0.13763E-05
  15450   0.13698E-05
  15460   0.13629E-05
  15470   0.13685E-05
  15480   0.13559E-05
  15490   0.13648E-05
  15500   0.13506E-05
  15510   0.13566E-05
  15520   0.13362E-05
  15530   0.13501E-05
  15540   0.13422E-05
  15550   0.13412E-05
  15560   0.13455E-05
  15570   0.13312E-05
  15580   0.13371E-05
  15590   0.13519E-05
  15600   0.13338E-05
  15610   0.13340E-05
  15620   0.13172E-05
  15630   0.13075E-05
  15640   0.13061E-05
  15650   0.13050E-05
  15660   0.13101E-05
  15670   0.13100E-05
  15680   0.13160E-05
  15690   0.13167E-05
  15700   0.13075E-05
  15710   0.13237E-05
  15720   0.13119E-05
  15730   0.13254E-05
  15740   0.13122E-05
  15750   0.13110E-05
  15760   0.12946E-05
  15770   0.12967E-05
  15780   0.13018E-05
  15790   0.13009E-05
  15800   0.13050E-05
  15810   0.12943E-05
  15820   0.12866E-05
  15830   0.12973E-05
  15840   0.12865E-05
  15850   0.12959E-05
  15860   0.12915E-05
  15870   0.12867E-05
  15880   0.12891E-05
  15890   0.12972E-05
  15900   0.13012E-05
  15910   0.13021E-05
  15920   0.12958E-05
  15930   0.12797E-05
  15940   0.12718E-05
  15950   0.12710E-05
  15960   0.12728E-05
  15970   0.12472E-05
  15980   0.12646E-05
  15990   0.12663E-05
  16000   0.12456E-05
  16010   0.12424E-05
  16020   0.12339E-05
  16030   0.12434E-05
  16040   0.12552E-05
  16050   0.12489E-05
  16060   0.12402E-05
  16070   0.12233E-05
  16080   0.12295E-05
  16090   0.12124E-05
  16100   0.12056E-05
  16110   0.12009E-05
  16120   0.12026E-05
  16130   0.12124E-05
  16140   0.12184E-05
  16150   0.11956E-05
  16160   0.12002E-05
  16170   0.12138E-05
  16180   0.12105E-05
  16190   0.12049E-05
  16200   0.11923E-05
  16210   0.11778E-05
  16220   0.11923E-05
  16230   0.11848E-05
  16240   0.11675E-05
  16250   0.11769E-05
  16260   0.11757E-05
  16270   0.11841E-05
  16280   0.11657E-05
  16290   0.11717E-05
  16300   0.11735E-05
  16310   0.11601E-05
  16320   0.11663E-05
  16330   0.11627E-05
  16340   0.11747E-05
  16350   0.11560E-05
  16360   0.11537E-05
  16370   0.11576E-05
  16380   0.11391E-05
  16390   0.11383E-05
  16400   0.11414E-05
  16410   0.11370E-05
  16420   0.11410E-05
  16430   0.11388E-05
  16440   0.11269E-05
  16450   0.11308E-05
  16460   0.11265E-05
  16470   0.11242E-05
  16480   0.11244E-05
  16490   0.11294E-05
  16500   0.11222E-05
  16510   0.11227E-05
  16520   0.11269E-05
  16530   0.11275E-05
  16540   0.11231E-05
  16550   0.11088E-05
  16560   0.11152E-05
  16570   0.11117E-05
  16580   0.11041E-05
  16590   0.10979E-05
  16600   0.10884E-05
  16610   0.10954E-05
  16620   0.11029E-05
  16630   0.10901E-05
  16640   0.10836E-05
  16650   0.10776E-05
  16660   0.10759E-05
  16670   0.10869E-05
  16680   0.10835E-05
  16690   0.10812E-05
  16700   0.10768E-05
  16710   0.10794E-05
  16720   0.10688E-05
  16730   0.10582E-05
  16740   0.10704E-05
  16750   0.10646E-05
  16760   0.10651E-05
  16770   0.10472E-05
  16780   0.10692E-05
  16790   0.10705E-05
  16800   0.10809E-05
  16810   0.10678E-05
  16820   0.10639E-05
  16830   0.10722E-05
  16840   0.10598E-05
  16850   0.10492E-05
  16860   0.10648E-05
  16870   0.10571E-05
  16880   0.10616E-05
  16890   0.10434E-05
  16900   0.10556E-05
  16910   0.10261E-05
  16920   0.10471E-05
  16930   0.10223E-05
  16940   0.10171E-05
  16950   0.10295E-05
  16960   0.10349E-05
  16970   0.10351E-05
  16980   0.10271E-05
  16990   0.10124E-05
  17000   0.99858E-06
  17010   0.99810E-06
  17020   0.99084E-06
  17030   0.10033E-05
  17040   0.10029E-05
  17050   0.98434E-06
  17060   0.98479E-06
  17070   0.98740E-06
  17080   0.97946E-06
  17090   0.98765E-06
  17100   0.97740E-06
  17110   0.98082E-06
  17120   0.97188E-06
  17130   0.95483E-06
  17140   0.96382E-06
  17150   0.95012E-06
  17160   0.94885E-06
  17170   0.95429E-06
  17180   0.94674E-06
  17190   0.95141E-06
  17200   0.93848E-06
  17210   0.94266E-06
  17220   0.95021E-06
  17230   0.93775E-06
  17240   0.91502E-06
  17250   0.91003E-06
  17260   0.91022E-06
  17270   0.91068E-06
  17280   0.91014E-06
  17290   0.90199E-06
  17300   0.90249E-06
  17310   0.91922E-06
  17320   0.91707E-06
  17330   0.89725E-06
  17340   0.89346E-06
  17350   0.90727E-06
  17360   0.90359E-06
  17370   0.90028E-06
  17380   0.88690E-06
  17390   0.87769E-06
  17400   0.85618E-06
  17410   0.85959E-06
  17420   0.85157E-06
  17430   0.86389E-06
  17440   0.84928E-06
  17450   0.84605E-06
  17460   0.84021E-06
  17470   0.83961E-06
  17480   0.81958E-06
  17490   0.82565E-06
  17500   0.81043E-06
  17510   0.84173E-06
  17520   0.83563E-06
  17530   0.80680E-06
  17540   0.82054E-06
  17550   0.82324E-06
  17560   0.82491E-06
  17570   0.81500E-06
  17580   0.80019E-06
  17590   0.80733E-06
  17600   0.78369E-06
  17610   0.78982E-06
  17620   0.77867E-06
  17630   0.77644E-06
  17640   0.77757E-06
  17650   0.76791E-06
  17660   0.76610E-06
  17670   0.79350E-06
  17680   0.77103E-06
  17690   0.74657E-06
  17700   0.75728E-06
  17710   0.76077E-06
  17720   0.76974E-06
  17730   0.76485E-06
  17740   0.77400E-06
  17750   0.77710E-06
  17760   0.77358E-06
  17770   0.76549E-06
  17780   0.73746E-06
  17790   0.73897E-06
  17800   0.75305E-06
  17810   0.71579E-06
  17820   0.72481E-06
  17830   0.70555E-06
  17840   0.71539E-06
  17850   0.71416E-06
  17860   0.72388E-06
  17870   0.72588E-06
  17880   0.70474E-06
  17890   0.70894E-06
  17900   0.70419E-06
  17910   0.70495E-06
  17920   0.70707E-06
  17930   0.68921E-06
  17940   0.67756E-06
  17950   0.69684E-06
  17960   0.69549E-06
  17970   0.68561E-06
  17980   0.68278E-06
  17990   0.68525E-06
  18000   0.68421E-06
  18010   0.67112E-06
  18020   0.65621E-06
  18030   0.68023E-06
  18040   0.67026E-06
  18050   0.65658E-06
  18060   0.65960E-06
  18070   0.66271E-06
  18080   0.64752E-06
  18090   0.67774E-06
  18100   0.64194E-06
  18110   0.65386E-06
  18120   0.65368E-06
  18130   0.65924E-06
  18140   0.65342E-06
  18150   0.64574E-06
  18160   0.62671E-06
  18170   0.60904E-06
  18180   0.61462E-06
  18190   0.62332E-06
  18200   0.60168E-06
  18210   0.61578E-06
  18220   0.60737E-06
  18230   0.60308E-06
  18240   0.60249E-06
  18250   0.58805E-06
  18260   0.58154E-06
  18270   0.59216E-06
  18280   0.58378E-06
  18290   0.57600E-06
  18300   0.55878E-06
  18310   0.55599E-06
  18320   0.56452E-06
  18330   0.55289E-06
  18340   0.54985E-06
  18350   0.55189E-06
  18360   0.55899E-06
  18370   0.54737E-06
  18380   0.55353E-06
  18390   0.54414E-06
  18400   0.53582E-06
  18410   0.51768E-06
  18420   0.52354E-06
  18430   0.51768E-06
  18440   0.53985E-06
  18450   0.52878E-06
  18460   0.51602E-06
  18470   0.50556E-06
  18480   0.50874E-06
  18490   0.50861E-06
  18500   0.50537E-06
  18510   0.49897E-06
  18520   0.48789E-06
  18530   0.49927E-06
  18540   0.48585E-06
  18550   0.48524E-06
  18560   0.47852E-06
  18570   0.47664E-06
  18580   0.47392E-06
  18590   0.46468E-06
  18600   0.46573E-06
  18610   0.43580E-06
  18620   0.43844E-06
  18630   0.42166E-06
  18640   0.42668E-06
  18650   0.42219E-06
  18660   0.42798E-06
  18670   0.41712E-06
  18680   0.41161E-06
  18690   0.43072E-06
  18700   0.39110E-06
  18710   0.40377E-06
  18720   0.37911E-06
  18730   0.37154E-06
  18740   0.38976E-06
  18750   0.38712E-06
  18760   0.39624E-06
  18770   0.36528E-06
  18780   0.38900E-06
  18790   0.39035E-06
  18800   0.37865E-06
  18810   0.38741E-06
  18820   0.37838E-06
  18830   0.36078E-06
  18840   0.35529E-06
  18850   0.34866E-06
  18860   0.33911E-06
  18870   0.34938E-06
  18880   0.35419E-06
  18890   0.36657E-06
  18900   0.36209E-06
  18910   0.33796E-06
  18920   0.34052E-06
  18930   0.33409E-06
  18940   0.31783E-06
  18950   0.30417E-06
  18960   0.32012E-06
  18970   0.32346E-06
  18980   0.32067E-06
  18990   0.32270E-06
  19000   0.31785E-06
  19010   0.30223E-06
  19020   0.32555E-06
  19030   0.32448E-06
  19040   0.29968E-06
  19050   0.30761E-06
  19060   0.28196E-06
  19070   0.27363E-06
  19080   0.28792E-06
  19090   0.27714E-06
  19100   0.27122E-06
  19110   0.25235E-06
  19120   0.25236E-06
  19130   0.21698E-06
  19140   0.22861E-06
  19150   0.22181E-06
  19160   0.23112E-06
  19170   0.23721E-06
  19180   0.21304E-06
  19190   0.20819E-06
  19200   0.20865E-06
  19210   0.21502E-06
  19220   0.21481E-06
  19230   0.21044E-06
  19240   0.20783E-06
  19250   0.19052E-06
  19260   0.20279E-06
  19270   0.19891E-06
  19280   0.20156E-06
  19290   0.21841E-06
  19300   0.21717E-06
  19310   0.20346E-06
  19320   0.21166E-06
  19330   0.20289E-06
  19340   0.21826E-06
  19350   0.20842E-06
  19360   0.19064E-06
  19370   0.19962E-06
  19380   0.16995E-06
  19390   0.17985E-06
  19400   0.16023E-06
  19410   0.20284E-06
  19420   0.19622E-06
  19430   0.16706E-06
  19440   0.17836E-06
  19450   0.20571E-06
  19460   0.18530E-06
  19470   0.22646E-06
  19480   0.24697E-06
  19490   0.22040E-06
  19500   0.18630E-06
  19510   0.23238E-06
  19520   0.23304E-06
  19530   0.24274E-06
  19540   0.22550E-06
  19550   0.18769E-06
  19560   0.16429E-06
  19570   0.20298E-06
  19580   0.23020E-06
  19590   0.19636E-06
  19600   0.18729E-06
  19610   0.18409E-06
  19620   0.24931E-06
  19630   0.21344E-06
  19640   0.22972E-06
  19650   0.23247E-06
  19660   0.21843E-06
  19670   0.20976E-06
  19680   0.25508E-06
  19690   0.25149E-06
  19700   0.27041E-06
  19710   0.23307E-06
  19720   0.25294E-06
  19730   0.23445E-06
  19740   0.24381E-06
  19750   0.23194E-06
  19760   0.24535E-06
  19770   0.24891E-06
  19780   0.25741E-06
  19790   0.24749E-06
  19800   0.25648E-06
  19810   0.25040E-06
  19820   0.25168E-06
  19830   0.25776E-06
  19840   0.24040E-06
  19850   0.21864E-06
  19860   0.20219E-06
  19870   0.19198E-06
  19880   0.22015E-06
  19890   0.19393E-06
  19900   0.20353E-06
  19910   0.19016E-06
  19920   0.21203E-06
  19930   0.23025E-06
  19940   0.22483E-06
  19950   0.24490E-06
  19960   0.23658E-06
  19970   0.23289E-06
  19980   0.25256E-06
  19990   0.23510E-06
  20000   0.25298E-06
