     10   0.10563E-02
     20   0.89824E-03
     30   0.79427E-03
     40   0.72020E-03
     50   0.66411E-03
     60   0.61939E-03
     70   0.58166E-03
     80   0.54877E-03
     90   0.51961E-03
    100   0.49323E-03
    110   0.46873E-03
    120   0.44611E-03
    130   0.42509E-03
    140   0.40530E-03
    150   0.38667E-03
    160   0.36921E-03
    170   0.35276E-03
    180   0.33730E-03
    190   0.32267E-03
    200   0.30895E-03
    210   0.29636E-03
    220   0.28450E-03
    230   0.27339E-03
    240   0.26296E-03
    250   0.25322E-03
    260   0.24412E-03
    270   0.23560E-03
    280   0.22769E-03
    290   0.22033E-03
    300   0.21347E-03
    310   0.20722E-03
    320   0.20140E-03
    330   0.19604E-03
    340   0.19110E-03
    350   0.18663E-03
    360   0.18261E-03
    370   0.17902E-03
    380   0.17586E-03
    390   0.17313E-03
    400   0.17078E-03
    410   0.16878E-03
    420   0.16708E-03
    430   0.16557E-03
    440   0.16423E-03
    450   0.16298E-03
    460   0.16179E-03
    470   0.16059E-03
    480   0.15935E-03
    490   0.15807E-03
    500   0.15672E-03
    510   0.15532E-03
    520   0.15387E-03
    530   0.15239E-03
    540   0.15090E-03
    550   0.14944E-03
    560   0.14804E-03
    570   0.14673E-03
    580   0.14553E-03
    590   0.14448E-03
    600   0.14360E-03
    610   0.14291E-03
    620   0.14240E-03
    630   0.14207E-03
    640   0.14191E-03
    650   0.14192E-03
    660   0.14208E-03
    670   0.14237E-03
    680   0.14278E-03
    690   0.14326E-03
    700   0.14383E-03
    710   0.14444E-03
    720   0.14507E-03
    730   0.14572E-03
    740   0.14635E-03
    750   0.14696E-03
    760   0.14752E-03
    770   0.14804E-03
    780   0.14848E-03
    790   0.14886E-03
    800   0.14915E-03
    810   0.14934E-03
    820   0.14946E-03
    830   0.14947E-03
    840   0.14939E-03
    850   0.14922E-03
    860   0.14895E-03
    870   0.14859E-03
    880   0.14814E-03
    890   0.14761E-03
    900   0.14700E-03
    910   0.14632E-03
    920   0.14557E-03
    930   0.14477E-03
    940   0.14391E-03
    950   0.14301E-03
    960   0.14207E-03
    970   0.14110E-03
    980   0.14013E-03
    990   0.13914E-03
   1000   0.13816E-03
   1010   0.13722E-03
   1020   0.13629E-03
   1030   0.13542E-03
   1040   0.13460E-03
   1050   0.13384E-03
   1060   0.13316E-03
   1070   0.13256E-03
   1080   0.13204E-03
   1090   0.13161E-03
   1100   0.13127E-03
   1110   0.13102E-03
   1120   0.13084E-03
   1130   0.13074E-03
   1140   0.13071E-03
   1150   0.13074E-03
   1160   0.13080E-03
   1170   0.13090E-03
   1180   0.13104E-03
   1190   0.13118E-03
   1200   0.13132E-03
   1210   0.13145E-03
   1220   0.13156E-03
   1230   0.13165E-03
   1240   0.13169E-03
   1250   0.13170E-03
   1260   0.13165E-03
   1270   0.13156E-03
   1280   0.13141E-03
   1290   0.13118E-03
   1300   0.13093E-03
   1310   0.13060E-03
   1320   0.13024E-03
   1330   0.12982E-03
   1340   0.12934E-03
   1350   0.12885E-03
   1360   0.12831E-03
   1370   0.12776E-03
   1380   0.12719E-03
   1390   0.12660E-03
   1400   0.12602E-03
   1410   0.12542E-03
   1420   0.12486E-03
   1430   0.12432E-03
   1440   0.12382E-03
   1450   0.12332E-03
   1460   0.12289E-03
   1470   0.12248E-03
   1480   0.12215E-03
   1490   0.12181E-03
   1500   0.12155E-03
   1510   0.12133E-03
   1520   0.12116E-03
   1530   0.12099E-03
   1540   0.12088E-03
   1550   0.12077E-03
   1560   0.12070E-03
   1570   0.12061E-03
   1580   0.12053E-03
   1590   0.12046E-03
   1600   0.12036E-03
   1610   0.12024E-03
   1620   0.12010E-03
   1630   0.11991E-03
   1640   0.11969E-03
   1650   0.11943E-03
   1660   0.11914E-03
   1670   0.11879E-03
   1680   0.11839E-03
   1690   0.11796E-03
   1700   0.11749E-03
   1710   0.11698E-03
   1720   0.11645E-03
   1730   0.11586E-03
   1740   0.11527E-03
   1750   0.11467E-03
   1760   0.11407E-03
   1770   0.11346E-03
   1780   0.11286E-03
   1790   0.11230E-03
   1800   0.11174E-03
   1810   0.11126E-03
   1820   0.11080E-03
   1830   0.11042E-03
   1840   0.11009E-03
   1850   0.10984E-03
   1860   0.10968E-03
   1870   0.10961E-03
   1880   0.10962E-03
   1890   0.10974E-03
   1900   0.10995E-03
   1910   0.11028E-03
   1920   0.11070E-03
   1930   0.11123E-03
   1940   0.11185E-03
   1950   0.11257E-03
   1960   0.11338E-03
   1970   0.11429E-03
   1980   0.11526E-03
   1990   0.11631E-03
   2000   0.11741E-03
   2010   0.11858E-03
   2020   0.11978E-03
   2030   0.12103E-03
   2040   0.12231E-03
   2050   0.12359E-03
   2060   0.12491E-03
   2070   0.12622E-03
   2080   0.12753E-03
   2090   0.12882E-03
   2100   0.13011E-03
   2110   0.13137E-03
   2120   0.13262E-03
   2130   0.13381E-03
   2140   0.13499E-03
   2150   0.13614E-03
   2160   0.13725E-03
   2170   0.13831E-03
   2180   0.13934E-03
   2190   0.14033E-03
   2200   0.14127E-03
   2210   0.14217E-03
   2220   0.14303E-03
   2230   0.14384E-03
   2240   0.14461E-03
   2250   0.14533E-03
   2260   0.14602E-03
   2270   0.14663E-03
   2280   0.14722E-03
   2290   0.14777E-03
   2300   0.14825E-03
   2310   0.14872E-03
   2320   0.14913E-03
   2330   0.14947E-03
   2340   0.14979E-03
   2350   0.15006E-03
   2360   0.15025E-03
   2370   0.15043E-03
   2380   0.15055E-03
   2390   0.15061E-03
   2400   0.15064E-03
   2410   0.15061E-03
   2420   0.15055E-03
   2430   0.15044E-03
   2440   0.15026E-03
   2450   0.15004E-03
   2460   0.14978E-03
   2470   0.14950E-03
   2480   0.14916E-03
   2490   0.14879E-03
   2500   0.14836E-03
   2510   0.14792E-03
   2520   0.14743E-03
   2530   0.14689E-03
   2540   0.14633E-03
   2550   0.14576E-03
   2560   0.14510E-03
   2570   0.14446E-03
   2580   0.14379E-03
   2590   0.14306E-03
   2600   0.14232E-03
   2610   0.14158E-03
   2620   0.14078E-03
   2630   0.13999E-03
   2640   0.13914E-03
   2650   0.13830E-03
   2660   0.13744E-03
   2670   0.13655E-03
   2680   0.13564E-03
   2690   0.13473E-03
   2700   0.13380E-03
   2710   0.13285E-03
   2720   0.13187E-03
   2730   0.13090E-03
   2740   0.12991E-03
   2750   0.12888E-03
   2760   0.12787E-03
   2770   0.12685E-03
   2780   0.12581E-03
   2790   0.12477E-03
   2800   0.12370E-03
   2810   0.12265E-03
   2820   0.12155E-03
   2830   0.12048E-03
   2840   0.11939E-03
   2850   0.11831E-03
   2860   0.11721E-03
   2870   0.11609E-03
   2880   0.11501E-03
   2890   0.11389E-03
   2900   0.11277E-03
   2910   0.11167E-03
   2920   0.11059E-03
   2930   0.10945E-03
   2940   0.10838E-03
   2950   0.10729E-03
   2960   0.10620E-03
   2970   0.10513E-03
   2980   0.10404E-03
   2990   0.10298E-03
   3000   0.10192E-03
   3010   0.10088E-03
   3020   0.99848E-04
   3030   0.98840E-04
   3040   0.97829E-04
   3050   0.96839E-04
   3060   0.95871E-04
   3070   0.94918E-04
   3080   0.93956E-04
   3090   0.93030E-04
   3100   0.92142E-04
   3110   0.91231E-04
   3120   0.90357E-04
   3130   0.89515E-04
   3140   0.88669E-04
   3150   0.87859E-04
   3160   0.87040E-04
   3170   0.86274E-04
   3180   0.85516E-04
   3190   0.84762E-04
   3200   0.84031E-04
   3210   0.83306E-04
   3220   0.82629E-04
   3230   0.81948E-04
   3240   0.81264E-04
   3250   0.80649E-04
   3260   0.80005E-04
   3270   0.79404E-04
   3280   0.78794E-04
   3290   0.78223E-04
   3300   0.77653E-04
   3310   0.77088E-04
   3320   0.76560E-04
   3330   0.76037E-04
   3340   0.75508E-04
   3350   0.75004E-04
   3360   0.74514E-04
   3370   0.74027E-04
   3380   0.73549E-04
   3390   0.73117E-04
   3400   0.72656E-04
   3410   0.72232E-04
   3420   0.71771E-04
   3430   0.71382E-04
   3440   0.70952E-04
   3450   0.70576E-04
   3460   0.70189E-04
   3470   0.69789E-04
   3480   0.69420E-04
   3490   0.69077E-04
   3500   0.68721E-04
   3510   0.68359E-04
   3520   0.68023E-04
   3530   0.67703E-04
   3540   0.67373E-04
   3550   0.67053E-04
   3560   0.66757E-04
   3570   0.66444E-04
   3580   0.66143E-04
   3590   0.65862E-04
   3600   0.65565E-04
   3610   0.65292E-04
   3620   0.65009E-04
   3630   0.64756E-04
   3640   0.64474E-04
   3650   0.64234E-04
   3660   0.63969E-04
   3670   0.63718E-04
   3680   0.63494E-04
   3690   0.63263E-04
   3700   0.63030E-04
   3710   0.62803E-04
   3720   0.62585E-04
   3730   0.62372E-04
   3740   0.62148E-04
   3750   0.61940E-04
   3760   0.61734E-04
   3770   0.61520E-04
   3780   0.61351E-04
   3790   0.61152E-04
   3800   0.60951E-04
   3810   0.60762E-04
   3820   0.60588E-04
   3830   0.60408E-04
   3840   0.60235E-04
   3850   0.60045E-04
   3860   0.59888E-04
   3870   0.59733E-04
   3880   0.59576E-04
   3890   0.59415E-04
   3900   0.59246E-04
   3910   0.59113E-04
   3920   0.58973E-04
   3930   0.58838E-04
   3940   0.58677E-04
   3950   0.58555E-04
   3960   0.58439E-04
   3970   0.58309E-04
   3980   0.58195E-04
   3990   0.58097E-04
   4000   0.57977E-04
   4010   0.57888E-04
   4020   0.57772E-04
   4030   0.57696E-04
   4040   0.57590E-04
   4050   0.57514E-04
   4060   0.57450E-04
   4070   0.57365E-04
   4080   0.57310E-04
   4090   0.57262E-04
   4100   0.57197E-04
   4110   0.57158E-04
   4120   0.57116E-04
   4130   0.57081E-04
   4140   0.57037E-04
   4150   0.57021E-04
   4160   0.57003E-04
   4170   0.56999E-04
   4180   0.56982E-04
   4190   0.56991E-04
   4200   0.56978E-04
   4210   0.56989E-04
   4220   0.57013E-04
   4230   0.57022E-04
   4240   0.57069E-04
   4250   0.57088E-04
   4260   0.57112E-04
   4270   0.57147E-04
   4280   0.57206E-04
   4290   0.57243E-04
   4300   0.57295E-04
   4310   0.57368E-04
   4320   0.57412E-04
   4330   0.57473E-04
   4340   0.57544E-04
   4350   0.57621E-04
   4360   0.57679E-04
   4370   0.57775E-04
   4380   0.57847E-04
   4390   0.57909E-04
   4400   0.57998E-04
   4410   0.58102E-04
   4420   0.58181E-04
   4430   0.58265E-04
   4440   0.58354E-04
   4450   0.58438E-04
   4460   0.58529E-04
   4470   0.58641E-04
   4480   0.58729E-04
   4490   0.58820E-04
   4500   0.58898E-04
   4510   0.59006E-04
   4520   0.59092E-04
   4530   0.59187E-04
   4540   0.59273E-04
   4550   0.59359E-04
   4560   0.59445E-04
   4570   0.59543E-04
   4580   0.59613E-04
   4590   0.59695E-04
   4600   0.59770E-04
   4610   0.59856E-04
   4620   0.59941E-04
   4630   0.60009E-04
   4640   0.60073E-04
   4650   0.60135E-04
   4660   0.60210E-04
   4670   0.60275E-04
   4680   0.60321E-04
   4690   0.60382E-04
   4700   0.60421E-04
   4710   0.60473E-04
   4720   0.60516E-04
   4730   0.60558E-04
   4740   0.60590E-04
   4750   0.60627E-04
   4760   0.60654E-04
   4770   0.60670E-04
   4780   0.60702E-04
   4790   0.60704E-04
   4800   0.60716E-04
   4810   0.60738E-04
   4820   0.60731E-04
   4830   0.60724E-04
   4840   0.60718E-04
   4850   0.60716E-04
   4860   0.60710E-04
   4870   0.60679E-04
   4880   0.60648E-04
   4890   0.60629E-04
   4900   0.60600E-04
   4910   0.60569E-04
   4920   0.60530E-04
   4930   0.60486E-04
   4940   0.60446E-04
   4950   0.60402E-04
   4960   0.60339E-04
   4970   0.60298E-04
   4980   0.60227E-04
   4990   0.60155E-04
   5000   0.60098E-04
   5010   0.60026E-04
   5020   0.59953E-04
   5030   0.59881E-04
   5040   0.59801E-04
   5050   0.59728E-04
   5060   0.59636E-04
   5070   0.59547E-04
   5080   0.59472E-04
   5090   0.59385E-04
   5100   0.59277E-04
   5110   0.59195E-04
   5120   0.59104E-04
   5130   0.59016E-04
   5140   0.58922E-04
   5150   0.58821E-04
   5160   0.58729E-04
   5170   0.58629E-04
   5180   0.58537E-04
   5190   0.58449E-04
   5200   0.58334E-04
   5210   0.58242E-04
   5220   0.58137E-04
   5230   0.58022E-04
   5240   0.57943E-04
   5250   0.57837E-04
   5260   0.57748E-04
   5270   0.57653E-04
   5280   0.57558E-04
   5290   0.57454E-04
   5300   0.57367E-04
   5310   0.57269E-04
   5320   0.57188E-04
   5330   0.57089E-04
   5340   0.56992E-04
   5350   0.56926E-04
   5360   0.56832E-04
   5370   0.56736E-04
   5380   0.56667E-04
   5390   0.56570E-04
   5400   0.56509E-04
   5410   0.56434E-04
   5420   0.56354E-04
   5430   0.56290E-04
   5440   0.56208E-04
   5450   0.56144E-04
   5460   0.56087E-04
   5470   0.56016E-04
   5480   0.55960E-04
   5490   0.55902E-04
   5500   0.55837E-04
   5510   0.55783E-04
   5520   0.55749E-04
   5530   0.55684E-04
   5540   0.55629E-04
   5550   0.55579E-04
   5560   0.55557E-04
   5570   0.55505E-04
   5580   0.55467E-04
   5590   0.55440E-04
   5600   0.55422E-04
   5610   0.55368E-04
   5620   0.55334E-04
   5630   0.55309E-04
   5640   0.55291E-04
   5650   0.55261E-04
   5660   0.55234E-04
   5670   0.55218E-04
   5680   0.55215E-04
   5690   0.55168E-04
   5700   0.55158E-04
   5710   0.55159E-04
   5720   0.55137E-04
   5730   0.55126E-04
   5740   0.55122E-04
   5750   0.55119E-04
   5760   0.55111E-04
   5770   0.55102E-04
   5780   0.55094E-04
   5790   0.55078E-04
   5800   0.55090E-04
   5810   0.55084E-04
   5820   0.55087E-04
   5830   0.55093E-04
   5840   0.55098E-04
   5850   0.55094E-04
   5860   0.55094E-04
   5870   0.55107E-04
   5880   0.55100E-04
   5890   0.55114E-04
   5900   0.55117E-04
   5910   0.55115E-04
   5920   0.55129E-04
   5930   0.55127E-04
   5940   0.55142E-04
   5950   0.55148E-04
   5960   0.55152E-04
   5970   0.55161E-04
   5980   0.55165E-04
   5990   0.55180E-04
   6000   0.55184E-04
   6010   0.55174E-04
   6020   0.55190E-04
   6030   0.55193E-04
   6040   0.55212E-04
   6050   0.55207E-04
   6060   0.55203E-04
   6070   0.55215E-04
   6080   0.55213E-04
   6090   0.55228E-04
   6100   0.55225E-04
   6110   0.55218E-04
   6120   0.55214E-04
   6130   0.55224E-04
   6140   0.55226E-04
   6150   0.55226E-04
   6160   0.55217E-04
   6170   0.55217E-04
   6180   0.55215E-04
   6190   0.55208E-04
   6200   0.55190E-04
   6210   0.55187E-04
   6220   0.55182E-04
   6230   0.55154E-04
   6240   0.55152E-04
   6250   0.55136E-04
   6260   0.55115E-04
   6270   0.55103E-04
   6280   0.55085E-04
   6290   0.55056E-04
   6300   0.55039E-04
   6310   0.55004E-04
   6320   0.54981E-04
   6330   0.54947E-04
   6340   0.54914E-04
   6350   0.54876E-04
   6360   0.54848E-04
   6370   0.54807E-04
   6380   0.54758E-04
   6390   0.54720E-04
   6400   0.54673E-04
   6410   0.54628E-04
   6420   0.54565E-04
   6430   0.54512E-04
   6440   0.54467E-04
   6450   0.54403E-04
   6460   0.54336E-04
   6470   0.54266E-04
   6480   0.54203E-04
   6490   0.54138E-04
   6500   0.54056E-04
   6510   0.53990E-04
   6520   0.53923E-04
   6530   0.53842E-04
   6540   0.53743E-04
   6550   0.53665E-04
   6560   0.53573E-04
   6570   0.53484E-04
   6580   0.53398E-04
   6590   0.53293E-04
   6600   0.53194E-04
   6610   0.53097E-04
   6620   0.52994E-04
   6630   0.52898E-04
   6640   0.52794E-04
   6650   0.52686E-04
   6660   0.52582E-04
   6670   0.52468E-04
   6680   0.52361E-04
   6690   0.52259E-04
   6700   0.52134E-04
   6710   0.52034E-04
   6720   0.51921E-04
   6730   0.51811E-04
   6740   0.51702E-04
   6750   0.51577E-04
   6760   0.51464E-04
   6770   0.51357E-04
   6780   0.51242E-04
   6790   0.51119E-04
   6800   0.51024E-04
   6810   0.50918E-04
   6820   0.50809E-04
   6830   0.50698E-04
   6840   0.50584E-04
   6850   0.50477E-04
   6860   0.50379E-04
   6870   0.50282E-04
   6880   0.50184E-04
   6890   0.50086E-04
   6900   0.49992E-04
   6910   0.49898E-04
   6920   0.49818E-04
   6930   0.49716E-04
   6940   0.49638E-04
   6950   0.49551E-04
   6960   0.49472E-04
   6970   0.49389E-04
   6980   0.49301E-04
   6990   0.49229E-04
   7000   0.49146E-04
   7010   0.49076E-04
   7020   0.49014E-04
   7030   0.48949E-04
   7040   0.48869E-04
   7050   0.48811E-04
   7060   0.48739E-04
   7070   0.48689E-04
   7080   0.48630E-04
   7090   0.48575E-04
   7100   0.48510E-04
   7110   0.48463E-04
   7120   0.48411E-04
   7130   0.48374E-04
   7140   0.48315E-04
   7150   0.48275E-04
   7160   0.48228E-04
   7170   0.48173E-04
   7180   0.48129E-04
   7190   0.48088E-04
   7200   0.48060E-04
   7210   0.48008E-04
   7220   0.47985E-04
   7230   0.47939E-04
   7240   0.47900E-04
   7250   0.47870E-04
   7260   0.47838E-04
   7270   0.47813E-04
   7280   0.47769E-04
   7290   0.47752E-04
   7300   0.47711E-04
   7310   0.47696E-04
   7320   0.47665E-04
   7330   0.47630E-04
   7340   0.47608E-04
   7350   0.47588E-04
   7360   0.47564E-04
   7370   0.47534E-04
   7380   0.47503E-04
   7390   0.47482E-04
   7400   0.47456E-04
   7410   0.47435E-04
   7420   0.47423E-04
   7430   0.47398E-04
   7440   0.47397E-04
   7450   0.47365E-04
   7460   0.47344E-04
   7470   0.47334E-04
   7480   0.47316E-04
   7490   0.47296E-04
   7500   0.47274E-04
   7510   0.47262E-04
   7520   0.47250E-04
   7530   0.47235E-04
   7540   0.47218E-04
   7550   0.47201E-04
   7560   0.47198E-04
   7570   0.47184E-04
   7580   0.47166E-04
   7590   0.47151E-04
   7600   0.47134E-04
   7610   0.47127E-04
   7620   0.47103E-04
   7630   0.47091E-04
   7640   0.47082E-04
   7650   0.47067E-04
   7660   0.47044E-04
   7670   0.47034E-04
   7680   0.47014E-04
   7690   0.47009E-04
   7700   0.46986E-04
   7710   0.46957E-04
   7720   0.46960E-04
   7730   0.46922E-04
   7740   0.46915E-04
   7750   0.46880E-04
   7760   0.46874E-04
   7770   0.46858E-04
   7780   0.46831E-04
   7790   0.46802E-04
   7800   0.46788E-04
   7810   0.46768E-04
   7820   0.46751E-04
   7830   0.46718E-04
   7840   0.46680E-04
   7850   0.46656E-04
   7860   0.46630E-04
   7870   0.46605E-04
   7880   0.46581E-04
   7890   0.46536E-04
   7900   0.46532E-04
   7910   0.46488E-04
   7920   0.46456E-04
   7930   0.46433E-04
   7940   0.46395E-04
   7950   0.46358E-04
   7960   0.46344E-04
   7970   0.46301E-04
   7980   0.46255E-04
   7990   0.46224E-04
   8000   0.46202E-04
   8010   0.46139E-04
   8020   0.46123E-04
   8030   0.46084E-04
   8040   0.46059E-04
   8050   0.46002E-04
   8060   0.45965E-04
   8070   0.45922E-04
   8080   0.45890E-04
   8090   0.45838E-04
   8100   0.45795E-04
   8110   0.45747E-04
   8120   0.45718E-04
   8130   0.45659E-04
   8140   0.45620E-04
   8150   0.45566E-04
   8160   0.45529E-04
   8170   0.45485E-04
   8180   0.45449E-04
   8190   0.45386E-04
   8200   0.45342E-04
   8210   0.45293E-04
   8220   0.45248E-04
   8230   0.45200E-04
   8240   0.45154E-04
   8250   0.45097E-04
   8260   0.45048E-04
   8270   0.45008E-04
   8280   0.44955E-04
   8290   0.44897E-04
   8300   0.44833E-04
   8310   0.44796E-04
   8320   0.44733E-04
   8330   0.44693E-04
   8340   0.44627E-04
   8350   0.44578E-04
   8360   0.44525E-04
   8370   0.44473E-04
   8380   0.44421E-04
   8390   0.44378E-04
   8400   0.44307E-04
   8410   0.44251E-04
   8420   0.44186E-04
   8430   0.44138E-04
   8440   0.44070E-04
   8450   0.44025E-04
   8460   0.43958E-04
   8470   0.43913E-04
   8480   0.43844E-04
   8490   0.43784E-04
   8500   0.43731E-04
   8510   0.43666E-04
   8520   0.43613E-04
   8530   0.43558E-04
   8540   0.43492E-04
   8550   0.43439E-04
   8560   0.43381E-04
   8570   0.43321E-04
   8580   0.43243E-04
   8590   0.43179E-04
   8600   0.43139E-04
   8610   0.43079E-04
   8620   0.43024E-04
   8630   0.42963E-04
   8640   0.42891E-04
   8650   0.42827E-04
   8660   0.42788E-04
   8670   0.42698E-04
   8680   0.42642E-04
   8690   0.42595E-04
   8700   0.42523E-04
   8710   0.42462E-04
   8720   0.42386E-04
   8730   0.42347E-04
   8740   0.42282E-04
   8750   0.42212E-04
   8760   0.42140E-04
   8770   0.42082E-04
   8780   0.42013E-04
   8790   0.41958E-04
   8800   0.41873E-04
   8810   0.41824E-04
   8820   0.41751E-04
   8830   0.41690E-04
   8840   0.41621E-04
   8850   0.41540E-04
   8860   0.41488E-04
   8870   0.41435E-04
   8880   0.41350E-04
   8890   0.41271E-04
   8900   0.41217E-04
   8910   0.41141E-04
   8920   0.41068E-04
   8930   0.41005E-04
   8940   0.40944E-04
   8950   0.40866E-04
   8960   0.40798E-04
   8970   0.40711E-04
   8980   0.40654E-04
   8990   0.40569E-04
   9000   0.40511E-04
   9010   0.40434E-04
   9020   0.40367E-04
   9030   0.40292E-04
   9040   0.40213E-04
   9050   0.40125E-04
   9060   0.40038E-04
   9070   0.39970E-04
   9080   0.39884E-04
   9090   0.39806E-04
   9100   0.39743E-04
   9110   0.39644E-04
   9120   0.39571E-04
   9130   0.39502E-04
   9140   0.39410E-04
   9150   0.39331E-04
   9160   0.39257E-04
   9170   0.39160E-04
   9180   0.39073E-04
   9190   0.38996E-04
   9200   0.38907E-04
   9210   0.38806E-04
   9220   0.38725E-04
   9230   0.38657E-04
   9240   0.38568E-04
   9250   0.38463E-04
   9260   0.38381E-04
   9270   0.38297E-04
   9280   0.38210E-04
   9290   0.38099E-04
   9300   0.38039E-04
   9310   0.37937E-04
   9320   0.37842E-04
   9330   0.37741E-04
   9340   0.37643E-04
   9350   0.37557E-04
   9360   0.37461E-04
   9370   0.37388E-04
   9380   0.37275E-04
   9390   0.37191E-04
   9400   0.37100E-04
   9410   0.36987E-04
   9420   0.36909E-04
   9430   0.36809E-04
   9440   0.36700E-04
   9450   0.36607E-04
   9460   0.36534E-04
   9470   0.36429E-04
   9480   0.36336E-04
   9490   0.36224E-04
   9500   0.36136E-04
   9510   0.36046E-04
   9520   0.35949E-04
   9530   0.35852E-04
   9540   0.35759E-04
   9550   0.35664E-04
   9560   0.35564E-04
   9570   0.35461E-04
   9580   0.35382E-04
   9590   0.35296E-04
   9600   0.35176E-04
   9610   0.35103E-04
   9620   0.35002E-04
   9630   0.34916E-04
   9640   0.34805E-04
   9650   0.34725E-04
   9660   0.34631E-04
   9670   0.34543E-04
   9680   0.34453E-04
   9690   0.34372E-04
   9700   0.34276E-04
   9710   0.34168E-04
   9720   0.34079E-04
   9730   0.33989E-04
   9740   0.33906E-04
   9750   0.33823E-04
   9760   0.33754E-04
   9770   0.33656E-04
   9780   0.33556E-04
   9790   0.33468E-04
   9800   0.33403E-04
   9810   0.33306E-04
   9820   0.33235E-04
   9830   0.33151E-04
   9840   0.33087E-04
   9850   0.32983E-04
   9860   0.32900E-04
   9870   0.32832E-04
   9880   0.32735E-04
   9890   0.32690E-04
   9900   0.32606E-04
   9910   0.32510E-04
   9920   0.32447E-04
   9930   0.32365E-04
   9940   0.32270E-04
   9950   0.32203E-04
   9960   0.32136E-04
   9970   0.32070E-04
   9980   0.31987E-04
   9990   0.31917E-04
  10000   0.31852E-04
  10010   0.31752E-04
  10020   0.31685E-04
  10030   0.31604E-04
  10040   0.31554E-04
  10050   0.31464E-04
  10060   0.31388E-04
  10070   0.31336E-04
  10080   0.31244E-04
  10090   0.31179E-04
  10100   0.31096E-04
  10110   0.31022E-04
  10120   0.30943E-04
  10130   0.30865E-04
  10140   0.30795E-04
  10150   0.30720E-04
  10160   0.30645E-04
  10170   0.30567E-04
  10180   0.30493E-04
  10190   0.30400E-04
  10200   0.30335E-04
  10210   0.30266E-04
  10220   0.30172E-04
  10230   0.30087E-04
  10240   0.30002E-04
  10250   0.29935E-04
  10260   0.29852E-04
  10270   0.29744E-04
  10280   0.29674E-04
  10290   0.29592E-04
  10300   0.29513E-04
  10310   0.29408E-04
  10320   0.29316E-04
  10330   0.29235E-04
  10340   0.29124E-04
  10350   0.29058E-04
  10360   0.28956E-04
  10370   0.28863E-04
  10380   0.28756E-04
  10390   0.28653E-04
  10400   0.28564E-04
  10410   0.28462E-04
  10420   0.28360E-04
  10430   0.28270E-04
  10440   0.28163E-04
  10450   0.28060E-04
  10460   0.27928E-04
  10470   0.27839E-04
  10480   0.27741E-04
  10490   0.27632E-04
  10500   0.27506E-04
  10510   0.27389E-04
  10520   0.27301E-04
  10530   0.27180E-04
  10540   0.27054E-04
  10550   0.26950E-04
  10560   0.26816E-04
  10570   0.26719E-04
  10580   0.26614E-04
  10590   0.26482E-04
  10600   0.26362E-04
  10610   0.26241E-04
  10620   0.26125E-04
  10630   0.26004E-04
  10640   0.25902E-04
  10650   0.25752E-04
  10660   0.25653E-04
  10670   0.25539E-04
  10680   0.25411E-04
  10690   0.25300E-04
  10700   0.25166E-04
  10710   0.25058E-04
  10720   0.24920E-04
  10730   0.24803E-04
  10740   0.24695E-04
  10750   0.24577E-04
  10760   0.24457E-04
  10770   0.24345E-04
  10780   0.24218E-04
  10790   0.24114E-04
  10800   0.23990E-04
  10810   0.23856E-04
  10820   0.23742E-04
  10830   0.23647E-04
  10840   0.23531E-04
  10850   0.23411E-04
  10860   0.23299E-04
  10870   0.23189E-04
  10880   0.23074E-04
  10890   0.22979E-04
  10900   0.22874E-04
  10910   0.22758E-04
  10920   0.22656E-04
  10930   0.22539E-04
  10940   0.22458E-04
  10950   0.22331E-04
  10960   0.22242E-04
  10970   0.22133E-04
  10980   0.22048E-04
  10990   0.21954E-04
  11000   0.21855E-04
  11010   0.21767E-04
  11020   0.21661E-04
  11030   0.21563E-04
  11040   0.21461E-04
  11050   0.21377E-04
  11060   0.21294E-04
  11070   0.21189E-04
  11080   0.21100E-04
  11090   0.21018E-04
  11100   0.20929E-04
  11110   0.20844E-04
  11120   0.20758E-04
  11130   0.20675E-04
  11140   0.20581E-04
  11150   0.20504E-04
  11160   0.20415E-04
  11170   0.20341E-04
  11180   0.20247E-04
  11190   0.20174E-04
  11200   0.20100E-04
  11210   0.20022E-04
  11220   0.19952E-04
  11230   0.19850E-04
  11240   0.19775E-04
  11250   0.19705E-04
  11260   0.19624E-04
  11270   0.19561E-04
  11280   0.19484E-04
  11290   0.19405E-04
  11300   0.19322E-04
  11310   0.19280E-04
  11320   0.19185E-04
  11330   0.19129E-04
  11340   0.19052E-04
  11350   0.18971E-04
  11360   0.18902E-04
  11370   0.18841E-04
  11380   0.18748E-04
  11390   0.18681E-04
  11400   0.18622E-04
  11410   0.18539E-04
  11420   0.18478E-04
  11430   0.18414E-04
  11440   0.18347E-04
  11450   0.18277E-04
  11460   0.18211E-04
  11470   0.18133E-04
  11480   0.18069E-04
  11490   0.17995E-04
  11500   0.17940E-04
  11510   0.17870E-04
  11520   0.17810E-04
  11530   0.17747E-04
  11540   0.17683E-04
  11550   0.17618E-04
  11560   0.17557E-04
  11570   0.17465E-04
  11580   0.17412E-04
  11590   0.17346E-04
  11600   0.17283E-04
  11610   0.17230E-04
  11620   0.17146E-04
  11630   0.17091E-04
  11640   0.17014E-04
  11650   0.16954E-04
  11660   0.16892E-04
  11670   0.16833E-04
  11680   0.16770E-04
  11690   0.16715E-04
  11700   0.16641E-04
  11710   0.16582E-04
  11720   0.16526E-04
  11730   0.16459E-04
  11740   0.16399E-04
  11750   0.16339E-04
  11760   0.16265E-04
  11770   0.16221E-04
  11780   0.16150E-04
  11790   0.16097E-04
  11800   0.16031E-04
  11810   0.15979E-04
  11820   0.15909E-04
  11830   0.15861E-04
  11840   0.15796E-04
  11850   0.15730E-04
  11860   0.15671E-04
  11870   0.15600E-04
  11880   0.15564E-04
  11890   0.15483E-04
  11900   0.15420E-04
  11910   0.15370E-04
  11920   0.15323E-04
  11930   0.15261E-04
  11940   0.15213E-04
  11950   0.15148E-04
  11960   0.15090E-04
  11970   0.15039E-04
  11980   0.14981E-04
  11990   0.14918E-04
  12000   0.14879E-04
  12010   0.14797E-04
  12020   0.14757E-04
  12030   0.14708E-04
  12040   0.14630E-04
  12050   0.14570E-04
  12060   0.14517E-04
  12070   0.14466E-04
  12080   0.14437E-04
  12090   0.14384E-04
  12100   0.14321E-04
  12110   0.14271E-04
  12120   0.14219E-04
  12130   0.14159E-04
  12140   0.14095E-04
  12150   0.14043E-04
  12160   0.13997E-04
  12170   0.13960E-04
  12180   0.13895E-04
  12190   0.13842E-04
  12200   0.13803E-04
  12210   0.13742E-04
  12220   0.13686E-04
  12230   0.13645E-04
  12240   0.13594E-04
  12250   0.13554E-04
  12260   0.13508E-04
  12270   0.13471E-04
  12280   0.13411E-04
  12290   0.13374E-04
  12300   0.13323E-04
  12310   0.13279E-04
  12320   0.13236E-04
  12330   0.13191E-04
  12340   0.13133E-04
  12350   0.13108E-04
  12360   0.13068E-04
  12370   0.13017E-04
  12380   0.12970E-04
  12390   0.12948E-04
  12400   0.12919E-04
  12410   0.12850E-04
  12420   0.12826E-04
  12430   0.12801E-04
  12440   0.12757E-04
  12450   0.12713E-04
  12460   0.12664E-04
  12470   0.12640E-04
  12480   0.12602E-04
  12490   0.12577E-04
  12500   0.12545E-04
  12510   0.12509E-04
  12520   0.12469E-04
  12530   0.12452E-04
  12540   0.12413E-04
  12550   0.12380E-04
  12560   0.12350E-04
  12570   0.12328E-04
  12580   0.12277E-04
  12590   0.12245E-04
  12600   0.12223E-04
  12610   0.12211E-04
  12620   0.12183E-04
  12630   0.12165E-04
  12640   0.12116E-04
  12650   0.12100E-04
  12660   0.12080E-04
  12670   0.12059E-04
  12680   0.12038E-04
  12690   0.12011E-04
  12700   0.11998E-04
  12710   0.11980E-04
  12720   0.11951E-04
  12730   0.11935E-04
  12740   0.11928E-04
  12750   0.11903E-04
  12760   0.11884E-04
  12770   0.11864E-04
  12780   0.11864E-04
  12790   0.11840E-04
  12800   0.11820E-04
  12810   0.11817E-04
  12820   0.11798E-04
  12830   0.11793E-04
  12840   0.11782E-04
  12850   0.11762E-04
  12860   0.11763E-04
  12870   0.11728E-04
  12880   0.11731E-04
  12890   0.11730E-04
  12900   0.11725E-04
  12910   0.11722E-04
  12920   0.11711E-04
  12930   0.11700E-04
  12940   0.11694E-04
  12950   0.11702E-04
  12960   0.11685E-04
  12970   0.11676E-04
  12980   0.11683E-04
  12990   0.11672E-04
  13000   0.11678E-04
  13010   0.11683E-04
  13020   0.11671E-04
  13030   0.11677E-04
  13040   0.11671E-04
  13050   0.11675E-04
  13060   0.11683E-04
  13070   0.11692E-04
  13080   0.11687E-04
  13090   0.11691E-04
  13100   0.11704E-04
  13110   0.11693E-04
  13120   0.11702E-04
  13130   0.11708E-04
  13140   0.11708E-04
  13150   0.11713E-04
  13160   0.11705E-04
  13170   0.11705E-04
  13180   0.11724E-04
  13190   0.11740E-04
  13200   0.11745E-04
  13210   0.11744E-04
  13220   0.11754E-04
  13230   0.11764E-04
  13240   0.11760E-04
  13250   0.11764E-04
  13260   0.11786E-04
  13270   0.11792E-04
  13280   0.11807E-04
  13290   0.11817E-04
  13300   0.11818E-04
  13310   0.11833E-04
  13320   0.11840E-04
  13330   0.11860E-04
  13340   0.11865E-04
  13350   0.11874E-04
  13360   0.11892E-04
  13370   0.11901E-04
  13380   0.11927E-04
  13390   0.11940E-04
  13400   0.11947E-04
  13410   0.11950E-04
  13420   0.11980E-04
  13430   0.12005E-04
  13440   0.12007E-04
  13450   0.12014E-04
  13460   0.12042E-04
  13470   0.12049E-04
  13480   0.12064E-04
  13490   0.12081E-04
  13500   0.12105E-04
  13510   0.12116E-04
  13520   0.12130E-04
  13530   0.12154E-04
  13540   0.12177E-04
  13550   0.12188E-04
  13560   0.12200E-04
  13570   0.12210E-04
  13580   0.12239E-04
  13590   0.12265E-04
  13600   0.12277E-04
  13610   0.12296E-04
  13620   0.12310E-04
  13630   0.12326E-04
  13640   0.12348E-04
  13650   0.12368E-04
  13660   0.12382E-04
  13670   0.12424E-04
  13680   0.12430E-04
  13690   0.12462E-04
  13700   0.12466E-04
  13710   0.12500E-04
  13720   0.12522E-04
  13730   0.12537E-04
  13740   0.12562E-04
  13750   0.12573E-04
  13760   0.12600E-04
  13770   0.12628E-04
  13780   0.12648E-04
  13790   0.12686E-04
  13800   0.12700E-04
  13810   0.12723E-04
  13820   0.12759E-04
  13830   0.12795E-04
  13840   0.12815E-04
  13850   0.12845E-04
  13860   0.12865E-04
  13870   0.12906E-04
  13880   0.12933E-04
  13890   0.12977E-04
  13900   0.13014E-04
  13910   0.13037E-04
  13920   0.13082E-04
  13930   0.13120E-04
  13940   0.13168E-04
  13950   0.13212E-04
  13960   0.13259E-04
  13970   0.13304E-04
  13980   0.13354E-04
  13990   0.13397E-04
  14000   0.13463E-04
  14010   0.13498E-04
  14020   0.13562E-04
  14030   0.13618E-04
  14040   0.13676E-04
  14050   0.13752E-04
  14060   0.13799E-04
  14070   0.13861E-04
  14080   0.13926E-04
  14090   0.14001E-04
  14100   0.14068E-04
  14110   0.14138E-04
  14120   0.14215E-04
  14130   0.14274E-04
  14140   0.14356E-04
  14150   0.14443E-04
  14160   0.14503E-04
  14170   0.14601E-04
  14180   0.14676E-04
  14190   0.14761E-04
  14200   0.14831E-04
  14210   0.14918E-04
  14220   0.15003E-04
  14230   0.15078E-04
  14240   0.15164E-04
  14250   0.15248E-04
  14260   0.15335E-04
  14270   0.15412E-04
  14280   0.15504E-04
  14290   0.15578E-04
  14300   0.15651E-04
  14310   0.15739E-04
  14320   0.15824E-04
  14330   0.15899E-04
  14340   0.15977E-04
  14350   0.16045E-04
  14360   0.16124E-04
  14370   0.16205E-04
  14380   0.16280E-04
  14390   0.16367E-04
  14400   0.16452E-04
  14410   0.16526E-04
  14420   0.16605E-04
  14430   0.16692E-04
  14440   0.16778E-04
  14450   0.16864E-04
  14460   0.16969E-04
  14470   0.17045E-04
  14480   0.17150E-04
  14490   0.17238E-04
  14500   0.17342E-04
  14510   0.17448E-04
  14520   0.17556E-04
  14530   0.17642E-04
  14540   0.17755E-04
  14550   0.17859E-04
  14560   0.17947E-04
  14570   0.18058E-04
  14580   0.18172E-04
  14590   0.18265E-04
  14600   0.18363E-04
  14610   0.18472E-04
  14620   0.18578E-04
  14630   0.18689E-04
  14640   0.18789E-04
  14650   0.18894E-04
  14660   0.18994E-04
  14670   0.19101E-04
  14680   0.19194E-04
  14690   0.19295E-04
  14700   0.19385E-04
  14710   0.19480E-04
  14720   0.19569E-04
  14730   0.19665E-04
  14740   0.19749E-04
  14750   0.19842E-04
  14760   0.19904E-04
  14770   0.19993E-04
  14780   0.20063E-04
  14790   0.20140E-04
  14800   0.20207E-04
  14810   0.20286E-04
  14820   0.20353E-04
  14830   0.20414E-04
  14840   0.20501E-04
  14850   0.20553E-04
  14860   0.20627E-04
  14870   0.20688E-04
  14880   0.20764E-04
  14890   0.20818E-04
  14900   0.20899E-04
  14910   0.20964E-04
  14920   0.21030E-04
  14930   0.21107E-04
  14940   0.21157E-04
  14950   0.21237E-04
  14960   0.21299E-04
  14970   0.21376E-04
  14980   0.21452E-04
  14990   0.21531E-04
  15000   0.21605E-04
  15010   0.21679E-04
  15020   0.21752E-04
  15030   0.21837E-04
  15040   0.21921E-04
  15050   0.22003E-04
  15060   0.22089E-04
  15070   0.22161E-04
  15080   0.22258E-04
  15090   0.22347E-04
  15100   0.22440E-04
  15110   0.22524E-04
  15120   0.22606E-04
  15130   0.22700E-04
  15140   0.22784E-04
  15150   0.22858E-04
  15160   0.22960E-04
  15170   0.23036E-04
  15180   0.23123E-04
  15190   0.23207E-04
  15200   0.23288E-04
  15210   0.23370E-04
  15220   0.23451E-04
  15230   0.23528E-04
  15240   0.23607E-04
  15250   0.23682E-04
  15260   0.23771E-04
  15270   0.23835E-04
  15280   0.23924E-04
  15290   0.23983E-04
  15300   0.24063E-04
  15310   0.24141E-04
  15320   0.24218E-04
  15330   0.24302E-04
  15340   0.24376E-04
  15350   0.24451E-04
  15360   0.24537E-04
  15370   0.24631E-04
  15380   0.24704E-04
  15390   0.24789E-04
  15400   0.24895E-04
  15410   0.24972E-04
  15420   0.25081E-04
  15430   0.25173E-04
  15440   0.25284E-04
  15450   0.25372E-04
  15460   0.25493E-04
  15470   0.25593E-04
  15480   0.25716E-04
  15490   0.25833E-04
  15500   0.25954E-04
  15510   0.26080E-04
  15520   0.26197E-04
  15530   0.26330E-04
  15540   0.26454E-04
  15550   0.26584E-04
  15560   0.26725E-04
  15570   0.26860E-04
  15580   0.26995E-04
  15590   0.27142E-04
  15600   0.27275E-04
  15610   0.27416E-04
  15620   0.27563E-04
  15630   0.27694E-04
  15640   0.27834E-04
  15650   0.27983E-04
  15660   0.28122E-04
  15670   0.28270E-04
  15680   0.28412E-04
  15690   0.28553E-04
  15700   0.28702E-04
  15710   0.28840E-04
  15720   0.28985E-04
  15730   0.29134E-04
  15740   0.29288E-04
  15750   0.29425E-04
  15760   0.29573E-04
  15770   0.29727E-04
  15780   0.29880E-04
  15790   0.30026E-04
  15800   0.30174E-04
  15810   0.30334E-04
  15820   0.30485E-04
  15830   0.30638E-04
  15840   0.30804E-04
  15850   0.30963E-04
  15860   0.31124E-04
  15870   0.31296E-04
  15880   0.31462E-04
  15890   0.31630E-04
  15900   0.31806E-04
  15910   0.31983E-04
  15920   0.32152E-04
  15930   0.32340E-04
  15940   0.32515E-04
  15950   0.32701E-04
  15960   0.32886E-04
  15970   0.33067E-04
  15980   0.33251E-04
  15990   0.33445E-04
  16000   0.33635E-04
  16010   0.33820E-04
  16020   0.34016E-04
  16030   0.34212E-04
  16040   0.34403E-04
  16050   0.34597E-04
  16060   0.34795E-04
  16070   0.34995E-04
  16080   0.35188E-04
  16090   0.35387E-04
  16100   0.35582E-04
  16110   0.35787E-04
  16120   0.35987E-04
  16130   0.36192E-04
  16140   0.36385E-04
  16150   0.36590E-04
  16160   0.36791E-04
  16170   0.36995E-04
  16180   0.37194E-04
  16190   0.37396E-04
  16200   0.37594E-04
  16210   0.37800E-04
  16220   0.37991E-04
  16230   0.38195E-04
  16240   0.38390E-04
  16250   0.38586E-04
  16260   0.38781E-04
  16270   0.38975E-04
  16280   0.39172E-04
  16290   0.39369E-04
  16300   0.39563E-04
  16310   0.39749E-04
  16320   0.39936E-04
  16330   0.40127E-04
  16340   0.40311E-04
  16350   0.40493E-04
  16360   0.40687E-04
  16370   0.40869E-04
  16380   0.41055E-04
  16390   0.41237E-04
  16400   0.41410E-04
  16410   0.41600E-04
  16420   0.41771E-04
  16430   0.41956E-04
  16440   0.42139E-04
  16450   0.42313E-04
  16460   0.42493E-04
  16470   0.42676E-04
  16480   0.42853E-04
  16490   0.43029E-04
  16500   0.43204E-04
  16510   0.43385E-04
  16520   0.43553E-04
  16530   0.43740E-04
  16540   0.43917E-04
  16550   0.44088E-04
  16560   0.44268E-04
  16570   0.44449E-04
  16580   0.44624E-04
  16590   0.44795E-04
  16600   0.44973E-04
  16610   0.45143E-04
  16620   0.45317E-04
  16630   0.45489E-04
  16640   0.45665E-04
  16650   0.45840E-04
  16660   0.46010E-04
  16670   0.46179E-04
  16680   0.46347E-04
  16690   0.46512E-04
  16700   0.46684E-04
  16710   0.46849E-04
  16720   0.47012E-04
  16730   0.47169E-04
  16740   0.47335E-04
  16750   0.47486E-04
  16760   0.47645E-04
  16770   0.47797E-04
  16780   0.47946E-04
  16790   0.48102E-04
  16800   0.48244E-04
  16810   0.48393E-04
  16820   0.48529E-04
  16830   0.48670E-04
  16840   0.48808E-04
  16850   0.48935E-04
  16860   0.49061E-04
  16870   0.49184E-04
  16880   0.49303E-04
  16890   0.49417E-04
  16900   0.49532E-04
  16910   0.49638E-04
  16920   0.49749E-04
  16930   0.49847E-04
  16940   0.49932E-04
  16950   0.50020E-04
  16960   0.50101E-04
  16970   0.50178E-04
  16980   0.50244E-04
  16990   0.50307E-04
  17000   0.50364E-04
  17010   0.50415E-04
  17020   0.50457E-04
  17030   0.50490E-04
  17040   0.50525E-04
  17050   0.50546E-04
  17060   0.50557E-04
  17070   0.50564E-04
  17080   0.50555E-04
  17090   0.50546E-04
  17100   0.50528E-04
  17110   0.50502E-04
  17120   0.50473E-04
  17130   0.50421E-04
  17140   0.50376E-04
  17150   0.50322E-04
  17160   0.50254E-04
  17170   0.50191E-04
  17180   0.50117E-04
  17190   0.50037E-04
  17200   0.49948E-04
  17210   0.49862E-04
  17220   0.49768E-04
  17230   0.49676E-04
  17240   0.49583E-04
  17250   0.49487E-04
  17260   0.49390E-04
  17270   0.49299E-04
  17280   0.49202E-04
  17290   0.49122E-04
  17300   0.49031E-04
  17310   0.48959E-04
  17320   0.48893E-04
  17330   0.48835E-04
  17340   0.48782E-04
  17350   0.48749E-04
  17360   0.48721E-04
  17370   0.48713E-04
  17380   0.48716E-04
  17390   0.48741E-04
  17400   0.48778E-04
  17410   0.48838E-04
  17420   0.48908E-04
  17430   0.49006E-04
  17440   0.49120E-04
  17450   0.49256E-04
  17460   0.49415E-04
  17470   0.49597E-04
  17480   0.49797E-04
  17490   0.50019E-04
  17500   0.50266E-04
  17510   0.50531E-04
  17520   0.50817E-04
  17530   0.51120E-04
  17540   0.51448E-04
  17550   0.51796E-04
  17560   0.52163E-04
  17570   0.52543E-04
  17580   0.52942E-04
  17590   0.53357E-04
  17600   0.53786E-04
  17610   0.54229E-04
  17620   0.54685E-04
  17630   0.55156E-04
  17640   0.55632E-04
  17650   0.56114E-04
  17660   0.56610E-04
  17670   0.57111E-04
  17680   0.57611E-04
  17690   0.58123E-04
  17700   0.58635E-04
  17710   0.59152E-04
  17720   0.59674E-04
  17730   0.60190E-04
  17740   0.60707E-04
  17750   0.61221E-04
  17760   0.61737E-04
  17770   0.62244E-04
  17780   0.62753E-04
  17790   0.63254E-04
  17800   0.63753E-04
  17810   0.64238E-04
  17820   0.64721E-04
  17830   0.65198E-04
  17840   0.65670E-04
  17850   0.66130E-04
  17860   0.66584E-04
  17870   0.67025E-04
  17880   0.67463E-04
  17890   0.67887E-04
  17900   0.68306E-04
  17910   0.68712E-04
  17920   0.69101E-04
  17930   0.69488E-04
  17940   0.69866E-04
  17950   0.70229E-04
  17960   0.70583E-04
  17970   0.70923E-04
  17980   0.71259E-04
  17990   0.71577E-04
  18000   0.71880E-04
  18010   0.72177E-04
  18020   0.72464E-04
  18030   0.72739E-04
  18040   0.73003E-04
  18050   0.73254E-04
  18060   0.73493E-04
  18070   0.73723E-04
  18080   0.73938E-04
  18090   0.74141E-04
  18100   0.74332E-04
  18110   0.74522E-04
  18120   0.74696E-04
  18130   0.74851E-04
  18140   0.75000E-04
  18150   0.75143E-04
  18160   0.75267E-04
  18170   0.75387E-04
  18180   0.75495E-04
  18190   0.75587E-04
  18200   0.75674E-04
  18210   0.75753E-04
  18220   0.75815E-04
  18230   0.75874E-04
  18240   0.75920E-04
  18250   0.75955E-04
  18260   0.75976E-04
  18270   0.75994E-04
  18280   0.76003E-04
  18290   0.75997E-04
  18300   0.75990E-04
  18310   0.75968E-04
  18320   0.75940E-04
  18330   0.75899E-04
  18340   0.75850E-04
  18350   0.75800E-04
  18360   0.75732E-04
  18370   0.75663E-04
  18380   0.75574E-04
  18390   0.75494E-04
  18400   0.75396E-04
  18410   0.75291E-04
  18420   0.75175E-04
  18430   0.75059E-04
  18440   0.74932E-04
  18450   0.74797E-04
  18460   0.74653E-04
  18470   0.74508E-04
  18480   0.74353E-04
  18490   0.74198E-04
  18500   0.74029E-04
  18510   0.73861E-04
  18520   0.73689E-04
  18530   0.73502E-04
  18540   0.73320E-04
  18550   0.73122E-04
  18560   0.72933E-04
  18570   0.72733E-04
  18580   0.72520E-04
  18590   0.72319E-04
  18600   0.72103E-04
  18610   0.71888E-04
  18620   0.71669E-04
  18630   0.71444E-04
  18640   0.71218E-04
  18650   0.70986E-04
  18660   0.70768E-04
  18670   0.70527E-04
  18680   0.70295E-04
  18690   0.70063E-04
  18700   0.69829E-04
  18710   0.69587E-04
  18720   0.69346E-04
  18730   0.69114E-04
  18740   0.68875E-04
  18750   0.68630E-04
  18760   0.68393E-04
  18770   0.68162E-04
  18780   0.67925E-04
  18790   0.67674E-04
  18800   0.67462E-04
  18810   0.67223E-04
  18820   0.67001E-04
  18830   0.66776E-04
  18840   0.66557E-04
  18850   0.66329E-04
  18860   0.66112E-04
  18870   0.65906E-04
  18880   0.65699E-04
  18890   0.65489E-04
  18900   0.65296E-04
  18910   0.65096E-04
  18920   0.64913E-04
  18930   0.64739E-04
  18940   0.64561E-04
  18950   0.64382E-04
  18960   0.64235E-04
  18970   0.64073E-04
  18980   0.63932E-04
  18990   0.63774E-04
  19000   0.63642E-04
  19010   0.63517E-04
  19020   0.63394E-04
  19030   0.63284E-04
  19040   0.63182E-04
  19050   0.63093E-04
  19060   0.62999E-04
  19070   0.62911E-04
  19080   0.62843E-04
  19090   0.62782E-04
  19100   0.62727E-04
  19110   0.62694E-04
  19120   0.62631E-04
  19130   0.62614E-04
  19140   0.62582E-04
  19150   0.62555E-04
  19160   0.62547E-04
  19170   0.62544E-04
  19180   0.62549E-04
  19190   0.62559E-04
  19200   0.62589E-04
  19210   0.62602E-04
  19220   0.62633E-04
  19230   0.62681E-04
  19240   0.62714E-04
  19250   0.62764E-04
  19260   0.62820E-04
  19270   0.62878E-04
  19280   0.62941E-04
  19290   0.63011E-04
  19300   0.63085E-04
  19310   0.63162E-04
  19320   0.63222E-04
  19330   0.63312E-04
  19340   0.63403E-04
  19350   0.63475E-04
  19360   0.63573E-04
  19370   0.63658E-04
  19380   0.63754E-04
  19390   0.63829E-04
  19400   0.63937E-04
  19410   0.64017E-04
  19420   0.64123E-04
  19430   0.64207E-04
  19440   0.64304E-04
  19450   0.64400E-04
  19460   0.64493E-04
  19470   0.64580E-04
  19480   0.64676E-04
  19490   0.64759E-04
  19500   0.64838E-04
  19510   0.64937E-04
  19520   0.65009E-04
  19530   0.65105E-04
  19540   0.65179E-04
  19550   0.65269E-04
  19560   0.65338E-04
  19570   0.65416E-04
  19580   0.65475E-04
  19590   0.65543E-04
  19600   0.65623E-04
  19610   0.65693E-04
  19620   0.65752E-04
  19630   0.65804E-04
  19640   0.65865E-04
  19650   0.65919E-04
  19660   0.65975E-04
  19670   0.66030E-04
  19680   0.66075E-04
  19690   0.66144E-04
  19700   0.66176E-04
  19710   0.66231E-04
  19720   0.66285E-04
  19730   0.66324E-04
  19740   0.66368E-04
  19750   0.66400E-04
  19760   0.66444E-04
  19770   0.66462E-04
  19780   0.66527E-04
  19790   0.66549E-04
  19800   0.66561E-04
  19810   0.66608E-04
  19820   0.66636E-04
  19830   0.66672E-04
  19840   0.66703E-04
  19850   0.66716E-04
  19860   0.66757E-04
  19870   0.66796E-04
  19880   0.66815E-04
  19890   0.66820E-04
  19900   0.66848E-04
  19910   0.66867E-04
  19920   0.66868E-04
  19930   0.66895E-04
  19940   0.66897E-04
  19950   0.66924E-04
  19960   0.66940E-04
  19970   0.66930E-04
  19980   0.66949E-04
  19990   0.66934E-04
  20000   0.66943E-04
