     10   0.10491E-02
     20   0.88892E-03
     30   0.78412E-03
     40   0.70989E-03
     50   0.65373E-03
     60   0.60875E-03
     70   0.57078E-03
     80   0.53774E-03
     90   0.50833E-03
    100   0.48165E-03
    110   0.45872E-03
    120   0.43740E-03
    130   0.41743E-03
    140   0.39864E-03
    150   0.38088E-03
    160   0.36407E-03
    170   0.34818E-03
    180   0.33313E-03
    190   0.31888E-03
    200   0.30535E-03
    210   0.29282E-03
    220   0.28091E-03
    230   0.26966E-03
    240   0.25902E-03
    250   0.24894E-03
    260   0.23944E-03
    270   0.23047E-03
    280   0.22202E-03
    290   0.21406E-03
    300   0.20656E-03
    310   0.19956E-03
    320   0.19298E-03
    330   0.18678E-03
    340   0.18098E-03
    350   0.17558E-03
    360   0.17059E-03
    370   0.16602E-03
    380   0.16187E-03
    390   0.15816E-03
    400   0.15484E-03
    410   0.15198E-03
    420   0.14944E-03
    430   0.14722E-03
    440   0.14524E-03
    450   0.14347E-03
    460   0.14182E-03
    470   0.14024E-03
    480   0.13869E-03
    490   0.13714E-03
    500   0.13551E-03
    510   0.13386E-03
    520   0.13212E-03
    530   0.13030E-03
    540   0.12843E-03
    550   0.12652E-03
    560   0.12459E-03
    570   0.12272E-03
    580   0.12091E-03
    590   0.11922E-03
    600   0.11767E-03
    610   0.11631E-03
    620   0.11515E-03
    630   0.11422E-03
    640   0.11353E-03
    650   0.11307E-03
    660   0.11284E-03
    670   0.11283E-03
    680   0.11303E-03
    690   0.11340E-03
    700   0.11393E-03
    710   0.11459E-03
    720   0.11536E-03
    730   0.11621E-03
    740   0.11711E-03
    750   0.11804E-03
    760   0.11897E-03
    770   0.11989E-03
    780   0.12078E-03
    790   0.12161E-03
    800   0.12237E-03
    810   0.12305E-03
    820   0.12363E-03
    830   0.12411E-03
    840   0.12448E-03
    850   0.12472E-03
    860   0.12485E-03
    870   0.12485E-03
    880   0.12473E-03
    890   0.12447E-03
    900   0.12411E-03
    910   0.12363E-03
    920   0.12303E-03
    930   0.12233E-03
    940   0.12154E-03
    950   0.12065E-03
    960   0.11969E-03
    970   0.11866E-03
    980   0.11756E-03
    990   0.11643E-03
   1000   0.11524E-03
   1010   0.11406E-03
   1020   0.11287E-03
   1030   0.11169E-03
   1040   0.11053E-03
   1050   0.10941E-03
   1060   0.10837E-03
   1070   0.10738E-03
   1080   0.10649E-03
   1090   0.10570E-03
   1100   0.10502E-03
   1110   0.10446E-03
   1120   0.10404E-03
   1130   0.10375E-03
   1140   0.10359E-03
   1150   0.10354E-03
   1160   0.10364E-03
   1170   0.10384E-03
   1180   0.10414E-03
   1190   0.10454E-03
   1200   0.10502E-03
   1210   0.10558E-03
   1220   0.10617E-03
   1230   0.10681E-03
   1240   0.10748E-03
   1250   0.10814E-03
   1260   0.10881E-03
   1270   0.10946E-03
   1280   0.11009E-03
   1290   0.11068E-03
   1300   0.11123E-03
   1310   0.11174E-03
   1320   0.11218E-03
   1330   0.11256E-03
   1340   0.11290E-03
   1350   0.11318E-03
   1360   0.11339E-03
   1370   0.11357E-03
   1380   0.11368E-03
   1390   0.11376E-03
   1400   0.11379E-03
   1410   0.11379E-03
   1420   0.11376E-03
   1430   0.11372E-03
   1440   0.11368E-03
   1450   0.11363E-03
   1460   0.11357E-03
   1470   0.11355E-03
   1480   0.11352E-03
   1490   0.11354E-03
   1500   0.11357E-03
   1510   0.11364E-03
   1520   0.11375E-03
   1530   0.11391E-03
   1540   0.11407E-03
   1550   0.11429E-03
   1560   0.11453E-03
   1570   0.11480E-03
   1580   0.11510E-03
   1590   0.11541E-03
   1600   0.11572E-03
   1610   0.11604E-03
   1620   0.11635E-03
   1630   0.11665E-03
   1640   0.11693E-03
   1650   0.11717E-03
   1660   0.11738E-03
   1670   0.11754E-03
   1680   0.11765E-03
   1690   0.11770E-03
   1700   0.11772E-03
   1710   0.11765E-03
   1720   0.11755E-03
   1730   0.11736E-03
   1740   0.11712E-03
   1750   0.11681E-03
   1760   0.11646E-03
   1770   0.11602E-03
   1780   0.11557E-03
   1790   0.11508E-03
   1800   0.11453E-03
   1810   0.11397E-03
   1820   0.11336E-03
   1830   0.11278E-03
   1840   0.11217E-03
   1850   0.11157E-03
   1860   0.11098E-03
   1870   0.11042E-03
   1880   0.10990E-03
   1890   0.10942E-03
   1900   0.10901E-03
   1910   0.10864E-03
   1920   0.10835E-03
   1930   0.10814E-03
   1940   0.10801E-03
   1950   0.10797E-03
   1960   0.10803E-03
   1970   0.10817E-03
   1980   0.10843E-03
   1990   0.10877E-03
   2000   0.10924E-03
   2010   0.10977E-03
   2020   0.11043E-03
   2030   0.11117E-03
   2040   0.11199E-03
   2050   0.11291E-03
   2060   0.11388E-03
   2070   0.11492E-03
   2080   0.11603E-03
   2090   0.11720E-03
   2100   0.11840E-03
   2110   0.11964E-03
   2120   0.12089E-03
   2130   0.12220E-03
   2140   0.12350E-03
   2150   0.12481E-03
   2160   0.12611E-03
   2170   0.12742E-03
   2180   0.12873E-03
   2190   0.13000E-03
   2200   0.13126E-03
   2210   0.13250E-03
   2220   0.13370E-03
   2230   0.13486E-03
   2240   0.13599E-03
   2250   0.13709E-03
   2260   0.13814E-03
   2270   0.13917E-03
   2280   0.14013E-03
   2290   0.14106E-03
   2300   0.14195E-03
   2310   0.14279E-03
   2320   0.14358E-03
   2330   0.14432E-03
   2340   0.14502E-03
   2350   0.14566E-03
   2360   0.14626E-03
   2370   0.14684E-03
   2380   0.14732E-03
   2390   0.14780E-03
   2400   0.14822E-03
   2410   0.14859E-03
   2420   0.14889E-03
   2430   0.14919E-03
   2440   0.14942E-03
   2450   0.14962E-03
   2460   0.14976E-03
   2470   0.14986E-03
   2480   0.14992E-03
   2490   0.14994E-03
   2500   0.14991E-03
   2510   0.14986E-03
   2520   0.14976E-03
   2530   0.14959E-03
   2540   0.14942E-03
   2550   0.14919E-03
   2560   0.14893E-03
   2570   0.14864E-03
   2580   0.14831E-03
   2590   0.14792E-03
   2600   0.14751E-03
   2610   0.14706E-03
   2620   0.14660E-03
   2630   0.14610E-03
   2640   0.14554E-03
   2650   0.14498E-03
   2660   0.14438E-03
   2670   0.14377E-03
   2680   0.14309E-03
   2690   0.14243E-03
   2700   0.14169E-03
   2710   0.14098E-03
   2720   0.14020E-03
   2730   0.13944E-03
   2740   0.13862E-03
   2750   0.13779E-03
   2760   0.13694E-03
   2770   0.13610E-03
   2780   0.13520E-03
   2790   0.13430E-03
   2800   0.13336E-03
   2810   0.13244E-03
   2820   0.13148E-03
   2830   0.13051E-03
   2840   0.12953E-03
   2850   0.12853E-03
   2860   0.12752E-03
   2870   0.12650E-03
   2880   0.12547E-03
   2890   0.12443E-03
   2900   0.12336E-03
   2910   0.12229E-03
   2920   0.12121E-03
   2930   0.12014E-03
   2940   0.11905E-03
   2950   0.11795E-03
   2960   0.11686E-03
   2970   0.11575E-03
   2980   0.11465E-03
   2990   0.11353E-03
   3000   0.11242E-03
   3010   0.11132E-03
   3020   0.11020E-03
   3030   0.10912E-03
   3040   0.10799E-03
   3050   0.10692E-03
   3060   0.10584E-03
   3070   0.10474E-03
   3080   0.10369E-03
   3090   0.10261E-03
   3100   0.10157E-03
   3110   0.10053E-03
   3120   0.99516E-04
   3130   0.98510E-04
   3140   0.97527E-04
   3150   0.96552E-04
   3160   0.95578E-04
   3170   0.94652E-04
   3180   0.93708E-04
   3190   0.92808E-04
   3200   0.91927E-04
   3210   0.91072E-04
   3220   0.90216E-04
   3230   0.89386E-04
   3240   0.88557E-04
   3250   0.87773E-04
   3260   0.86992E-04
   3270   0.86237E-04
   3280   0.85483E-04
   3290   0.84766E-04
   3300   0.84056E-04
   3310   0.83355E-04
   3320   0.82675E-04
   3330   0.82039E-04
   3340   0.81375E-04
   3350   0.80749E-04
   3360   0.80132E-04
   3370   0.79531E-04
   3380   0.78943E-04
   3390   0.78349E-04
   3400   0.77790E-04
   3410   0.77224E-04
   3420   0.76698E-04
   3430   0.76168E-04
   3440   0.75611E-04
   3450   0.75112E-04
   3460   0.74601E-04
   3470   0.74126E-04
   3480   0.73630E-04
   3490   0.73161E-04
   3500   0.72679E-04
   3510   0.72219E-04
   3520   0.71767E-04
   3530   0.71326E-04
   3540   0.70900E-04
   3550   0.70468E-04
   3560   0.70061E-04
   3570   0.69619E-04
   3580   0.69223E-04
   3590   0.68836E-04
   3600   0.68434E-04
   3610   0.68058E-04
   3620   0.67695E-04
   3630   0.67318E-04
   3640   0.66953E-04
   3650   0.66613E-04
   3660   0.66276E-04
   3670   0.65940E-04
   3680   0.65615E-04
   3690   0.65310E-04
   3700   0.64980E-04
   3710   0.64682E-04
   3720   0.64401E-04
   3730   0.64103E-04
   3740   0.63826E-04
   3750   0.63558E-04
   3760   0.63299E-04
   3770   0.63061E-04
   3780   0.62815E-04
   3790   0.62581E-04
   3800   0.62350E-04
   3810   0.62125E-04
   3820   0.61914E-04
   3830   0.61703E-04
   3840   0.61511E-04
   3850   0.61327E-04
   3860   0.61128E-04
   3870   0.60963E-04
   3880   0.60789E-04
   3890   0.60633E-04
   3900   0.60499E-04
   3910   0.60342E-04
   3920   0.60204E-04
   3930   0.60062E-04
   3940   0.59933E-04
   3950   0.59823E-04
   3960   0.59700E-04
   3970   0.59590E-04
   3980   0.59496E-04
   3990   0.59391E-04
   4000   0.59292E-04
   4010   0.59222E-04
   4020   0.59128E-04
   4030   0.59047E-04
   4040   0.58971E-04
   4050   0.58928E-04
   4060   0.58843E-04
   4070   0.58794E-04
   4080   0.58740E-04
   4090   0.58688E-04
   4100   0.58647E-04
   4110   0.58605E-04
   4120   0.58573E-04
   4130   0.58544E-04
   4140   0.58520E-04
   4150   0.58487E-04
   4160   0.58471E-04
   4170   0.58458E-04
   4180   0.58450E-04
   4190   0.58434E-04
   4200   0.58438E-04
   4210   0.58443E-04
   4220   0.58437E-04
   4230   0.58466E-04
   4240   0.58465E-04
   4250   0.58482E-04
   4260   0.58499E-04
   4270   0.58526E-04
   4280   0.58547E-04
   4290   0.58578E-04
   4300   0.58597E-04
   4310   0.58640E-04
   4320   0.58678E-04
   4330   0.58727E-04
   4340   0.58755E-04
   4350   0.58803E-04
   4360   0.58863E-04
   4370   0.58907E-04
   4380   0.58963E-04
   4390   0.59033E-04
   4400   0.59076E-04
   4410   0.59132E-04
   4420   0.59207E-04
   4430   0.59274E-04
   4440   0.59343E-04
   4450   0.59436E-04
   4460   0.59492E-04
   4470   0.59553E-04
   4480   0.59657E-04
   4490   0.59716E-04
   4500   0.59799E-04
   4510   0.59883E-04
   4520   0.59963E-04
   4530   0.60044E-04
   4540   0.60113E-04
   4550   0.60205E-04
   4560   0.60283E-04
   4570   0.60358E-04
   4580   0.60456E-04
   4590   0.60539E-04
   4600   0.60618E-04
   4610   0.60707E-04
   4620   0.60774E-04
   4630   0.60880E-04
   4640   0.60966E-04
   4650   0.61022E-04
   4660   0.61122E-04
   4670   0.61185E-04
   4680   0.61272E-04
   4690   0.61349E-04
   4700   0.61425E-04
   4710   0.61485E-04
   4720   0.61563E-04
   4730   0.61629E-04
   4740   0.61717E-04
   4750   0.61774E-04
   4760   0.61830E-04
   4770   0.61901E-04
   4780   0.61948E-04
   4790   0.62003E-04
   4800   0.62053E-04
   4810   0.62095E-04
   4820   0.62149E-04
   4830   0.62191E-04
   4840   0.62223E-04
   4850   0.62263E-04
   4860   0.62285E-04
   4870   0.62325E-04
   4880   0.62335E-04
   4890   0.62350E-04
   4900   0.62371E-04
   4910   0.62383E-04
   4920   0.62407E-04
   4930   0.62395E-04
   4940   0.62393E-04
   4950   0.62388E-04
   4960   0.62379E-04
   4970   0.62376E-04
   4980   0.62352E-04
   4990   0.62341E-04
   5000   0.62307E-04
   5010   0.62275E-04
   5020   0.62233E-04
   5030   0.62213E-04
   5040   0.62170E-04
   5050   0.62134E-04
   5060   0.62076E-04
   5070   0.62018E-04
   5080   0.61974E-04
   5090   0.61917E-04
   5100   0.61857E-04
   5110   0.61784E-04
   5120   0.61721E-04
   5130   0.61635E-04
   5140   0.61565E-04
   5150   0.61493E-04
   5160   0.61419E-04
   5170   0.61326E-04
   5180   0.61246E-04
   5190   0.61165E-04
   5200   0.61059E-04
   5210   0.60967E-04
   5220   0.60890E-04
   5230   0.60786E-04
   5240   0.60701E-04
   5250   0.60608E-04
   5260   0.60503E-04
   5270   0.60412E-04
   5280   0.60296E-04
   5290   0.60211E-04
   5300   0.60097E-04
   5310   0.59998E-04
   5320   0.59901E-04
   5330   0.59810E-04
   5340   0.59698E-04
   5350   0.59602E-04
   5360   0.59499E-04
   5370   0.59400E-04
   5380   0.59304E-04
   5390   0.59204E-04
   5400   0.59105E-04
   5410   0.59009E-04
   5420   0.58915E-04
   5430   0.58826E-04
   5440   0.58720E-04
   5450   0.58634E-04
   5460   0.58551E-04
   5470   0.58461E-04
   5480   0.58379E-04
   5490   0.58292E-04
   5500   0.58211E-04
   5510   0.58121E-04
   5520   0.58059E-04
   5530   0.57975E-04
   5540   0.57914E-04
   5550   0.57831E-04
   5560   0.57762E-04
   5570   0.57698E-04
   5580   0.57645E-04
   5590   0.57578E-04
   5600   0.57516E-04
   5610   0.57462E-04
   5620   0.57417E-04
   5630   0.57375E-04
   5640   0.57314E-04
   5650   0.57268E-04
   5660   0.57223E-04
   5670   0.57185E-04
   5680   0.57147E-04
   5690   0.57101E-04
   5700   0.57068E-04
   5710   0.57053E-04
   5720   0.57011E-04
   5730   0.56985E-04
   5740   0.56962E-04
   5750   0.56929E-04
   5760   0.56916E-04
   5770   0.56895E-04
   5780   0.56867E-04
   5790   0.56856E-04
   5800   0.56837E-04
   5810   0.56829E-04
   5820   0.56818E-04
   5830   0.56790E-04
   5840   0.56797E-04
   5850   0.56793E-04
   5860   0.56787E-04
   5870   0.56768E-04
   5880   0.56771E-04
   5890   0.56775E-04
   5900   0.56761E-04
   5910   0.56762E-04
   5920   0.56759E-04
   5930   0.56767E-04
   5940   0.56771E-04
   5950   0.56777E-04
   5960   0.56767E-04
   5970   0.56779E-04
   5980   0.56783E-04
   5990   0.56790E-04
   6000   0.56789E-04
   6010   0.56801E-04
   6020   0.56791E-04
   6030   0.56802E-04
   6040   0.56802E-04
   6050   0.56814E-04
   6060   0.56822E-04
   6070   0.56831E-04
   6080   0.56839E-04
   6090   0.56838E-04
   6100   0.56849E-04
   6110   0.56842E-04
   6120   0.56845E-04
   6130   0.56866E-04
   6140   0.56861E-04
   6150   0.56857E-04
   6160   0.56857E-04
   6170   0.56862E-04
   6180   0.56867E-04
   6190   0.56865E-04
   6200   0.56876E-04
   6210   0.56867E-04
   6220   0.56867E-04
   6230   0.56874E-04
   6240   0.56865E-04
   6250   0.56868E-04
   6260   0.56876E-04
   6270   0.56853E-04
   6280   0.56851E-04
   6290   0.56853E-04
   6300   0.56844E-04
   6310   0.56823E-04
   6320   0.56820E-04
   6330   0.56832E-04
   6340   0.56826E-04
   6350   0.56803E-04
   6360   0.56796E-04
   6370   0.56787E-04
   6380   0.56765E-04
   6390   0.56755E-04
   6400   0.56751E-04
   6410   0.56726E-04
   6420   0.56708E-04
   6430   0.56685E-04
   6440   0.56660E-04
   6450   0.56660E-04
   6460   0.56633E-04
   6470   0.56631E-04
   6480   0.56585E-04
   6490   0.56565E-04
   6500   0.56543E-04
   6510   0.56521E-04
   6520   0.56483E-04
   6530   0.56464E-04
   6540   0.56435E-04
   6550   0.56412E-04
   6560   0.56369E-04
   6570   0.56341E-04
   6580   0.56294E-04
   6590   0.56256E-04
   6600   0.56222E-04
   6610   0.56179E-04
   6620   0.56139E-04
   6630   0.56094E-04
   6640   0.56032E-04
   6650   0.56010E-04
   6660   0.55955E-04
   6670   0.55913E-04
   6680   0.55867E-04
   6690   0.55805E-04
   6700   0.55746E-04
   6710   0.55680E-04
   6720   0.55631E-04
   6730   0.55558E-04
   6740   0.55485E-04
   6750   0.55436E-04
   6760   0.55367E-04
   6770   0.55290E-04
   6780   0.55222E-04
   6790   0.55139E-04
   6800   0.55059E-04
   6810   0.54986E-04
   6820   0.54913E-04
   6830   0.54828E-04
   6840   0.54743E-04
   6850   0.54653E-04
   6860   0.54565E-04
   6870   0.54465E-04
   6880   0.54371E-04
   6890   0.54270E-04
   6900   0.54173E-04
   6910   0.54068E-04
   6920   0.53962E-04
   6930   0.53861E-04
   6940   0.53752E-04
   6950   0.53644E-04
   6960   0.53535E-04
   6970   0.53428E-04
   6980   0.53298E-04
   6990   0.53185E-04
   7000   0.53059E-04
   7010   0.52961E-04
   7020   0.52832E-04
   7030   0.52708E-04
   7040   0.52582E-04
   7050   0.52460E-04
   7060   0.52328E-04
   7070   0.52215E-04
   7080   0.52097E-04
   7090   0.51960E-04
   7100   0.51832E-04
   7110   0.51707E-04
   7120   0.51586E-04
   7130   0.51452E-04
   7140   0.51329E-04
   7150   0.51198E-04
   7160   0.51062E-04
   7170   0.50939E-04
   7180   0.50815E-04
   7190   0.50691E-04
   7200   0.50564E-04
   7210   0.50427E-04
   7220   0.50313E-04
   7230   0.50187E-04
   7240   0.50055E-04
   7250   0.49931E-04
   7260   0.49830E-04
   7270   0.49712E-04
   7280   0.49590E-04
   7290   0.49481E-04
   7300   0.49334E-04
   7310   0.49247E-04
   7320   0.49139E-04
   7330   0.49033E-04
   7340   0.48924E-04
   7350   0.48805E-04
   7360   0.48715E-04
   7370   0.48599E-04
   7380   0.48504E-04
   7390   0.48389E-04
   7400   0.48303E-04
   7410   0.48202E-04
   7420   0.48100E-04
   7430   0.48010E-04
   7440   0.47915E-04
   7450   0.47829E-04
   7460   0.47744E-04
   7470   0.47643E-04
   7480   0.47565E-04
   7490   0.47485E-04
   7500   0.47399E-04
   7510   0.47307E-04
   7520   0.47231E-04
   7530   0.47147E-04
   7540   0.47061E-04
   7550   0.46973E-04
   7560   0.46909E-04
   7570   0.46829E-04
   7580   0.46756E-04
   7590   0.46680E-04
   7600   0.46605E-04
   7610   0.46536E-04
   7620   0.46456E-04
   7630   0.46374E-04
   7640   0.46295E-04
   7650   0.46233E-04
   7660   0.46172E-04
   7670   0.46100E-04
   7680   0.46029E-04
   7690   0.45950E-04
   7700   0.45890E-04
   7710   0.45832E-04
   7720   0.45752E-04
   7730   0.45680E-04
   7740   0.45616E-04
   7750   0.45548E-04
   7760   0.45472E-04
   7770   0.45421E-04
   7780   0.45359E-04
   7790   0.45290E-04
   7800   0.45210E-04
   7810   0.45152E-04
   7820   0.45102E-04
   7830   0.45032E-04
   7840   0.44964E-04
   7850   0.44901E-04
   7860   0.44853E-04
   7870   0.44795E-04
   7880   0.44723E-04
   7890   0.44652E-04
   7900   0.44590E-04
   7910   0.44530E-04
   7920   0.44448E-04
   7930   0.44419E-04
   7940   0.44355E-04
   7950   0.44307E-04
   7960   0.44234E-04
   7970   0.44167E-04
   7980   0.44112E-04
   7990   0.44052E-04
   8000   0.43993E-04
   8010   0.43938E-04
   8020   0.43891E-04
   8030   0.43808E-04
   8040   0.43759E-04
   8050   0.43687E-04
   8060   0.43621E-04
   8070   0.43566E-04
   8080   0.43495E-04
   8090   0.43433E-04
   8100   0.43371E-04
   8110   0.43303E-04
   8120   0.43261E-04
   8130   0.43179E-04
   8140   0.43118E-04
   8150   0.43061E-04
   8160   0.42990E-04
   8170   0.42923E-04
   8180   0.42865E-04
   8190   0.42781E-04
   8200   0.42721E-04
   8210   0.42651E-04
   8220   0.42596E-04
   8230   0.42521E-04
   8240   0.42456E-04
   8250   0.42380E-04
   8260   0.42314E-04
   8270   0.42234E-04
   8280   0.42174E-04
   8290   0.42098E-04
   8300   0.42037E-04
   8310   0.41960E-04
   8320   0.41886E-04
   8330   0.41810E-04
   8340   0.41735E-04
   8350   0.41662E-04
   8360   0.41586E-04
   8370   0.41500E-04
   8380   0.41429E-04
   8390   0.41356E-04
   8400   0.41287E-04
   8410   0.41203E-04
   8420   0.41107E-04
   8430   0.41027E-04
   8440   0.40941E-04
   8450   0.40866E-04
   8460   0.40784E-04
   8470   0.40711E-04
   8480   0.40644E-04
   8490   0.40536E-04
   8500   0.40445E-04
   8510   0.40366E-04
   8520   0.40286E-04
   8530   0.40188E-04
   8540   0.40123E-04
   8550   0.40038E-04
   8560   0.39941E-04
   8570   0.39857E-04
   8580   0.39770E-04
   8590   0.39663E-04
   8600   0.39571E-04
   8610   0.39510E-04
   8620   0.39406E-04
   8630   0.39317E-04
   8640   0.39216E-04
   8650   0.39128E-04
   8660   0.39055E-04
   8670   0.38958E-04
   8680   0.38869E-04
   8690   0.38760E-04
   8700   0.38676E-04
   8710   0.38570E-04
   8720   0.38484E-04
   8730   0.38382E-04
   8740   0.38300E-04
   8750   0.38191E-04
   8760   0.38111E-04
   8770   0.38017E-04
   8780   0.37919E-04
   8790   0.37822E-04
   8800   0.37706E-04
   8810   0.37614E-04
   8820   0.37527E-04
   8830   0.37440E-04
   8840   0.37324E-04
   8850   0.37229E-04
   8860   0.37137E-04
   8870   0.37051E-04
   8880   0.36947E-04
   8890   0.36842E-04
   8900   0.36746E-04
   8910   0.36640E-04
   8920   0.36560E-04
   8930   0.36456E-04
   8940   0.36368E-04
   8950   0.36258E-04
   8960   0.36172E-04
   8970   0.36067E-04
   8980   0.35969E-04
   8990   0.35881E-04
   9000   0.35780E-04
   9010   0.35678E-04
   9020   0.35573E-04
   9030   0.35479E-04
   9040   0.35399E-04
   9050   0.35298E-04
   9060   0.35185E-04
   9070   0.35073E-04
   9080   0.34985E-04
   9090   0.34904E-04
   9100   0.34784E-04
   9110   0.34689E-04
   9120   0.34606E-04
   9130   0.34501E-04
   9140   0.34402E-04
   9150   0.34311E-04
   9160   0.34210E-04
   9170   0.34124E-04
   9180   0.34031E-04
   9190   0.33910E-04
   9200   0.33815E-04
   9210   0.33720E-04
   9220   0.33609E-04
   9230   0.33513E-04
   9240   0.33410E-04
   9250   0.33327E-04
   9260   0.33229E-04
   9270   0.33119E-04
   9280   0.33037E-04
   9290   0.32928E-04
   9300   0.32820E-04
   9310   0.32736E-04
   9320   0.32636E-04
   9330   0.32552E-04
   9340   0.32435E-04
   9350   0.32326E-04
   9360   0.32240E-04
   9370   0.32131E-04
   9380   0.32062E-04
   9390   0.31957E-04
   9400   0.31846E-04
   9410   0.31759E-04
   9420   0.31662E-04
   9430   0.31577E-04
   9440   0.31460E-04
   9450   0.31384E-04
   9460   0.31292E-04
   9470   0.31188E-04
   9480   0.31092E-04
   9490   0.30998E-04
   9500   0.30898E-04
   9510   0.30786E-04
   9520   0.30709E-04
   9530   0.30608E-04
   9540   0.30492E-04
   9550   0.30411E-04
   9560   0.30320E-04
   9570   0.30213E-04
   9580   0.30125E-04
   9590   0.30008E-04
   9600   0.29920E-04
   9610   0.29839E-04
   9620   0.29738E-04
   9630   0.29640E-04
   9640   0.29533E-04
   9650   0.29434E-04
   9660   0.29350E-04
   9670   0.29246E-04
   9680   0.29146E-04
   9690   0.29058E-04
   9700   0.28951E-04
   9710   0.28854E-04
   9720   0.28772E-04
   9730   0.28671E-04
   9740   0.28568E-04
   9750   0.28469E-04
   9760   0.28375E-04
   9770   0.28276E-04
   9780   0.28180E-04
   9790   0.28087E-04
   9800   0.27994E-04
   9810   0.27882E-04
   9820   0.27787E-04
   9830   0.27700E-04
   9840   0.27607E-04
   9850   0.27524E-04
   9860   0.27405E-04
   9870   0.27310E-04
   9880   0.27215E-04
   9890   0.27112E-04
   9900   0.27026E-04
   9910   0.26917E-04
   9920   0.26834E-04
   9930   0.26729E-04
   9940   0.26645E-04
   9950   0.26537E-04
   9960   0.26423E-04
   9970   0.26339E-04
   9980   0.26250E-04
   9990   0.26154E-04
  10000   0.26076E-04
  10010   0.25955E-04
  10020   0.25882E-04
  10030   0.25780E-04
  10040   0.25689E-04
  10050   0.25593E-04
  10060   0.25481E-04
  10070   0.25402E-04
  10080   0.25299E-04
  10090   0.25211E-04
  10100   0.25128E-04
  10110   0.25030E-04
  10120   0.24937E-04
  10130   0.24846E-04
  10140   0.24742E-04
  10150   0.24658E-04
  10160   0.24563E-04
  10170   0.24488E-04
  10180   0.24382E-04
  10190   0.24283E-04
  10200   0.24191E-04
  10210   0.24112E-04
  10220   0.24038E-04
  10230   0.23932E-04
  10240   0.23857E-04
  10250   0.23752E-04
  10260   0.23650E-04
  10270   0.23567E-04
  10280   0.23470E-04
  10290   0.23380E-04
  10300   0.23310E-04
  10310   0.23227E-04
  10320   0.23139E-04
  10330   0.23044E-04
  10340   0.22961E-04
  10350   0.22876E-04
  10360   0.22812E-04
  10370   0.22704E-04
  10380   0.22624E-04
  10390   0.22552E-04
  10400   0.22453E-04
  10410   0.22354E-04
  10420   0.22293E-04
  10430   0.22204E-04
  10440   0.22130E-04
  10450   0.22041E-04
  10460   0.21954E-04
  10470   0.21875E-04
  10480   0.21780E-04
  10490   0.21720E-04
  10500   0.21628E-04
  10510   0.21562E-04
  10520   0.21454E-04
  10530   0.21390E-04
  10540   0.21320E-04
  10550   0.21213E-04
  10560   0.21155E-04
  10570   0.21067E-04
  10580   0.20979E-04
  10590   0.20920E-04
  10600   0.20821E-04
  10610   0.20757E-04
  10620   0.20691E-04
  10630   0.20601E-04
  10640   0.20518E-04
  10650   0.20442E-04
  10660   0.20365E-04
  10670   0.20283E-04
  10680   0.20225E-04
  10690   0.20126E-04
  10700   0.20065E-04
  10710   0.19981E-04
  10720   0.19901E-04
  10730   0.19819E-04
  10740   0.19733E-04
  10750   0.19667E-04
  10760   0.19594E-04
  10770   0.19520E-04
  10780   0.19442E-04
  10790   0.19371E-04
  10800   0.19279E-04
  10810   0.19212E-04
  10820   0.19153E-04
  10830   0.19077E-04
  10840   0.19019E-04
  10850   0.18930E-04
  10860   0.18862E-04
  10870   0.18773E-04
  10880   0.18698E-04
  10890   0.18612E-04
  10900   0.18545E-04
  10910   0.18452E-04
  10920   0.18383E-04
  10930   0.18323E-04
  10940   0.18256E-04
  10950   0.18165E-04
  10960   0.18099E-04
  10970   0.18012E-04
  10980   0.17958E-04
  10990   0.17855E-04
  11000   0.17790E-04
  11010   0.17718E-04
  11020   0.17640E-04
  11030   0.17569E-04
  11040   0.17496E-04
  11050   0.17423E-04
  11060   0.17333E-04
  11070   0.17253E-04
  11080   0.17180E-04
  11090   0.17085E-04
  11100   0.17016E-04
  11110   0.16955E-04
  11120   0.16873E-04
  11130   0.16791E-04
  11140   0.16705E-04
  11150   0.16632E-04
  11160   0.16560E-04
  11170   0.16485E-04
  11180   0.16403E-04
  11190   0.16315E-04
  11200   0.16240E-04
  11210   0.16151E-04
  11220   0.16074E-04
  11230   0.15990E-04
  11240   0.15899E-04
  11250   0.15833E-04
  11260   0.15753E-04
  11270   0.15686E-04
  11280   0.15595E-04
  11290   0.15497E-04
  11300   0.15428E-04
  11310   0.15336E-04
  11320   0.15249E-04
  11330   0.15178E-04
  11340   0.15092E-04
  11350   0.15023E-04
  11360   0.14929E-04
  11370   0.14847E-04
  11380   0.14775E-04
  11390   0.14679E-04
  11400   0.14589E-04
  11410   0.14495E-04
  11420   0.14440E-04
  11430   0.14359E-04
  11440   0.14273E-04
  11450   0.14195E-04
  11460   0.14111E-04
  11470   0.14023E-04
  11480   0.13938E-04
  11490   0.13855E-04
  11500   0.13783E-04
  11510   0.13682E-04
  11520   0.13624E-04
  11530   0.13531E-04
  11540   0.13460E-04
  11550   0.13363E-04
  11560   0.13277E-04
  11570   0.13211E-04
  11580   0.13144E-04
  11590   0.13050E-04
  11600   0.12971E-04
  11610   0.12895E-04
  11620   0.12820E-04
  11630   0.12729E-04
  11640   0.12648E-04
  11650   0.12551E-04
  11660   0.12483E-04
  11670   0.12409E-04
  11680   0.12336E-04
  11690   0.12260E-04
  11700   0.12175E-04
  11710   0.12103E-04
  11720   0.12030E-04
  11730   0.11938E-04
  11740   0.11864E-04
  11750   0.11794E-04
  11760   0.11706E-04
  11770   0.11645E-04
  11780   0.11565E-04
  11790   0.11481E-04
  11800   0.11409E-04
  11810   0.11340E-04
  11820   0.11244E-04
  11830   0.11173E-04
  11840   0.11102E-04
  11850   0.11029E-04
  11860   0.10973E-04
  11870   0.10881E-04
  11880   0.10813E-04
  11890   0.10730E-04
  11900   0.10661E-04
  11910   0.10579E-04
  11920   0.10517E-04
  11930   0.10438E-04
  11940   0.10370E-04
  11950   0.10311E-04
  11960   0.10229E-04
  11970   0.10163E-04
  11980   0.10099E-04
  11990   0.10023E-04
  12000   0.99451E-05
  12010   0.98991E-05
  12020   0.98296E-05
  12030   0.97416E-05
  12040   0.96820E-05
  12050   0.96163E-05
  12060   0.95382E-05
  12070   0.94751E-05
  12080   0.94135E-05
  12090   0.93495E-05
  12100   0.92814E-05
  12110   0.92136E-05
  12120   0.91429E-05
  12130   0.90916E-05
  12140   0.90228E-05
  12150   0.89412E-05
  12160   0.88943E-05
  12170   0.88295E-05
  12180   0.87719E-05
  12190   0.86979E-05
  12200   0.86342E-05
  12210   0.85740E-05
  12220   0.85049E-05
  12230   0.84655E-05
  12240   0.83779E-05
  12250   0.83394E-05
  12260   0.82699E-05
  12270   0.82130E-05
  12280   0.81333E-05
  12290   0.80851E-05
  12300   0.80135E-05
  12310   0.79556E-05
  12320   0.79049E-05
  12330   0.78408E-05
  12340   0.77778E-05
  12350   0.77232E-05
  12360   0.76563E-05
  12370   0.75950E-05
  12380   0.75527E-05
  12390   0.74898E-05
  12400   0.74450E-05
  12410   0.73704E-05
  12420   0.73029E-05
  12430   0.72608E-05
  12440   0.72016E-05
  12450   0.71607E-05
  12460   0.71024E-05
  12470   0.70275E-05
  12480   0.69714E-05
  12490   0.69225E-05
  12500   0.68481E-05
  12510   0.68168E-05
  12520   0.67637E-05
  12530   0.66994E-05
  12540   0.66455E-05
  12550   0.65950E-05
  12560   0.65586E-05
  12570   0.64928E-05
  12580   0.64528E-05
  12590   0.63927E-05
  12600   0.63458E-05
  12610   0.62880E-05
  12620   0.62511E-05
  12630   0.62067E-05
  12640   0.61459E-05
  12650   0.60977E-05
  12660   0.60482E-05
  12670   0.60085E-05
  12680   0.59508E-05
  12690   0.58971E-05
  12700   0.58420E-05
  12710   0.58083E-05
  12720   0.57620E-05
  12730   0.57297E-05
  12740   0.56805E-05
  12750   0.56230E-05
  12760   0.55966E-05
  12770   0.55357E-05
  12780   0.55023E-05
  12790   0.54571E-05
  12800   0.54168E-05
  12810   0.53730E-05
  12820   0.53306E-05
  12830   0.52847E-05
  12840   0.52372E-05
  12850   0.51973E-05
  12860   0.51430E-05
  12870   0.51036E-05
  12880   0.50561E-05
  12890   0.50183E-05
  12900   0.49693E-05
  12910   0.49444E-05
  12920   0.48980E-05
  12930   0.48690E-05
  12940   0.48318E-05
  12950   0.47869E-05
  12960   0.47558E-05
  12970   0.47044E-05
  12980   0.46795E-05
  12990   0.46394E-05
  13000   0.46008E-05
  13010   0.45549E-05
  13020   0.45154E-05
  13030   0.44927E-05
  13040   0.44546E-05
  13050   0.44125E-05
  13060   0.43824E-05
  13070   0.43338E-05
  13080   0.43153E-05
  13090   0.42752E-05
  13100   0.42477E-05
  13110   0.42172E-05
  13120   0.41837E-05
  13130   0.41430E-05
  13140   0.41188E-05
  13150   0.40908E-05
  13160   0.40419E-05
  13170   0.40142E-05
  13180   0.39977E-05
  13190   0.39572E-05
  13200   0.39319E-05
  13210   0.39099E-05
  13220   0.38671E-05
  13230   0.38524E-05
  13240   0.38074E-05
  13250   0.37738E-05
  13260   0.37602E-05
  13270   0.37308E-05
  13280   0.36900E-05
  13290   0.36790E-05
  13300   0.36539E-05
  13310   0.36108E-05
  13320   0.35872E-05
  13330   0.35688E-05
  13340   0.35508E-05
  13350   0.35139E-05
  13360   0.34897E-05
  13370   0.34634E-05
  13380   0.34340E-05
  13390   0.34138E-05
  13400   0.33987E-05
  13410   0.33712E-05
  13420   0.33428E-05
  13430   0.33198E-05
  13440   0.32982E-05
  13450   0.32796E-05
  13460   0.32592E-05
  13470   0.32383E-05
  13480   0.32045E-05
  13490   0.31813E-05
  13500   0.31551E-05
  13510   0.31406E-05
  13520   0.31212E-05
  13530   0.31029E-05
  13540   0.30887E-05
  13550   0.30715E-05
  13560   0.30459E-05
  13570   0.30382E-05
  13580   0.30182E-05
  13590   0.29921E-05
  13600   0.29690E-05
  13610   0.29566E-05
  13620   0.29381E-05
  13630   0.29226E-05
  13640   0.29032E-05
  13650   0.28780E-05
  13660   0.28684E-05
  13670   0.28493E-05
  13680   0.28175E-05
  13690   0.28101E-05
  13700   0.27937E-05
  13710   0.27809E-05
  13720   0.27738E-05
  13730   0.27572E-05
  13740   0.27462E-05
  13750   0.27277E-05
  13760   0.27113E-05
  13770   0.26899E-05
  13780   0.26817E-05
  13790   0.26568E-05
  13800   0.26550E-05
  13810   0.26429E-05
  13820   0.26356E-05
  13830   0.26068E-05
  13840   0.25974E-05
  13850   0.25770E-05
  13860   0.25638E-05
  13870   0.25532E-05
  13880   0.25531E-05
  13890   0.25362E-05
  13900   0.25216E-05
  13910   0.25076E-05
  13920   0.24962E-05
  13930   0.25025E-05
  13940   0.24845E-05
  13950   0.24814E-05
  13960   0.24557E-05
  13970   0.24352E-05
  13980   0.24233E-05
  13990   0.24074E-05
  14000   0.24113E-05
  14010   0.24003E-05
  14020   0.23869E-05
  14030   0.23761E-05
  14040   0.23631E-05
  14050   0.23553E-05
  14060   0.23496E-05
  14070   0.23278E-05
  14080   0.23209E-05
  14090   0.23080E-05
  14100   0.22979E-05
  14110   0.22939E-05
  14120   0.22886E-05
  14130   0.22692E-05
  14140   0.22670E-05
  14150   0.22477E-05
  14160   0.22475E-05
  14170   0.22362E-05
  14180   0.22307E-05
  14190   0.22131E-05
  14200   0.22172E-05
  14210   0.22108E-05
  14220   0.22173E-05
  14230   0.22053E-05
  14240   0.21993E-05
  14250   0.21767E-05
  14260   0.21633E-05
  14270   0.21522E-05
  14280   0.21598E-05
  14290   0.21393E-05
  14300   0.21328E-05
  14310   0.21357E-05
  14320   0.21286E-05
  14330   0.21365E-05
  14340   0.21125E-05
  14350   0.21075E-05
  14360   0.21095E-05
  14370   0.21060E-05
  14380   0.21009E-05
  14390   0.20843E-05
  14400   0.20853E-05
  14410   0.20773E-05
  14420   0.20678E-05
  14430   0.20666E-05
  14440   0.20628E-05
  14450   0.20505E-05
  14460   0.20414E-05
  14470   0.20316E-05
  14480   0.20354E-05
  14490   0.20292E-05
  14500   0.20285E-05
  14510   0.20148E-05
  14520   0.20126E-05
  14530   0.20157E-05
  14540   0.20103E-05
  14550   0.20093E-05
  14560   0.19998E-05
  14570   0.19996E-05
  14580   0.19944E-05
  14590   0.19787E-05
  14600   0.19788E-05
  14610   0.19706E-05
  14620   0.19616E-05
  14630   0.19651E-05
  14640   0.19529E-05
  14650   0.19513E-05
  14660   0.19535E-05
  14670   0.19393E-05
  14680   0.19458E-05
  14690   0.19393E-05
  14700   0.19300E-05
  14710   0.19315E-05
  14720   0.19257E-05
  14730   0.19216E-05
  14740   0.19121E-05
  14750   0.19120E-05
  14760   0.19061E-05
  14770   0.18897E-05
  14780   0.18963E-05
  14790   0.18758E-05
  14800   0.18710E-05
  14810   0.18746E-05
  14820   0.18683E-05
  14830   0.18737E-05
  14840   0.18518E-05
  14850   0.18527E-05
  14860   0.18670E-05
  14870   0.18523E-05
  14880   0.18529E-05
  14890   0.18402E-05
  14900   0.18423E-05
  14910   0.18493E-05
  14920   0.18387E-05
  14930   0.18414E-05
  14940   0.18204E-05
  14950   0.18188E-05
  14960   0.18096E-05
  14970   0.18013E-05
  14980   0.17902E-05
  14990   0.17926E-05
  15000   0.17893E-05
  15010   0.17933E-05
  15020   0.17934E-05
  15030   0.17851E-05
  15040   0.17777E-05
  15050   0.17834E-05
  15060   0.17802E-05
  15070   0.17712E-05
  15080   0.17686E-05
  15090   0.17546E-05
  15100   0.17558E-05
  15110   0.17451E-05
  15120   0.17566E-05
  15130   0.17628E-05
  15140   0.17622E-05
  15150   0.17484E-05
  15160   0.17570E-05
  15170   0.17440E-05
  15180   0.17514E-05
  15190   0.17336E-05
  15200   0.17373E-05
  15210   0.17275E-05
  15220   0.17150E-05
  15230   0.17262E-05
  15240   0.17322E-05
  15250   0.17206E-05
  15260   0.17105E-05
  15270   0.17089E-05
  15280   0.17130E-05
  15290   0.17102E-05
  15300   0.17087E-05
  15310   0.17056E-05
  15320   0.17068E-05
  15330   0.16975E-05
  15340   0.16805E-05
  15350   0.16692E-05
  15360   0.16731E-05
  15370   0.16796E-05
  15380   0.16678E-05
  15390   0.16666E-05
  15400   0.16670E-05
  15410   0.16522E-05
  15420   0.16482E-05
  15430   0.16582E-05
  15440   0.16476E-05
  15450   0.16483E-05
  15460   0.16361E-05
  15470   0.16363E-05
  15480   0.16472E-05
  15490   0.16344E-05
  15500   0.16214E-05
  15510   0.16213E-05
  15520   0.16249E-05
  15530   0.16214E-05
  15540   0.16127E-05
  15550   0.16120E-05
  15560   0.16102E-05
  15570   0.16101E-05
  15580   0.16270E-05
  15590   0.16105E-05
  15600   0.15963E-05
  15610   0.15856E-05
  15620   0.15940E-05
  15630   0.15910E-05
  15640   0.15879E-05
  15650   0.15883E-05
  15660   0.15888E-05
  15670   0.15900E-05
  15680   0.15786E-05
  15690   0.15905E-05
  15700   0.15845E-05
  15710   0.15867E-05
  15720   0.15727E-05
  15730   0.15775E-05
  15740   0.15559E-05
  15750   0.15610E-05
  15760   0.15539E-05
  15770   0.15682E-05
  15780   0.15592E-05
  15790   0.15512E-05
  15800   0.15573E-05
  15810   0.15550E-05
  15820   0.15589E-05
  15830   0.15413E-05
  15840   0.15455E-05
  15850   0.15555E-05
  15860   0.15529E-05
  15870   0.15430E-05
  15880   0.15448E-05
  15890   0.15290E-05
  15900   0.15315E-05
  15910   0.15347E-05
  15920   0.15148E-05
  15930   0.15130E-05
  15940   0.15096E-05
  15950   0.15164E-05
  15960   0.15146E-05
  15970   0.15092E-05
  15980   0.15012E-05
  15990   0.15025E-05
  16000   0.14995E-05
  16010   0.15082E-05
  16020   0.14941E-05
  16030   0.15135E-05
  16040   0.15101E-05
  16050   0.14946E-05
  16060   0.14940E-05
  16070   0.14876E-05
  16080   0.14898E-05
  16090   0.14766E-05
  16100   0.14916E-05
  16110   0.14808E-05
  16120   0.14740E-05
  16130   0.14765E-05
  16140   0.14711E-05
  16150   0.14721E-05
  16160   0.14564E-05
  16170   0.14633E-05
  16180   0.14576E-05
  16190   0.14654E-05
  16200   0.14699E-05
  16210   0.14562E-05
  16220   0.14598E-05
  16230   0.14526E-05
  16240   0.14401E-05
  16250   0.14472E-05
  16260   0.14394E-05
  16270   0.14373E-05
  16280   0.14450E-05
  16290   0.14324E-05
  16300   0.14385E-05
  16310   0.14467E-05
  16320   0.14352E-05
  16330   0.14464E-05
  16340   0.14448E-05
  16350   0.14333E-05
  16360   0.14389E-05
  16370   0.14171E-05
  16380   0.13990E-05
  16390   0.13965E-05
  16400   0.13988E-05
  16410   0.14008E-05
  16420   0.14003E-05
  16430   0.13846E-05
  16440   0.13864E-05
  16450   0.13883E-05
  16460   0.14043E-05
  16470   0.13834E-05
  16480   0.14114E-05
  16490   0.14050E-05
  16500   0.13942E-05
  16510   0.13864E-05
  16520   0.13854E-05
  16530   0.13947E-05
  16540   0.13912E-05
  16550   0.13889E-05
  16560   0.13889E-05
  16570   0.13890E-05
  16580   0.13988E-05
  16590   0.13856E-05
  16600   0.13832E-05
  16610   0.13705E-05
  16620   0.13765E-05
  16630   0.13506E-05
  16640   0.13788E-05
  16650   0.13922E-05
  16660   0.13738E-05
  16670   0.13520E-05
  16680   0.13466E-05
  16690   0.13519E-05
  16700   0.13407E-05
  16710   0.13527E-05
  16720   0.13405E-05
  16730   0.13163E-05
  16740   0.13083E-05
  16750   0.13149E-05
  16760   0.13275E-05
  16770   0.13149E-05
  16780   0.13145E-05
  16790   0.13252E-05
  16800   0.13145E-05
  16810   0.13006E-05
  16820   0.12977E-05
  16830   0.13018E-05
  16840   0.12820E-05
  16850   0.12979E-05
  16860   0.12955E-05
  16870   0.12953E-05
  16880   0.12873E-05
  16890   0.12736E-05
  16900   0.12739E-05
  16910   0.12780E-05
  16920   0.12848E-05
  16930   0.12737E-05
  16940   0.12728E-05
  16950   0.12570E-05
  16960   0.12547E-05
  16970   0.12406E-05
  16980   0.12298E-05
  16990   0.12341E-05
  17000   0.12491E-05
  17010   0.12507E-05
  17020   0.12275E-05
  17030   0.12206E-05
  17040   0.12156E-05
  17050   0.12092E-05
  17060   0.12061E-05
  17070   0.11990E-05
  17080   0.12142E-05
  17090   0.11993E-05
  17100   0.12119E-05
  17110   0.12021E-05
  17120   0.11933E-05
  17130   0.12043E-05
  17140   0.11839E-05
  17150   0.11993E-05
  17160   0.11981E-05
  17170   0.12053E-05
  17180   0.11668E-05
  17190   0.11730E-05
  17200   0.11761E-05
  17210   0.11626E-05
  17220   0.11704E-05
  17230   0.11641E-05
  17240   0.11549E-05
  17250   0.11699E-05
  17260   0.11656E-05
  17270   0.11713E-05
  17280   0.11672E-05
  17290   0.11564E-05
  17300   0.11295E-05
  17310   0.11299E-05
  17320   0.11367E-05
  17330   0.11390E-05
  17340   0.11278E-05
  17350   0.11271E-05
  17360   0.11326E-05
  17370   0.11214E-05
  17380   0.11317E-05
  17390   0.11200E-05
  17400   0.11089E-05
  17410   0.11230E-05
  17420   0.11228E-05
  17430   0.11096E-05
  17440   0.10989E-05
  17450   0.10889E-05
  17460   0.10876E-05
  17470   0.10989E-05
  17480   0.11113E-05
  17490   0.10938E-05
  17500   0.10909E-05
  17510   0.10764E-05
  17520   0.10773E-05
  17530   0.10658E-05
  17540   0.10665E-05
  17550   0.10681E-05
  17560   0.10527E-05
  17570   0.10728E-05
  17580   0.10683E-05
  17590   0.10577E-05
  17600   0.10638E-05
  17610   0.10723E-05
  17620   0.10519E-05
  17630   0.10622E-05
  17640   0.10496E-05
  17650   0.10544E-05
  17660   0.10515E-05
  17670   0.10468E-05
  17680   0.10479E-05
  17690   0.10509E-05
  17700   0.10144E-05
  17710   0.10171E-05
  17720   0.10101E-05
  17730   0.10088E-05
  17740   0.10080E-05
  17750   0.10105E-05
  17760   0.10151E-05
  17770   0.10348E-05
  17780   0.10241E-05
  17790   0.10132E-05
  17800   0.10012E-05
  17810   0.98686E-06
  17820   0.99493E-06
  17830   0.98192E-06
  17840   0.99168E-06
  17850   0.99911E-06
  17860   0.10082E-05
  17870   0.10038E-05
  17880   0.10073E-05
  17890   0.99668E-06
  17900   0.99775E-06
  17910   0.96828E-06
  17920   0.98062E-06
  17930   0.99716E-06
  17940   0.99504E-06
  17950   0.99501E-06
  17960   0.98882E-06
  17970   0.96543E-06
  17980   0.97086E-06
  17990   0.97184E-06
  18000   0.95840E-06
  18010   0.96146E-06
  18020   0.95493E-06
  18030   0.95503E-06
  18040   0.95270E-06
  18050   0.96489E-06
  18060   0.96160E-06
  18070   0.97038E-06
  18080   0.97585E-06
  18090   0.96718E-06
  18100   0.97490E-06
  18110   0.94249E-06
  18120   0.94838E-06
  18130   0.95739E-06
  18140   0.96543E-06
  18150   0.97210E-06
  18160   0.95658E-06
  18170   0.96301E-06
  18180   0.95532E-06
  18190   0.94016E-06
  18200   0.95198E-06
  18210   0.95559E-06
  18220   0.94572E-06
  18230   0.96346E-06
  18240   0.95554E-06
  18250   0.96260E-06
  18260   0.94715E-06
  18270   0.94521E-06
  18280   0.93416E-06
  18290   0.94968E-06
  18300   0.95198E-06
  18310   0.93345E-06
  18320   0.94476E-06
  18330   0.93133E-06
  18340   0.92856E-06
  18350   0.93184E-06
  18360   0.92831E-06
  18370   0.91600E-06
  18380   0.92325E-06
  18390   0.93041E-06
  18400   0.91639E-06
  18410   0.92235E-06
  18420   0.91569E-06
  18430   0.92864E-06
  18440   0.92859E-06
  18450   0.93146E-06
  18460   0.93820E-06
  18470   0.94043E-06
  18480   0.93539E-06
  18490   0.95039E-06
  18500   0.93853E-06
  18510   0.93721E-06
  18520   0.92636E-06
  18530   0.92599E-06
  18540   0.92718E-06
  18550   0.92636E-06
  18560   0.92295E-06
  18570   0.93283E-06
  18580   0.94039E-06
  18590   0.93316E-06
  18600   0.93836E-06
  18610   0.92772E-06
  18620   0.93091E-06
  18630   0.94349E-06
  18640   0.94363E-06
  18650   0.95261E-06
  18660   0.96105E-06
  18670   0.95835E-06
  18680   0.95646E-06
  18690   0.95234E-06
  18700   0.95927E-06
  18710   0.95433E-06
  18720   0.95973E-06
  18730   0.94841E-06
  18740   0.96405E-06
  18750   0.96269E-06
  18760   0.96503E-06
  18770   0.96670E-06
  18780   0.98020E-06
  18790   0.98631E-06
  18800   0.98644E-06
  18810   0.96866E-06
  18820   0.98562E-06
  18830   0.98877E-06
  18840   0.99564E-06
  18850   0.98661E-06
  18860   0.99827E-06
  18870   0.10092E-05
  18880   0.10061E-05
  18890   0.10085E-05
  18900   0.10126E-05
  18910   0.10055E-05
  18920   0.10122E-05
  18930   0.10261E-05
  18940   0.10142E-05
  18950   0.10347E-05
  18960   0.10314E-05
  18970   0.10452E-05
  18980   0.10483E-05
  18990   0.10461E-05
  19000   0.10486E-05
  19010   0.10311E-05
  19020   0.10356E-05
  19030   0.10423E-05
  19040   0.10496E-05
  19050   0.10574E-05
  19060   0.10552E-05
  19070   0.10453E-05
  19080   0.10472E-05
  19090   0.10717E-05
  19100   0.10650E-05
  19110   0.10684E-05
  19120   0.10745E-05
  19130   0.10672E-05
  19140   0.10745E-05
  19150   0.10801E-05
  19160   0.10838E-05
  19170   0.10960E-05
  19180   0.10936E-05
  19190   0.11057E-05
  19200   0.11063E-05
  19210   0.11130E-05
  19220   0.11070E-05
  19230   0.11150E-05
  19240   0.11250E-05
  19250   0.11257E-05
  19260   0.11332E-05
  19270   0.11362E-05
  19280   0.11433E-05
  19290   0.11438E-05
  19300   0.11594E-05
  19310   0.11564E-05
  19320   0.11456E-05
  19330   0.11592E-05
  19340   0.11774E-05
  19350   0.11729E-05
  19360   0.11719E-05
  19370   0.11811E-05
  19380   0.11979E-05
  19390   0.11989E-05
  19400   0.11892E-05
  19410   0.12044E-05
  19420   0.12094E-05
  19430   0.12139E-05
  19440   0.12224E-05
  19450   0.12324E-05
  19460   0.12365E-05
  19470   0.12293E-05
  19480   0.12398E-05
  19490   0.12458E-05
  19500   0.12369E-05
  19510   0.12548E-05
  19520   0.12460E-05
  19530   0.12418E-05
  19540   0.12432E-05
  19550   0.12516E-05
  19560   0.12690E-05
  19570   0.12722E-05
  19580   0.12695E-05
  19590   0.12715E-05
  19600   0.13035E-05
  19610   0.12867E-05
  19620   0.13033E-05
  19630   0.13115E-05
  19640   0.13194E-05
  19650   0.13165E-05
  19660   0.13269E-05
  19670   0.13345E-05
  19680   0.13390E-05
  19690   0.13500E-05
  19700   0.13557E-05
  19710   0.13655E-05
  19720   0.13715E-05
  19730   0.13854E-05
  19740   0.13768E-05
  19750   0.13782E-05
  19760   0.13866E-05
  19770   0.13921E-05
  19780   0.14094E-05
  19790   0.14070E-05
  19800   0.13873E-05
  19810   0.14333E-05
  19820   0.14193E-05
  19830   0.14308E-05
  19840   0.14336E-05
  19850   0.14448E-05
  19860   0.14466E-05
  19870   0.14539E-05
  19880   0.14511E-05
  19890   0.14565E-05
  19900   0.14554E-05
  19910   0.14711E-05
  19920   0.14601E-05
  19930   0.14624E-05
  19940   0.14694E-05
  19950   0.14769E-05
  19960   0.14809E-05
  19970   0.14946E-05
  19980   0.15146E-05
  19990   0.15142E-05
  20000   0.15211E-05
