     10   0.11130E-02
     20   0.95144E-03
     30   0.84271E-03
     40   0.76440E-03
     50   0.70484E-03
     60   0.65731E-03
     70   0.61759E-03
     80   0.58329E-03
     90   0.55302E-03
    100   0.52576E-03
    110   0.50038E-03
    120   0.47689E-03
    130   0.45516E-03
    140   0.43490E-03
    150   0.41570E-03
    160   0.39764E-03
    170   0.38062E-03
    180   0.36469E-03
    190   0.34969E-03
    200   0.33556E-03
    210   0.32211E-03
    220   0.30951E-03
    230   0.29771E-03
    240   0.28668E-03
    250   0.27639E-03
    260   0.26681E-03
    270   0.25788E-03
    280   0.24959E-03
    290   0.24191E-03
    300   0.23479E-03
    310   0.22827E-03
    320   0.22220E-03
    330   0.21661E-03
    340   0.21145E-03
    350   0.20674E-03
    360   0.20244E-03
    370   0.19856E-03
    380   0.19510E-03
    390   0.19206E-03
    400   0.18943E-03
    410   0.18716E-03
    420   0.18524E-03
    430   0.18360E-03
    440   0.18218E-03
    450   0.18093E-03
    460   0.17980E-03
    470   0.17872E-03
    480   0.17764E-03
    490   0.17651E-03
    500   0.17532E-03
    510   0.17405E-03
    520   0.17266E-03
    530   0.17121E-03
    540   0.16967E-03
    550   0.16810E-03
    560   0.16651E-03
    570   0.16493E-03
    580   0.16341E-03
    590   0.16198E-03
    600   0.16067E-03
    610   0.15953E-03
    620   0.15855E-03
    630   0.15775E-03
    640   0.15713E-03
    650   0.15668E-03
    660   0.15642E-03
    670   0.15633E-03
    680   0.15638E-03
    690   0.15657E-03
    700   0.15688E-03
    710   0.15728E-03
    720   0.15775E-03
    730   0.15826E-03
    740   0.15879E-03
    750   0.15932E-03
    760   0.15984E-03
    770   0.16031E-03
    780   0.16071E-03
    790   0.16105E-03
    800   0.16130E-03
    810   0.16146E-03
    820   0.16152E-03
    830   0.16147E-03
    840   0.16131E-03
    850   0.16106E-03
    860   0.16070E-03
    870   0.16023E-03
    880   0.15968E-03
    890   0.15904E-03
    900   0.15831E-03
    910   0.15751E-03
    920   0.15666E-03
    930   0.15572E-03
    940   0.15474E-03
    950   0.15370E-03
    960   0.15263E-03
    970   0.15152E-03
    980   0.15038E-03
    990   0.14923E-03
   1000   0.14807E-03
   1010   0.14692E-03
   1020   0.14576E-03
   1030   0.14465E-03
   1040   0.14356E-03
   1050   0.14252E-03
   1060   0.14154E-03
   1070   0.14063E-03
   1080   0.13980E-03
   1090   0.13907E-03
   1100   0.13842E-03
   1110   0.13786E-03
   1120   0.13741E-03
   1130   0.13705E-03
   1140   0.13677E-03
   1150   0.13660E-03
   1160   0.13650E-03
   1170   0.13647E-03
   1180   0.13649E-03
   1190   0.13658E-03
   1200   0.13669E-03
   1210   0.13684E-03
   1220   0.13699E-03
   1230   0.13715E-03
   1240   0.13728E-03
   1250   0.13738E-03
   1260   0.13747E-03
   1270   0.13752E-03
   1280   0.13750E-03
   1290   0.13743E-03
   1300   0.13731E-03
   1310   0.13714E-03
   1320   0.13688E-03
   1330   0.13660E-03
   1340   0.13626E-03
   1350   0.13585E-03
   1360   0.13542E-03
   1370   0.13494E-03
   1380   0.13442E-03
   1390   0.13391E-03
   1400   0.13337E-03
   1410   0.13282E-03
   1420   0.13227E-03
   1430   0.13178E-03
   1440   0.13127E-03
   1450   0.13082E-03
   1460   0.13039E-03
   1470   0.12999E-03
   1480   0.12963E-03
   1490   0.12932E-03
   1500   0.12907E-03
   1510   0.12882E-03
   1520   0.12864E-03
   1530   0.12847E-03
   1540   0.12834E-03
   1550   0.12821E-03
   1560   0.12810E-03
   1570   0.12798E-03
   1580   0.12787E-03
   1590   0.12771E-03
   1600   0.12755E-03
   1610   0.12736E-03
   1620   0.12713E-03
   1630   0.12686E-03
   1640   0.12655E-03
   1650   0.12618E-03
   1660   0.12577E-03
   1670   0.12528E-03
   1680   0.12476E-03
   1690   0.12419E-03
   1700   0.12357E-03
   1710   0.12290E-03
   1720   0.12219E-03
   1730   0.12146E-03
   1740   0.12068E-03
   1750   0.11988E-03
   1760   0.11905E-03
   1770   0.11822E-03
   1780   0.11741E-03
   1790   0.11658E-03
   1800   0.11577E-03
   1810   0.11500E-03
   1820   0.11425E-03
   1830   0.11357E-03
   1840   0.11293E-03
   1850   0.11236E-03
   1860   0.11186E-03
   1870   0.11143E-03
   1880   0.11110E-03
   1890   0.11086E-03
   1900   0.11073E-03
   1910   0.11070E-03
   1920   0.11076E-03
   1930   0.11094E-03
   1940   0.11123E-03
   1950   0.11163E-03
   1960   0.11213E-03
   1970   0.11273E-03
   1980   0.11341E-03
   1990   0.11419E-03
   2000   0.11507E-03
   2010   0.11601E-03
   2020   0.11701E-03
   2030   0.11809E-03
   2040   0.11921E-03
   2050   0.12039E-03
   2060   0.12161E-03
   2070   0.12284E-03
   2080   0.12409E-03
   2090   0.12538E-03
   2100   0.12667E-03
   2110   0.12797E-03
   2120   0.12925E-03
   2130   0.13055E-03
   2140   0.13183E-03
   2150   0.13311E-03
   2160   0.13436E-03
   2170   0.13559E-03
   2180   0.13681E-03
   2190   0.13799E-03
   2200   0.13915E-03
   2210   0.14028E-03
   2220   0.14139E-03
   2230   0.14245E-03
   2240   0.14349E-03
   2250   0.14447E-03
   2260   0.14543E-03
   2270   0.14634E-03
   2280   0.14720E-03
   2290   0.14802E-03
   2300   0.14879E-03
   2310   0.14951E-03
   2320   0.15017E-03
   2330   0.15078E-03
   2340   0.15134E-03
   2350   0.15186E-03
   2360   0.15233E-03
   2370   0.15272E-03
   2380   0.15305E-03
   2390   0.15333E-03
   2400   0.15356E-03
   2410   0.15371E-03
   2420   0.15382E-03
   2430   0.15386E-03
   2440   0.15385E-03
   2450   0.15379E-03
   2460   0.15367E-03
   2470   0.15348E-03
   2480   0.15324E-03
   2490   0.15296E-03
   2500   0.15263E-03
   2510   0.15225E-03
   2520   0.15180E-03
   2530   0.15131E-03
   2540   0.15081E-03
   2550   0.15024E-03
   2560   0.14963E-03
   2570   0.14900E-03
   2580   0.14832E-03
   2590   0.14758E-03
   2600   0.14685E-03
   2610   0.14610E-03
   2620   0.14526E-03
   2630   0.14446E-03
   2640   0.14359E-03
   2650   0.14270E-03
   2660   0.14179E-03
   2670   0.14083E-03
   2680   0.13988E-03
   2690   0.13892E-03
   2700   0.13793E-03
   2710   0.13690E-03
   2720   0.13587E-03
   2730   0.13485E-03
   2740   0.13377E-03
   2750   0.13268E-03
   2760   0.13159E-03
   2770   0.13051E-03
   2780   0.12937E-03
   2790   0.12826E-03
   2800   0.12712E-03
   2810   0.12596E-03
   2820   0.12481E-03
   2830   0.12366E-03
   2840   0.12248E-03
   2850   0.12131E-03
   2860   0.12010E-03
   2870   0.11894E-03
   2880   0.11775E-03
   2890   0.11657E-03
   2900   0.11538E-03
   2910   0.11417E-03
   2920   0.11298E-03
   2930   0.11182E-03
   2940   0.11062E-03
   2950   0.10943E-03
   2960   0.10825E-03
   2970   0.10708E-03
   2980   0.10594E-03
   2990   0.10477E-03
   3000   0.10364E-03
   3010   0.10249E-03
   3020   0.10138E-03
   3030   0.10025E-03
   3040   0.99149E-04
   3050   0.98079E-04
   3060   0.97001E-04
   3070   0.95950E-04
   3080   0.94918E-04
   3090   0.93899E-04
   3100   0.92905E-04
   3110   0.91930E-04
   3120   0.90941E-04
   3130   0.90025E-04
   3140   0.89066E-04
   3150   0.88177E-04
   3160   0.87290E-04
   3170   0.86438E-04
   3180   0.85583E-04
   3190   0.84758E-04
   3200   0.83981E-04
   3210   0.83172E-04
   3220   0.82412E-04
   3230   0.81682E-04
   3240   0.80958E-04
   3250   0.80250E-04
   3260   0.79581E-04
   3270   0.78903E-04
   3280   0.78275E-04
   3290   0.77639E-04
   3300   0.77032E-04
   3310   0.76443E-04
   3320   0.75881E-04
   3330   0.75310E-04
   3340   0.74764E-04
   3350   0.74242E-04
   3360   0.73735E-04
   3370   0.73235E-04
   3380   0.72771E-04
   3390   0.72294E-04
   3400   0.71841E-04
   3410   0.71402E-04
   3420   0.70958E-04
   3430   0.70559E-04
   3440   0.70141E-04
   3450   0.69740E-04
   3460   0.69343E-04
   3470   0.68986E-04
   3480   0.68605E-04
   3490   0.68265E-04
   3500   0.67910E-04
   3510   0.67561E-04
   3520   0.67228E-04
   3530   0.66910E-04
   3540   0.66598E-04
   3550   0.66301E-04
   3560   0.65994E-04
   3570   0.65706E-04
   3580   0.65439E-04
   3590   0.65156E-04
   3600   0.64899E-04
   3610   0.64635E-04
   3620   0.64377E-04
   3630   0.64143E-04
   3640   0.63926E-04
   3650   0.63685E-04
   3660   0.63475E-04
   3670   0.63251E-04
   3680   0.63053E-04
   3690   0.62852E-04
   3700   0.62650E-04
   3710   0.62469E-04
   3720   0.62282E-04
   3730   0.62125E-04
   3740   0.61954E-04
   3750   0.61787E-04
   3760   0.61667E-04
   3770   0.61499E-04
   3780   0.61354E-04
   3790   0.61239E-04
   3800   0.61110E-04
   3810   0.60979E-04
   3820   0.60867E-04
   3830   0.60763E-04
   3840   0.60650E-04
   3850   0.60560E-04
   3860   0.60456E-04
   3870   0.60374E-04
   3880   0.60297E-04
   3890   0.60206E-04
   3900   0.60140E-04
   3910   0.60067E-04
   3920   0.60016E-04
   3930   0.59930E-04
   3940   0.59894E-04
   3950   0.59840E-04
   3960   0.59793E-04
   3970   0.59770E-04
   3980   0.59727E-04
   3990   0.59682E-04
   4000   0.59663E-04
   4010   0.59651E-04
   4020   0.59622E-04
   4030   0.59597E-04
   4040   0.59590E-04
   4050   0.59596E-04
   4060   0.59593E-04
   4070   0.59585E-04
   4080   0.59590E-04
   4090   0.59612E-04
   4100   0.59614E-04
   4110   0.59624E-04
   4120   0.59660E-04
   4130   0.59677E-04
   4140   0.59708E-04
   4150   0.59735E-04
   4160   0.59766E-04
   4170   0.59804E-04
   4180   0.59846E-04
   4190   0.59884E-04
   4200   0.59945E-04
   4210   0.59994E-04
   4220   0.60061E-04
   4230   0.60096E-04
   4240   0.60164E-04
   4250   0.60234E-04
   4260   0.60291E-04
   4270   0.60354E-04
   4280   0.60408E-04
   4290   0.60506E-04
   4300   0.60569E-04
   4310   0.60645E-04
   4320   0.60731E-04
   4330   0.60793E-04
   4340   0.60861E-04
   4350   0.60948E-04
   4360   0.61033E-04
   4370   0.61123E-04
   4380   0.61173E-04
   4390   0.61280E-04
   4400   0.61334E-04
   4410   0.61422E-04
   4420   0.61510E-04
   4430   0.61596E-04
   4440   0.61684E-04
   4450   0.61758E-04
   4460   0.61838E-04
   4470   0.61915E-04
   4480   0.61993E-04
   4490   0.62057E-04
   4500   0.62132E-04
   4510   0.62206E-04
   4520   0.62292E-04
   4530   0.62365E-04
   4540   0.62421E-04
   4550   0.62483E-04
   4560   0.62568E-04
   4570   0.62624E-04
   4580   0.62686E-04
   4590   0.62732E-04
   4600   0.62791E-04
   4610   0.62850E-04
   4620   0.62882E-04
   4630   0.62926E-04
   4640   0.62972E-04
   4650   0.63020E-04
   4660   0.63049E-04
   4670   0.63096E-04
   4680   0.63119E-04
   4690   0.63143E-04
   4700   0.63155E-04
   4710   0.63180E-04
   4720   0.63209E-04
   4730   0.63222E-04
   4740   0.63219E-04
   4750   0.63234E-04
   4760   0.63229E-04
   4770   0.63220E-04
   4780   0.63228E-04
   4790   0.63223E-04
   4800   0.63205E-04
   4810   0.63188E-04
   4820   0.63176E-04
   4830   0.63166E-04
   4840   0.63147E-04
   4850   0.63111E-04
   4860   0.63086E-04
   4870   0.63041E-04
   4880   0.63007E-04
   4890   0.62969E-04
   4900   0.62924E-04
   4910   0.62881E-04
   4920   0.62844E-04
   4930   0.62781E-04
   4940   0.62738E-04
   4950   0.62686E-04
   4960   0.62624E-04
   4970   0.62578E-04
   4980   0.62504E-04
   4990   0.62447E-04
   5000   0.62392E-04
   5010   0.62319E-04
   5020   0.62238E-04
   5030   0.62178E-04
   5040   0.62116E-04
   5050   0.62020E-04
   5060   0.61964E-04
   5070   0.61879E-04
   5080   0.61819E-04
   5090   0.61731E-04
   5100   0.61660E-04
   5110   0.61572E-04
   5120   0.61516E-04
   5130   0.61429E-04
   5140   0.61341E-04
   5150   0.61266E-04
   5160   0.61191E-04
   5170   0.61113E-04
   5180   0.61041E-04
   5190   0.60963E-04
   5200   0.60870E-04
   5210   0.60805E-04
   5220   0.60717E-04
   5230   0.60643E-04
   5240   0.60578E-04
   5250   0.60497E-04
   5260   0.60395E-04
   5270   0.60346E-04
   5280   0.60260E-04
   5290   0.60189E-04
   5300   0.60126E-04
   5310   0.60055E-04
   5320   0.59974E-04
   5330   0.59906E-04
   5340   0.59845E-04
   5350   0.59777E-04
   5360   0.59718E-04
   5370   0.59640E-04
   5380   0.59588E-04
   5390   0.59522E-04
   5400   0.59470E-04
   5410   0.59428E-04
   5420   0.59363E-04
   5430   0.59303E-04
   5440   0.59252E-04
   5450   0.59210E-04
   5460   0.59151E-04
   5470   0.59093E-04
   5480   0.59047E-04
   5490   0.59000E-04
   5500   0.58957E-04
   5510   0.58910E-04
   5520   0.58868E-04
   5530   0.58824E-04
   5540   0.58789E-04
   5550   0.58754E-04
   5560   0.58725E-04
   5570   0.58686E-04
   5580   0.58650E-04
   5590   0.58614E-04
   5600   0.58577E-04
   5610   0.58552E-04
   5620   0.58532E-04
   5630   0.58509E-04
   5640   0.58496E-04
   5650   0.58458E-04
   5660   0.58442E-04
   5670   0.58423E-04
   5680   0.58409E-04
   5690   0.58374E-04
   5700   0.58358E-04
   5710   0.58352E-04
   5720   0.58327E-04
   5730   0.58319E-04
   5740   0.58298E-04
   5750   0.58300E-04
   5760   0.58278E-04
   5770   0.58260E-04
   5780   0.58257E-04
   5790   0.58241E-04
   5800   0.58232E-04
   5810   0.58224E-04
   5820   0.58217E-04
   5830   0.58216E-04
   5840   0.58209E-04
   5850   0.58191E-04
   5860   0.58185E-04
   5870   0.58183E-04
   5880   0.58173E-04
   5890   0.58169E-04
   5900   0.58148E-04
   5910   0.58163E-04
   5920   0.58167E-04
   5930   0.58156E-04
   5940   0.58148E-04
   5950   0.58140E-04
   5960   0.58141E-04
   5970   0.58143E-04
   5980   0.58144E-04
   5990   0.58129E-04
   6000   0.58129E-04
   6010   0.58129E-04
   6020   0.58121E-04
   6030   0.58124E-04
   6040   0.58118E-04
   6050   0.58111E-04
   6060   0.58107E-04
   6070   0.58110E-04
   6080   0.58109E-04
   6090   0.58089E-04
   6100   0.58101E-04
   6110   0.58080E-04
   6120   0.58089E-04
   6130   0.58080E-04
   6140   0.58078E-04
   6150   0.58062E-04
   6160   0.58065E-04
   6170   0.58054E-04
   6180   0.58046E-04
   6190   0.58041E-04
   6200   0.58037E-04
   6210   0.58039E-04
   6220   0.58020E-04
   6230   0.58006E-04
   6240   0.58004E-04
   6250   0.57987E-04
   6260   0.57978E-04
   6270   0.57964E-04
   6280   0.57948E-04
   6290   0.57937E-04
   6300   0.57923E-04
   6310   0.57905E-04
   6320   0.57898E-04
   6330   0.57880E-04
   6340   0.57859E-04
   6350   0.57848E-04
   6360   0.57832E-04
   6370   0.57816E-04
   6380   0.57783E-04
   6390   0.57761E-04
   6400   0.57744E-04
   6410   0.57704E-04
   6420   0.57691E-04
   6430   0.57667E-04
   6440   0.57639E-04
   6450   0.57599E-04
   6460   0.57574E-04
   6470   0.57548E-04
   6480   0.57505E-04
   6490   0.57460E-04
   6500   0.57421E-04
   6510   0.57382E-04
   6520   0.57341E-04
   6530   0.57310E-04
   6540   0.57245E-04
   6550   0.57214E-04
   6560   0.57164E-04
   6570   0.57094E-04
   6580   0.57048E-04
   6590   0.56994E-04
   6600   0.56953E-04
   6610   0.56861E-04
   6620   0.56814E-04
   6630   0.56741E-04
   6640   0.56679E-04
   6650   0.56596E-04
   6660   0.56529E-04
   6670   0.56455E-04
   6680   0.56382E-04
   6690   0.56296E-04
   6700   0.56222E-04
   6710   0.56123E-04
   6720   0.56041E-04
   6730   0.55960E-04
   6740   0.55851E-04
   6750   0.55762E-04
   6760   0.55681E-04
   6770   0.55570E-04
   6780   0.55461E-04
   6790   0.55362E-04
   6800   0.55250E-04
   6810   0.55140E-04
   6820   0.55018E-04
   6830   0.54924E-04
   6840   0.54788E-04
   6850   0.54674E-04
   6860   0.54548E-04
   6870   0.54425E-04
   6880   0.54304E-04
   6890   0.54192E-04
   6900   0.54069E-04
   6910   0.53929E-04
   6920   0.53810E-04
   6930   0.53661E-04
   6940   0.53521E-04
   6950   0.53405E-04
   6960   0.53260E-04
   6970   0.53124E-04
   6980   0.52983E-04
   6990   0.52859E-04
   7000   0.52713E-04
   7010   0.52578E-04
   7020   0.52438E-04
   7030   0.52284E-04
   7040   0.52159E-04
   7050   0.52011E-04
   7060   0.51877E-04
   7070   0.51742E-04
   7080   0.51594E-04
   7090   0.51460E-04
   7100   0.51309E-04
   7110   0.51180E-04
   7120   0.51050E-04
   7130   0.50895E-04
   7140   0.50769E-04
   7150   0.50636E-04
   7160   0.50504E-04
   7170   0.50378E-04
   7180   0.50233E-04
   7190   0.50107E-04
   7200   0.49984E-04
   7210   0.49856E-04
   7220   0.49727E-04
   7230   0.49601E-04
   7240   0.49476E-04
   7250   0.49354E-04
   7260   0.49231E-04
   7270   0.49111E-04
   7280   0.49000E-04
   7290   0.48893E-04
   7300   0.48769E-04
   7310   0.48648E-04
   7320   0.48553E-04
   7330   0.48428E-04
   7340   0.48308E-04
   7350   0.48210E-04
   7360   0.48088E-04
   7370   0.48001E-04
   7380   0.47893E-04
   7390   0.47788E-04
   7400   0.47682E-04
   7410   0.47579E-04
   7420   0.47489E-04
   7430   0.47383E-04
   7440   0.47295E-04
   7450   0.47183E-04
   7460   0.47102E-04
   7470   0.47007E-04
   7480   0.46905E-04
   7490   0.46806E-04
   7500   0.46725E-04
   7510   0.46628E-04
   7520   0.46538E-04
   7530   0.46445E-04
   7540   0.46367E-04
   7550   0.46275E-04
   7560   0.46183E-04
   7570   0.46098E-04
   7580   0.45995E-04
   7590   0.45906E-04
   7600   0.45823E-04
   7610   0.45752E-04
   7620   0.45657E-04
   7630   0.45587E-04
   7640   0.45490E-04
   7650   0.45390E-04
   7660   0.45305E-04
   7670   0.45222E-04
   7680   0.45139E-04
   7690   0.45057E-04
   7700   0.44955E-04
   7710   0.44893E-04
   7720   0.44805E-04
   7730   0.44720E-04
   7740   0.44637E-04
   7750   0.44541E-04
   7760   0.44460E-04
   7770   0.44379E-04
   7780   0.44286E-04
   7790   0.44211E-04
   7800   0.44135E-04
   7810   0.44037E-04
   7820   0.43966E-04
   7830   0.43864E-04
   7840   0.43788E-04
   7850   0.43691E-04
   7860   0.43614E-04
   7870   0.43526E-04
   7880   0.43442E-04
   7890   0.43352E-04
   7900   0.43256E-04
   7910   0.43176E-04
   7920   0.43088E-04
   7930   0.42990E-04
   7940   0.42910E-04
   7950   0.42822E-04
   7960   0.42731E-04
   7970   0.42653E-04
   7980   0.42560E-04
   7990   0.42469E-04
   8000   0.42369E-04
   8010   0.42272E-04
   8020   0.42188E-04
   8030   0.42085E-04
   8040   0.42007E-04
   8050   0.41909E-04
   8060   0.41822E-04
   8070   0.41707E-04
   8080   0.41623E-04
   8090   0.41534E-04
   8100   0.41422E-04
   8110   0.41324E-04
   8120   0.41225E-04
   8130   0.41135E-04
   8140   0.41045E-04
   8150   0.40949E-04
   8160   0.40831E-04
   8170   0.40714E-04
   8180   0.40637E-04
   8190   0.40516E-04
   8200   0.40418E-04
   8210   0.40316E-04
   8220   0.40222E-04
   8230   0.40110E-04
   8240   0.39995E-04
   8250   0.39889E-04
   8260   0.39772E-04
   8270   0.39693E-04
   8280   0.39578E-04
   8290   0.39467E-04
   8300   0.39357E-04
   8310   0.39246E-04
   8320   0.39145E-04
   8330   0.39040E-04
   8340   0.38911E-04
   8350   0.38820E-04
   8360   0.38704E-04
   8370   0.38590E-04
   8380   0.38478E-04
   8390   0.38382E-04
   8400   0.38254E-04
   8410   0.38147E-04
   8420   0.38018E-04
   8430   0.37917E-04
   8440   0.37818E-04
   8450   0.37693E-04
   8460   0.37573E-04
   8470   0.37469E-04
   8480   0.37370E-04
   8490   0.37237E-04
   8500   0.37140E-04
   8510   0.37013E-04
   8520   0.36888E-04
   8530   0.36770E-04
   8540   0.36657E-04
   8550   0.36540E-04
   8560   0.36433E-04
   8570   0.36348E-04
   8580   0.36220E-04
   8590   0.36103E-04
   8600   0.35968E-04
   8610   0.35858E-04
   8620   0.35748E-04
   8630   0.35652E-04
   8640   0.35529E-04
   8650   0.35393E-04
   8660   0.35293E-04
   8670   0.35169E-04
   8680   0.35059E-04
   8690   0.34957E-04
   8700   0.34824E-04
   8710   0.34717E-04
   8720   0.34621E-04
   8730   0.34475E-04
   8740   0.34358E-04
   8750   0.34241E-04
   8760   0.34142E-04
   8770   0.34027E-04
   8780   0.33913E-04
   8790   0.33794E-04
   8800   0.33710E-04
   8810   0.33568E-04
   8820   0.33447E-04
   8830   0.33347E-04
   8840   0.33249E-04
   8850   0.33128E-04
   8860   0.33003E-04
   8870   0.32879E-04
   8880   0.32793E-04
   8890   0.32669E-04
   8900   0.32562E-04
   8910   0.32455E-04
   8920   0.32338E-04
   8930   0.32222E-04
   8940   0.32118E-04
   8950   0.32002E-04
   8960   0.31910E-04
   8970   0.31770E-04
   8980   0.31663E-04
   8990   0.31562E-04
   9000   0.31472E-04
   9010   0.31365E-04
   9020   0.31261E-04
   9030   0.31129E-04
   9040   0.31041E-04
   9050   0.30942E-04
   9060   0.30791E-04
   9070   0.30713E-04
   9080   0.30603E-04
   9090   0.30501E-04
   9100   0.30409E-04
   9110   0.30287E-04
   9120   0.30175E-04
   9130   0.30076E-04
   9140   0.29967E-04
   9150   0.29866E-04
   9160   0.29756E-04
   9170   0.29653E-04
   9180   0.29549E-04
   9190   0.29431E-04
   9200   0.29342E-04
   9210   0.29253E-04
   9220   0.29124E-04
   9230   0.29010E-04
   9240   0.28930E-04
   9250   0.28796E-04
   9260   0.28697E-04
   9270   0.28599E-04
   9280   0.28496E-04
   9290   0.28388E-04
   9300   0.28286E-04
   9310   0.28177E-04
   9320   0.28091E-04
   9330   0.27977E-04
   9340   0.27849E-04
   9350   0.27773E-04
   9360   0.27656E-04
   9370   0.27561E-04
   9380   0.27452E-04
   9390   0.27354E-04
   9400   0.27236E-04
   9410   0.27129E-04
   9420   0.27038E-04
   9430   0.26928E-04
   9440   0.26826E-04
   9450   0.26710E-04
   9460   0.26600E-04
   9470   0.26517E-04
   9480   0.26411E-04
   9490   0.26297E-04
   9500   0.26187E-04
   9510   0.26083E-04
   9520   0.25990E-04
   9530   0.25892E-04
   9540   0.25795E-04
   9550   0.25686E-04
   9560   0.25570E-04
   9570   0.25491E-04
   9580   0.25378E-04
   9590   0.25276E-04
   9600   0.25156E-04
   9610   0.25073E-04
   9620   0.24958E-04
   9630   0.24871E-04
   9640   0.24764E-04
   9650   0.24656E-04
   9660   0.24563E-04
   9670   0.24468E-04
   9680   0.24380E-04
   9690   0.24262E-04
   9700   0.24155E-04
   9710   0.24049E-04
   9720   0.23971E-04
   9730   0.23861E-04
   9740   0.23757E-04
   9750   0.23681E-04
   9760   0.23591E-04
   9770   0.23477E-04
   9780   0.23388E-04
   9790   0.23296E-04
   9800   0.23191E-04
   9810   0.23096E-04
   9820   0.23000E-04
   9830   0.22933E-04
   9840   0.22817E-04
   9850   0.22708E-04
   9860   0.22634E-04
   9870   0.22538E-04
   9880   0.22456E-04
   9890   0.22358E-04
   9900   0.22276E-04
   9910   0.22183E-04
   9920   0.22114E-04
   9930   0.22010E-04
   9940   0.21921E-04
   9950   0.21845E-04
   9960   0.21746E-04
   9970   0.21677E-04
   9980   0.21585E-04
   9990   0.21506E-04
  10000   0.21412E-04
  10010   0.21346E-04
  10020   0.21233E-04
  10030   0.21185E-04
  10040   0.21071E-04
  10050   0.21009E-04
  10060   0.20933E-04
  10070   0.20873E-04
  10080   0.20792E-04
  10090   0.20694E-04
  10100   0.20638E-04
  10110   0.20539E-04
  10120   0.20465E-04
  10130   0.20384E-04
  10140   0.20309E-04
  10150   0.20232E-04
  10160   0.20149E-04
  10170   0.20093E-04
  10180   0.20006E-04
  10190   0.19944E-04
  10200   0.19843E-04
  10210   0.19775E-04
  10220   0.19706E-04
  10230   0.19653E-04
  10240   0.19559E-04
  10250   0.19481E-04
  10260   0.19406E-04
  10270   0.19362E-04
  10280   0.19270E-04
  10290   0.19211E-04
  10300   0.19105E-04
  10310   0.19073E-04
  10320   0.18972E-04
  10330   0.18897E-04
  10340   0.18812E-04
  10350   0.18736E-04
  10360   0.18700E-04
  10370   0.18604E-04
  10380   0.18523E-04
  10390   0.18465E-04
  10400   0.18376E-04
  10410   0.18337E-04
  10420   0.18234E-04
  10430   0.18174E-04
  10440   0.18093E-04
  10450   0.18038E-04
  10460   0.17960E-04
  10470   0.17898E-04
  10480   0.17829E-04
  10490   0.17768E-04
  10500   0.17678E-04
  10510   0.17636E-04
  10520   0.17566E-04
  10530   0.17513E-04
  10540   0.17447E-04
  10550   0.17371E-04
  10560   0.17329E-04
  10570   0.17232E-04
  10580   0.17193E-04
  10590   0.17143E-04
  10600   0.17052E-04
  10610   0.17014E-04
  10620   0.16944E-04
  10630   0.16884E-04
  10640   0.16831E-04
  10650   0.16775E-04
  10660   0.16731E-04
  10670   0.16658E-04
  10680   0.16607E-04
  10690   0.16546E-04
  10700   0.16501E-04
  10710   0.16424E-04
  10720   0.16383E-04
  10730   0.16309E-04
  10740   0.16274E-04
  10750   0.16197E-04
  10760   0.16158E-04
  10770   0.16116E-04
  10780   0.16046E-04
  10790   0.15995E-04
  10800   0.15943E-04
  10810   0.15897E-04
  10820   0.15828E-04
  10830   0.15783E-04
  10840   0.15746E-04
  10850   0.15678E-04
  10860   0.15645E-04
  10870   0.15584E-04
  10880   0.15542E-04
  10890   0.15510E-04
  10900   0.15434E-04
  10910   0.15385E-04
  10920   0.15364E-04
  10930   0.15323E-04
  10940   0.15281E-04
  10950   0.15228E-04
  10960   0.15189E-04
  10970   0.15159E-04
  10980   0.15115E-04
  10990   0.15059E-04
  11000   0.15046E-04
  11010   0.15012E-04
  11020   0.14966E-04
  11030   0.14930E-04
  11040   0.14903E-04
  11050   0.14858E-04
  11060   0.14827E-04
  11070   0.14809E-04
  11080   0.14769E-04
  11090   0.14752E-04
  11100   0.14728E-04
  11110   0.14723E-04
  11120   0.14690E-04
  11130   0.14675E-04
  11140   0.14656E-04
  11150   0.14648E-04
  11160   0.14620E-04
  11170   0.14579E-04
  11180   0.14591E-04
  11190   0.14573E-04
  11200   0.14573E-04
  11210   0.14550E-04
  11220   0.14529E-04
  11230   0.14514E-04
  11240   0.14508E-04
  11250   0.14488E-04
  11260   0.14473E-04
  11270   0.14463E-04
  11280   0.14443E-04
  11290   0.14447E-04
  11300   0.14426E-04
  11310   0.14408E-04
  11320   0.14405E-04
  11330   0.14390E-04
  11340   0.14367E-04
  11350   0.14377E-04
  11360   0.14338E-04
  11370   0.14344E-04
  11380   0.14318E-04
  11390   0.14306E-04
  11400   0.14275E-04
  11410   0.14246E-04
  11420   0.14215E-04
  11430   0.14188E-04
  11440   0.14149E-04
  11450   0.14136E-04
  11460   0.14109E-04
  11470   0.14081E-04
  11480   0.14038E-04
  11490   0.14000E-04
  11500   0.13934E-04
  11510   0.13923E-04
  11520   0.13868E-04
  11530   0.13815E-04
  11540   0.13770E-04
  11550   0.13725E-04
  11560   0.13678E-04
  11570   0.13620E-04
  11580   0.13562E-04
  11590   0.13509E-04
  11600   0.13458E-04
  11610   0.13397E-04
  11620   0.13330E-04
  11630   0.13288E-04
  11640   0.13224E-04
  11650   0.13147E-04
  11660   0.13094E-04
  11670   0.13024E-04
  11680   0.12941E-04
  11690   0.12869E-04
  11700   0.12811E-04
  11710   0.12746E-04
  11720   0.12680E-04
  11730   0.12626E-04
  11740   0.12531E-04
  11750   0.12468E-04
  11760   0.12410E-04
  11770   0.12348E-04
  11780   0.12282E-04
  11790   0.12209E-04
  11800   0.12148E-04
  11810   0.12080E-04
  11820   0.12026E-04
  11830   0.11964E-04
  11840   0.11910E-04
  11850   0.11854E-04
  11860   0.11779E-04
  11870   0.11724E-04
  11880   0.11679E-04
  11890   0.11624E-04
  11900   0.11564E-04
  11910   0.11526E-04
  11920   0.11492E-04
  11930   0.11436E-04
  11940   0.11398E-04
  11950   0.11353E-04
  11960   0.11317E-04
  11970   0.11285E-04
  11980   0.11260E-04
  11990   0.11242E-04
  12000   0.11189E-04
  12010   0.11177E-04
  12020   0.11149E-04
  12030   0.11129E-04
  12040   0.11121E-04
  12050   0.11107E-04
  12060   0.11096E-04
  12070   0.11077E-04
  12080   0.11074E-04
  12090   0.11061E-04
  12100   0.11050E-04
  12110   0.11049E-04
  12120   0.11057E-04
  12130   0.11053E-04
  12140   0.11054E-04
  12150   0.11065E-04
  12160   0.11073E-04
  12170   0.11063E-04
  12180   0.11083E-04
  12190   0.11098E-04
  12200   0.11105E-04
  12210   0.11117E-04
  12220   0.11149E-04
  12230   0.11167E-04
  12240   0.11196E-04
  12250   0.11211E-04
  12260   0.11234E-04
  12270   0.11266E-04
  12280   0.11294E-04
  12290   0.11332E-04
  12300   0.11354E-04
  12310   0.11385E-04
  12320   0.11427E-04
  12330   0.11462E-04
  12340   0.11490E-04
  12350   0.11534E-04
  12360   0.11576E-04
  12370   0.11618E-04
  12380   0.11657E-04
  12390   0.11709E-04
  12400   0.11766E-04
  12410   0.11796E-04
  12420   0.11841E-04
  12430   0.11897E-04
  12440   0.11959E-04
  12450   0.12017E-04
  12460   0.12073E-04
  12470   0.12127E-04
  12480   0.12180E-04
  12490   0.12248E-04
  12500   0.12324E-04
  12510   0.12382E-04
  12520   0.12449E-04
  12530   0.12510E-04
  12540   0.12579E-04
  12550   0.12644E-04
  12560   0.12728E-04
  12570   0.12795E-04
  12580   0.12873E-04
  12590   0.12951E-04
  12600   0.13034E-04
  12610   0.13113E-04
  12620   0.13202E-04
  12630   0.13289E-04
  12640   0.13379E-04
  12650   0.13469E-04
  12660   0.13559E-04
  12670   0.13652E-04
  12680   0.13750E-04
  12690   0.13846E-04
  12700   0.13956E-04
  12710   0.14071E-04
  12720   0.14183E-04
  12730   0.14294E-04
  12740   0.14411E-04
  12750   0.14532E-04
  12760   0.14647E-04
  12770   0.14777E-04
  12780   0.14919E-04
  12790   0.15051E-04
  12800   0.15181E-04
  12810   0.15332E-04
  12820   0.15473E-04
  12830   0.15624E-04
  12840   0.15769E-04
  12850   0.15915E-04
  12860   0.16085E-04
  12870   0.16240E-04
  12880   0.16399E-04
  12890   0.16552E-04
  12900   0.16724E-04
  12910   0.16883E-04
  12920   0.17028E-04
  12930   0.17191E-04
  12940   0.17321E-04
  12950   0.17472E-04
  12960   0.17612E-04
  12970   0.17749E-04
  12980   0.17884E-04
  12990   0.18002E-04
  13000   0.18124E-04
  13010   0.18236E-04
  13020   0.18349E-04
  13030   0.18475E-04
  13040   0.18597E-04
  13050   0.18727E-04
  13060   0.18860E-04
  13070   0.19012E-04
  13080   0.19153E-04
  13090   0.19312E-04
  13100   0.19500E-04
  13110   0.19677E-04
  13120   0.19847E-04
  13130   0.20032E-04
  13140   0.20222E-04
  13150   0.20404E-04
  13160   0.20609E-04
  13170   0.20793E-04
  13180   0.20976E-04
  13190   0.21164E-04
  13200   0.21344E-04
  13210   0.21514E-04
  13220   0.21678E-04
  13230   0.21832E-04
  13240   0.21975E-04
  13250   0.22113E-04
  13260   0.22251E-04
  13270   0.22376E-04
  13280   0.22522E-04
  13290   0.22657E-04
  13300   0.22777E-04
  13310   0.22908E-04
  13320   0.23022E-04
  13330   0.23162E-04
  13340   0.23295E-04
  13350   0.23428E-04
  13360   0.23567E-04
  13370   0.23716E-04
  13380   0.23862E-04
  13390   0.23994E-04
  13400   0.24135E-04
  13410   0.24274E-04
  13420   0.24401E-04
  13430   0.24525E-04
  13440   0.24636E-04
  13450   0.24745E-04
  13460   0.24866E-04
  13470   0.24971E-04
  13480   0.25073E-04
  13490   0.25164E-04
  13500   0.25290E-04
  13510   0.25392E-04
  13520   0.25506E-04
  13530   0.25628E-04
  13540   0.25749E-04
  13550   0.25869E-04
  13560   0.26003E-04
  13570   0.26139E-04
  13580   0.26272E-04
  13590   0.26413E-04
  13600   0.26545E-04
  13610   0.26694E-04
  13620   0.26835E-04
  13630   0.27019E-04
  13640   0.27150E-04
  13650   0.27302E-04
  13660   0.27440E-04
  13670   0.27601E-04
  13680   0.27754E-04
  13690   0.27904E-04
  13700   0.28061E-04
  13710   0.28218E-04
  13720   0.28353E-04
  13730   0.28520E-04
  13740   0.28665E-04
  13750   0.28814E-04
  13760   0.28966E-04
  13770   0.29119E-04
  13780   0.29260E-04
  13790   0.29425E-04
  13800   0.29580E-04
  13810   0.29739E-04
  13820   0.29895E-04
  13830   0.30058E-04
  13840   0.30217E-04
  13850   0.30389E-04
  13860   0.30554E-04
  13870   0.30723E-04
  13880   0.30904E-04
  13890   0.31086E-04
  13900   0.31261E-04
  13910   0.31460E-04
  13920   0.31646E-04
  13930   0.31853E-04
  13940   0.32045E-04
  13950   0.32266E-04
  13960   0.32492E-04
  13970   0.32721E-04
  13980   0.32953E-04
  13990   0.33191E-04
  14000   0.33441E-04
  14010   0.33695E-04
  14020   0.33945E-04
  14030   0.34215E-04
  14040   0.34476E-04
  14050   0.34748E-04
  14060   0.35022E-04
  14070   0.35299E-04
  14080   0.35567E-04
  14090   0.35852E-04
  14100   0.36132E-04
  14110   0.36414E-04
  14120   0.36698E-04
  14130   0.36974E-04
  14140   0.37247E-04
  14150   0.37519E-04
  14160   0.37805E-04
  14170   0.38077E-04
  14180   0.38350E-04
  14190   0.38638E-04
  14200   0.38921E-04
  14210   0.39198E-04
  14220   0.39476E-04
  14230   0.39758E-04
  14240   0.40053E-04
  14250   0.40338E-04
  14260   0.40634E-04
  14270   0.40934E-04
  14280   0.41233E-04
  14290   0.41534E-04
  14300   0.41847E-04
  14310   0.42158E-04
  14320   0.42468E-04
  14330   0.42792E-04
  14340   0.43122E-04
  14350   0.43446E-04
  14360   0.43774E-04
  14370   0.44111E-04
  14380   0.44449E-04
  14390   0.44809E-04
  14400   0.45151E-04
  14410   0.45499E-04
  14420   0.45865E-04
  14430   0.46218E-04
  14440   0.46585E-04
  14450   0.46943E-04
  14460   0.47318E-04
  14470   0.47682E-04
  14480   0.48054E-04
  14490   0.48426E-04
  14500   0.48801E-04
  14510   0.49177E-04
  14520   0.49544E-04
  14530   0.49921E-04
  14540   0.50298E-04
  14550   0.50665E-04
  14560   0.51038E-04
  14570   0.51408E-04
  14580   0.51780E-04
  14590   0.52149E-04
  14600   0.52525E-04
  14610   0.52887E-04
  14620   0.53250E-04
  14630   0.53623E-04
  14640   0.53991E-04
  14650   0.54356E-04
  14660   0.54724E-04
  14670   0.55086E-04
  14680   0.55449E-04
  14690   0.55820E-04
  14700   0.56186E-04
  14710   0.56550E-04
  14720   0.56911E-04
  14730   0.57274E-04
  14740   0.57644E-04
  14750   0.58011E-04
  14760   0.58382E-04
  14770   0.58749E-04
  14780   0.59121E-04
  14790   0.59490E-04
  14800   0.59858E-04
  14810   0.60231E-04
  14820   0.60601E-04
  14830   0.60969E-04
  14840   0.61339E-04
  14850   0.61709E-04
  14860   0.62078E-04
  14870   0.62441E-04
  14880   0.62808E-04
  14890   0.63176E-04
  14900   0.63536E-04
  14910   0.63898E-04
  14920   0.64254E-04
  14930   0.64605E-04
  14940   0.64959E-04
  14950   0.65299E-04
  14960   0.65644E-04
  14970   0.65982E-04
  14980   0.66319E-04
  14990   0.66649E-04
  15000   0.66976E-04
  15010   0.67291E-04
  15020   0.67606E-04
  15030   0.67911E-04
  15040   0.68218E-04
  15050   0.68508E-04
  15060   0.68801E-04
  15070   0.69083E-04
  15080   0.69355E-04
  15090   0.69622E-04
  15100   0.69881E-04
  15110   0.70128E-04
  15120   0.70370E-04
  15130   0.70604E-04
  15140   0.70824E-04
  15150   0.71038E-04
  15160   0.71236E-04
  15170   0.71428E-04
  15180   0.71613E-04
  15190   0.71778E-04
  15200   0.71936E-04
  15210   0.72085E-04
  15220   0.72217E-04
  15230   0.72343E-04
  15240   0.72460E-04
  15250   0.72563E-04
  15260   0.72656E-04
  15270   0.72736E-04
  15280   0.72810E-04
  15290   0.72877E-04
  15300   0.72932E-04
  15310   0.72982E-04
  15320   0.73024E-04
  15330   0.73062E-04
  15340   0.73095E-04
  15350   0.73121E-04
  15360   0.73147E-04
  15370   0.73166E-04
  15380   0.73192E-04
  15390   0.73211E-04
  15400   0.73237E-04
  15410   0.73263E-04
  15420   0.73295E-04
  15430   0.73335E-04
  15440   0.73378E-04
  15450   0.73433E-04
  15460   0.73488E-04
  15470   0.73562E-04
  15480   0.73643E-04
  15490   0.73738E-04
  15500   0.73840E-04
  15510   0.73961E-04
  15520   0.74095E-04
  15530   0.74243E-04
  15540   0.74407E-04
  15550   0.74595E-04
  15560   0.74789E-04
  15570   0.75010E-04
  15580   0.75240E-04
  15590   0.75494E-04
  15600   0.75760E-04
  15610   0.76046E-04
  15620   0.76347E-04
  15630   0.76669E-04
  15640   0.77002E-04
  15650   0.77363E-04
  15660   0.77730E-04
  15670   0.78112E-04
  15680   0.78516E-04
  15690   0.78935E-04
  15700   0.79364E-04
  15710   0.79806E-04
  15720   0.80262E-04
  15730   0.80728E-04
  15740   0.81207E-04
  15750   0.81699E-04
  15760   0.82196E-04
  15770   0.82700E-04
  15780   0.83215E-04
  15790   0.83739E-04
  15800   0.84262E-04
  15810   0.84792E-04
  15820   0.85328E-04
  15830   0.85862E-04
  15840   0.86400E-04
  15850   0.86935E-04
  15860   0.87465E-04
  15870   0.87996E-04
  15880   0.88522E-04
  15890   0.89041E-04
  15900   0.89557E-04
  15910   0.90064E-04
  15920   0.90568E-04
  15930   0.91057E-04
  15940   0.91535E-04
  15950   0.92009E-04
  15960   0.92473E-04
  15970   0.92922E-04
  15980   0.93365E-04
  15990   0.93793E-04
  16000   0.94207E-04
  16010   0.94608E-04
  16020   0.94995E-04
  16030   0.95364E-04
  16040   0.95727E-04
  16050   0.96060E-04
  16060   0.96385E-04
  16070   0.96692E-04
  16080   0.96983E-04
  16090   0.97250E-04
  16100   0.97509E-04
  16110   0.97749E-04
  16120   0.97965E-04
  16130   0.98174E-04
  16140   0.98364E-04
  16150   0.98533E-04
  16160   0.98696E-04
  16170   0.98835E-04
  16180   0.98965E-04
  16190   0.99078E-04
  16200   0.99171E-04
  16210   0.99247E-04
  16220   0.99309E-04
  16230   0.99355E-04
  16240   0.99383E-04
  16250   0.99396E-04
  16260   0.99393E-04
  16270   0.99371E-04
  16280   0.99333E-04
  16290   0.99275E-04
  16300   0.99206E-04
  16310   0.99120E-04
  16320   0.99019E-04
  16330   0.98898E-04
  16340   0.98770E-04
  16350   0.98622E-04
  16360   0.98459E-04
  16370   0.98283E-04
  16380   0.98096E-04
  16390   0.97899E-04
  16400   0.97675E-04
  16410   0.97449E-04
  16420   0.97203E-04
  16430   0.96944E-04
  16440   0.96679E-04
  16450   0.96401E-04
  16460   0.96106E-04
  16470   0.95794E-04
  16480   0.95482E-04
  16490   0.95145E-04
  16500   0.94804E-04
  16510   0.94451E-04
  16520   0.94085E-04
  16530   0.93720E-04
  16540   0.93328E-04
  16550   0.92940E-04
  16560   0.92541E-04
  16570   0.92130E-04
  16580   0.91708E-04
  16590   0.91284E-04
  16600   0.90849E-04
  16610   0.90408E-04
  16620   0.89962E-04
  16630   0.89517E-04
  16640   0.89057E-04
  16650   0.88596E-04
  16660   0.88136E-04
  16670   0.87651E-04
  16680   0.87188E-04
  16690   0.86716E-04
  16700   0.86232E-04
  16710   0.85745E-04
  16720   0.85256E-04
  16730   0.84779E-04
  16740   0.84290E-04
  16750   0.83802E-04
  16760   0.83311E-04
  16770   0.82820E-04
  16780   0.82331E-04
  16790   0.81846E-04
  16800   0.81362E-04
  16810   0.80876E-04
  16820   0.80390E-04
  16830   0.79914E-04
  16840   0.79438E-04
  16850   0.78962E-04
  16860   0.78492E-04
  16870   0.78030E-04
  16880   0.77568E-04
  16890   0.77117E-04
  16900   0.76668E-04
  16910   0.76229E-04
  16920   0.75792E-04
  16930   0.75357E-04
  16940   0.74934E-04
  16950   0.74519E-04
  16960   0.74116E-04
  16970   0.73711E-04
  16980   0.73324E-04
  16990   0.72936E-04
  17000   0.72562E-04
  17010   0.72202E-04
  17020   0.71853E-04
  17030   0.71504E-04
  17040   0.71182E-04
  17050   0.70848E-04
  17060   0.70543E-04
  17070   0.70238E-04
  17080   0.69940E-04
  17090   0.69661E-04
  17100   0.69397E-04
  17110   0.69144E-04
  17120   0.68890E-04
  17130   0.68656E-04
  17140   0.68436E-04
  17150   0.68218E-04
  17160   0.68022E-04
  17170   0.67850E-04
  17180   0.67662E-04
  17190   0.67500E-04
  17200   0.67350E-04
  17210   0.67200E-04
  17220   0.67080E-04
  17230   0.66956E-04
  17240   0.66854E-04
  17250   0.66768E-04
  17260   0.66677E-04
  17270   0.66596E-04
  17280   0.66547E-04
  17290   0.66481E-04
  17300   0.66430E-04
  17310   0.66400E-04
  17320   0.66393E-04
  17330   0.66369E-04
  17340   0.66366E-04
  17350   0.66352E-04
  17360   0.66368E-04
  17370   0.66383E-04
  17380   0.66415E-04
  17390   0.66438E-04
  17400   0.66481E-04
  17410   0.66520E-04
  17420   0.66578E-04
  17430   0.66632E-04
  17440   0.66699E-04
  17450   0.66765E-04
  17460   0.66834E-04
  17470   0.66897E-04
  17480   0.66961E-04
  17490   0.67057E-04
  17500   0.67124E-04
  17510   0.67221E-04
  17520   0.67295E-04
  17530   0.67400E-04
  17540   0.67464E-04
  17550   0.67563E-04
  17560   0.67639E-04
  17570   0.67734E-04
  17580   0.67822E-04
  17590   0.67919E-04
  17600   0.68002E-04
  17610   0.68086E-04
  17620   0.68177E-04
  17630   0.68253E-04
  17640   0.68342E-04
  17650   0.68420E-04
  17660   0.68498E-04
  17670   0.68583E-04
  17680   0.68670E-04
  17690   0.68739E-04
  17700   0.68819E-04
  17710   0.68907E-04
  17720   0.68973E-04
  17730   0.69027E-04
  17740   0.69101E-04
  17750   0.69144E-04
  17760   0.69222E-04
  17770   0.69281E-04
  17780   0.69331E-04
  17790   0.69376E-04
  17800   0.69450E-04
  17810   0.69470E-04
  17820   0.69520E-04
  17830   0.69563E-04
  17840   0.69603E-04
  17850   0.69648E-04
  17860   0.69672E-04
  17870   0.69700E-04
  17880   0.69721E-04
  17890   0.69755E-04
  17900   0.69769E-04
  17910   0.69800E-04
  17920   0.69795E-04
  17930   0.69820E-04
  17940   0.69809E-04
  17950   0.69819E-04
  17960   0.69807E-04
  17970   0.69780E-04
  17980   0.69790E-04
  17990   0.69773E-04
  18000   0.69757E-04
  18010   0.69715E-04
  18020   0.69697E-04
  18030   0.69657E-04
  18040   0.69617E-04
  18050   0.69593E-04
  18060   0.69519E-04
  18070   0.69481E-04
  18080   0.69420E-04
  18090   0.69367E-04
  18100   0.69269E-04
  18110   0.69197E-04
  18120   0.69120E-04
  18130   0.69043E-04
  18140   0.68926E-04
  18150   0.68829E-04
  18160   0.68720E-04
  18170   0.68619E-04
  18180   0.68515E-04
  18190   0.68389E-04
  18200   0.68275E-04
  18210   0.68160E-04
  18220   0.68016E-04
  18230   0.67850E-04
  18240   0.67689E-04
  18250   0.67548E-04
  18260   0.67404E-04
  18270   0.67221E-04
  18280   0.67078E-04
  18290   0.66880E-04
  18300   0.66732E-04
  18310   0.66544E-04
  18320   0.66366E-04
  18330   0.66207E-04
  18340   0.66005E-04
  18350   0.65821E-04
  18360   0.65630E-04
  18370   0.65439E-04
  18380   0.65233E-04
  18390   0.65059E-04
  18400   0.64867E-04
  18410   0.64673E-04
  18420   0.64484E-04
  18430   0.64267E-04
  18440   0.64089E-04
  18450   0.63901E-04
  18460   0.63718E-04
  18470   0.63510E-04
  18480   0.63320E-04
  18490   0.63171E-04
  18500   0.62987E-04
  18510   0.62808E-04
  18520   0.62647E-04
  18530   0.62485E-04
  18540   0.62324E-04
  18550   0.62164E-04
  18560   0.62034E-04
  18570   0.61906E-04
  18580   0.61751E-04
  18590   0.61620E-04
  18600   0.61512E-04
  18610   0.61391E-04
  18620   0.61269E-04
  18630   0.61181E-04
  18640   0.61098E-04
  18650   0.60984E-04
  18660   0.60921E-04
  18670   0.60843E-04
  18680   0.60791E-04
  18690   0.60725E-04
  18700   0.60667E-04
  18710   0.60628E-04
  18720   0.60594E-04
  18730   0.60570E-04
  18740   0.60533E-04
  18750   0.60510E-04
  18760   0.60482E-04
  18770   0.60495E-04
  18780   0.60458E-04
  18790   0.60454E-04
  18800   0.60474E-04
  18810   0.60476E-04
  18820   0.60483E-04
  18830   0.60471E-04
  18840   0.60486E-04
  18850   0.60482E-04
  18860   0.60516E-04
  18870   0.60515E-04
  18880   0.60545E-04
  18890   0.60540E-04
  18900   0.60561E-04
  18910   0.60554E-04
  18920   0.60544E-04
  18930   0.60561E-04
  18940   0.60546E-04
  18950   0.60538E-04
  18960   0.60531E-04
  18970   0.60519E-04
  18980   0.60478E-04
  18990   0.60445E-04
  19000   0.60444E-04
  19010   0.60383E-04
  19020   0.60333E-04
  19030   0.60287E-04
  19040   0.60219E-04
  19050   0.60161E-04
  19060   0.60090E-04
  19070   0.59973E-04
  19080   0.59883E-04
  19090   0.59807E-04
  19100   0.59684E-04
  19110   0.59542E-04
  19120   0.59418E-04
  19130   0.59281E-04
  19140   0.59137E-04
  19150   0.58991E-04
  19160   0.58799E-04
  19170   0.58612E-04
  19180   0.58431E-04
  19190   0.58198E-04
  19200   0.58004E-04
  19210   0.57785E-04
  19220   0.57570E-04
  19230   0.57294E-04
  19240   0.57072E-04
  19250   0.56809E-04
  19260   0.56533E-04
  19270   0.56244E-04
  19280   0.55971E-04
  19290   0.55693E-04
  19300   0.55367E-04
  19310   0.55054E-04
  19320   0.54741E-04
  19330   0.54386E-04
  19340   0.54072E-04
  19350   0.53704E-04
  19360   0.53365E-04
  19370   0.53034E-04
  19380   0.52653E-04
  19390   0.52295E-04
  19400   0.51897E-04
  19410   0.51525E-04
  19420   0.51129E-04
  19430   0.50786E-04
  19440   0.50379E-04
  19450   0.49960E-04
  19460   0.49579E-04
  19470   0.49178E-04
  19480   0.48770E-04
  19490   0.48388E-04
  19500   0.47972E-04
  19510   0.47583E-04
  19520   0.47179E-04
  19530   0.46771E-04
  19540   0.46388E-04
  19550   0.45985E-04
  19560   0.45579E-04
  19570   0.45202E-04
  19580   0.44824E-04
  19590   0.44417E-04
  19600   0.44032E-04
  19610   0.43654E-04
  19620   0.43311E-04
  19630   0.42932E-04
  19640   0.42579E-04
  19650   0.42235E-04
  19660   0.41868E-04
  19670   0.41533E-04
  19680   0.41223E-04
  19690   0.40885E-04
  19700   0.40602E-04
  19710   0.40293E-04
  19720   0.40007E-04
  19730   0.39731E-04
  19740   0.39451E-04
  19750   0.39206E-04
  19760   0.38931E-04
  19770   0.38711E-04
  19780   0.38471E-04
  19790   0.38249E-04
  19800   0.38041E-04
  19810   0.37848E-04
  19820   0.37682E-04
  19830   0.37516E-04
  19840   0.37363E-04
  19850   0.37180E-04
  19860   0.37071E-04
  19870   0.36949E-04
  19880   0.36855E-04
  19890   0.36736E-04
  19900   0.36643E-04
  19910   0.36556E-04
  19920   0.36489E-04
  19930   0.36457E-04
  19940   0.36384E-04
  19950   0.36341E-04
  19960   0.36313E-04
  19970   0.36302E-04
  19980   0.36288E-04
  19990   0.36286E-04
  20000   0.36289E-04
