     10   0.10500E-02
     20   0.88973E-03
     30   0.78487E-03
     40   0.71052E-03
     50   0.65436E-03
     60   0.60935E-03
     70   0.57137E-03
     80   0.53833E-03
     90   0.50899E-03
    100   0.48237E-03
    110   0.45843E-03
    120   0.43621E-03
    130   0.41544E-03
    140   0.39593E-03
    150   0.37754E-03
    160   0.36020E-03
    170   0.34384E-03
    180   0.32835E-03
    190   0.31373E-03
    200   0.29989E-03
    210   0.28672E-03
    220   0.27431E-03
    230   0.26260E-03
    240   0.25161E-03
    250   0.24128E-03
    260   0.23156E-03
    270   0.22245E-03
    280   0.21387E-03
    290   0.20587E-03
    300   0.19837E-03
    310   0.19138E-03
    320   0.18486E-03
    330   0.17879E-03
    340   0.17320E-03
    350   0.16808E-03
    360   0.16345E-03
    370   0.15929E-03
    380   0.15565E-03
    390   0.15244E-03
    400   0.14964E-03
    410   0.14724E-03
    420   0.14510E-03
    430   0.14317E-03
    440   0.14138E-03
    450   0.13964E-03
    460   0.13792E-03
    470   0.13615E-03
    480   0.13431E-03
    490   0.13240E-03
    500   0.13040E-03
    510   0.12837E-03
    520   0.12631E-03
    530   0.12424E-03
    540   0.12222E-03
    550   0.12028E-03
    560   0.11848E-03
    570   0.11684E-03
    580   0.11542E-03
    590   0.11425E-03
    600   0.11333E-03
    610   0.11268E-03
    620   0.11228E-03
    630   0.11213E-03
    640   0.11222E-03
    650   0.11250E-03
    660   0.11297E-03
    670   0.11358E-03
    680   0.11431E-03
    690   0.11512E-03
    700   0.11600E-03
    710   0.11690E-03
    720   0.11780E-03
    730   0.11867E-03
    740   0.11949E-03
    750   0.12023E-03
    760   0.12088E-03
    770   0.12142E-03
    780   0.12184E-03
    790   0.12212E-03
    800   0.12226E-03
    810   0.12226E-03
    820   0.12211E-03
    830   0.12182E-03
    840   0.12138E-03
    850   0.12081E-03
    860   0.12011E-03
    870   0.11929E-03
    880   0.11836E-03
    890   0.11733E-03
    900   0.11620E-03
    910   0.11501E-03
    920   0.11375E-03
    930   0.11245E-03
    940   0.11112E-03
    950   0.10977E-03
    960   0.10843E-03
    970   0.10713E-03
    980   0.10587E-03
    990   0.10466E-03
   1000   0.10355E-03
   1010   0.10253E-03
   1020   0.10165E-03
   1030   0.10090E-03
   1040   0.10029E-03
   1050   0.99839E-04
   1060   0.99547E-04
   1070   0.99411E-04
   1080   0.99423E-04
   1090   0.99571E-04
   1100   0.99873E-04
   1110   0.10029E-03
   1120   0.10082E-03
   1130   0.10142E-03
   1140   0.10211E-03
   1150   0.10284E-03
   1160   0.10361E-03
   1170   0.10440E-03
   1180   0.10519E-03
   1190   0.10596E-03
   1200   0.10670E-03
   1210   0.10741E-03
   1220   0.10807E-03
   1230   0.10867E-03
   1240   0.10921E-03
   1250   0.10968E-03
   1260   0.11009E-03
   1270   0.11044E-03
   1280   0.11072E-03
   1290   0.11094E-03
   1300   0.11111E-03
   1310   0.11123E-03
   1320   0.11132E-03
   1330   0.11138E-03
   1340   0.11140E-03
   1350   0.11142E-03
   1360   0.11145E-03
   1370   0.11148E-03
   1380   0.11153E-03
   1390   0.11160E-03
   1400   0.11170E-03
   1410   0.11183E-03
   1420   0.11201E-03
   1430   0.11223E-03
   1440   0.11247E-03
   1450   0.11277E-03
   1460   0.11310E-03
   1470   0.11345E-03
   1480   0.11383E-03
   1490   0.11422E-03
   1500   0.11461E-03
   1510   0.11500E-03
   1520   0.11538E-03
   1530   0.11572E-03
   1540   0.11604E-03
   1550   0.11631E-03
   1560   0.11655E-03
   1570   0.11670E-03
   1580   0.11680E-03
   1590   0.11683E-03
   1600   0.11680E-03
   1610   0.11668E-03
   1620   0.11649E-03
   1630   0.11625E-03
   1640   0.11592E-03
   1650   0.11554E-03
   1660   0.11509E-03
   1670   0.11460E-03
   1680   0.11405E-03
   1690   0.11347E-03
   1700   0.11287E-03
   1710   0.11225E-03
   1720   0.11163E-03
   1730   0.11101E-03
   1740   0.11041E-03
   1750   0.10984E-03
   1760   0.10931E-03
   1770   0.10885E-03
   1780   0.10844E-03
   1790   0.10810E-03
   1800   0.10785E-03
   1810   0.10770E-03
   1820   0.10764E-03
   1830   0.10768E-03
   1840   0.10785E-03
   1850   0.10813E-03
   1860   0.10850E-03
   1870   0.10901E-03
   1880   0.10963E-03
   1890   0.11035E-03
   1900   0.11119E-03
   1910   0.11212E-03
   1920   0.11314E-03
   1930   0.11424E-03
   1940   0.11540E-03
   1950   0.11665E-03
   1960   0.11793E-03
   1970   0.11928E-03
   1980   0.12065E-03
   1990   0.12205E-03
   2000   0.12347E-03
   2010   0.12489E-03
   2020   0.12632E-03
   2030   0.12774E-03
   2040   0.12915E-03
   2050   0.13053E-03
   2060   0.13189E-03
   2070   0.13320E-03
   2080   0.13450E-03
   2090   0.13574E-03
   2100   0.13694E-03
   2110   0.13810E-03
   2120   0.13921E-03
   2130   0.14027E-03
   2140   0.14128E-03
   2150   0.14221E-03
   2160   0.14312E-03
   2170   0.14395E-03
   2180   0.14475E-03
   2190   0.14546E-03
   2200   0.14612E-03
   2210   0.14675E-03
   2220   0.14731E-03
   2230   0.14779E-03
   2240   0.14824E-03
   2250   0.14865E-03
   2260   0.14900E-03
   2270   0.14927E-03
   2280   0.14952E-03
   2290   0.14969E-03
   2300   0.14985E-03
   2310   0.14992E-03
   2320   0.14997E-03
   2330   0.14995E-03
   2340   0.14990E-03
   2350   0.14981E-03
   2360   0.14965E-03
   2370   0.14944E-03
   2380   0.14922E-03
   2390   0.14895E-03
   2400   0.14863E-03
   2410   0.14826E-03
   2420   0.14787E-03
   2430   0.14742E-03
   2440   0.14694E-03
   2450   0.14644E-03
   2460   0.14587E-03
   2470   0.14528E-03
   2480   0.14466E-03
   2490   0.14400E-03
   2500   0.14331E-03
   2510   0.14260E-03
   2520   0.14184E-03
   2530   0.14106E-03
   2540   0.14026E-03
   2550   0.13943E-03
   2560   0.13856E-03
   2570   0.13769E-03
   2580   0.13678E-03
   2590   0.13583E-03
   2600   0.13490E-03
   2610   0.13391E-03
   2620   0.13293E-03
   2630   0.13191E-03
   2640   0.13089E-03
   2650   0.12986E-03
   2660   0.12879E-03
   2670   0.12768E-03
   2680   0.12660E-03
   2690   0.12550E-03
   2700   0.12438E-03
   2710   0.12323E-03
   2720   0.12208E-03
   2730   0.12093E-03
   2740   0.11978E-03
   2750   0.11859E-03
   2760   0.11740E-03
   2770   0.11623E-03
   2780   0.11504E-03
   2790   0.11383E-03
   2800   0.11264E-03
   2810   0.11143E-03
   2820   0.11024E-03
   2830   0.10906E-03
   2840   0.10788E-03
   2850   0.10670E-03
   2860   0.10551E-03
   2870   0.10437E-03
   2880   0.10320E-03
   2890   0.10206E-03
   2900   0.10092E-03
   2910   0.99818E-04
   2920   0.98746E-04
   2930   0.97635E-04
   2940   0.96596E-04
   2950   0.95568E-04
   2960   0.94556E-04
   2970   0.93544E-04
   2980   0.92566E-04
   2990   0.91623E-04
   3000   0.90669E-04
   3010   0.89755E-04
   3020   0.88871E-04
   3030   0.88003E-04
   3040   0.87156E-04
   3050   0.86340E-04
   3060   0.85518E-04
   3070   0.84739E-04
   3080   0.83963E-04
   3090   0.83222E-04
   3100   0.82490E-04
   3110   0.81762E-04
   3120   0.81074E-04
   3130   0.80404E-04
   3140   0.79756E-04
   3150   0.79090E-04
   3160   0.78474E-04
   3170   0.77826E-04
   3180   0.77245E-04
   3190   0.76639E-04
   3200   0.76067E-04
   3210   0.75480E-04
   3220   0.74936E-04
   3230   0.74399E-04
   3240   0.73853E-04
   3250   0.73329E-04
   3260   0.72801E-04
   3270   0.72303E-04
   3280   0.71814E-04
   3290   0.71317E-04
   3300   0.70844E-04
   3310   0.70385E-04
   3320   0.69946E-04
   3330   0.69470E-04
   3340   0.69043E-04
   3350   0.68606E-04
   3360   0.68186E-04
   3370   0.67780E-04
   3380   0.67383E-04
   3390   0.66989E-04
   3400   0.66596E-04
   3410   0.66223E-04
   3420   0.65863E-04
   3430   0.65509E-04
   3440   0.65161E-04
   3450   0.64843E-04
   3460   0.64505E-04
   3470   0.64198E-04
   3480   0.63889E-04
   3490   0.63601E-04
   3500   0.63307E-04
   3510   0.63030E-04
   3520   0.62781E-04
   3530   0.62514E-04
   3540   0.62271E-04
   3550   0.62032E-04
   3560   0.61802E-04
   3570   0.61575E-04
   3580   0.61379E-04
   3590   0.61175E-04
   3600   0.60973E-04
   3610   0.60824E-04
   3620   0.60618E-04
   3630   0.60452E-04
   3640   0.60308E-04
   3650   0.60146E-04
   3660   0.60018E-04
   3670   0.59885E-04
   3680   0.59742E-04
   3690   0.59614E-04
   3700   0.59524E-04
   3710   0.59413E-04
   3720   0.59312E-04
   3730   0.59220E-04
   3740   0.59124E-04
   3750   0.59044E-04
   3760   0.58976E-04
   3770   0.58899E-04
   3780   0.58827E-04
   3790   0.58789E-04
   3800   0.58735E-04
   3810   0.58685E-04
   3820   0.58627E-04
   3830   0.58596E-04
   3840   0.58564E-04
   3850   0.58529E-04
   3860   0.58507E-04
   3870   0.58493E-04
   3880   0.58470E-04
   3890   0.58454E-04
   3900   0.58446E-04
   3910   0.58450E-04
   3920   0.58444E-04
   3930   0.58462E-04
   3940   0.58464E-04
   3950   0.58490E-04
   3960   0.58483E-04
   3970   0.58514E-04
   3980   0.58540E-04
   3990   0.58557E-04
   4000   0.58595E-04
   4010   0.58622E-04
   4020   0.58674E-04
   4030   0.58708E-04
   4040   0.58750E-04
   4050   0.58800E-04
   4060   0.58840E-04
   4070   0.58896E-04
   4080   0.58962E-04
   4090   0.59012E-04
   4100   0.59075E-04
   4110   0.59143E-04
   4120   0.59210E-04
   4130   0.59280E-04
   4140   0.59354E-04
   4150   0.59424E-04
   4160   0.59499E-04
   4170   0.59589E-04
   4180   0.59662E-04
   4190   0.59738E-04
   4200   0.59824E-04
   4210   0.59902E-04
   4220   0.59997E-04
   4230   0.60077E-04
   4240   0.60165E-04
   4250   0.60251E-04
   4260   0.60329E-04
   4270   0.60417E-04
   4280   0.60501E-04
   4290   0.60602E-04
   4300   0.60685E-04
   4310   0.60778E-04
   4320   0.60861E-04
   4330   0.60934E-04
   4340   0.61041E-04
   4350   0.61115E-04
   4360   0.61196E-04
   4370   0.61283E-04
   4380   0.61359E-04
   4390   0.61441E-04
   4400   0.61518E-04
   4410   0.61591E-04
   4420   0.61666E-04
   4430   0.61720E-04
   4440   0.61810E-04
   4450   0.61865E-04
   4460   0.61919E-04
   4470   0.61983E-04
   4480   0.62034E-04
   4490   0.62078E-04
   4500   0.62134E-04
   4510   0.62182E-04
   4520   0.62217E-04
   4530   0.62243E-04
   4540   0.62283E-04
   4550   0.62319E-04
   4560   0.62338E-04
   4570   0.62358E-04
   4580   0.62367E-04
   4590   0.62371E-04
   4600   0.62377E-04
   4610   0.62372E-04
   4620   0.62372E-04
   4630   0.62353E-04
   4640   0.62348E-04
   4650   0.62328E-04
   4660   0.62313E-04
   4670   0.62271E-04
   4680   0.62249E-04
   4690   0.62204E-04
   4700   0.62161E-04
   4710   0.62117E-04
   4720   0.62064E-04
   4730   0.62025E-04
   4740   0.61962E-04
   4750   0.61896E-04
   4760   0.61825E-04
   4770   0.61750E-04
   4780   0.61672E-04
   4790   0.61604E-04
   4800   0.61511E-04
   4810   0.61422E-04
   4820   0.61356E-04
   4830   0.61261E-04
   4840   0.61157E-04
   4850   0.61049E-04
   4860   0.60963E-04
   4870   0.60864E-04
   4880   0.60759E-04
   4890   0.60652E-04
   4900   0.60549E-04
   4910   0.60434E-04
   4920   0.60343E-04
   4930   0.60225E-04
   4940   0.60121E-04
   4950   0.60017E-04
   4960   0.59898E-04
   4970   0.59791E-04
   4980   0.59680E-04
   4990   0.59573E-04
   5000   0.59461E-04
   5010   0.59357E-04
   5020   0.59259E-04
   5030   0.59141E-04
   5040   0.59035E-04
   5050   0.58935E-04
   5060   0.58823E-04
   5070   0.58719E-04
   5080   0.58631E-04
   5090   0.58535E-04
   5100   0.58428E-04
   5110   0.58348E-04
   5120   0.58261E-04
   5130   0.58169E-04
   5140   0.58087E-04
   5150   0.58005E-04
   5160   0.57912E-04
   5170   0.57844E-04
   5180   0.57771E-04
   5190   0.57694E-04
   5200   0.57629E-04
   5210   0.57567E-04
   5220   0.57513E-04
   5230   0.57443E-04
   5240   0.57376E-04
   5250   0.57339E-04
   5260   0.57281E-04
   5270   0.57231E-04
   5280   0.57187E-04
   5290   0.57144E-04
   5300   0.57097E-04
   5310   0.57055E-04
   5320   0.57025E-04
   5330   0.57001E-04
   5340   0.56964E-04
   5350   0.56938E-04
   5360   0.56912E-04
   5370   0.56898E-04
   5380   0.56869E-04
   5390   0.56858E-04
   5400   0.56838E-04
   5410   0.56825E-04
   5420   0.56813E-04
   5430   0.56803E-04
   5440   0.56783E-04
   5450   0.56784E-04
   5460   0.56770E-04
   5470   0.56762E-04
   5480   0.56769E-04
   5490   0.56759E-04
   5500   0.56759E-04
   5510   0.56763E-04
   5520   0.56765E-04
   5530   0.56779E-04
   5540   0.56763E-04
   5550   0.56762E-04
   5560   0.56781E-04
   5570   0.56785E-04
   5580   0.56784E-04
   5590   0.56799E-04
   5600   0.56790E-04
   5610   0.56815E-04
   5620   0.56808E-04
   5630   0.56814E-04
   5640   0.56825E-04
   5650   0.56827E-04
   5660   0.56844E-04
   5670   0.56843E-04
   5680   0.56853E-04
   5690   0.56845E-04
   5700   0.56873E-04
   5710   0.56866E-04
   5720   0.56868E-04
   5730   0.56876E-04
   5740   0.56869E-04
   5750   0.56878E-04
   5760   0.56882E-04
   5770   0.56888E-04
   5780   0.56882E-04
   5790   0.56879E-04
   5800   0.56877E-04
   5810   0.56879E-04
   5820   0.56880E-04
   5830   0.56864E-04
   5840   0.56878E-04
   5850   0.56862E-04
   5860   0.56854E-04
   5870   0.56847E-04
   5880   0.56838E-04
   5890   0.56821E-04
   5900   0.56824E-04
   5910   0.56801E-04
   5920   0.56786E-04
   5930   0.56785E-04
   5940   0.56760E-04
   5950   0.56747E-04
   5960   0.56734E-04
   5970   0.56716E-04
   5980   0.56706E-04
   5990   0.56663E-04
   6000   0.56648E-04
   6010   0.56633E-04
   6020   0.56601E-04
   6030   0.56581E-04
   6040   0.56560E-04
   6050   0.56536E-04
   6060   0.56503E-04
   6070   0.56480E-04
   6080   0.56428E-04
   6090   0.56394E-04
   6100   0.56360E-04
   6110   0.56328E-04
   6120   0.56297E-04
   6130   0.56261E-04
   6140   0.56219E-04
   6150   0.56164E-04
   6160   0.56120E-04
   6170   0.56078E-04
   6180   0.56055E-04
   6190   0.56001E-04
   6200   0.55942E-04
   6210   0.55884E-04
   6220   0.55829E-04
   6230   0.55780E-04
   6240   0.55715E-04
   6250   0.55656E-04
   6260   0.55582E-04
   6270   0.55524E-04
   6280   0.55459E-04
   6290   0.55381E-04
   6300   0.55304E-04
   6310   0.55231E-04
   6320   0.55158E-04
   6330   0.55078E-04
   6340   0.54993E-04
   6350   0.54909E-04
   6360   0.54828E-04
   6370   0.54743E-04
   6380   0.54635E-04
   6390   0.54542E-04
   6400   0.54449E-04
   6410   0.54363E-04
   6420   0.54247E-04
   6430   0.54142E-04
   6440   0.54041E-04
   6450   0.53921E-04
   6460   0.53817E-04
   6470   0.53707E-04
   6480   0.53595E-04
   6490   0.53469E-04
   6500   0.53325E-04
   6510   0.53211E-04
   6520   0.53103E-04
   6530   0.52966E-04
   6540   0.52835E-04
   6550   0.52711E-04
   6560   0.52577E-04
   6570   0.52442E-04
   6580   0.52299E-04
   6590   0.52168E-04
   6600   0.52035E-04
   6610   0.51885E-04
   6620   0.51742E-04
   6630   0.51623E-04
   6640   0.51486E-04
   6650   0.51327E-04
   6660   0.51193E-04
   6670   0.51073E-04
   6680   0.50927E-04
   6690   0.50798E-04
   6700   0.50656E-04
   6710   0.50510E-04
   6720   0.50377E-04
   6730   0.50228E-04
   6740   0.50103E-04
   6750   0.49964E-04
   6760   0.49822E-04
   6770   0.49686E-04
   6780   0.49556E-04
   6790   0.49438E-04
   6800   0.49308E-04
   6810   0.49179E-04
   6820   0.49049E-04
   6830   0.48916E-04
   6840   0.48812E-04
   6850   0.48697E-04
   6860   0.48572E-04
   6870   0.48460E-04
   6880   0.48328E-04
   6890   0.48227E-04
   6900   0.48113E-04
   6910   0.47996E-04
   6920   0.47896E-04
   6930   0.47804E-04
   6940   0.47693E-04
   6950   0.47593E-04
   6960   0.47482E-04
   6970   0.47383E-04
   6980   0.47292E-04
   6990   0.47198E-04
   7000   0.47105E-04
   7010   0.47001E-04
   7020   0.46918E-04
   7030   0.46818E-04
   7040   0.46731E-04
   7050   0.46640E-04
   7060   0.46555E-04
   7070   0.46468E-04
   7080   0.46383E-04
   7090   0.46300E-04
   7100   0.46212E-04
   7110   0.46131E-04
   7120   0.46051E-04
   7130   0.45953E-04
   7140   0.45894E-04
   7150   0.45816E-04
   7160   0.45734E-04
   7170   0.45642E-04
   7180   0.45574E-04
   7190   0.45506E-04
   7200   0.45422E-04
   7210   0.45354E-04
   7220   0.45275E-04
   7230   0.45191E-04
   7240   0.45128E-04
   7250   0.45059E-04
   7260   0.44968E-04
   7270   0.44904E-04
   7280   0.44818E-04
   7290   0.44765E-04
   7300   0.44680E-04
   7310   0.44624E-04
   7320   0.44539E-04
   7330   0.44480E-04
   7340   0.44412E-04
   7350   0.44327E-04
   7360   0.44251E-04
   7370   0.44193E-04
   7380   0.44146E-04
   7390   0.44062E-04
   7400   0.43994E-04
   7410   0.43936E-04
   7420   0.43864E-04
   7430   0.43801E-04
   7440   0.43735E-04
   7450   0.43670E-04
   7460   0.43578E-04
   7470   0.43507E-04
   7480   0.43448E-04
   7490   0.43377E-04
   7500   0.43307E-04
   7510   0.43251E-04
   7520   0.43173E-04
   7530   0.43104E-04
   7540   0.43032E-04
   7550   0.42970E-04
   7560   0.42902E-04
   7570   0.42821E-04
   7580   0.42752E-04
   7590   0.42680E-04
   7600   0.42611E-04
   7610   0.42548E-04
   7620   0.42460E-04
   7630   0.42399E-04
   7640   0.42324E-04
   7650   0.42234E-04
   7660   0.42176E-04
   7670   0.42102E-04
   7680   0.42022E-04
   7690   0.41940E-04
   7700   0.41866E-04
   7710   0.41806E-04
   7720   0.41718E-04
   7730   0.41639E-04
   7740   0.41564E-04
   7750   0.41496E-04
   7760   0.41402E-04
   7770   0.41330E-04
   7780   0.41255E-04
   7790   0.41157E-04
   7800   0.41090E-04
   7810   0.41007E-04
   7820   0.40907E-04
   7830   0.40823E-04
   7840   0.40728E-04
   7850   0.40645E-04
   7860   0.40568E-04
   7870   0.40471E-04
   7880   0.40397E-04
   7890   0.40294E-04
   7900   0.40197E-04
   7910   0.40099E-04
   7920   0.40021E-04
   7930   0.39934E-04
   7940   0.39849E-04
   7950   0.39761E-04
   7960   0.39642E-04
   7970   0.39551E-04
   7980   0.39472E-04
   7990   0.39374E-04
   8000   0.39262E-04
   8010   0.39164E-04
   8020   0.39085E-04
   8030   0.38983E-04
   8040   0.38890E-04
   8050   0.38792E-04
   8060   0.38686E-04
   8070   0.38581E-04
   8080   0.38492E-04
   8090   0.38391E-04
   8100   0.38278E-04
   8110   0.38181E-04
   8120   0.38083E-04
   8130   0.37994E-04
   8140   0.37881E-04
   8150   0.37778E-04
   8160   0.37670E-04
   8170   0.37569E-04
   8180   0.37484E-04
   8190   0.37372E-04
   8200   0.37260E-04
   8210   0.37155E-04
   8220   0.37050E-04
   8230   0.36965E-04
   8240   0.36837E-04
   8250   0.36740E-04
   8260   0.36633E-04
   8270   0.36540E-04
   8280   0.36427E-04
   8290   0.36308E-04
   8300   0.36220E-04
   8310   0.36095E-04
   8320   0.36002E-04
   8330   0.35883E-04
   8340   0.35796E-04
   8350   0.35691E-04
   8360   0.35576E-04
   8370   0.35452E-04
   8380   0.35371E-04
   8390   0.35268E-04
   8400   0.35172E-04
   8410   0.35043E-04
   8420   0.34931E-04
   8430   0.34833E-04
   8440   0.34733E-04
   8450   0.34618E-04
   8460   0.34513E-04
   8470   0.34404E-04
   8480   0.34294E-04
   8490   0.34209E-04
   8500   0.34103E-04
   8510   0.33998E-04
   8520   0.33884E-04
   8530   0.33772E-04
   8540   0.33666E-04
   8550   0.33566E-04
   8560   0.33455E-04
   8570   0.33346E-04
   8580   0.33242E-04
   8590   0.33140E-04
   8600   0.33036E-04
   8610   0.32934E-04
   8620   0.32833E-04
   8630   0.32729E-04
   8640   0.32613E-04
   8650   0.32515E-04
   8660   0.32408E-04
   8670   0.32298E-04
   8680   0.32212E-04
   8690   0.32085E-04
   8700   0.31998E-04
   8710   0.31889E-04
   8720   0.31781E-04
   8730   0.31672E-04
   8740   0.31567E-04
   8750   0.31475E-04
   8760   0.31355E-04
   8770   0.31252E-04
   8780   0.31160E-04
   8790   0.31052E-04
   8800   0.30953E-04
   8810   0.30838E-04
   8820   0.30734E-04
   8830   0.30633E-04
   8840   0.30520E-04
   8850   0.30446E-04
   8860   0.30330E-04
   8870   0.30217E-04
   8880   0.30124E-04
   8890   0.30028E-04
   8900   0.29917E-04
   8910   0.29805E-04
   8920   0.29708E-04
   8930   0.29596E-04
   8940   0.29496E-04
   8950   0.29387E-04
   8960   0.29286E-04
   8970   0.29193E-04
   8980   0.29102E-04
   8990   0.28989E-04
   9000   0.28859E-04
   9010   0.28774E-04
   9020   0.28685E-04
   9030   0.28578E-04
   9040   0.28482E-04
   9050   0.28378E-04
   9060   0.28290E-04
   9070   0.28170E-04
   9080   0.28084E-04
   9090   0.27970E-04
   9100   0.27870E-04
   9110   0.27766E-04
   9120   0.27664E-04
   9130   0.27564E-04
   9140   0.27448E-04
   9150   0.27358E-04
   9160   0.27268E-04
   9170   0.27164E-04
   9180   0.27065E-04
   9190   0.26944E-04
   9200   0.26865E-04
   9210   0.26757E-04
   9220   0.26660E-04
   9230   0.26565E-04
   9240   0.26439E-04
   9250   0.26361E-04
   9260   0.26261E-04
   9270   0.26156E-04
   9280   0.26052E-04
   9290   0.25967E-04
   9300   0.25863E-04
   9310   0.25752E-04
   9320   0.25637E-04
   9330   0.25545E-04
   9340   0.25467E-04
   9350   0.25338E-04
   9360   0.25244E-04
   9370   0.25148E-04
   9380   0.25049E-04
   9390   0.24949E-04
   9400   0.24851E-04
   9410   0.24754E-04
   9420   0.24662E-04
   9430   0.24561E-04
   9440   0.24469E-04
   9450   0.24363E-04
   9460   0.24290E-04
   9470   0.24159E-04
   9480   0.24073E-04
   9490   0.23982E-04
   9500   0.23882E-04
   9510   0.23794E-04
   9520   0.23692E-04
   9530   0.23596E-04
   9540   0.23496E-04
   9550   0.23410E-04
   9560   0.23316E-04
   9570   0.23227E-04
   9580   0.23126E-04
   9590   0.23048E-04
   9600   0.22949E-04
   9610   0.22850E-04
   9620   0.22756E-04
   9630   0.22657E-04
   9640   0.22570E-04
   9650   0.22482E-04
   9660   0.22387E-04
   9670   0.22309E-04
   9680   0.22217E-04
   9690   0.22132E-04
   9700   0.22030E-04
   9710   0.21937E-04
   9720   0.21847E-04
   9730   0.21776E-04
   9740   0.21668E-04
   9750   0.21586E-04
   9760   0.21508E-04
   9770   0.21401E-04
   9780   0.21335E-04
   9790   0.21264E-04
   9800   0.21151E-04
   9810   0.21075E-04
   9820   0.20986E-04
   9830   0.20912E-04
   9840   0.20821E-04
   9850   0.20711E-04
   9860   0.20652E-04
   9870   0.20569E-04
   9880   0.20490E-04
   9890   0.20408E-04
   9900   0.20312E-04
   9910   0.20250E-04
   9920   0.20155E-04
   9930   0.20077E-04
   9940   0.19984E-04
   9950   0.19928E-04
   9960   0.19834E-04
   9970   0.19749E-04
   9980   0.19684E-04
   9990   0.19596E-04
  10000   0.19529E-04
  10010   0.19447E-04
  10020   0.19376E-04
  10030   0.19280E-04
  10040   0.19216E-04
  10050   0.19147E-04
  10060   0.19046E-04
  10070   0.18984E-04
  10080   0.18912E-04
  10090   0.18805E-04
  10100   0.18747E-04
  10110   0.18658E-04
  10120   0.18588E-04
  10130   0.18511E-04
  10140   0.18434E-04
  10150   0.18366E-04
  10160   0.18274E-04
  10170   0.18198E-04
  10180   0.18124E-04
  10190   0.18043E-04
  10200   0.17964E-04
  10210   0.17873E-04
  10220   0.17802E-04
  10230   0.17724E-04
  10240   0.17654E-04
  10250   0.17567E-04
  10260   0.17508E-04
  10270   0.17390E-04
  10280   0.17331E-04
  10290   0.17255E-04
  10300   0.17177E-04
  10310   0.17085E-04
  10320   0.17019E-04
  10330   0.16946E-04
  10340   0.16859E-04
  10350   0.16791E-04
  10360   0.16693E-04
  10370   0.16620E-04
  10380   0.16539E-04
  10390   0.16458E-04
  10400   0.16372E-04
  10410   0.16291E-04
  10420   0.16219E-04
  10430   0.16132E-04
  10440   0.16048E-04
  10450   0.15967E-04
  10460   0.15874E-04
  10470   0.15786E-04
  10480   0.15727E-04
  10490   0.15628E-04
  10500   0.15534E-04
  10510   0.15457E-04
  10520   0.15388E-04
  10530   0.15302E-04
  10540   0.15204E-04
  10550   0.15125E-04
  10560   0.15046E-04
  10570   0.14965E-04
  10580   0.14886E-04
  10590   0.14783E-04
  10600   0.14709E-04
  10610   0.14621E-04
  10620   0.14539E-04
  10630   0.14451E-04
  10640   0.14349E-04
  10650   0.14285E-04
  10660   0.14197E-04
  10670   0.14106E-04
  10680   0.14041E-04
  10690   0.13934E-04
  10700   0.13859E-04
  10710   0.13755E-04
  10720   0.13684E-04
  10730   0.13605E-04
  10740   0.13498E-04
  10750   0.13439E-04
  10760   0.13338E-04
  10770   0.13264E-04
  10780   0.13166E-04
  10790   0.13098E-04
  10800   0.13013E-04
  10810   0.12927E-04
  10820   0.12837E-04
  10830   0.12739E-04
  10840   0.12658E-04
  10850   0.12585E-04
  10860   0.12485E-04
  10870   0.12413E-04
  10880   0.12331E-04
  10890   0.12251E-04
  10900   0.12160E-04
  10910   0.12069E-04
  10920   0.11995E-04
  10930   0.11909E-04
  10940   0.11824E-04
  10950   0.11751E-04
  10960   0.11673E-04
  10970   0.11585E-04
  10980   0.11506E-04
  10990   0.11421E-04
  11000   0.11332E-04
  11010   0.11268E-04
  11020   0.11198E-04
  11030   0.11102E-04
  11040   0.11035E-04
  11050   0.10961E-04
  11060   0.10865E-04
  11070   0.10800E-04
  11080   0.10734E-04
  11090   0.10641E-04
  11100   0.10561E-04
  11110   0.10482E-04
  11120   0.10416E-04
  11130   0.10337E-04
  11140   0.10259E-04
  11150   0.10185E-04
  11160   0.10120E-04
  11170   0.10037E-04
  11180   0.99732E-05
  11190   0.99009E-05
  11200   0.98320E-05
  11210   0.97510E-05
  11220   0.96828E-05
  11230   0.96114E-05
  11240   0.95470E-05
  11250   0.94828E-05
  11260   0.93875E-05
  11270   0.93115E-05
  11280   0.92532E-05
  11290   0.91905E-05
  11300   0.91207E-05
  11310   0.90490E-05
  11320   0.89769E-05
  11330   0.89058E-05
  11340   0.88461E-05
  11350   0.87830E-05
  11360   0.87071E-05
  11370   0.86378E-05
  11380   0.85720E-05
  11390   0.84956E-05
  11400   0.84374E-05
  11410   0.83872E-05
  11420   0.83060E-05
  11430   0.82583E-05
  11440   0.81911E-05
  11450   0.81120E-05
  11460   0.80602E-05
  11470   0.79804E-05
  11480   0.79214E-05
  11490   0.78551E-05
  11500   0.78047E-05
  11510   0.77409E-05
  11520   0.76823E-05
  11530   0.76018E-05
  11540   0.75389E-05
  11550   0.74886E-05
  11560   0.74186E-05
  11570   0.73779E-05
  11580   0.73086E-05
  11590   0.72520E-05
  11600   0.71860E-05
  11610   0.71220E-05
  11620   0.70780E-05
  11630   0.70158E-05
  11640   0.69557E-05
  11650   0.68891E-05
  11660   0.68545E-05
  11670   0.67833E-05
  11680   0.67210E-05
  11690   0.66594E-05
  11700   0.66005E-05
  11710   0.65563E-05
  11720   0.64935E-05
  11730   0.64481E-05
  11740   0.64094E-05
  11750   0.63395E-05
  11760   0.62804E-05
  11770   0.62264E-05
  11780   0.61741E-05
  11790   0.61190E-05
  11800   0.60774E-05
  11810   0.60130E-05
  11820   0.59655E-05
  11830   0.59094E-05
  11840   0.58702E-05
  11850   0.58109E-05
  11860   0.57666E-05
  11870   0.57143E-05
  11880   0.56714E-05
  11890   0.56134E-05
  11900   0.55693E-05
  11910   0.55222E-05
  11920   0.54686E-05
  11930   0.54189E-05
  11940   0.53751E-05
  11950   0.53321E-05
  11960   0.52878E-05
  11970   0.52348E-05
  11980   0.51945E-05
  11990   0.51468E-05
  12000   0.51048E-05
  12010   0.50651E-05
  12020   0.50071E-05
  12030   0.49739E-05
  12040   0.49352E-05
  12050   0.48986E-05
  12060   0.48459E-05
  12070   0.48063E-05
  12080   0.47491E-05
  12090   0.47173E-05
  12100   0.46812E-05
  12110   0.46260E-05
  12120   0.45839E-05
  12130   0.45507E-05
  12140   0.45193E-05
  12150   0.44858E-05
  12160   0.44359E-05
  12170   0.44102E-05
  12180   0.43727E-05
  12190   0.43298E-05
  12200   0.43067E-05
  12210   0.42625E-05
  12220   0.42256E-05
  12230   0.41831E-05
  12240   0.41525E-05
  12250   0.41145E-05
  12260   0.40805E-05
  12270   0.40495E-05
  12280   0.40136E-05
  12290   0.39819E-05
  12300   0.39408E-05
  12310   0.39130E-05
  12320   0.38819E-05
  12330   0.38519E-05
  12340   0.38143E-05
  12350   0.37824E-05
  12360   0.37634E-05
  12370   0.37312E-05
  12380   0.37041E-05
  12390   0.36612E-05
  12400   0.36428E-05
  12410   0.36127E-05
  12420   0.35814E-05
  12430   0.35571E-05
  12440   0.35149E-05
  12450   0.34928E-05
  12460   0.34617E-05
  12470   0.34367E-05
  12480   0.34216E-05
  12490   0.33881E-05
  12500   0.33600E-05
  12510   0.33442E-05
  12520   0.33206E-05
  12530   0.32945E-05
  12540   0.32720E-05
  12550   0.32449E-05
  12560   0.32222E-05
  12570   0.31964E-05
  12580   0.31792E-05
  12590   0.31709E-05
  12600   0.31350E-05
  12610   0.31102E-05
  12620   0.30923E-05
  12630   0.30641E-05
  12640   0.30362E-05
  12650   0.30149E-05
  12660   0.29994E-05
  12670   0.29826E-05
  12680   0.29516E-05
  12690   0.29435E-05
  12700   0.29339E-05
  12710   0.29109E-05
  12720   0.28907E-05
  12730   0.28617E-05
  12740   0.28463E-05
  12750   0.28285E-05
  12760   0.28175E-05
  12770   0.27972E-05
  12780   0.27731E-05
  12790   0.27544E-05
  12800   0.27367E-05
  12810   0.27142E-05
  12820   0.27021E-05
  12830   0.26936E-05
  12840   0.26766E-05
  12850   0.26603E-05
  12860   0.26445E-05
  12870   0.26283E-05
  12880   0.26086E-05
  12890   0.25972E-05
  12900   0.25782E-05
  12910   0.25639E-05
  12920   0.25491E-05
  12930   0.25382E-05
  12940   0.25215E-05
  12950   0.25179E-05
  12960   0.24924E-05
  12970   0.24759E-05
  12980   0.24747E-05
  12990   0.24609E-05
  13000   0.24396E-05
  13010   0.24251E-05
  13020   0.24215E-05
  13030   0.24101E-05
  13040   0.23928E-05
  13050   0.23838E-05
  13060   0.23661E-05
  13070   0.23661E-05
  13080   0.23518E-05
  13090   0.23360E-05
  13100   0.23172E-05
  13110   0.23145E-05
  13120   0.22965E-05
  13130   0.22895E-05
  13140   0.22761E-05
  13150   0.22692E-05
  13160   0.22609E-05
  13170   0.22509E-05
  13180   0.22267E-05
  13190   0.22186E-05
  13200   0.22173E-05
  13210   0.22085E-05
  13220   0.21889E-05
  13230   0.21831E-05
  13240   0.21708E-05
  13250   0.21680E-05
  13260   0.21552E-05
  13270   0.21673E-05
  13280   0.21513E-05
  13290   0.21405E-05
  13300   0.21231E-05
  13310   0.21249E-05
  13320   0.21135E-05
  13330   0.20979E-05
  13340   0.20907E-05
  13350   0.20721E-05
  13360   0.20752E-05
  13370   0.20644E-05
  13380   0.20568E-05
  13390   0.20546E-05
  13400   0.20484E-05
  13410   0.20402E-05
  13420   0.20364E-05
  13430   0.20234E-05
  13440   0.20151E-05
  13450   0.20097E-05
  13460   0.19974E-05
  13470   0.19985E-05
  13480   0.19817E-05
  13490   0.19733E-05
  13500   0.19713E-05
  13510   0.19712E-05
  13520   0.19612E-05
  13530   0.19581E-05
  13540   0.19467E-05
  13550   0.19404E-05
  13560   0.19262E-05
  13570   0.19347E-05
  13580   0.19235E-05
  13590   0.19079E-05
  13600   0.19125E-05
  13610   0.19104E-05
  13620   0.19021E-05
  13630   0.18992E-05
  13640   0.18915E-05
  13650   0.18875E-05
  13660   0.18848E-05
  13670   0.18730E-05
  13680   0.18671E-05
  13690   0.18583E-05
  13700   0.18597E-05
  13710   0.18527E-05
  13720   0.18450E-05
  13730   0.18478E-05
  13740   0.18407E-05
  13750   0.18445E-05
  13760   0.18321E-05
  13770   0.18276E-05
  13780   0.18225E-05
  13790   0.18147E-05
  13800   0.18094E-05
  13810   0.18058E-05
  13820   0.18093E-05
  13830   0.17940E-05
  13840   0.18007E-05
  13850   0.17980E-05
  13860   0.17877E-05
  13870   0.17779E-05
  13880   0.17754E-05
  13890   0.17714E-05
  13900   0.17581E-05
  13910   0.17668E-05
  13920   0.17584E-05
  13930   0.17529E-05
  13940   0.17481E-05
  13950   0.17263E-05
  13960   0.17332E-05
  13970   0.17258E-05
  13980   0.17253E-05
  13990   0.17138E-05
  14000   0.17243E-05
  14010   0.17220E-05
  14020   0.17158E-05
  14030   0.16980E-05
  14040   0.16942E-05
  14050   0.16881E-05
  14060   0.16846E-05
  14070   0.16935E-05
  14080   0.16883E-05
  14090   0.16831E-05
  14100   0.16753E-05
  14110   0.16827E-05
  14120   0.16708E-05
  14130   0.16630E-05
  14140   0.16610E-05
  14150   0.16589E-05
  14160   0.16540E-05
  14170   0.16515E-05
  14180   0.16438E-05
  14190   0.16416E-05
  14200   0.16460E-05
  14210   0.16521E-05
  14220   0.16340E-05
  14230   0.16302E-05
  14240   0.16296E-05
  14250   0.16163E-05
  14260   0.16238E-05
  14270   0.16208E-05
  14280   0.16129E-05
  14290   0.16156E-05
  14300   0.16101E-05
  14310   0.15998E-05
  14320   0.16080E-05
  14330   0.15979E-05
  14340   0.15932E-05
  14350   0.15752E-05
  14360   0.15811E-05
  14370   0.15783E-05
  14380   0.15713E-05
  14390   0.15705E-05
  14400   0.15682E-05
  14410   0.15767E-05
  14420   0.15653E-05
  14430   0.15490E-05
  14440   0.15405E-05
  14450   0.15336E-05
  14460   0.15342E-05
  14470   0.15314E-05
  14480   0.15286E-05
  14490   0.15292E-05
  14500   0.15265E-05
  14510   0.15396E-05
  14520   0.15243E-05
  14530   0.15151E-05
  14540   0.15142E-05
  14550   0.15025E-05
  14560   0.15104E-05
  14570   0.15150E-05
  14580   0.15044E-05
  14590   0.15104E-05
  14600   0.15040E-05
  14610   0.15009E-05
  14620   0.14908E-05
  14630   0.14971E-05
  14640   0.14890E-05
  14650   0.14830E-05
  14660   0.14797E-05
  14670   0.14847E-05
  14680   0.14743E-05
  14690   0.14800E-05
  14700   0.14666E-05
  14710   0.14794E-05
  14720   0.14730E-05
  14730   0.14864E-05
  14740   0.14862E-05
  14750   0.14821E-05
  14760   0.14857E-05
  14770   0.14784E-05
  14780   0.14639E-05
  14790   0.14628E-05
  14800   0.14562E-05
  14810   0.14687E-05
  14820   0.14383E-05
  14830   0.14540E-05
  14840   0.14455E-05
  14850   0.14486E-05
  14860   0.14466E-05
  14870   0.14243E-05
  14880   0.14378E-05
  14890   0.14375E-05
  14900   0.14290E-05
  14910   0.14492E-05
  14920   0.14288E-05
  14930   0.14141E-05
  14940   0.13964E-05
  14950   0.14077E-05
  14960   0.14195E-05
  14970   0.14078E-05
  14980   0.14082E-05
  14990   0.14082E-05
  15000   0.13923E-05
  15010   0.13984E-05
  15020   0.13994E-05
  15030   0.14018E-05
  15040   0.13960E-05
  15050   0.13908E-05
  15060   0.13965E-05
  15070   0.13803E-05
  15080   0.13837E-05
  15090   0.13940E-05
  15100   0.13744E-05
  15110   0.13848E-05
  15120   0.13607E-05
  15130   0.13656E-05
  15140   0.13562E-05
  15150   0.13552E-05
  15160   0.13532E-05
  15170   0.13570E-05
  15180   0.13416E-05
  15190   0.13462E-05
  15200   0.13398E-05
  15210   0.13342E-05
  15220   0.13421E-05
  15230   0.13321E-05
  15240   0.13287E-05
  15250   0.13187E-05
  15260   0.13127E-05
  15270   0.13226E-05
  15280   0.13185E-05
  15290   0.13240E-05
  15300   0.13239E-05
  15310   0.13324E-05
  15320   0.13154E-05
  15330   0.12975E-05
  15340   0.12975E-05
  15350   0.12963E-05
  15360   0.12994E-05
  15370   0.12910E-05
  15380   0.12972E-05
  15390   0.12901E-05
  15400   0.12929E-05
  15410   0.12627E-05
  15420   0.12667E-05
  15430   0.12625E-05
  15440   0.12706E-05
  15450   0.12756E-05
  15460   0.12770E-05
  15470   0.12767E-05
  15480   0.12773E-05
  15490   0.12728E-05
  15500   0.12720E-05
  15510   0.12574E-05
  15520   0.12531E-05
  15530   0.12604E-05
  15540   0.12601E-05
  15550   0.12438E-05
  15560   0.12328E-05
  15570   0.12269E-05
  15580   0.12284E-05
  15590   0.12079E-05
  15600   0.12080E-05
  15610   0.11942E-05
  15620   0.11884E-05
  15630   0.11866E-05
  15640   0.11904E-05
  15650   0.11946E-05
  15660   0.11867E-05
  15670   0.11850E-05
  15680   0.11856E-05
  15690   0.11929E-05
  15700   0.11962E-05
  15710   0.11853E-05
  15720   0.11850E-05
  15730   0.11719E-05
  15740   0.11854E-05
  15750   0.11849E-05
  15760   0.11666E-05
  15770   0.11702E-05
  15780   0.11636E-05
  15790   0.11586E-05
  15800   0.11300E-05
  15810   0.11442E-05
  15820   0.11320E-05
  15830   0.11364E-05
  15840   0.11388E-05
  15850   0.11404E-05
  15860   0.11364E-05
  15870   0.11236E-05
  15880   0.11378E-05
  15890   0.11265E-05
  15900   0.11206E-05
  15910   0.11322E-05
  15920   0.11131E-05
  15930   0.10988E-05
  15940   0.10783E-05
  15950   0.10734E-05
  15960   0.10664E-05
  15970   0.10627E-05
  15980   0.10750E-05
  15990   0.10657E-05
  16000   0.10616E-05
  16010   0.10604E-05
  16020   0.10495E-05
  16030   0.10417E-05
  16040   0.10387E-05
  16050   0.10288E-05
  16060   0.10366E-05
  16070   0.10308E-05
  16080   0.10290E-05
  16090   0.10265E-05
  16100   0.10334E-05
  16110   0.10283E-05
  16120   0.10057E-05
  16130   0.10061E-05
  16140   0.99656E-06
  16150   0.10192E-05
  16160   0.99872E-06
  16170   0.10019E-05
  16180   0.10168E-05
  16190   0.98034E-06
  16200   0.97272E-06
  16210   0.97348E-06
  16220   0.96260E-06
  16230   0.96416E-06
  16240   0.95371E-06
  16250   0.94942E-06
  16260   0.95540E-06
  16270   0.93854E-06
  16280   0.93980E-06
  16290   0.94619E-06
  16300   0.93156E-06
  16310   0.92733E-06
  16320   0.92745E-06
  16330   0.92670E-06
  16340   0.92487E-06
  16350   0.92115E-06
  16360   0.91937E-06
  16370   0.91778E-06
  16380   0.90453E-06
  16390   0.90015E-06
  16400   0.90488E-06
  16410   0.88016E-06
  16420   0.87777E-06
  16430   0.87093E-06
  16440   0.85728E-06
  16450   0.85940E-06
  16460   0.86450E-06
  16470   0.85533E-06
  16480   0.84870E-06
  16490   0.84963E-06
  16500   0.83930E-06
  16510   0.82868E-06
  16520   0.82552E-06
  16530   0.82640E-06
  16540   0.81399E-06
  16550   0.82053E-06
  16560   0.79645E-06
  16570   0.78903E-06
  16580   0.77236E-06
  16590   0.76625E-06
  16600   0.75904E-06
  16610   0.74929E-06
  16620   0.75491E-06
  16630   0.75141E-06
  16640   0.74606E-06
  16650   0.75214E-06
  16660   0.76152E-06
  16670   0.75536E-06
  16680   0.74281E-06
  16690   0.75067E-06
  16700   0.74025E-06
  16710   0.73322E-06
  16720   0.72600E-06
  16730   0.74422E-06
  16740   0.72746E-06
  16750   0.73495E-06
  16760   0.72379E-06
  16770   0.72014E-06
  16780   0.71194E-06
  16790   0.72358E-06
  16800   0.73318E-06
  16810   0.71954E-06
  16820   0.70579E-06
  16830   0.69580E-06
  16840   0.68717E-06
  16850   0.67064E-06
  16860   0.67874E-06
  16870   0.67309E-06
  16880   0.67484E-06
  16890   0.66573E-06
  16900   0.66784E-06
  16910   0.66020E-06
  16920   0.65276E-06
  16930   0.63427E-06
  16940   0.65270E-06
  16950   0.63372E-06
  16960   0.62453E-06
  16970   0.61653E-06
  16980   0.60454E-06
  16990   0.59490E-06
  17000   0.60217E-06
  17010   0.56774E-06
  17020   0.57738E-06
  17030   0.57802E-06
  17040   0.57273E-06
  17050   0.56337E-06
  17060   0.57888E-06
  17070   0.57493E-06
  17080   0.55905E-06
  17090   0.56700E-06
  17100   0.56744E-06
  17110   0.56979E-06
  17120   0.55856E-06
  17130   0.56460E-06
  17140   0.55474E-06
  17150   0.54858E-06
  17160   0.54248E-06
  17170   0.54782E-06
  17180   0.52867E-06
  17190   0.52387E-06
  17200   0.52742E-06
  17210   0.51519E-06
  17220   0.50740E-06
  17230   0.51939E-06
  17240   0.52668E-06
  17250   0.52025E-06
  17260   0.52986E-06
  17270   0.51818E-06
  17280   0.52124E-06
  17290   0.52904E-06
  17300   0.52398E-06
  17310   0.52455E-06
  17320   0.50699E-06
  17330   0.50590E-06
  17340   0.49309E-06
  17350   0.51010E-06
  17360   0.49543E-06
  17370   0.48637E-06
  17380   0.49694E-06
  17390   0.47254E-06
  17400   0.48681E-06
  17410   0.48682E-06
  17420   0.46356E-06
  17430   0.47691E-06
  17440   0.45306E-06
  17450   0.46363E-06
  17460   0.45960E-06
  17470   0.45090E-06
  17480   0.44257E-06
  17490   0.44951E-06
  17500   0.44247E-06
  17510   0.45595E-06
  17520   0.44741E-06
  17530   0.45256E-06
  17540   0.44807E-06
  17550   0.44813E-06
  17560   0.42441E-06
  17570   0.42195E-06
  17580   0.43823E-06
  17590   0.44339E-06
  17600   0.42257E-06
  17610   0.43972E-06
  17620   0.42908E-06
  17630   0.42587E-06
  17640   0.41667E-06
  17650   0.41282E-06
  17660   0.41612E-06
  17670   0.42787E-06
  17680   0.41819E-06
  17690   0.41127E-06
  17700   0.40852E-06
  17710   0.42026E-06
  17720   0.40296E-06
  17730   0.41428E-06
  17740   0.40260E-06
  17750   0.41870E-06
  17760   0.42192E-06
  17770   0.41062E-06
  17780   0.41543E-06
  17790   0.42194E-06
  17800   0.40303E-06
  17810   0.41354E-06
  17820   0.41147E-06
  17830   0.40409E-06
  17840   0.40619E-06
  17850   0.41547E-06
  17860   0.40475E-06
  17870   0.39253E-06
  17880   0.40095E-06
  17890   0.38234E-06
  17900   0.38514E-06
  17910   0.38409E-06
  17920   0.38160E-06
  17930   0.36690E-06
  17940   0.38683E-06
  17950   0.37435E-06
  17960   0.37156E-06
  17970   0.36685E-06
  17980   0.36329E-06
  17990   0.36848E-06
  18000   0.36788E-06
  18010   0.37385E-06
  18020   0.36258E-06
  18030   0.36730E-06
  18040   0.35158E-06
  18050   0.35397E-06
  18060   0.35599E-06
  18070   0.34828E-06
  18080   0.33673E-06
  18090   0.35717E-06
  18100   0.33834E-06
  18110   0.35364E-06
  18120   0.35420E-06
  18130   0.34039E-06
  18140   0.32161E-06
  18150   0.33177E-06
  18160   0.33348E-06
  18170   0.34140E-06
  18180   0.34007E-06
  18190   0.34809E-06
  18200   0.33232E-06
  18210   0.33420E-06
  18220   0.33781E-06
  18230   0.32668E-06
  18240   0.32586E-06
  18250   0.32386E-06
  18260   0.32953E-06
  18270   0.32555E-06
  18280   0.33619E-06
  18290   0.33418E-06
  18300   0.33766E-06
  18310   0.31386E-06
  18320   0.30020E-06
  18330   0.31070E-06
  18340   0.30786E-06
  18350   0.30945E-06
  18360   0.31616E-06
  18370   0.30801E-06
  18380   0.30942E-06
  18390   0.30312E-06
  18400   0.31074E-06
  18410   0.31425E-06
  18420   0.29849E-06
  18430   0.29559E-06
  18440   0.28242E-06
  18450   0.28271E-06
  18460   0.28920E-06
  18470   0.29209E-06
  18480   0.29262E-06
  18490   0.29360E-06
  18500   0.29729E-06
  18510   0.30390E-06
  18520   0.28663E-06
  18530   0.27856E-06
  18540   0.27870E-06
  18550   0.28607E-06
  18560   0.26778E-06
  18570   0.27059E-06
  18580   0.27894E-06
  18590   0.27056E-06
  18600   0.28360E-06
  18610   0.28127E-06
  18620   0.26604E-06
  18630   0.26509E-06
  18640   0.25726E-06
  18650   0.25612E-06
  18660   0.26787E-06
  18670   0.25365E-06
  18680   0.26221E-06
  18690   0.25589E-06
  18700   0.25937E-06
  18710   0.27882E-06
  18720   0.26268E-06
  18730   0.26422E-06
  18740   0.26466E-06
  18750   0.27428E-06
  18760   0.27840E-06
  18770   0.26302E-06
  18780   0.27236E-06
  18790   0.27018E-06
  18800   0.26257E-06
  18810   0.27842E-06
  18820   0.26210E-06
  18830   0.25795E-06
  18840   0.26588E-06
  18850   0.25880E-06
  18860   0.25970E-06
  18870   0.26873E-06
  18880   0.25696E-06
  18890   0.24983E-06
  18900   0.25844E-06
  18910   0.26566E-06
  18920   0.25787E-06
  18930   0.26670E-06
  18940   0.25482E-06
  18950   0.26770E-06
  18960   0.26331E-06
  18970   0.26463E-06
  18980   0.26336E-06
  18990   0.26124E-06
  19000   0.26837E-06
  19010   0.26789E-06
  19020   0.26150E-06
  19030   0.27111E-06
  19040   0.27201E-06
  19050   0.25607E-06
  19060   0.26310E-06
  19070   0.25317E-06
  19080   0.25084E-06
  19090   0.26806E-06
  19100   0.27523E-06
  19110   0.26715E-06
  19120   0.27135E-06
  19130   0.25370E-06
  19140   0.27425E-06
  19150   0.25795E-06
  19160   0.25200E-06
  19170   0.25892E-06
  19180   0.25748E-06
  19190   0.26473E-06
  19200   0.25385E-06
  19210   0.28038E-06
  19220   0.29022E-06
  19230   0.28103E-06
  19240   0.28501E-06
  19250   0.25973E-06
  19260   0.26715E-06
  19270   0.27038E-06
  19280   0.26082E-06
  19290   0.25582E-06
  19300   0.26572E-06
  19310   0.25720E-06
  19320   0.24459E-06
  19330   0.25919E-06
  19340   0.24936E-06
  19350   0.26137E-06
  19360   0.23188E-06
  19370   0.24629E-06
  19380   0.24392E-06
  19390   0.24185E-06
  19400   0.25454E-06
  19410   0.25993E-06
  19420   0.25698E-06
  19430   0.25582E-06
  19440   0.24972E-06
  19450   0.25763E-06
  19460   0.26870E-06
  19470   0.23766E-06
  19480   0.24886E-06
  19490   0.24933E-06
  19500   0.26960E-06
  19510   0.26677E-06
  19520   0.25663E-06
  19530   0.26207E-06
  19540   0.24695E-06
  19550   0.25071E-06
  19560   0.24196E-06
  19570   0.25933E-06
  19580   0.26068E-06
  19590   0.26196E-06
  19600   0.25537E-06
  19610   0.25293E-06
  19620   0.27127E-06
  19630   0.25731E-06
  19640   0.25222E-06
  19650   0.25188E-06
  19660   0.25187E-06
  19670   0.25016E-06
  19680   0.25490E-06
  19690   0.24151E-06
  19700   0.25263E-06
  19710   0.25383E-06
  19720   0.27205E-06
  19730   0.26284E-06
  19740   0.24894E-06
  19750   0.25237E-06
  19760   0.24534E-06
  19770   0.24426E-06
  19780   0.26358E-06
  19790   0.25668E-06
  19800   0.23036E-06
  19810   0.26682E-06
  19820   0.25346E-06
  19830   0.25542E-06
  19840   0.24711E-06
  19850   0.24872E-06
  19860   0.25804E-06
  19870   0.26290E-06
  19880   0.25577E-06
  19890   0.24014E-06
  19900   0.24893E-06
  19910   0.26483E-06
  19920   0.25216E-06
  19930   0.24636E-06
  19940   0.24263E-06
  19950   0.23464E-06
  19960   0.24234E-06
  19970   0.23346E-06
  19980   0.22612E-06
  19990   0.20538E-06
  20000   0.21467E-06
