     10   0.10539E-02
     20   0.89505E-03
     30   0.79068E-03
     40   0.71647E-03
     50   0.66033E-03
     60   0.61543E-03
     70   0.57757E-03
     80   0.54458E-03
     90   0.51529E-03
    100   0.48880E-03
    110   0.46416E-03
    120   0.44138E-03
    130   0.42020E-03
    140   0.40026E-03
    150   0.38152E-03
    160   0.36391E-03
    170   0.34730E-03
    180   0.33167E-03
    190   0.31692E-03
    200   0.30304E-03
    210   0.29024E-03
    220   0.27818E-03
    230   0.26685E-03
    240   0.25623E-03
    250   0.24627E-03
    260   0.23695E-03
    270   0.22824E-03
    280   0.22008E-03
    290   0.21250E-03
    300   0.20541E-03
    310   0.19890E-03
    320   0.19285E-03
    330   0.18725E-03
    340   0.18208E-03
    350   0.17741E-03
    360   0.17318E-03
    370   0.16943E-03
    380   0.16611E-03
    390   0.16321E-03
    400   0.16073E-03
    410   0.15859E-03
    420   0.15674E-03
    430   0.15508E-03
    440   0.15356E-03
    450   0.15212E-03
    460   0.15072E-03
    470   0.14930E-03
    480   0.14782E-03
    490   0.14630E-03
    500   0.14471E-03
    510   0.14308E-03
    520   0.14141E-03
    530   0.13972E-03
    540   0.13807E-03
    550   0.13647E-03
    560   0.13496E-03
    570   0.13358E-03
    580   0.13234E-03
    590   0.13130E-03
    600   0.13047E-03
    610   0.12983E-03
    620   0.12941E-03
    630   0.12918E-03
    640   0.12914E-03
    650   0.12928E-03
    660   0.12957E-03
    670   0.12999E-03
    680   0.13051E-03
    690   0.13111E-03
    700   0.13179E-03
    710   0.13249E-03
    720   0.13321E-03
    730   0.13391E-03
    740   0.13460E-03
    750   0.13524E-03
    760   0.13582E-03
    770   0.13632E-03
    780   0.13674E-03
    790   0.13706E-03
    800   0.13728E-03
    810   0.13741E-03
    820   0.13742E-03
    830   0.13732E-03
    840   0.13711E-03
    850   0.13680E-03
    860   0.13638E-03
    870   0.13585E-03
    880   0.13525E-03
    890   0.13455E-03
    900   0.13378E-03
    910   0.13293E-03
    920   0.13201E-03
    930   0.13105E-03
    940   0.13003E-03
    950   0.12899E-03
    960   0.12794E-03
    970   0.12685E-03
    980   0.12578E-03
    990   0.12474E-03
   1000   0.12372E-03
   1010   0.12278E-03
   1020   0.12188E-03
   1030   0.12106E-03
   1040   0.12033E-03
   1050   0.11969E-03
   1060   0.11915E-03
   1070   0.11872E-03
   1080   0.11840E-03
   1090   0.11819E-03
   1100   0.11807E-03
   1110   0.11807E-03
   1120   0.11816E-03
   1130   0.11830E-03
   1140   0.11854E-03
   1150   0.11880E-03
   1160   0.11913E-03
   1170   0.11948E-03
   1180   0.11983E-03
   1190   0.12019E-03
   1200   0.12054E-03
   1210   0.12086E-03
   1220   0.12115E-03
   1230   0.12141E-03
   1240   0.12161E-03
   1250   0.12175E-03
   1260   0.12184E-03
   1270   0.12188E-03
   1280   0.12186E-03
   1290   0.12179E-03
   1300   0.12163E-03
   1310   0.12146E-03
   1320   0.12122E-03
   1330   0.12096E-03
   1340   0.12063E-03
   1350   0.12029E-03
   1360   0.11993E-03
   1370   0.11957E-03
   1380   0.11919E-03
   1390   0.11882E-03
   1400   0.11847E-03
   1410   0.11814E-03
   1420   0.11784E-03
   1430   0.11758E-03
   1440   0.11735E-03
   1450   0.11716E-03
   1460   0.11703E-03
   1470   0.11693E-03
   1480   0.11688E-03
   1490   0.11686E-03
   1500   0.11688E-03
   1510   0.11693E-03
   1520   0.11701E-03
   1530   0.11710E-03
   1540   0.11719E-03
   1550   0.11730E-03
   1560   0.11739E-03
   1570   0.11746E-03
   1580   0.11751E-03
   1590   0.11753E-03
   1600   0.11751E-03
   1610   0.11745E-03
   1620   0.11733E-03
   1630   0.11717E-03
   1640   0.11697E-03
   1650   0.11668E-03
   1660   0.11637E-03
   1670   0.11599E-03
   1680   0.11558E-03
   1690   0.11511E-03
   1700   0.11462E-03
   1710   0.11408E-03
   1720   0.11352E-03
   1730   0.11296E-03
   1740   0.11237E-03
   1750   0.11181E-03
   1760   0.11126E-03
   1770   0.11070E-03
   1780   0.11022E-03
   1790   0.10975E-03
   1800   0.10935E-03
   1810   0.10900E-03
   1820   0.10874E-03
   1830   0.10856E-03
   1840   0.10847E-03
   1850   0.10846E-03
   1860   0.10857E-03
   1870   0.10875E-03
   1880   0.10907E-03
   1890   0.10948E-03
   1900   0.11000E-03
   1910   0.11064E-03
   1920   0.11135E-03
   1930   0.11218E-03
   1940   0.11310E-03
   1950   0.11409E-03
   1960   0.11517E-03
   1970   0.11631E-03
   1980   0.11751E-03
   1990   0.11878E-03
   2000   0.12006E-03
   2010   0.12139E-03
   2020   0.12274E-03
   2030   0.12411E-03
   2040   0.12547E-03
   2050   0.12684E-03
   2060   0.12822E-03
   2070   0.12956E-03
   2080   0.13088E-03
   2090   0.13220E-03
   2100   0.13347E-03
   2110   0.13470E-03
   2120   0.13589E-03
   2130   0.13705E-03
   2140   0.13816E-03
   2150   0.13923E-03
   2160   0.14026E-03
   2170   0.14123E-03
   2180   0.14215E-03
   2190   0.14303E-03
   2200   0.14385E-03
   2210   0.14464E-03
   2220   0.14537E-03
   2230   0.14604E-03
   2240   0.14669E-03
   2250   0.14725E-03
   2260   0.14776E-03
   2270   0.14825E-03
   2280   0.14869E-03
   2290   0.14905E-03
   2300   0.14940E-03
   2310   0.14966E-03
   2320   0.14991E-03
   2330   0.15009E-03
   2340   0.15023E-03
   2350   0.15028E-03
   2360   0.15035E-03
   2370   0.15033E-03
   2380   0.15029E-03
   2390   0.15018E-03
   2400   0.15003E-03
   2410   0.14986E-03
   2420   0.14962E-03
   2430   0.14935E-03
   2440   0.14903E-03
   2450   0.14869E-03
   2460   0.14828E-03
   2470   0.14786E-03
   2480   0.14738E-03
   2490   0.14689E-03
   2500   0.14636E-03
   2510   0.14578E-03
   2520   0.14519E-03
   2530   0.14455E-03
   2540   0.14388E-03
   2550   0.14319E-03
   2560   0.14248E-03
   2570   0.14173E-03
   2580   0.14098E-03
   2590   0.14019E-03
   2600   0.13938E-03
   2610   0.13854E-03
   2620   0.13770E-03
   2630   0.13681E-03
   2640   0.13591E-03
   2650   0.13501E-03
   2660   0.13409E-03
   2670   0.13313E-03
   2680   0.13216E-03
   2690   0.13119E-03
   2700   0.13019E-03
   2710   0.12918E-03
   2720   0.12816E-03
   2730   0.12714E-03
   2740   0.12609E-03
   2750   0.12504E-03
   2760   0.12398E-03
   2770   0.12290E-03
   2780   0.12181E-03
   2790   0.12072E-03
   2800   0.11961E-03
   2810   0.11850E-03
   2820   0.11740E-03
   2830   0.11628E-03
   2840   0.11516E-03
   2850   0.11404E-03
   2860   0.11290E-03
   2870   0.11176E-03
   2880   0.11062E-03
   2890   0.10949E-03
   2900   0.10838E-03
   2910   0.10726E-03
   2920   0.10614E-03
   2930   0.10502E-03
   2940   0.10393E-03
   2950   0.10284E-03
   2960   0.10176E-03
   2970   0.10066E-03
   2980   0.99630E-04
   2990   0.98582E-04
   3000   0.97558E-04
   3010   0.96529E-04
   3020   0.95552E-04
   3030   0.94551E-04
   3040   0.93610E-04
   3050   0.92652E-04
   3060   0.91718E-04
   3070   0.90823E-04
   3080   0.89941E-04
   3090   0.89059E-04
   3100   0.88208E-04
   3110   0.87394E-04
   3120   0.86582E-04
   3130   0.85802E-04
   3140   0.85017E-04
   3150   0.84260E-04
   3160   0.83520E-04
   3170   0.82817E-04
   3180   0.82114E-04
   3190   0.81434E-04
   3200   0.80763E-04
   3210   0.80119E-04
   3220   0.79486E-04
   3230   0.78862E-04
   3240   0.78261E-04
   3250   0.77675E-04
   3260   0.77086E-04
   3270   0.76545E-04
   3280   0.75985E-04
   3290   0.75451E-04
   3300   0.74924E-04
   3310   0.74407E-04
   3320   0.73915E-04
   3330   0.73418E-04
   3340   0.72941E-04
   3350   0.72483E-04
   3360   0.72027E-04
   3370   0.71583E-04
   3380   0.71140E-04
   3390   0.70716E-04
   3400   0.70287E-04
   3410   0.69873E-04
   3420   0.69474E-04
   3430   0.69095E-04
   3440   0.68709E-04
   3450   0.68343E-04
   3460   0.67963E-04
   3470   0.67630E-04
   3480   0.67273E-04
   3490   0.66922E-04
   3500   0.66602E-04
   3510   0.66277E-04
   3520   0.65954E-04
   3530   0.65656E-04
   3540   0.65341E-04
   3550   0.65057E-04
   3560   0.64770E-04
   3570   0.64494E-04
   3580   0.64205E-04
   3590   0.63952E-04
   3600   0.63690E-04
   3610   0.63431E-04
   3620   0.63177E-04
   3630   0.62945E-04
   3640   0.62713E-04
   3650   0.62481E-04
   3660   0.62257E-04
   3670   0.62029E-04
   3680   0.61824E-04
   3690   0.61609E-04
   3700   0.61423E-04
   3710   0.61207E-04
   3720   0.61007E-04
   3730   0.60820E-04
   3740   0.60652E-04
   3750   0.60453E-04
   3760   0.60297E-04
   3770   0.60122E-04
   3780   0.59958E-04
   3790   0.59800E-04
   3800   0.59624E-04
   3810   0.59471E-04
   3820   0.59324E-04
   3830   0.59165E-04
   3840   0.59037E-04
   3850   0.58904E-04
   3860   0.58764E-04
   3870   0.58645E-04
   3880   0.58511E-04
   3890   0.58391E-04
   3900   0.58278E-04
   3910   0.58160E-04
   3920   0.58061E-04
   3930   0.57962E-04
   3940   0.57859E-04
   3950   0.57773E-04
   3960   0.57680E-04
   3970   0.57603E-04
   3980   0.57509E-04
   3990   0.57449E-04
   4000   0.57381E-04
   4010   0.57328E-04
   4020   0.57267E-04
   4030   0.57214E-04
   4040   0.57174E-04
   4050   0.57135E-04
   4060   0.57108E-04
   4070   0.57070E-04
   4080   0.57044E-04
   4090   0.57040E-04
   4100   0.57045E-04
   4110   0.57028E-04
   4120   0.57011E-04
   4130   0.57016E-04
   4140   0.57037E-04
   4150   0.57048E-04
   4160   0.57078E-04
   4170   0.57097E-04
   4180   0.57116E-04
   4190   0.57161E-04
   4200   0.57193E-04
   4210   0.57244E-04
   4220   0.57286E-04
   4230   0.57329E-04
   4240   0.57394E-04
   4250   0.57457E-04
   4260   0.57520E-04
   4270   0.57585E-04
   4280   0.57660E-04
   4290   0.57724E-04
   4300   0.57807E-04
   4310   0.57881E-04
   4320   0.57961E-04
   4330   0.58044E-04
   4340   0.58137E-04
   4350   0.58210E-04
   4360   0.58305E-04
   4370   0.58383E-04
   4380   0.58492E-04
   4390   0.58574E-04
   4400   0.58674E-04
   4410   0.58777E-04
   4420   0.58855E-04
   4430   0.58953E-04
   4440   0.59041E-04
   4450   0.59146E-04
   4460   0.59243E-04
   4470   0.59325E-04
   4480   0.59419E-04
   4490   0.59510E-04
   4500   0.59590E-04
   4510   0.59681E-04
   4520   0.59766E-04
   4530   0.59848E-04
   4540   0.59916E-04
   4550   0.59990E-04
   4560   0.60079E-04
   4570   0.60154E-04
   4580   0.60221E-04
   4590   0.60279E-04
   4600   0.60342E-04
   4610   0.60393E-04
   4620   0.60470E-04
   4630   0.60507E-04
   4640   0.60565E-04
   4650   0.60585E-04
   4660   0.60641E-04
   4670   0.60674E-04
   4680   0.60708E-04
   4690   0.60741E-04
   4700   0.60757E-04
   4710   0.60774E-04
   4720   0.60795E-04
   4730   0.60807E-04
   4740   0.60811E-04
   4750   0.60820E-04
   4760   0.60801E-04
   4770   0.60809E-04
   4780   0.60783E-04
   4790   0.60778E-04
   4800   0.60756E-04
   4810   0.60726E-04
   4820   0.60682E-04
   4830   0.60663E-04
   4840   0.60628E-04
   4850   0.60594E-04
   4860   0.60529E-04
   4870   0.60509E-04
   4880   0.60434E-04
   4890   0.60381E-04
   4900   0.60308E-04
   4910   0.60244E-04
   4920   0.60183E-04
   4930   0.60101E-04
   4940   0.60039E-04
   4950   0.59958E-04
   4960   0.59878E-04
   4970   0.59787E-04
   4980   0.59702E-04
   4990   0.59638E-04
   5000   0.59520E-04
   5010   0.59442E-04
   5020   0.59352E-04
   5030   0.59259E-04
   5040   0.59160E-04
   5050   0.59059E-04
   5060   0.58961E-04
   5070   0.58858E-04
   5080   0.58752E-04
   5090   0.58637E-04
   5100   0.58536E-04
   5110   0.58447E-04
   5120   0.58342E-04
   5130   0.58236E-04
   5140   0.58138E-04
   5150   0.58039E-04
   5160   0.57944E-04
   5170   0.57824E-04
   5180   0.57740E-04
   5190   0.57635E-04
   5200   0.57535E-04
   5210   0.57428E-04
   5220   0.57349E-04
   5230   0.57265E-04
   5240   0.57158E-04
   5250   0.57077E-04
   5260   0.56985E-04
   5270   0.56900E-04
   5280   0.56811E-04
   5290   0.56722E-04
   5300   0.56652E-04
   5310   0.56557E-04
   5320   0.56498E-04
   5330   0.56425E-04
   5340   0.56345E-04
   5350   0.56278E-04
   5360   0.56204E-04
   5370   0.56137E-04
   5380   0.56093E-04
   5390   0.56030E-04
   5400   0.55964E-04
   5410   0.55905E-04
   5420   0.55856E-04
   5430   0.55810E-04
   5440   0.55772E-04
   5450   0.55722E-04
   5460   0.55673E-04
   5470   0.55629E-04
   5480   0.55593E-04
   5490   0.55566E-04
   5500   0.55534E-04
   5510   0.55508E-04
   5520   0.55472E-04
   5530   0.55441E-04
   5540   0.55422E-04
   5550   0.55389E-04
   5560   0.55384E-04
   5570   0.55357E-04
   5580   0.55354E-04
   5590   0.55321E-04
   5600   0.55315E-04
   5610   0.55314E-04
   5620   0.55302E-04
   5630   0.55287E-04
   5640   0.55288E-04
   5650   0.55288E-04
   5660   0.55279E-04
   5670   0.55277E-04
   5680   0.55265E-04
   5690   0.55260E-04
   5700   0.55271E-04
   5710   0.55267E-04
   5720   0.55271E-04
   5730   0.55278E-04
   5740   0.55275E-04
   5750   0.55272E-04
   5760   0.55276E-04
   5770   0.55290E-04
   5780   0.55289E-04
   5790   0.55293E-04
   5800   0.55293E-04
   5810   0.55303E-04
   5820   0.55303E-04
   5830   0.55309E-04
   5840   0.55325E-04
   5850   0.55324E-04
   5860   0.55335E-04
   5870   0.55331E-04
   5880   0.55342E-04
   5890   0.55346E-04
   5900   0.55353E-04
   5910   0.55341E-04
   5920   0.55359E-04
   5930   0.55353E-04
   5940   0.55361E-04
   5950   0.55366E-04
   5960   0.55362E-04
   5970   0.55367E-04
   5980   0.55356E-04
   5990   0.55358E-04
   6000   0.55368E-04
   6010   0.55360E-04
   6020   0.55359E-04
   6030   0.55352E-04
   6040   0.55337E-04
   6050   0.55333E-04
   6060   0.55341E-04
   6070   0.55332E-04
   6080   0.55303E-04
   6090   0.55301E-04
   6100   0.55293E-04
   6110   0.55278E-04
   6120   0.55271E-04
   6130   0.55248E-04
   6140   0.55236E-04
   6150   0.55222E-04
   6160   0.55188E-04
   6170   0.55177E-04
   6180   0.55166E-04
   6190   0.55121E-04
   6200   0.55103E-04
   6210   0.55073E-04
   6220   0.55049E-04
   6230   0.55011E-04
   6240   0.54984E-04
   6250   0.54952E-04
   6260   0.54917E-04
   6270   0.54875E-04
   6280   0.54834E-04
   6290   0.54788E-04
   6300   0.54756E-04
   6310   0.54698E-04
   6320   0.54656E-04
   6330   0.54597E-04
   6340   0.54534E-04
   6350   0.54485E-04
   6360   0.54425E-04
   6370   0.54348E-04
   6380   0.54293E-04
   6390   0.54227E-04
   6400   0.54150E-04
   6410   0.54083E-04
   6420   0.53994E-04
   6430   0.53917E-04
   6440   0.53847E-04
   6450   0.53747E-04
   6460   0.53680E-04
   6470   0.53586E-04
   6480   0.53481E-04
   6490   0.53394E-04
   6500   0.53302E-04
   6510   0.53207E-04
   6520   0.53098E-04
   6530   0.53004E-04
   6540   0.52905E-04
   6550   0.52806E-04
   6560   0.52692E-04
   6570   0.52577E-04
   6580   0.52483E-04
   6590   0.52358E-04
   6600   0.52263E-04
   6610   0.52137E-04
   6620   0.52019E-04
   6630   0.51892E-04
   6640   0.51780E-04
   6650   0.51657E-04
   6660   0.51551E-04
   6670   0.51422E-04
   6680   0.51308E-04
   6690   0.51199E-04
   6700   0.51075E-04
   6710   0.50960E-04
   6720   0.50845E-04
   6730   0.50716E-04
   6740   0.50624E-04
   6750   0.50503E-04
   6760   0.50397E-04
   6770   0.50275E-04
   6780   0.50168E-04
   6790   0.50072E-04
   6800   0.49965E-04
   6810   0.49854E-04
   6820   0.49747E-04
   6830   0.49655E-04
   6840   0.49552E-04
   6850   0.49454E-04
   6860   0.49366E-04
   6870   0.49275E-04
   6880   0.49188E-04
   6890   0.49100E-04
   6900   0.49009E-04
   6910   0.48919E-04
   6920   0.48832E-04
   6930   0.48754E-04
   6940   0.48685E-04
   6950   0.48612E-04
   6960   0.48519E-04
   6970   0.48450E-04
   6980   0.48380E-04
   6990   0.48319E-04
   7000   0.48248E-04
   7010   0.48194E-04
   7020   0.48118E-04
   7030   0.48050E-04
   7040   0.48000E-04
   7050   0.47930E-04
   7060   0.47884E-04
   7070   0.47833E-04
   7080   0.47785E-04
   7090   0.47731E-04
   7100   0.47677E-04
   7110   0.47620E-04
   7120   0.47572E-04
   7130   0.47529E-04
   7140   0.47490E-04
   7150   0.47444E-04
   7160   0.47395E-04
   7170   0.47350E-04
   7180   0.47310E-04
   7190   0.47272E-04
   7200   0.47235E-04
   7210   0.47185E-04
   7220   0.47142E-04
   7230   0.47116E-04
   7240   0.47073E-04
   7250   0.47038E-04
   7260   0.46991E-04
   7270   0.46956E-04
   7280   0.46928E-04
   7290   0.46894E-04
   7300   0.46865E-04
   7310   0.46833E-04
   7320   0.46790E-04
   7330   0.46764E-04
   7340   0.46745E-04
   7350   0.46706E-04
   7360   0.46677E-04
   7370   0.46652E-04
   7380   0.46632E-04
   7390   0.46586E-04
   7400   0.46570E-04
   7410   0.46533E-04
   7420   0.46516E-04
   7430   0.46493E-04
   7440   0.46461E-04
   7450   0.46440E-04
   7460   0.46417E-04
   7470   0.46383E-04
   7480   0.46376E-04
   7490   0.46345E-04
   7500   0.46316E-04
   7510   0.46293E-04
   7520   0.46270E-04
   7530   0.46249E-04
   7540   0.46230E-04
   7550   0.46208E-04
   7560   0.46183E-04
   7570   0.46163E-04
   7580   0.46136E-04
   7590   0.46111E-04
   7600   0.46089E-04
   7610   0.46056E-04
   7620   0.46029E-04
   7630   0.46016E-04
   7640   0.45987E-04
   7650   0.45971E-04
   7660   0.45941E-04
   7670   0.45910E-04
   7680   0.45887E-04
   7690   0.45850E-04
   7700   0.45816E-04
   7710   0.45794E-04
   7720   0.45754E-04
   7730   0.45734E-04
   7740   0.45693E-04
   7750   0.45664E-04
   7760   0.45647E-04
   7770   0.45598E-04
   7780   0.45576E-04
   7790   0.45538E-04
   7800   0.45498E-04
   7810   0.45475E-04
   7820   0.45446E-04
   7830   0.45384E-04
   7840   0.45362E-04
   7850   0.45323E-04
   7860   0.45291E-04
   7870   0.45236E-04
   7880   0.45213E-04
   7890   0.45176E-04
   7900   0.45125E-04
   7910   0.45080E-04
   7920   0.45047E-04
   7930   0.44999E-04
   7940   0.44947E-04
   7950   0.44904E-04
   7960   0.44874E-04
   7970   0.44824E-04
   7980   0.44783E-04
   7990   0.44720E-04
   8000   0.44693E-04
   8010   0.44636E-04
   8020   0.44589E-04
   8030   0.44551E-04
   8040   0.44481E-04
   8050   0.44462E-04
   8060   0.44402E-04
   8070   0.44349E-04
   8080   0.44300E-04
   8090   0.44248E-04
   8100   0.44198E-04
   8110   0.44141E-04
   8120   0.44103E-04
   8130   0.44047E-04
   8140   0.43981E-04
   8150   0.43934E-04
   8160   0.43893E-04
   8170   0.43838E-04
   8180   0.43792E-04
   8190   0.43719E-04
   8200   0.43668E-04
   8210   0.43617E-04
   8220   0.43554E-04
   8230   0.43497E-04
   8240   0.43434E-04
   8250   0.43377E-04
   8260   0.43332E-04
   8270   0.43269E-04
   8280   0.43210E-04
   8290   0.43148E-04
   8300   0.43099E-04
   8310   0.43029E-04
   8320   0.42962E-04
   8330   0.42905E-04
   8340   0.42851E-04
   8350   0.42791E-04
   8360   0.42721E-04
   8370   0.42667E-04
   8380   0.42608E-04
   8390   0.42549E-04
   8400   0.42486E-04
   8410   0.42409E-04
   8420   0.42334E-04
   8430   0.42295E-04
   8440   0.42225E-04
   8450   0.42155E-04
   8460   0.42087E-04
   8470   0.42042E-04
   8480   0.41986E-04
   8490   0.41887E-04
   8500   0.41834E-04
   8510   0.41783E-04
   8520   0.41705E-04
   8530   0.41635E-04
   8540   0.41574E-04
   8550   0.41517E-04
   8560   0.41451E-04
   8570   0.41373E-04
   8580   0.41306E-04
   8590   0.41247E-04
   8600   0.41169E-04
   8610   0.41104E-04
   8620   0.41044E-04
   8630   0.40958E-04
   8640   0.40902E-04
   8650   0.40822E-04
   8660   0.40766E-04
   8670   0.40690E-04
   8680   0.40615E-04
   8690   0.40555E-04
   8700   0.40488E-04
   8710   0.40411E-04
   8720   0.40340E-04
   8730   0.40271E-04
   8740   0.40212E-04
   8750   0.40138E-04
   8760   0.40061E-04
   8770   0.39983E-04
   8780   0.39914E-04
   8790   0.39850E-04
   8800   0.39758E-04
   8810   0.39687E-04
   8820   0.39611E-04
   8830   0.39547E-04
   8840   0.39455E-04
   8850   0.39399E-04
   8860   0.39324E-04
   8870   0.39262E-04
   8880   0.39161E-04
   8890   0.39096E-04
   8900   0.39027E-04
   8910   0.38949E-04
   8920   0.38875E-04
   8930   0.38794E-04
   8940   0.38716E-04
   8950   0.38635E-04
   8960   0.38557E-04
   8970   0.38474E-04
   8980   0.38410E-04
   8990   0.38314E-04
   9000   0.38248E-04
   9010   0.38154E-04
   9020   0.38080E-04
   9030   0.37998E-04
   9040   0.37915E-04
   9050   0.37849E-04
   9060   0.37732E-04
   9070   0.37646E-04
   9080   0.37571E-04
   9090   0.37483E-04
   9100   0.37413E-04
   9110   0.37324E-04
   9120   0.37241E-04
   9130   0.37146E-04
   9140   0.37080E-04
   9150   0.36978E-04
   9160   0.36889E-04
   9170   0.36798E-04
   9180   0.36714E-04
   9190   0.36625E-04
   9200   0.36536E-04
   9210   0.36447E-04
   9220   0.36361E-04
   9230   0.36256E-04
   9240   0.36173E-04
   9250   0.36074E-04
   9260   0.35995E-04
   9270   0.35893E-04
   9280   0.35806E-04
   9290   0.35699E-04
   9300   0.35621E-04
   9310   0.35524E-04
   9320   0.35421E-04
   9330   0.35335E-04
   9340   0.35244E-04
   9350   0.35129E-04
   9360   0.35027E-04
   9370   0.34942E-04
   9380   0.34842E-04
   9390   0.34750E-04
   9400   0.34677E-04
   9410   0.34566E-04
   9420   0.34467E-04
   9430   0.34376E-04
   9440   0.34289E-04
   9450   0.34179E-04
   9460   0.34075E-04
   9470   0.33990E-04
   9480   0.33885E-04
   9490   0.33798E-04
   9500   0.33688E-04
   9510   0.33588E-04
   9520   0.33515E-04
   9530   0.33400E-04
   9540   0.33297E-04
   9550   0.33208E-04
   9560   0.33116E-04
   9570   0.33020E-04
   9580   0.32912E-04
   9590   0.32821E-04
   9600   0.32720E-04
   9610   0.32626E-04
   9620   0.32520E-04
   9630   0.32434E-04
   9640   0.32347E-04
   9650   0.32234E-04
   9660   0.32171E-04
   9670   0.32067E-04
   9680   0.31976E-04
   9690   0.31886E-04
   9700   0.31780E-04
   9710   0.31693E-04
   9720   0.31585E-04
   9730   0.31514E-04
   9740   0.31425E-04
   9750   0.31326E-04
   9760   0.31234E-04
   9770   0.31164E-04
   9780   0.31056E-04
   9790   0.31001E-04
   9800   0.30894E-04
   9810   0.30780E-04
   9820   0.30715E-04
   9830   0.30616E-04
   9840   0.30546E-04
   9850   0.30466E-04
   9860   0.30370E-04
   9870   0.30284E-04
   9880   0.30208E-04
   9890   0.30112E-04
   9900   0.30043E-04
   9910   0.29953E-04
   9920   0.29883E-04
   9930   0.29799E-04
   9940   0.29701E-04
   9950   0.29613E-04
   9960   0.29559E-04
   9970   0.29481E-04
   9980   0.29385E-04
   9990   0.29308E-04
  10000   0.29228E-04
  10010   0.29149E-04
  10020   0.29071E-04
  10030   0.29017E-04
  10040   0.28922E-04
  10050   0.28842E-04
  10060   0.28781E-04
  10070   0.28708E-04
  10080   0.28615E-04
  10090   0.28543E-04
  10100   0.28455E-04
  10110   0.28402E-04
  10120   0.28326E-04
  10130   0.28253E-04
  10140   0.28171E-04
  10150   0.28100E-04
  10160   0.28028E-04
  10170   0.27965E-04
  10180   0.27869E-04
  10190   0.27807E-04
  10200   0.27724E-04
  10210   0.27654E-04
  10220   0.27582E-04
  10230   0.27503E-04
  10240   0.27416E-04
  10250   0.27354E-04
  10260   0.27281E-04
  10270   0.27200E-04
  10280   0.27133E-04
  10290   0.27050E-04
  10300   0.26977E-04
  10310   0.26920E-04
  10320   0.26839E-04
  10330   0.26767E-04
  10340   0.26663E-04
  10350   0.26588E-04
  10360   0.26526E-04
  10370   0.26449E-04
  10380   0.26366E-04
  10390   0.26281E-04
  10400   0.26203E-04
  10410   0.26135E-04
  10420   0.26045E-04
  10430   0.25987E-04
  10440   0.25886E-04
  10450   0.25820E-04
  10460   0.25726E-04
  10470   0.25652E-04
  10480   0.25577E-04
  10490   0.25488E-04
  10500   0.25423E-04
  10510   0.25335E-04
  10520   0.25229E-04
  10530   0.25155E-04
  10540   0.25077E-04
  10550   0.24974E-04
  10560   0.24901E-04
  10570   0.24811E-04
  10580   0.24725E-04
  10590   0.24645E-04
  10600   0.24556E-04
  10610   0.24475E-04
  10620   0.24372E-04
  10630   0.24279E-04
  10640   0.24201E-04
  10650   0.24096E-04
  10660   0.24004E-04
  10670   0.23924E-04
  10680   0.23822E-04
  10690   0.23733E-04
  10700   0.23630E-04
  10710   0.23541E-04
  10720   0.23439E-04
  10730   0.23345E-04
  10740   0.23281E-04
  10750   0.23172E-04
  10760   0.23054E-04
  10770   0.22974E-04
  10780   0.22889E-04
  10790   0.22770E-04
  10800   0.22688E-04
  10810   0.22593E-04
  10820   0.22506E-04
  10830   0.22411E-04
  10840   0.22318E-04
  10850   0.22237E-04
  10860   0.22115E-04
  10870   0.22019E-04
  10880   0.21922E-04
  10890   0.21842E-04
  10900   0.21742E-04
  10910   0.21645E-04
  10920   0.21558E-04
  10930   0.21452E-04
  10940   0.21364E-04
  10950   0.21258E-04
  10960   0.21150E-04
  10970   0.21075E-04
  10980   0.20968E-04
  10990   0.20885E-04
  11000   0.20787E-04
  11010   0.20693E-04
  11020   0.20600E-04
  11030   0.20495E-04
  11040   0.20405E-04
  11050   0.20311E-04
  11060   0.20220E-04
  11070   0.20112E-04
  11080   0.20031E-04
  11090   0.19937E-04
  11100   0.19852E-04
  11110   0.19756E-04
  11120   0.19662E-04
  11130   0.19570E-04
  11140   0.19468E-04
  11150   0.19407E-04
  11160   0.19285E-04
  11170   0.19203E-04
  11180   0.19109E-04
  11190   0.19032E-04
  11200   0.18924E-04
  11210   0.18840E-04
  11220   0.18749E-04
  11230   0.18672E-04
  11240   0.18582E-04
  11250   0.18498E-04
  11260   0.18409E-04
  11270   0.18299E-04
  11280   0.18225E-04
  11290   0.18144E-04
  11300   0.18051E-04
  11310   0.17982E-04
  11320   0.17874E-04
  11330   0.17797E-04
  11340   0.17710E-04
  11350   0.17630E-04
  11360   0.17546E-04
  11370   0.17454E-04
  11380   0.17365E-04
  11390   0.17295E-04
  11400   0.17211E-04
  11410   0.17113E-04
  11420   0.17029E-04
  11430   0.16943E-04
  11440   0.16871E-04
  11450   0.16788E-04
  11460   0.16697E-04
  11470   0.16618E-04
  11480   0.16541E-04
  11490   0.16458E-04
  11500   0.16378E-04
  11510   0.16297E-04
  11520   0.16197E-04
  11530   0.16123E-04
  11540   0.16064E-04
  11550   0.15966E-04
  11560   0.15890E-04
  11570   0.15796E-04
  11580   0.15722E-04
  11590   0.15652E-04
  11600   0.15582E-04
  11610   0.15502E-04
  11620   0.15423E-04
  11630   0.15326E-04
  11640   0.15250E-04
  11650   0.15175E-04
  11660   0.15108E-04
  11670   0.15023E-04
  11680   0.14939E-04
  11690   0.14854E-04
  11700   0.14787E-04
  11710   0.14713E-04
  11720   0.14633E-04
  11730   0.14560E-04
  11740   0.14504E-04
  11750   0.14402E-04
  11760   0.14351E-04
  11770   0.14257E-04
  11780   0.14206E-04
  11790   0.14120E-04
  11800   0.14040E-04
  11810   0.13977E-04
  11820   0.13903E-04
  11830   0.13837E-04
  11840   0.13757E-04
  11850   0.13691E-04
  11860   0.13595E-04
  11870   0.13547E-04
  11880   0.13455E-04
  11890   0.13391E-04
  11900   0.13325E-04
  11910   0.13252E-04
  11920   0.13182E-04
  11930   0.13123E-04
  11940   0.13051E-04
  11950   0.12979E-04
  11960   0.12920E-04
  11970   0.12845E-04
  11980   0.12778E-04
  11990   0.12713E-04
  12000   0.12639E-04
  12010   0.12564E-04
  12020   0.12507E-04
  12030   0.12453E-04
  12040   0.12386E-04
  12050   0.12314E-04
  12060   0.12241E-04
  12070   0.12186E-04
  12080   0.12149E-04
  12090   0.12074E-04
  12100   0.11999E-04
  12110   0.11935E-04
  12120   0.11885E-04
  12130   0.11819E-04
  12140   0.11768E-04
  12150   0.11702E-04
  12160   0.11634E-04
  12170   0.11577E-04
  12180   0.11511E-04
  12190   0.11453E-04
  12200   0.11411E-04
  12210   0.11345E-04
  12220   0.11302E-04
  12230   0.11226E-04
  12240   0.11166E-04
  12250   0.11131E-04
  12260   0.11081E-04
  12270   0.11018E-04
  12280   0.10966E-04
  12290   0.10897E-04
  12300   0.10851E-04
  12310   0.10783E-04
  12320   0.10748E-04
  12330   0.10690E-04
  12340   0.10632E-04
  12350   0.10584E-04
  12360   0.10545E-04
  12370   0.10499E-04
  12380   0.10441E-04
  12390   0.10402E-04
  12400   0.10341E-04
  12410   0.10307E-04
  12420   0.10248E-04
  12430   0.10196E-04
  12440   0.10152E-04
  12450   0.10120E-04
  12460   0.10064E-04
  12470   0.10014E-04
  12480   0.99844E-05
  12490   0.99560E-05
  12500   0.99027E-05
  12510   0.98606E-05
  12520   0.98283E-05
  12530   0.97882E-05
  12540   0.97366E-05
  12550   0.96812E-05
  12560   0.96527E-05
  12570   0.96114E-05
  12580   0.95744E-05
  12590   0.95367E-05
  12600   0.94866E-05
  12610   0.94650E-05
  12620   0.94259E-05
  12630   0.93890E-05
  12640   0.93539E-05
  12650   0.93090E-05
  12660   0.92822E-05
  12670   0.92274E-05
  12680   0.92131E-05
  12690   0.91728E-05
  12700   0.91332E-05
  12710   0.90968E-05
  12720   0.90704E-05
  12730   0.90391E-05
  12740   0.90135E-05
  12750   0.89786E-05
  12760   0.89493E-05
  12770   0.89155E-05
  12780   0.88756E-05
  12790   0.88438E-05
  12800   0.88224E-05
  12810   0.88074E-05
  12820   0.87773E-05
  12830   0.87499E-05
  12840   0.87203E-05
  12850   0.86886E-05
  12860   0.86701E-05
  12870   0.86506E-05
  12880   0.86234E-05
  12890   0.85813E-05
  12900   0.85658E-05
  12910   0.85542E-05
  12920   0.85089E-05
  12930   0.84904E-05
  12940   0.84732E-05
  12950   0.84464E-05
  12960   0.84349E-05
  12970   0.83921E-05
  12980   0.83801E-05
  12990   0.83597E-05
  13000   0.83314E-05
  13010   0.83237E-05
  13020   0.83027E-05
  13030   0.82689E-05
  13040   0.82551E-05
  13050   0.82343E-05
  13060   0.82198E-05
  13070   0.81926E-05
  13080   0.81885E-05
  13090   0.81673E-05
  13100   0.81489E-05
  13110   0.81352E-05
  13120   0.81224E-05
  13130   0.81035E-05
  13140   0.81045E-05
  13150   0.80747E-05
  13160   0.80404E-05
  13170   0.80473E-05
  13180   0.80374E-05
  13190   0.80256E-05
  13200   0.80166E-05
  13210   0.79844E-05
  13220   0.79862E-05
  13230   0.79880E-05
  13240   0.79705E-05
  13250   0.79483E-05
  13260   0.79461E-05
  13270   0.79355E-05
  13280   0.79297E-05
  13290   0.79262E-05
  13300   0.79182E-05
  13310   0.78957E-05
  13320   0.78898E-05
  13330   0.78803E-05
  13340   0.78708E-05
  13350   0.78616E-05
  13360   0.78394E-05
  13370   0.78459E-05
  13380   0.78430E-05
  13390   0.78135E-05
  13400   0.77974E-05
  13410   0.78034E-05
  13420   0.78022E-05
  13430   0.78011E-05
  13440   0.77852E-05
  13450   0.77712E-05
  13460   0.77690E-05
  13470   0.77576E-05
  13480   0.77504E-05
  13490   0.77319E-05
  13500   0.77360E-05
  13510   0.77270E-05
  13520   0.77172E-05
  13530   0.77250E-05
  13540   0.77093E-05
  13550   0.77054E-05
  13560   0.77028E-05
  13570   0.76922E-05
  13580   0.77035E-05
  13590   0.76786E-05
  13600   0.76753E-05
  13610   0.76654E-05
  13620   0.76549E-05
  13630   0.76597E-05
  13640   0.76498E-05
  13650   0.76456E-05
  13660   0.76344E-05
  13670   0.76290E-05
  13680   0.76275E-05
  13690   0.76227E-05
  13700   0.76133E-05
  13710   0.76033E-05
  13720   0.76017E-05
  13730   0.76089E-05
  13740   0.75916E-05
  13750   0.75861E-05
  13760   0.75761E-05
  13770   0.75816E-05
  13780   0.75756E-05
  13790   0.75639E-05
  13800   0.75660E-05
  13810   0.75648E-05
  13820   0.75517E-05
  13830   0.75465E-05
  13840   0.75384E-05
  13850   0.75469E-05
  13860   0.75275E-05
  13870   0.75303E-05
  13880   0.75250E-05
  13890   0.75184E-05
  13900   0.75173E-05
  13910   0.75026E-05
  13920   0.75106E-05
  13930   0.74962E-05
  13940   0.74766E-05
  13950   0.74883E-05
  13960   0.74777E-05
  13970   0.74755E-05
  13980   0.74719E-05
  13990   0.74723E-05
  14000   0.74546E-05
  14010   0.74407E-05
  14020   0.74483E-05
  14030   0.74414E-05
  14040   0.74341E-05
  14050   0.74202E-05
  14060   0.74058E-05
  14070   0.74156E-05
  14080   0.73951E-05
  14090   0.73818E-05
  14100   0.73809E-05
  14110   0.73527E-05
  14120   0.73663E-05
  14130   0.73595E-05
  14140   0.73369E-05
  14150   0.73389E-05
  14160   0.73373E-05
  14170   0.73304E-05
  14180   0.73191E-05
  14190   0.73097E-05
  14200   0.73019E-05
  14210   0.72906E-05
  14220   0.72901E-05
  14230   0.72876E-05
  14240   0.72654E-05
  14250   0.72540E-05
  14260   0.72636E-05
  14270   0.72608E-05
  14280   0.72595E-05
  14290   0.72475E-05
  14300   0.72407E-05
  14310   0.72307E-05
  14320   0.72433E-05
  14330   0.72334E-05
  14340   0.72274E-05
  14350   0.72379E-05
  14360   0.72290E-05
  14370   0.72385E-05
  14380   0.72408E-05
  14390   0.72322E-05
  14400   0.72361E-05
  14410   0.72308E-05
  14420   0.72471E-05
  14430   0.72487E-05
  14440   0.72486E-05
  14450   0.72413E-05
  14460   0.72571E-05
  14470   0.72512E-05
  14480   0.72540E-05
  14490   0.72567E-05
  14500   0.72649E-05
  14510   0.72555E-05
  14520   0.72898E-05
  14530   0.72924E-05
  14540   0.72918E-05
  14550   0.72952E-05
  14560   0.73240E-05
  14570   0.73191E-05
  14580   0.73312E-05
  14590   0.73476E-05
  14600   0.73523E-05
  14610   0.73611E-05
  14620   0.73910E-05
  14630   0.74047E-05
  14640   0.74228E-05
  14650   0.74534E-05
  14660   0.74545E-05
  14670   0.74808E-05
  14680   0.74948E-05
  14690   0.75379E-05
  14700   0.75348E-05
  14710   0.75574E-05
  14720   0.75831E-05
  14730   0.75960E-05
  14740   0.76264E-05
  14750   0.76628E-05
  14760   0.76925E-05
  14770   0.77140E-05
  14780   0.77246E-05
  14790   0.77757E-05
  14800   0.78004E-05
  14810   0.78170E-05
  14820   0.78503E-05
  14830   0.78718E-05
  14840   0.79100E-05
  14850   0.79465E-05
  14860   0.79666E-05
  14870   0.79867E-05
  14880   0.80317E-05
  14890   0.80637E-05
  14900   0.81094E-05
  14910   0.81312E-05
  14920   0.81577E-05
  14930   0.81897E-05
  14940   0.82251E-05
  14950   0.82643E-05
  14960   0.82971E-05
  14970   0.83412E-05
  14980   0.83667E-05
  14990   0.83928E-05
  15000   0.84503E-05
  15010   0.84882E-05
  15020   0.85074E-05
  15030   0.85433E-05
  15040   0.85841E-05
  15050   0.86171E-05
  15060   0.86490E-05
  15070   0.86800E-05
  15080   0.87130E-05
  15090   0.87529E-05
  15100   0.87907E-05
  15110   0.88255E-05
  15120   0.88465E-05
  15130   0.88867E-05
  15140   0.89256E-05
  15150   0.89695E-05
  15160   0.90062E-05
  15170   0.90251E-05
  15180   0.90545E-05
  15190   0.90992E-05
  15200   0.91503E-05
  15210   0.91750E-05
  15220   0.92217E-05
  15230   0.92525E-05
  15240   0.92841E-05
  15250   0.93205E-05
  15260   0.93611E-05
  15270   0.93886E-05
  15280   0.94330E-05
  15290   0.94523E-05
  15300   0.94755E-05
  15310   0.95166E-05
  15320   0.95511E-05
  15330   0.95855E-05
  15340   0.96049E-05
  15350   0.96285E-05
  15360   0.96631E-05
  15370   0.97003E-05
  15380   0.97331E-05
  15390   0.97625E-05
  15400   0.97877E-05
  15410   0.98255E-05
  15420   0.98489E-05
  15430   0.98708E-05
  15440   0.99006E-05
  15450   0.99328E-05
  15460   0.99516E-05
  15470   0.99678E-05
  15480   0.10007E-04
  15490   0.10017E-04
  15500   0.10047E-04
  15510   0.10072E-04
  15520   0.10095E-04
  15530   0.10106E-04
  15540   0.10121E-04
  15550   0.10145E-04
  15560   0.10185E-04
  15570   0.10201E-04
  15580   0.10213E-04
  15590   0.10227E-04
  15600   0.10242E-04
  15610   0.10254E-04
  15620   0.10268E-04
  15630   0.10290E-04
  15640   0.10314E-04
  15650   0.10316E-04
  15660   0.10333E-04
  15670   0.10366E-04
  15680   0.10366E-04
  15690   0.10372E-04
  15700   0.10388E-04
  15710   0.10401E-04
  15720   0.10405E-04
  15730   0.10406E-04
  15740   0.10424E-04
  15750   0.10444E-04
  15760   0.10445E-04
  15770   0.10442E-04
  15780   0.10448E-04
  15790   0.10461E-04
  15800   0.10465E-04
  15810   0.10460E-04
  15820   0.10488E-04
  15830   0.10491E-04
  15840   0.10482E-04
  15850   0.10490E-04
  15860   0.10492E-04
  15870   0.10503E-04
  15880   0.10504E-04
  15890   0.10502E-04
  15900   0.10514E-04
  15910   0.10512E-04
  15920   0.10511E-04
  15930   0.10518E-04
  15940   0.10512E-04
  15950   0.10513E-04
  15960   0.10518E-04
  15970   0.10514E-04
  15980   0.10521E-04
  15990   0.10515E-04
  16000   0.10512E-04
  16010   0.10517E-04
  16020   0.10519E-04
  16030   0.10513E-04
  16040   0.10518E-04
  16050   0.10515E-04
  16060   0.10522E-04
  16070   0.10491E-04
  16080   0.10507E-04
  16090   0.10497E-04
  16100   0.10502E-04
  16110   0.10493E-04
  16120   0.10499E-04
  16130   0.10514E-04
  16140   0.10519E-04
  16150   0.10514E-04
  16160   0.10512E-04
  16170   0.10505E-04
  16180   0.10514E-04
  16190   0.10493E-04
  16200   0.10494E-04
  16210   0.10511E-04
  16220   0.10498E-04
  16230   0.10507E-04
  16240   0.10498E-04
  16250   0.10508E-04
  16260   0.10509E-04
  16270   0.10514E-04
  16280   0.10505E-04
  16290   0.10499E-04
  16300   0.10518E-04
  16310   0.10515E-04
  16320   0.10496E-04
  16330   0.10516E-04
  16340   0.10529E-04
  16350   0.10519E-04
  16360   0.10527E-04
  16370   0.10546E-04
  16380   0.10534E-04
  16390   0.10568E-04
  16400   0.10558E-04
  16410   0.10559E-04
  16420   0.10561E-04
  16430   0.10564E-04
  16440   0.10568E-04
  16450   0.10602E-04
  16460   0.10605E-04
  16470   0.10593E-04
  16480   0.10610E-04
  16490   0.10610E-04
  16500   0.10631E-04
  16510   0.10639E-04
  16520   0.10649E-04
  16530   0.10657E-04
  16540   0.10665E-04
  16550   0.10686E-04
  16560   0.10694E-04
  16570   0.10704E-04
  16580   0.10720E-04
  16590   0.10734E-04
  16600   0.10759E-04
  16610   0.10757E-04
  16620   0.10783E-04
  16630   0.10803E-04
  16640   0.10817E-04
  16650   0.10836E-04
  16660   0.10845E-04
  16670   0.10861E-04
  16680   0.10884E-04
  16690   0.10882E-04
  16700   0.10916E-04
  16710   0.10915E-04
  16720   0.10940E-04
  16730   0.10975E-04
  16740   0.10984E-04
  16750   0.11007E-04
  16760   0.11029E-04
  16770   0.11036E-04
  16780   0.11073E-04
  16790   0.11088E-04
  16800   0.11106E-04
  16810   0.11129E-04
  16820   0.11150E-04
  16830   0.11171E-04
  16840   0.11189E-04
  16850   0.11213E-04
  16860   0.11247E-04
  16870   0.11260E-04
  16880   0.11288E-04
  16890   0.11315E-04
  16900   0.11342E-04
  16910   0.11349E-04
  16920   0.11381E-04
  16930   0.11400E-04
  16940   0.11425E-04
  16950   0.11454E-04
  16960   0.11481E-04
  16970   0.11497E-04
  16980   0.11535E-04
  16990   0.11567E-04
  17000   0.11585E-04
  17010   0.11614E-04
  17020   0.11632E-04
  17030   0.11658E-04
  17040   0.11678E-04
  17050   0.11706E-04
  17060   0.11754E-04
  17070   0.11778E-04
  17080   0.11800E-04
  17090   0.11829E-04
  17100   0.11857E-04
  17110   0.11877E-04
  17120   0.11905E-04
  17130   0.11934E-04
  17140   0.11953E-04
  17150   0.11987E-04
  17160   0.12014E-04
  17170   0.12052E-04
  17180   0.12091E-04
  17190   0.12116E-04
  17200   0.12136E-04
  17210   0.12180E-04
  17220   0.12212E-04
  17230   0.12218E-04
  17240   0.12260E-04
  17250   0.12286E-04
  17260   0.12320E-04
  17270   0.12359E-04
  17280   0.12384E-04
  17290   0.12418E-04
  17300   0.12455E-04
  17310   0.12481E-04
  17320   0.12504E-04
  17330   0.12520E-04
  17340   0.12577E-04
  17350   0.12598E-04
  17360   0.12639E-04
  17370   0.12683E-04
  17380   0.12699E-04
  17390   0.12755E-04
  17400   0.12762E-04
  17410   0.12809E-04
  17420   0.12850E-04
  17430   0.12872E-04
  17440   0.12910E-04
  17450   0.12927E-04
  17460   0.12980E-04
  17470   0.13025E-04
  17480   0.13048E-04
  17490   0.13091E-04
  17500   0.13142E-04
  17510   0.13175E-04
  17520   0.13225E-04
  17530   0.13271E-04
  17540   0.13298E-04
  17550   0.13355E-04
  17560   0.13390E-04
  17570   0.13455E-04
  17580   0.13497E-04
  17590   0.13532E-04
  17600   0.13608E-04
  17610   0.13619E-04
  17620   0.13675E-04
  17630   0.13735E-04
  17640   0.13786E-04
  17650   0.13831E-04
  17660   0.13895E-04
  17670   0.13939E-04
  17680   0.13991E-04
  17690   0.14060E-04
  17700   0.14107E-04
  17710   0.14174E-04
  17720   0.14226E-04
  17730   0.14291E-04
  17740   0.14344E-04
  17750   0.14410E-04
  17760   0.14458E-04
  17770   0.14520E-04
  17780   0.14587E-04
  17790   0.14630E-04
  17800   0.14691E-04
  17810   0.14769E-04
  17820   0.14814E-04
  17830   0.14887E-04
  17840   0.14937E-04
  17850   0.14993E-04
  17860   0.15045E-04
  17870   0.15107E-04
  17880   0.15163E-04
  17890   0.15198E-04
  17900   0.15265E-04
  17910   0.15314E-04
  17920   0.15372E-04
  17930   0.15414E-04
  17940   0.15483E-04
  17950   0.15536E-04
  17960   0.15585E-04
  17970   0.15657E-04
  17980   0.15725E-04
  17990   0.15778E-04
  18000   0.15850E-04
  18010   0.15909E-04
  18020   0.15965E-04
  18030   0.16035E-04
  18040   0.16103E-04
  18050   0.16155E-04
  18060   0.16245E-04
  18070   0.16287E-04
  18080   0.16354E-04
  18090   0.16416E-04
  18100   0.16488E-04
  18110   0.16553E-04
  18120   0.16604E-04
  18130   0.16676E-04
  18140   0.16757E-04
  18150   0.16816E-04
  18160   0.16884E-04
  18170   0.16971E-04
  18180   0.17029E-04
  18190   0.17097E-04
  18200   0.17161E-04
  18210   0.17222E-04
  18220   0.17299E-04
  18230   0.17367E-04
  18240   0.17418E-04
  18250   0.17478E-04
  18260   0.17529E-04
  18270   0.17602E-04
  18280   0.17651E-04
  18290   0.17706E-04
  18300   0.17773E-04
  18310   0.17830E-04
  18320   0.17870E-04
  18330   0.17927E-04
  18340   0.17970E-04
  18350   0.18020E-04
  18360   0.18070E-04
  18370   0.18130E-04
  18380   0.18174E-04
  18390   0.18203E-04
  18400   0.18271E-04
  18410   0.18311E-04
  18420   0.18360E-04
  18430   0.18399E-04
  18440   0.18459E-04
  18450   0.18497E-04
  18460   0.18542E-04
  18470   0.18585E-04
  18480   0.18633E-04
  18490   0.18669E-04
  18500   0.18706E-04
  18510   0.18755E-04
  18520   0.18791E-04
  18530   0.18834E-04
  18540   0.18878E-04
  18550   0.18905E-04
  18560   0.18943E-04
  18570   0.18978E-04
  18580   0.19008E-04
  18590   0.19052E-04
  18600   0.19092E-04
  18610   0.19122E-04
  18620   0.19169E-04
  18630   0.19205E-04
  18640   0.19242E-04
  18650   0.19280E-04
  18660   0.19317E-04
  18670   0.19351E-04
  18680   0.19389E-04
  18690   0.19438E-04
  18700   0.19487E-04
  18710   0.19523E-04
  18720   0.19565E-04
  18730   0.19602E-04
  18740   0.19653E-04
  18750   0.19685E-04
  18760   0.19738E-04
  18770   0.19768E-04
  18780   0.19808E-04
  18790   0.19855E-04
  18800   0.19891E-04
  18810   0.19934E-04
  18820   0.19974E-04
  18830   0.20019E-04
  18840   0.20068E-04
  18850   0.20110E-04
  18860   0.20148E-04
  18870   0.20199E-04
  18880   0.20246E-04
  18890   0.20297E-04
  18900   0.20355E-04
  18910   0.20402E-04
  18920   0.20468E-04
  18930   0.20527E-04
  18940   0.20591E-04
  18950   0.20656E-04
  18960   0.20730E-04
  18970   0.20802E-04
  18980   0.20884E-04
  18990   0.20959E-04
  19000   0.21042E-04
  19010   0.21145E-04
  19020   0.21232E-04
  19030   0.21328E-04
  19040   0.21424E-04
  19050   0.21530E-04
  19060   0.21630E-04
  19070   0.21745E-04
  19080   0.21848E-04
  19090   0.21965E-04
  19100   0.22082E-04
  19110   0.22197E-04
  19120   0.22318E-04
  19130   0.22436E-04
  19140   0.22557E-04
  19150   0.22679E-04
  19160   0.22798E-04
  19170   0.22917E-04
  19180   0.23030E-04
  19190   0.23156E-04
  19200   0.23277E-04
  19210   0.23400E-04
  19220   0.23522E-04
  19230   0.23653E-04
  19240   0.23768E-04
  19250   0.23885E-04
  19260   0.24010E-04
  19270   0.24134E-04
  19280   0.24260E-04
  19290   0.24393E-04
  19300   0.24521E-04
  19310   0.24651E-04
  19320   0.24782E-04
  19330   0.24919E-04
  19340   0.25047E-04
  19350   0.25187E-04
  19360   0.25338E-04
  19370   0.25482E-04
  19380   0.25632E-04
  19390   0.25788E-04
  19400   0.25940E-04
  19410   0.26102E-04
  19420   0.26266E-04
  19430   0.26437E-04
  19440   0.26610E-04
  19450   0.26783E-04
  19460   0.26967E-04
  19470   0.27152E-04
  19480   0.27341E-04
  19490   0.27526E-04
  19500   0.27716E-04
  19510   0.27912E-04
  19520   0.28109E-04
  19530   0.28308E-04
  19540   0.28499E-04
  19550   0.28707E-04
  19560   0.28908E-04
  19570   0.29112E-04
  19580   0.29318E-04
  19590   0.29524E-04
  19600   0.29727E-04
  19610   0.29934E-04
  19620   0.30138E-04
  19630   0.30344E-04
  19640   0.30544E-04
  19650   0.30745E-04
  19660   0.30946E-04
  19670   0.31146E-04
  19680   0.31342E-04
  19690   0.31543E-04
  19700   0.31735E-04
  19710   0.31926E-04
  19720   0.32118E-04
  19730   0.32308E-04
  19740   0.32493E-04
  19750   0.32672E-04
  19760   0.32864E-04
  19770   0.33040E-04
  19780   0.33212E-04
  19790   0.33390E-04
  19800   0.33563E-04
  19810   0.33731E-04
  19820   0.33906E-04
  19830   0.34075E-04
  19840   0.34243E-04
  19850   0.34407E-04
  19860   0.34572E-04
  19870   0.34738E-04
  19880   0.34896E-04
  19890   0.35055E-04
  19900   0.35216E-04
  19910   0.35383E-04
  19920   0.35540E-04
  19930   0.35702E-04
  19940   0.35855E-04
  19950   0.36010E-04
  19960   0.36168E-04
  19970   0.36323E-04
  19980   0.36485E-04
  19990   0.36642E-04
  20000   0.36796E-04
