     10   0.11143E-02
     20   0.95329E-03
     30   0.84483E-03
     40   0.76662E-03
     50   0.70710E-03
     60   0.65965E-03
     70   0.62002E-03
     80   0.58578E-03
     90   0.55556E-03
    100   0.52838E-03
    110   0.50287E-03
    120   0.47927E-03
    130   0.45742E-03
    140   0.43710E-03
    150   0.41783E-03
    160   0.39973E-03
    170   0.38268E-03
    180   0.36673E-03
    190   0.35173E-03
    200   0.33761E-03
    210   0.32424E-03
    220   0.31170E-03
    230   0.29999E-03
    240   0.28905E-03
    250   0.27885E-03
    260   0.26939E-03
    270   0.26058E-03
    280   0.25245E-03
    290   0.24489E-03
    300   0.23792E-03
    310   0.23156E-03
    320   0.22569E-03
    330   0.22026E-03
    340   0.21529E-03
    350   0.21072E-03
    360   0.20661E-03
    370   0.20289E-03
    380   0.19959E-03
    390   0.19671E-03
    400   0.19423E-03
    410   0.19210E-03
    420   0.19031E-03
    430   0.18879E-03
    440   0.18749E-03
    450   0.18637E-03
    460   0.18534E-03
    470   0.18435E-03
    480   0.18338E-03
    490   0.18234E-03
    500   0.18124E-03
    510   0.18006E-03
    520   0.17879E-03
    530   0.17744E-03
    540   0.17602E-03
    550   0.17454E-03
    560   0.17305E-03
    570   0.17158E-03
    580   0.17014E-03
    590   0.16880E-03
    600   0.16756E-03
    610   0.16648E-03
    620   0.16555E-03
    630   0.16476E-03
    640   0.16416E-03
    650   0.16372E-03
    660   0.16345E-03
    670   0.16334E-03
    680   0.16337E-03
    690   0.16353E-03
    700   0.16381E-03
    710   0.16416E-03
    720   0.16459E-03
    730   0.16505E-03
    740   0.16555E-03
    750   0.16605E-03
    760   0.16652E-03
    770   0.16697E-03
    780   0.16736E-03
    790   0.16768E-03
    800   0.16793E-03
    810   0.16810E-03
    820   0.16817E-03
    830   0.16814E-03
    840   0.16802E-03
    850   0.16780E-03
    860   0.16748E-03
    870   0.16707E-03
    880   0.16657E-03
    890   0.16600E-03
    900   0.16534E-03
    910   0.16461E-03
    920   0.16382E-03
    930   0.16296E-03
    940   0.16206E-03
    950   0.16110E-03
    960   0.16009E-03
    970   0.15905E-03
    980   0.15798E-03
    990   0.15689E-03
   1000   0.15579E-03
   1010   0.15468E-03
   1020   0.15356E-03
   1030   0.15247E-03
   1040   0.15139E-03
   1050   0.15034E-03
   1060   0.14935E-03
   1070   0.14841E-03
   1080   0.14754E-03
   1090   0.14673E-03
   1100   0.14600E-03
   1110   0.14535E-03
   1120   0.14477E-03
   1130   0.14429E-03
   1140   0.14390E-03
   1150   0.14358E-03
   1160   0.14336E-03
   1170   0.14317E-03
   1180   0.14306E-03
   1190   0.14299E-03
   1200   0.14297E-03
   1210   0.14297E-03
   1220   0.14298E-03
   1230   0.14300E-03
   1240   0.14302E-03
   1250   0.14303E-03
   1260   0.14301E-03
   1270   0.14296E-03
   1280   0.14285E-03
   1290   0.14270E-03
   1300   0.14251E-03
   1310   0.14224E-03
   1320   0.14195E-03
   1330   0.14158E-03
   1340   0.14115E-03
   1350   0.14068E-03
   1360   0.14017E-03
   1370   0.13961E-03
   1380   0.13901E-03
   1390   0.13838E-03
   1400   0.13775E-03
   1410   0.13708E-03
   1420   0.13644E-03
   1430   0.13581E-03
   1440   0.13516E-03
   1450   0.13456E-03
   1460   0.13397E-03
   1470   0.13342E-03
   1480   0.13292E-03
   1490   0.13245E-03
   1500   0.13203E-03
   1510   0.13163E-03
   1520   0.13130E-03
   1530   0.13100E-03
   1540   0.13072E-03
   1550   0.13046E-03
   1560   0.13023E-03
   1570   0.13002E-03
   1580   0.12981E-03
   1590   0.12958E-03
   1600   0.12935E-03
   1610   0.12911E-03
   1620   0.12883E-03
   1630   0.12855E-03
   1640   0.12820E-03
   1650   0.12783E-03
   1660   0.12742E-03
   1670   0.12695E-03
   1680   0.12643E-03
   1690   0.12587E-03
   1700   0.12527E-03
   1710   0.12463E-03
   1720   0.12393E-03
   1730   0.12320E-03
   1740   0.12243E-03
   1750   0.12164E-03
   1760   0.12082E-03
   1770   0.11999E-03
   1780   0.11914E-03
   1790   0.11830E-03
   1800   0.11746E-03
   1810   0.11663E-03
   1820   0.11583E-03
   1830   0.11506E-03
   1840   0.11433E-03
   1850   0.11365E-03
   1860   0.11303E-03
   1870   0.11249E-03
   1880   0.11201E-03
   1890   0.11162E-03
   1900   0.11131E-03
   1910   0.11111E-03
   1920   0.11100E-03
   1930   0.11100E-03
   1940   0.11110E-03
   1950   0.11131E-03
   1960   0.11162E-03
   1970   0.11202E-03
   1980   0.11252E-03
   1990   0.11313E-03
   2000   0.11384E-03
   2010   0.11462E-03
   2020   0.11548E-03
   2030   0.11641E-03
   2040   0.11740E-03
   2050   0.11846E-03
   2060   0.11956E-03
   2070   0.12070E-03
   2080   0.12189E-03
   2090   0.12308E-03
   2100   0.12434E-03
   2110   0.12558E-03
   2120   0.12683E-03
   2130   0.12809E-03
   2140   0.12935E-03
   2150   0.13061E-03
   2160   0.13187E-03
   2170   0.13310E-03
   2180   0.13434E-03
   2190   0.13556E-03
   2200   0.13674E-03
   2210   0.13790E-03
   2220   0.13904E-03
   2230   0.14015E-03
   2240   0.14125E-03
   2250   0.14231E-03
   2260   0.14332E-03
   2270   0.14431E-03
   2280   0.14526E-03
   2290   0.14617E-03
   2300   0.14705E-03
   2310   0.14788E-03
   2320   0.14865E-03
   2330   0.14939E-03
   2340   0.15009E-03
   2350   0.15071E-03
   2360   0.15129E-03
   2370   0.15182E-03
   2380   0.15230E-03
   2390   0.15272E-03
   2400   0.15306E-03
   2410   0.15338E-03
   2420   0.15360E-03
   2430   0.15380E-03
   2440   0.15393E-03
   2450   0.15401E-03
   2460   0.15401E-03
   2470   0.15395E-03
   2480   0.15386E-03
   2490   0.15370E-03
   2500   0.15348E-03
   2510   0.15322E-03
   2520   0.15291E-03
   2530   0.15254E-03
   2540   0.15212E-03
   2550   0.15167E-03
   2560   0.15117E-03
   2570   0.15062E-03
   2580   0.15002E-03
   2590   0.14941E-03
   2600   0.14873E-03
   2610   0.14804E-03
   2620   0.14730E-03
   2630   0.14653E-03
   2640   0.14575E-03
   2650   0.14490E-03
   2660   0.14405E-03
   2670   0.14319E-03
   2680   0.14230E-03
   2690   0.14135E-03
   2700   0.14042E-03
   2710   0.13947E-03
   2720   0.13847E-03
   2730   0.13747E-03
   2740   0.13644E-03
   2750   0.13539E-03
   2760   0.13436E-03
   2770   0.13329E-03
   2780   0.13219E-03
   2790   0.13110E-03
   2800   0.12999E-03
   2810   0.12889E-03
   2820   0.12776E-03
   2830   0.12662E-03
   2840   0.12551E-03
   2850   0.12436E-03
   2860   0.12318E-03
   2870   0.12203E-03
   2880   0.12087E-03
   2890   0.11971E-03
   2900   0.11854E-03
   2910   0.11735E-03
   2920   0.11618E-03
   2930   0.11503E-03
   2940   0.11385E-03
   2950   0.11269E-03
   2960   0.11153E-03
   2970   0.11036E-03
   2980   0.10921E-03
   2990   0.10804E-03
   3000   0.10689E-03
   3010   0.10578E-03
   3020   0.10464E-03
   3030   0.10351E-03
   3040   0.10242E-03
   3050   0.10132E-03
   3060   0.10023E-03
   3070   0.99168E-04
   3080   0.98110E-04
   3090   0.97055E-04
   3100   0.96022E-04
   3110   0.95010E-04
   3120   0.94003E-04
   3130   0.93019E-04
   3140   0.92066E-04
   3150   0.91111E-04
   3160   0.90176E-04
   3170   0.89256E-04
   3180   0.88377E-04
   3190   0.87510E-04
   3200   0.86637E-04
   3210   0.85806E-04
   3220   0.85001E-04
   3230   0.84219E-04
   3240   0.83420E-04
   3250   0.82673E-04
   3260   0.81926E-04
   3270   0.81217E-04
   3280   0.80507E-04
   3290   0.79839E-04
   3300   0.79178E-04
   3310   0.78542E-04
   3320   0.77927E-04
   3330   0.77312E-04
   3340   0.76734E-04
   3350   0.76161E-04
   3360   0.75597E-04
   3370   0.75068E-04
   3380   0.74533E-04
   3390   0.74029E-04
   3400   0.73546E-04
   3410   0.73065E-04
   3420   0.72591E-04
   3430   0.72147E-04
   3440   0.71706E-04
   3450   0.71286E-04
   3460   0.70865E-04
   3470   0.70458E-04
   3480   0.70088E-04
   3490   0.69703E-04
   3500   0.69320E-04
   3510   0.68951E-04
   3520   0.68598E-04
   3530   0.68261E-04
   3540   0.67925E-04
   3550   0.67604E-04
   3560   0.67297E-04
   3570   0.66968E-04
   3580   0.66676E-04
   3590   0.66384E-04
   3600   0.66087E-04
   3610   0.65823E-04
   3620   0.65552E-04
   3630   0.65293E-04
   3640   0.65049E-04
   3650   0.64796E-04
   3660   0.64550E-04
   3670   0.64320E-04
   3680   0.64094E-04
   3690   0.63859E-04
   3700   0.63663E-04
   3710   0.63441E-04
   3720   0.63234E-04
   3730   0.63052E-04
   3740   0.62846E-04
   3750   0.62666E-04
   3760   0.62492E-04
   3770   0.62336E-04
   3780   0.62157E-04
   3790   0.62005E-04
   3800   0.61836E-04
   3810   0.61690E-04
   3820   0.61553E-04
   3830   0.61417E-04
   3840   0.61278E-04
   3850   0.61140E-04
   3860   0.61035E-04
   3870   0.60920E-04
   3880   0.60793E-04
   3890   0.60684E-04
   3900   0.60591E-04
   3910   0.60485E-04
   3920   0.60398E-04
   3930   0.60306E-04
   3940   0.60225E-04
   3950   0.60147E-04
   3960   0.60067E-04
   3970   0.60012E-04
   3980   0.59943E-04
   3990   0.59883E-04
   4000   0.59825E-04
   4010   0.59774E-04
   4020   0.59723E-04
   4030   0.59693E-04
   4040   0.59648E-04
   4050   0.59628E-04
   4060   0.59592E-04
   4070   0.59568E-04
   4080   0.59551E-04
   4090   0.59525E-04
   4100   0.59522E-04
   4110   0.59526E-04
   4120   0.59511E-04
   4130   0.59527E-04
   4140   0.59544E-04
   4150   0.59532E-04
   4160   0.59548E-04
   4170   0.59581E-04
   4180   0.59603E-04
   4190   0.59618E-04
   4200   0.59653E-04
   4210   0.59679E-04
   4220   0.59727E-04
   4230   0.59757E-04
   4240   0.59819E-04
   4250   0.59842E-04
   4260   0.59912E-04
   4270   0.59962E-04
   4280   0.60028E-04
   4290   0.60076E-04
   4300   0.60152E-04
   4310   0.60223E-04
   4320   0.60279E-04
   4330   0.60360E-04
   4340   0.60419E-04
   4350   0.60491E-04
   4360   0.60580E-04
   4370   0.60650E-04
   4380   0.60738E-04
   4390   0.60807E-04
   4400   0.60892E-04
   4410   0.60977E-04
   4420   0.61059E-04
   4430   0.61148E-04
   4440   0.61210E-04
   4450   0.61306E-04
   4460   0.61392E-04
   4470   0.61474E-04
   4480   0.61556E-04
   4490   0.61645E-04
   4500   0.61716E-04
   4510   0.61816E-04
   4520   0.61879E-04
   4530   0.61965E-04
   4540   0.62047E-04
   4550   0.62119E-04
   4560   0.62195E-04
   4570   0.62271E-04
   4580   0.62331E-04
   4590   0.62400E-04
   4600   0.62472E-04
   4610   0.62537E-04
   4620   0.62599E-04
   4630   0.62659E-04
   4640   0.62719E-04
   4650   0.62752E-04
   4660   0.62827E-04
   4670   0.62878E-04
   4680   0.62922E-04
   4690   0.62961E-04
   4700   0.62988E-04
   4710   0.63028E-04
   4720   0.63062E-04
   4730   0.63104E-04
   4740   0.63121E-04
   4750   0.63147E-04
   4760   0.63155E-04
   4770   0.63184E-04
   4780   0.63191E-04
   4790   0.63202E-04
   4800   0.63213E-04
   4810   0.63225E-04
   4820   0.63212E-04
   4830   0.63211E-04
   4840   0.63199E-04
   4850   0.63199E-04
   4860   0.63176E-04
   4870   0.63167E-04
   4880   0.63144E-04
   4890   0.63121E-04
   4900   0.63086E-04
   4910   0.63067E-04
   4920   0.63029E-04
   4930   0.62995E-04
   4940   0.62956E-04
   4950   0.62927E-04
   4960   0.62881E-04
   4970   0.62846E-04
   4980   0.62786E-04
   4990   0.62747E-04
   5000   0.62684E-04
   5010   0.62630E-04
   5020   0.62582E-04
   5030   0.62523E-04
   5040   0.62463E-04
   5050   0.62399E-04
   5060   0.62334E-04
   5070   0.62271E-04
   5080   0.62198E-04
   5090   0.62136E-04
   5100   0.62070E-04
   5110   0.62008E-04
   5120   0.61940E-04
   5130   0.61858E-04
   5140   0.61793E-04
   5150   0.61707E-04
   5160   0.61644E-04
   5170   0.61570E-04
   5180   0.61488E-04
   5190   0.61412E-04
   5200   0.61346E-04
   5210   0.61250E-04
   5220   0.61191E-04
   5230   0.61121E-04
   5240   0.61045E-04
   5250   0.60979E-04
   5260   0.60893E-04
   5270   0.60820E-04
   5280   0.60742E-04
   5290   0.60674E-04
   5300   0.60592E-04
   5310   0.60522E-04
   5320   0.60457E-04
   5330   0.60379E-04
   5340   0.60311E-04
   5350   0.60237E-04
   5360   0.60169E-04
   5370   0.60095E-04
   5380   0.60033E-04
   5390   0.59963E-04
   5400   0.59899E-04
   5410   0.59851E-04
   5420   0.59773E-04
   5430   0.59725E-04
   5440   0.59672E-04
   5450   0.59596E-04
   5460   0.59545E-04
   5470   0.59488E-04
   5480   0.59410E-04
   5490   0.59368E-04
   5500   0.59325E-04
   5510   0.59258E-04
   5520   0.59222E-04
   5530   0.59177E-04
   5540   0.59122E-04
   5550   0.59081E-04
   5560   0.59030E-04
   5570   0.58989E-04
   5580   0.58957E-04
   5590   0.58910E-04
   5600   0.58881E-04
   5610   0.58845E-04
   5620   0.58806E-04
   5630   0.58771E-04
   5640   0.58746E-04
   5650   0.58702E-04
   5660   0.58669E-04
   5670   0.58651E-04
   5680   0.58624E-04
   5690   0.58592E-04
   5700   0.58566E-04
   5710   0.58547E-04
   5720   0.58522E-04
   5730   0.58509E-04
   5740   0.58492E-04
   5750   0.58471E-04
   5760   0.58448E-04
   5770   0.58431E-04
   5780   0.58429E-04
   5790   0.58409E-04
   5800   0.58395E-04
   5810   0.58384E-04
   5820   0.58368E-04
   5830   0.58368E-04
   5840   0.58354E-04
   5850   0.58333E-04
   5860   0.58311E-04
   5870   0.58310E-04
   5880   0.58305E-04
   5890   0.58295E-04
   5900   0.58295E-04
   5910   0.58277E-04
   5920   0.58266E-04
   5930   0.58264E-04
   5940   0.58268E-04
   5950   0.58257E-04
   5960   0.58264E-04
   5970   0.58251E-04
   5980   0.58247E-04
   5990   0.58235E-04
   6000   0.58241E-04
   6010   0.58240E-04
   6020   0.58236E-04
   6030   0.58227E-04
   6040   0.58211E-04
   6050   0.58225E-04
   6060   0.58220E-04
   6070   0.58212E-04
   6080   0.58213E-04
   6090   0.58208E-04
   6100   0.58203E-04
   6110   0.58211E-04
   6120   0.58201E-04
   6130   0.58193E-04
   6140   0.58196E-04
   6150   0.58182E-04
   6160   0.58183E-04
   6170   0.58192E-04
   6180   0.58176E-04
   6190   0.58175E-04
   6200   0.58170E-04
   6210   0.58169E-04
   6220   0.58163E-04
   6230   0.58159E-04
   6240   0.58166E-04
   6250   0.58162E-04
   6260   0.58153E-04
   6270   0.58135E-04
   6280   0.58134E-04
   6290   0.58129E-04
   6300   0.58127E-04
   6310   0.58110E-04
   6320   0.58117E-04
   6330   0.58092E-04
   6340   0.58083E-04
   6350   0.58074E-04
   6360   0.58070E-04
   6370   0.58058E-04
   6380   0.58043E-04
   6390   0.58039E-04
   6400   0.58023E-04
   6410   0.58017E-04
   6420   0.57987E-04
   6430   0.57966E-04
   6440   0.57961E-04
   6450   0.57936E-04
   6460   0.57920E-04
   6470   0.57891E-04
   6480   0.57877E-04
   6490   0.57850E-04
   6500   0.57833E-04
   6510   0.57792E-04
   6520   0.57763E-04
   6530   0.57748E-04
   6540   0.57713E-04
   6550   0.57675E-04
   6560   0.57648E-04
   6570   0.57604E-04
   6580   0.57578E-04
   6590   0.57519E-04
   6600   0.57480E-04
   6610   0.57423E-04
   6620   0.57389E-04
   6630   0.57340E-04
   6640   0.57296E-04
   6650   0.57246E-04
   6660   0.57188E-04
   6670   0.57137E-04
   6680   0.57068E-04
   6690   0.57013E-04
   6700   0.56945E-04
   6710   0.56885E-04
   6720   0.56810E-04
   6730   0.56740E-04
   6740   0.56672E-04
   6750   0.56590E-04
   6760   0.56516E-04
   6770   0.56438E-04
   6780   0.56333E-04
   6790   0.56270E-04
   6800   0.56176E-04
   6810   0.56083E-04
   6820   0.55994E-04
   6830   0.55912E-04
   6840   0.55806E-04
   6850   0.55690E-04
   6860   0.55589E-04
   6870   0.55509E-04
   6880   0.55382E-04
   6890   0.55280E-04
   6900   0.55181E-04
   6910   0.55060E-04
   6920   0.54943E-04
   6930   0.54827E-04
   6940   0.54703E-04
   6950   0.54592E-04
   6960   0.54450E-04
   6970   0.54328E-04
   6980   0.54228E-04
   6990   0.54096E-04
   7000   0.53949E-04
   7010   0.53855E-04
   7020   0.53722E-04
   7030   0.53578E-04
   7040   0.53447E-04
   7050   0.53319E-04
   7060   0.53186E-04
   7070   0.53049E-04
   7080   0.52921E-04
   7090   0.52796E-04
   7100   0.52665E-04
   7110   0.52527E-04
   7120   0.52386E-04
   7130   0.52268E-04
   7140   0.52115E-04
   7150   0.51978E-04
   7160   0.51857E-04
   7170   0.51738E-04
   7180   0.51592E-04
   7190   0.51478E-04
   7200   0.51341E-04
   7210   0.51213E-04
   7220   0.51092E-04
   7230   0.50974E-04
   7240   0.50839E-04
   7250   0.50721E-04
   7260   0.50596E-04
   7270   0.50485E-04
   7280   0.50370E-04
   7290   0.50250E-04
   7300   0.50132E-04
   7310   0.50022E-04
   7320   0.49905E-04
   7330   0.49804E-04
   7340   0.49691E-04
   7350   0.49578E-04
   7360   0.49475E-04
   7370   0.49355E-04
   7380   0.49261E-04
   7390   0.49160E-04
   7400   0.49063E-04
   7410   0.48967E-04
   7420   0.48871E-04
   7430   0.48763E-04
   7440   0.48676E-04
   7450   0.48572E-04
   7460   0.48484E-04
   7470   0.48379E-04
   7480   0.48303E-04
   7490   0.48224E-04
   7500   0.48109E-04
   7510   0.48035E-04
   7520   0.47949E-04
   7530   0.47857E-04
   7540   0.47797E-04
   7550   0.47690E-04
   7560   0.47603E-04
   7570   0.47520E-04
   7580   0.47454E-04
   7590   0.47361E-04
   7600   0.47279E-04
   7610   0.47204E-04
   7620   0.47116E-04
   7630   0.47027E-04
   7640   0.46979E-04
   7650   0.46887E-04
   7660   0.46803E-04
   7670   0.46746E-04
   7680   0.46654E-04
   7690   0.46569E-04
   7700   0.46484E-04
   7710   0.46419E-04
   7720   0.46338E-04
   7730   0.46262E-04
   7740   0.46189E-04
   7750   0.46120E-04
   7760   0.46040E-04
   7770   0.45963E-04
   7780   0.45892E-04
   7790   0.45810E-04
   7800   0.45733E-04
   7810   0.45668E-04
   7820   0.45581E-04
   7830   0.45515E-04
   7840   0.45425E-04
   7850   0.45360E-04
   7860   0.45266E-04
   7870   0.45203E-04
   7880   0.45137E-04
   7890   0.45037E-04
   7900   0.44974E-04
   7910   0.44904E-04
   7920   0.44819E-04
   7930   0.44743E-04
   7940   0.44678E-04
   7950   0.44579E-04
   7960   0.44520E-04
   7970   0.44437E-04
   7980   0.44353E-04
   7990   0.44288E-04
   8000   0.44200E-04
   8010   0.44115E-04
   8020   0.44033E-04
   8030   0.43952E-04
   8040   0.43885E-04
   8050   0.43787E-04
   8060   0.43698E-04
   8070   0.43616E-04
   8080   0.43547E-04
   8090   0.43458E-04
   8100   0.43374E-04
   8110   0.43286E-04
   8120   0.43195E-04
   8130   0.43127E-04
   8140   0.43040E-04
   8150   0.42951E-04
   8160   0.42864E-04
   8170   0.42756E-04
   8180   0.42688E-04
   8190   0.42618E-04
   8200   0.42528E-04
   8210   0.42423E-04
   8220   0.42330E-04
   8230   0.42229E-04
   8240   0.42149E-04
   8250   0.42069E-04
   8260   0.41981E-04
   8270   0.41856E-04
   8280   0.41774E-04
   8290   0.41690E-04
   8300   0.41597E-04
   8310   0.41497E-04
   8320   0.41396E-04
   8330   0.41315E-04
   8340   0.41219E-04
   8350   0.41130E-04
   8360   0.41037E-04
   8370   0.40935E-04
   8380   0.40827E-04
   8390   0.40730E-04
   8400   0.40648E-04
   8410   0.40543E-04
   8420   0.40447E-04
   8430   0.40363E-04
   8440   0.40276E-04
   8450   0.40149E-04
   8460   0.40045E-04
   8470   0.39952E-04
   8480   0.39864E-04
   8490   0.39770E-04
   8500   0.39679E-04
   8510   0.39559E-04
   8520   0.39458E-04
   8530   0.39380E-04
   8540   0.39265E-04
   8550   0.39159E-04
   8560   0.39072E-04
   8570   0.38967E-04
   8580   0.38885E-04
   8590   0.38751E-04
   8600   0.38672E-04
   8610   0.38593E-04
   8620   0.38483E-04
   8630   0.38371E-04
   8640   0.38284E-04
   8650   0.38162E-04
   8660   0.38088E-04
   8670   0.37981E-04
   8680   0.37889E-04
   8690   0.37796E-04
   8700   0.37697E-04
   8710   0.37586E-04
   8720   0.37478E-04
   8730   0.37385E-04
   8740   0.37285E-04
   8750   0.37200E-04
   8760   0.37101E-04
   8770   0.36983E-04
   8780   0.36883E-04
   8790   0.36767E-04
   8800   0.36681E-04
   8810   0.36596E-04
   8820   0.36481E-04
   8830   0.36372E-04
   8840   0.36294E-04
   8850   0.36163E-04
   8860   0.36098E-04
   8870   0.35982E-04
   8880   0.35858E-04
   8890   0.35754E-04
   8900   0.35669E-04
   8910   0.35539E-04
   8920   0.35430E-04
   8930   0.35339E-04
   8940   0.35244E-04
   8950   0.35134E-04
   8960   0.35003E-04
   8970   0.34921E-04
   8980   0.34815E-04
   8990   0.34691E-04
   9000   0.34583E-04
   9010   0.34491E-04
   9020   0.34381E-04
   9030   0.34279E-04
   9040   0.34171E-04
   9050   0.34052E-04
   9060   0.33942E-04
   9070   0.33835E-04
   9080   0.33740E-04
   9090   0.33636E-04
   9100   0.33539E-04
   9110   0.33434E-04
   9120   0.33331E-04
   9130   0.33206E-04
   9140   0.33112E-04
   9150   0.32997E-04
   9160   0.32901E-04
   9170   0.32797E-04
   9180   0.32710E-04
   9190   0.32587E-04
   9200   0.32492E-04
   9210   0.32401E-04
   9220   0.32291E-04
   9230   0.32176E-04
   9240   0.32083E-04
   9250   0.31999E-04
   9260   0.31872E-04
   9270   0.31783E-04
   9280   0.31674E-04
   9290   0.31554E-04
   9300   0.31477E-04
   9310   0.31350E-04
   9320   0.31271E-04
   9330   0.31156E-04
   9340   0.31070E-04
   9350   0.30977E-04
   9360   0.30877E-04
   9370   0.30781E-04
   9380   0.30699E-04
   9390   0.30574E-04
   9400   0.30479E-04
   9410   0.30395E-04
   9420   0.30269E-04
   9430   0.30172E-04
   9440   0.30080E-04
   9450   0.29986E-04
   9460   0.29887E-04
   9470   0.29813E-04
   9480   0.29690E-04
   9490   0.29579E-04
   9500   0.29506E-04
   9510   0.29412E-04
   9520   0.29315E-04
   9530   0.29211E-04
   9540   0.29142E-04
   9550   0.29008E-04
   9560   0.28930E-04
   9570   0.28845E-04
   9580   0.28753E-04
   9590   0.28663E-04
   9600   0.28590E-04
   9610   0.28451E-04
   9620   0.28376E-04
   9630   0.28291E-04
   9640   0.28185E-04
   9650   0.28099E-04
   9660   0.28018E-04
   9670   0.27893E-04
   9680   0.27804E-04
   9690   0.27738E-04
   9700   0.27617E-04
   9710   0.27533E-04
   9720   0.27444E-04
   9730   0.27354E-04
   9740   0.27259E-04
   9750   0.27145E-04
   9760   0.27078E-04
   9770   0.27003E-04
   9780   0.26896E-04
   9790   0.26769E-04
   9800   0.26717E-04
   9810   0.26605E-04
   9820   0.26507E-04
   9830   0.26403E-04
   9840   0.26332E-04
   9850   0.26235E-04
   9860   0.26150E-04
   9870   0.26055E-04
   9880   0.25955E-04
   9890   0.25854E-04
   9900   0.25740E-04
   9910   0.25625E-04
   9920   0.25553E-04
   9930   0.25447E-04
   9940   0.25335E-04
   9950   0.25239E-04
   9960   0.25132E-04
   9970   0.25033E-04
   9980   0.24927E-04
   9990   0.24810E-04
  10000   0.24715E-04
  10010   0.24600E-04
  10020   0.24491E-04
  10030   0.24381E-04
  10040   0.24273E-04
  10050   0.24142E-04
  10060   0.24036E-04
  10070   0.23910E-04
  10080   0.23814E-04
  10090   0.23683E-04
  10100   0.23557E-04
  10110   0.23438E-04
  10120   0.23310E-04
  10130   0.23181E-04
  10140   0.23073E-04
  10150   0.22970E-04
  10160   0.22833E-04
  10170   0.22729E-04
  10180   0.22582E-04
  10190   0.22442E-04
  10200   0.22313E-04
  10210   0.22173E-04
  10220   0.22061E-04
  10230   0.21953E-04
  10240   0.21807E-04
  10250   0.21673E-04
  10260   0.21535E-04
  10270   0.21380E-04
  10280   0.21277E-04
  10290   0.21138E-04
  10300   0.21024E-04
  10310   0.20873E-04
  10320   0.20738E-04
  10330   0.20606E-04
  10340   0.20482E-04
  10350   0.20353E-04
  10360   0.20232E-04
  10370   0.20105E-04
  10380   0.19960E-04
  10390   0.19829E-04
  10400   0.19703E-04
  10410   0.19570E-04
  10420   0.19464E-04
  10430   0.19326E-04
  10440   0.19208E-04
  10450   0.19076E-04
  10460   0.18969E-04
  10470   0.18849E-04
  10480   0.18725E-04
  10490   0.18619E-04
  10500   0.18487E-04
  10510   0.18375E-04
  10520   0.18278E-04
  10530   0.18184E-04
  10540   0.18053E-04
  10550   0.17973E-04
  10560   0.17862E-04
  10570   0.17762E-04
  10580   0.17658E-04
  10590   0.17555E-04
  10600   0.17474E-04
  10610   0.17367E-04
  10620   0.17293E-04
  10630   0.17197E-04
  10640   0.17117E-04
  10650   0.17034E-04
  10660   0.16949E-04
  10670   0.16885E-04
  10680   0.16803E-04
  10690   0.16740E-04
  10700   0.16676E-04
  10710   0.16611E-04
  10720   0.16538E-04
  10730   0.16466E-04
  10740   0.16432E-04
  10750   0.16364E-04
  10760   0.16309E-04
  10770   0.16269E-04
  10780   0.16221E-04
  10790   0.16164E-04
  10800   0.16136E-04
  10810   0.16077E-04
  10820   0.16064E-04
  10830   0.16023E-04
  10840   0.15998E-04
  10850   0.15972E-04
  10860   0.15936E-04
  10870   0.15895E-04
  10880   0.15870E-04
  10890   0.15849E-04
  10900   0.15828E-04
  10910   0.15824E-04
  10920   0.15822E-04
  10930   0.15795E-04
  10940   0.15795E-04
  10950   0.15780E-04
  10960   0.15787E-04
  10970   0.15773E-04
  10980   0.15766E-04
  10990   0.15765E-04
  11000   0.15772E-04
  11010   0.15757E-04
  11020   0.15770E-04
  11030   0.15773E-04
  11040   0.15776E-04
  11050   0.15777E-04
  11060   0.15790E-04
  11070   0.15797E-04
  11080   0.15812E-04
  11090   0.15825E-04
  11100   0.15842E-04
  11110   0.15863E-04
  11120   0.15883E-04
  11130   0.15903E-04
  11140   0.15921E-04
  11150   0.15937E-04
  11160   0.15973E-04
  11170   0.15982E-04
  11180   0.16015E-04
  11190   0.16023E-04
  11200   0.16053E-04
  11210   0.16067E-04
  11220   0.16092E-04
  11230   0.16122E-04
  11240   0.16172E-04
  11250   0.16187E-04
  11260   0.16212E-04
  11270   0.16238E-04
  11280   0.16261E-04
  11290   0.16301E-04
  11300   0.16330E-04
  11310   0.16354E-04
  11320   0.16387E-04
  11330   0.16415E-04
  11340   0.16443E-04
  11350   0.16468E-04
  11360   0.16504E-04
  11370   0.16542E-04
  11380   0.16583E-04
  11390   0.16616E-04
  11400   0.16639E-04
  11410   0.16663E-04
  11420   0.16696E-04
  11430   0.16713E-04
  11440   0.16765E-04
  11450   0.16801E-04
  11460   0.16830E-04
  11470   0.16862E-04
  11480   0.16892E-04
  11490   0.16926E-04
  11500   0.16955E-04
  11510   0.16987E-04
  11520   0.17022E-04
  11530   0.17049E-04
  11540   0.17058E-04
  11550   0.17098E-04
  11560   0.17136E-04
  11570   0.17166E-04
  11580   0.17195E-04
  11590   0.17221E-04
  11600   0.17251E-04
  11610   0.17283E-04
  11620   0.17298E-04
  11630   0.17322E-04
  11640   0.17354E-04
  11650   0.17383E-04
  11660   0.17417E-04
  11670   0.17437E-04
  11680   0.17451E-04
  11690   0.17476E-04
  11700   0.17506E-04
  11710   0.17528E-04
  11720   0.17558E-04
  11730   0.17596E-04
  11740   0.17622E-04
  11750   0.17652E-04
  11760   0.17679E-04
  11770   0.17709E-04
  11780   0.17748E-04
  11790   0.17773E-04
  11800   0.17813E-04
  11810   0.17846E-04
  11820   0.17878E-04
  11830   0.17903E-04
  11840   0.17958E-04
  11850   0.18011E-04
  11860   0.18069E-04
  11870   0.18116E-04
  11880   0.18154E-04
  11890   0.18207E-04
  11900   0.18265E-04
  11910   0.18322E-04
  11920   0.18405E-04
  11930   0.18479E-04
  11940   0.18542E-04
  11950   0.18615E-04
  11960   0.18697E-04
  11970   0.18779E-04
  11980   0.18868E-04
  11990   0.18944E-04
  12000   0.19043E-04
  12010   0.19135E-04
  12020   0.19239E-04
  12030   0.19346E-04
  12040   0.19442E-04
  12050   0.19568E-04
  12060   0.19680E-04
  12070   0.19799E-04
  12080   0.19917E-04
  12090   0.20024E-04
  12100   0.20147E-04
  12110   0.20265E-04
  12120   0.20385E-04
  12130   0.20493E-04
  12140   0.20606E-04
  12150   0.20723E-04
  12160   0.20827E-04
  12170   0.20934E-04
  12180   0.21032E-04
  12190   0.21123E-04
  12200   0.21231E-04
  12210   0.21340E-04
  12220   0.21450E-04
  12230   0.21563E-04
  12240   0.21687E-04
  12250   0.21817E-04
  12260   0.21946E-04
  12270   0.22085E-04
  12280   0.22256E-04
  12290   0.22415E-04
  12300   0.22589E-04
  12310   0.22755E-04
  12320   0.22923E-04
  12330   0.23119E-04
  12340   0.23291E-04
  12350   0.23479E-04
  12360   0.23670E-04
  12370   0.23869E-04
  12380   0.24054E-04
  12390   0.24237E-04
  12400   0.24419E-04
  12410   0.24592E-04
  12420   0.24757E-04
  12430   0.24940E-04
  12440   0.25091E-04
  12450   0.25245E-04
  12460   0.25391E-04
  12470   0.25551E-04
  12480   0.25693E-04
  12490   0.25847E-04
  12500   0.25999E-04
  12510   0.26154E-04
  12520   0.26321E-04
  12530   0.26481E-04
  12540   0.26640E-04
  12550   0.26820E-04
  12560   0.26998E-04
  12570   0.27144E-04
  12580   0.27328E-04
  12590   0.27483E-04
  12600   0.27657E-04
  12610   0.27823E-04
  12620   0.27987E-04
  12630   0.28146E-04
  12640   0.28287E-04
  12650   0.28456E-04
  12660   0.28585E-04
  12670   0.28757E-04
  12680   0.28911E-04
  12690   0.29062E-04
  12700   0.29222E-04
  12710   0.29394E-04
  12720   0.29552E-04
  12730   0.29729E-04
  12740   0.29922E-04
  12750   0.30099E-04
  12760   0.30299E-04
  12770   0.30499E-04
  12780   0.30721E-04
  12790   0.30910E-04
  12800   0.31131E-04
  12810   0.31348E-04
  12820   0.31563E-04
  12830   0.31784E-04
  12840   0.31985E-04
  12850   0.32208E-04
  12860   0.32425E-04
  12870   0.32642E-04
  12880   0.32846E-04
  12890   0.33060E-04
  12900   0.33262E-04
  12910   0.33473E-04
  12920   0.33670E-04
  12930   0.33870E-04
  12940   0.34075E-04
  12950   0.34267E-04
  12960   0.34466E-04
  12970   0.34655E-04
  12980   0.34840E-04
  12990   0.35040E-04
  13000   0.35234E-04
  13010   0.35418E-04
  13020   0.35612E-04
  13030   0.35809E-04
  13040   0.35993E-04
  13050   0.36184E-04
  13060   0.36383E-04
  13070   0.36582E-04
  13080   0.36780E-04
  13090   0.36976E-04
  13100   0.37183E-04
  13110   0.37387E-04
  13120   0.37596E-04
  13130   0.37813E-04
  13140   0.38035E-04
  13150   0.38258E-04
  13160   0.38489E-04
  13170   0.38729E-04
  13180   0.38976E-04
  13190   0.39228E-04
  13200   0.39477E-04
  13210   0.39740E-04
  13220   0.40019E-04
  13230   0.40277E-04
  13240   0.40549E-04
  13250   0.40818E-04
  13260   0.41100E-04
  13270   0.41390E-04
  13280   0.41661E-04
  13290   0.41937E-04
  13300   0.42222E-04
  13310   0.42493E-04
  13320   0.42771E-04
  13330   0.43042E-04
  13340   0.43320E-04
  13350   0.43589E-04
  13360   0.43856E-04
  13370   0.44123E-04
  13380   0.44395E-04
  13390   0.44671E-04
  13400   0.44939E-04
  13410   0.45211E-04
  13420   0.45481E-04
  13430   0.45760E-04
  13440   0.46044E-04
  13450   0.46327E-04
  13460   0.46617E-04
  13470   0.46906E-04
  13480   0.47208E-04
  13490   0.47513E-04
  13500   0.47835E-04
  13510   0.48138E-04
  13520   0.48453E-04
  13530   0.48780E-04
  13540   0.49112E-04
  13550   0.49439E-04
  13560   0.49782E-04
  13570   0.50122E-04
  13580   0.50471E-04
  13590   0.50815E-04
  13600   0.51166E-04
  13610   0.51524E-04
  13620   0.51879E-04
  13630   0.52250E-04
  13640   0.52615E-04
  13650   0.52981E-04
  13660   0.53360E-04
  13670   0.53731E-04
  13680   0.54113E-04
  13690   0.54495E-04
  13700   0.54884E-04
  13710   0.55273E-04
  13720   0.55665E-04
  13730   0.56058E-04
  13740   0.56453E-04
  13750   0.56849E-04
  13760   0.57251E-04
  13770   0.57650E-04
  13780   0.58050E-04
  13790   0.58444E-04
  13800   0.58851E-04
  13810   0.59261E-04
  13820   0.59660E-04
  13830   0.60056E-04
  13840   0.60460E-04
  13850   0.60857E-04
  13860   0.61265E-04
  13870   0.61667E-04
  13880   0.62075E-04
  13890   0.62477E-04
  13900   0.62875E-04
  13910   0.63283E-04
  13920   0.63691E-04
  13930   0.64091E-04
  13940   0.64506E-04
  13950   0.64915E-04
  13960   0.65320E-04
  13970   0.65738E-04
  13980   0.66152E-04
  13990   0.66567E-04
  14000   0.66988E-04
  14010   0.67404E-04
  14020   0.67821E-04
  14030   0.68249E-04
  14040   0.68673E-04
  14050   0.69093E-04
  14060   0.69529E-04
  14070   0.69957E-04
  14080   0.70393E-04
  14090   0.70828E-04
  14100   0.71260E-04
  14110   0.71703E-04
  14120   0.72141E-04
  14130   0.72578E-04
  14140   0.73021E-04
  14150   0.73459E-04
  14160   0.73906E-04
  14170   0.74343E-04
  14180   0.74788E-04
  14190   0.75226E-04
  14200   0.75670E-04
  14210   0.76111E-04
  14220   0.76548E-04
  14230   0.76989E-04
  14240   0.77430E-04
  14250   0.77862E-04
  14260   0.78301E-04
  14270   0.78727E-04
  14280   0.79154E-04
  14290   0.79581E-04
  14300   0.80007E-04
  14310   0.80420E-04
  14320   0.80829E-04
  14330   0.81239E-04
  14340   0.81638E-04
  14350   0.82032E-04
  14360   0.82417E-04
  14370   0.82796E-04
  14380   0.83165E-04
  14390   0.83521E-04
  14400   0.83867E-04
  14410   0.84205E-04
  14420   0.84524E-04
  14430   0.84830E-04
  14440   0.85126E-04
  14450   0.85400E-04
  14460   0.85661E-04
  14470   0.85899E-04
  14480   0.86123E-04
  14490   0.86318E-04
  14500   0.86496E-04
  14510   0.86657E-04
  14520   0.86789E-04
  14530   0.86905E-04
  14540   0.86992E-04
  14550   0.87057E-04
  14560   0.87097E-04
  14570   0.87117E-04
  14580   0.87112E-04
  14590   0.87092E-04
  14600   0.87053E-04
  14610   0.86996E-04
  14620   0.86920E-04
  14630   0.86825E-04
  14640   0.86723E-04
  14650   0.86609E-04
  14660   0.86490E-04
  14670   0.86350E-04
  14680   0.86224E-04
  14690   0.86091E-04
  14700   0.85962E-04
  14710   0.85840E-04
  14720   0.85731E-04
  14730   0.85638E-04
  14740   0.85557E-04
  14750   0.85488E-04
  14760   0.85444E-04
  14770   0.85414E-04
  14780   0.85416E-04
  14790   0.85431E-04
  14800   0.85481E-04
  14810   0.85555E-04
  14820   0.85654E-04
  14830   0.85783E-04
  14840   0.85953E-04
  14850   0.86142E-04
  14860   0.86369E-04
  14870   0.86621E-04
  14880   0.86903E-04
  14890   0.87213E-04
  14900   0.87555E-04
  14910   0.87919E-04
  14920   0.88311E-04
  14930   0.88721E-04
  14940   0.89158E-04
  14950   0.89602E-04
  14960   0.90069E-04
  14970   0.90555E-04
  14980   0.91050E-04
  14990   0.91557E-04
  15000   0.92077E-04
  15010   0.92597E-04
  15020   0.93124E-04
  15030   0.93653E-04
  15040   0.94182E-04
  15050   0.94711E-04
  15060   0.95233E-04
  15070   0.95755E-04
  15080   0.96265E-04
  15090   0.96772E-04
  15100   0.97270E-04
  15110   0.97761E-04
  15120   0.98243E-04
  15130   0.98711E-04
  15140   0.99177E-04
  15150   0.99631E-04
  15160   0.10007E-03
  15170   0.10049E-03
  15180   0.10090E-03
  15190   0.10130E-03
  15200   0.10166E-03
  15210   0.10202E-03
  15220   0.10235E-03
  15230   0.10266E-03
  15240   0.10294E-03
  15250   0.10321E-03
  15260   0.10344E-03
  15270   0.10366E-03
  15280   0.10385E-03
  15290   0.10402E-03
  15300   0.10418E-03
  15310   0.10431E-03
  15320   0.10442E-03
  15330   0.10452E-03
  15340   0.10460E-03
  15350   0.10467E-03
  15360   0.10471E-03
  15370   0.10473E-03
  15380   0.10475E-03
  15390   0.10473E-03
  15400   0.10471E-03
  15410   0.10466E-03
  15420   0.10460E-03
  15430   0.10451E-03
  15440   0.10440E-03
  15450   0.10427E-03
  15460   0.10413E-03
  15470   0.10396E-03
  15480   0.10377E-03
  15490   0.10357E-03
  15500   0.10336E-03
  15510   0.10312E-03
  15520   0.10287E-03
  15530   0.10261E-03
  15540   0.10234E-03
  15550   0.10205E-03
  15560   0.10176E-03
  15570   0.10146E-03
  15580   0.10115E-03
  15590   0.10083E-03
  15600   0.10051E-03
  15610   0.10018E-03
  15620   0.99837E-04
  15630   0.99495E-04
  15640   0.99146E-04
  15650   0.98787E-04
  15660   0.98422E-04
  15670   0.98051E-04
  15680   0.97675E-04
  15690   0.97298E-04
  15700   0.96907E-04
  15710   0.96526E-04
  15720   0.96130E-04
  15730   0.95733E-04
  15740   0.95333E-04
  15750   0.94936E-04
  15760   0.94531E-04
  15770   0.94135E-04
  15780   0.93725E-04
  15790   0.93321E-04
  15800   0.92922E-04
  15810   0.92519E-04
  15820   0.92123E-04
  15830   0.91715E-04
  15840   0.91328E-04
  15850   0.90945E-04
  15860   0.90553E-04
  15870   0.90170E-04
  15880   0.89780E-04
  15890   0.89410E-04
  15900   0.89046E-04
  15910   0.88670E-04
  15920   0.88318E-04
  15930   0.87956E-04
  15940   0.87597E-04
  15950   0.87262E-04
  15960   0.86916E-04
  15970   0.86576E-04
  15980   0.86261E-04
  15990   0.85930E-04
  16000   0.85605E-04
  16010   0.85297E-04
  16020   0.85001E-04
  16030   0.84690E-04
  16040   0.84416E-04
  16050   0.84128E-04
  16060   0.83850E-04
  16070   0.83583E-04
  16080   0.83320E-04
  16090   0.83079E-04
  16100   0.82833E-04
  16110   0.82582E-04
  16120   0.82368E-04
  16130   0.82147E-04
  16140   0.81930E-04
  16150   0.81734E-04
  16160   0.81525E-04
  16170   0.81345E-04
  16180   0.81165E-04
  16190   0.81003E-04
  16200   0.80835E-04
  16210   0.80673E-04
  16220   0.80543E-04
  16230   0.80393E-04
  16240   0.80289E-04
  16250   0.80152E-04
  16260   0.80064E-04
  16270   0.79955E-04
  16280   0.79859E-04
  16290   0.79786E-04
  16300   0.79692E-04
  16310   0.79636E-04
  16320   0.79571E-04
  16330   0.79517E-04
  16340   0.79473E-04
  16350   0.79453E-04
  16360   0.79411E-04
  16370   0.79417E-04
  16380   0.79383E-04
  16390   0.79395E-04
  16400   0.79394E-04
  16410   0.79419E-04
  16420   0.79437E-04
  16430   0.79461E-04
  16440   0.79487E-04
  16450   0.79542E-04
  16460   0.79591E-04
  16470   0.79643E-04
  16480   0.79707E-04
  16490   0.79763E-04
  16500   0.79834E-04
  16510   0.79920E-04
  16520   0.80007E-04
  16530   0.80100E-04
  16540   0.80188E-04
  16550   0.80309E-04
  16560   0.80394E-04
  16570   0.80515E-04
  16580   0.80595E-04
  16590   0.80703E-04
  16600   0.80839E-04
  16610   0.80950E-04
  16620   0.81084E-04
  16630   0.81203E-04
  16640   0.81314E-04
  16650   0.81452E-04
  16660   0.81573E-04
  16670   0.81682E-04
  16680   0.81811E-04
  16690   0.81924E-04
  16700   0.82049E-04
  16710   0.82173E-04
  16720   0.82270E-04
  16730   0.82389E-04
  16740   0.82530E-04
  16750   0.82613E-04
  16760   0.82711E-04
  16770   0.82813E-04
  16780   0.82906E-04
  16790   0.82992E-04
  16800   0.83085E-04
  16810   0.83169E-04
  16820   0.83250E-04
  16830   0.83312E-04
  16840   0.83364E-04
  16850   0.83432E-04
  16860   0.83475E-04
  16870   0.83521E-04
  16880   0.83573E-04
  16890   0.83608E-04
  16900   0.83637E-04
  16910   0.83661E-04
  16920   0.83678E-04
  16930   0.83694E-04
  16940   0.83707E-04
  16950   0.83695E-04
  16960   0.83689E-04
  16970   0.83684E-04
  16980   0.83686E-04
  16990   0.83669E-04
  17000   0.83637E-04
  17010   0.83614E-04
  17020   0.83585E-04
  17030   0.83549E-04
  17040   0.83518E-04
  17050   0.83486E-04
  17060   0.83426E-04
  17070   0.83397E-04
  17080   0.83327E-04
  17090   0.83279E-04
  17100   0.83215E-04
  17110   0.83155E-04
  17120   0.83104E-04
  17130   0.83034E-04
  17140   0.82968E-04
  17150   0.82901E-04
  17160   0.82833E-04
  17170   0.82761E-04
  17180   0.82696E-04
  17190   0.82596E-04
  17200   0.82520E-04
  17210   0.82433E-04
  17220   0.82374E-04
  17230   0.82275E-04
  17240   0.82168E-04
  17250   0.82103E-04
  17260   0.82018E-04
  17270   0.81917E-04
  17280   0.81822E-04
  17290   0.81715E-04
  17300   0.81600E-04
  17310   0.81492E-04
  17320   0.81403E-04
  17330   0.81280E-04
  17340   0.81164E-04
  17350   0.81044E-04
  17360   0.80946E-04
  17370   0.80810E-04
  17380   0.80653E-04
  17390   0.80540E-04
  17400   0.80403E-04
  17410   0.80252E-04
  17420   0.80080E-04
  17430   0.79940E-04
  17440   0.79793E-04
  17450   0.79634E-04
  17460   0.79463E-04
  17470   0.79302E-04
  17480   0.79124E-04
  17490   0.78969E-04
  17500   0.78771E-04
  17510   0.78584E-04
  17520   0.78408E-04
  17530   0.78217E-04
  17540   0.78034E-04
  17550   0.77808E-04
  17560   0.77620E-04
  17570   0.77419E-04
  17580   0.77202E-04
  17590   0.76999E-04
  17600   0.76798E-04
  17610   0.76570E-04
  17620   0.76384E-04
  17630   0.76162E-04
  17640   0.75943E-04
  17650   0.75715E-04
  17660   0.75508E-04
  17670   0.75283E-04
  17680   0.75083E-04
  17690   0.74874E-04
  17700   0.74673E-04
  17710   0.74452E-04
  17720   0.74255E-04
  17730   0.74044E-04
  17740   0.73840E-04
  17750   0.73640E-04
  17760   0.73451E-04
  17770   0.73292E-04
  17780   0.73091E-04
  17790   0.72914E-04
  17800   0.72749E-04
  17810   0.72594E-04
  17820   0.72407E-04
  17830   0.72292E-04
  17840   0.72126E-04
  17850   0.72012E-04
  17860   0.71869E-04
  17870   0.71763E-04
  17880   0.71622E-04
  17890   0.71527E-04
  17900   0.71406E-04
  17910   0.71334E-04
  17920   0.71251E-04
  17930   0.71170E-04
  17940   0.71081E-04
  17950   0.71033E-04
  17960   0.70968E-04
  17970   0.70921E-04
  17980   0.70874E-04
  17990   0.70833E-04
  18000   0.70775E-04
  18010   0.70757E-04
  18020   0.70726E-04
  18030   0.70686E-04
  18040   0.70675E-04
  18050   0.70669E-04
  18060   0.70639E-04
  18070   0.70633E-04
  18080   0.70636E-04
  18090   0.70611E-04
  18100   0.70603E-04
  18110   0.70598E-04
  18120   0.70581E-04
  18130   0.70578E-04
  18140   0.70561E-04
  18150   0.70542E-04
  18160   0.70511E-04
  18170   0.70519E-04
  18180   0.70478E-04
  18190   0.70456E-04
  18200   0.70412E-04
  18210   0.70391E-04
  18220   0.70351E-04
  18230   0.70294E-04
  18240   0.70248E-04
  18250   0.70176E-04
  18260   0.70091E-04
  18270   0.70017E-04
  18280   0.69922E-04
  18290   0.69819E-04
  18300   0.69732E-04
  18310   0.69631E-04
  18320   0.69498E-04
  18330   0.69363E-04
  18340   0.69215E-04
  18350   0.69065E-04
  18360   0.68901E-04
  18370   0.68701E-04
  18380   0.68549E-04
  18390   0.68326E-04
  18400   0.68125E-04
  18410   0.67899E-04
  18420   0.67679E-04
  18430   0.67437E-04
  18440   0.67207E-04
  18450   0.66918E-04
  18460   0.66664E-04
  18470   0.66388E-04
  18480   0.66077E-04
  18490   0.65768E-04
  18500   0.65474E-04
  18510   0.65139E-04
  18520   0.64784E-04
  18530   0.64464E-04
  18540   0.64090E-04
  18550   0.63742E-04
  18560   0.63361E-04
  18570   0.62981E-04
  18580   0.62590E-04
  18590   0.62185E-04
  18600   0.61773E-04
  18610   0.61346E-04
  18620   0.60931E-04
  18630   0.60509E-04
  18640   0.60063E-04
  18650   0.59638E-04
  18660   0.59167E-04
  18670   0.58734E-04
  18680   0.58280E-04
  18690   0.57836E-04
  18700   0.57384E-04
  18710   0.56933E-04
  18720   0.56446E-04
  18730   0.56031E-04
  18740   0.55557E-04
  18750   0.55111E-04
  18760   0.54680E-04
  18770   0.54222E-04
  18780   0.53765E-04
  18790   0.53329E-04
  18800   0.52903E-04
  18810   0.52486E-04
  18820   0.52050E-04
  18830   0.51653E-04
  18840   0.51220E-04
  18850   0.50845E-04
  18860   0.50472E-04
  18870   0.50091E-04
  18880   0.49731E-04
  18890   0.49374E-04
  18900   0.49013E-04
  18910   0.48691E-04
  18920   0.48379E-04
  18930   0.48074E-04
  18940   0.47782E-04
  18950   0.47512E-04
  18960   0.47255E-04
  18970   0.47014E-04
  18980   0.46775E-04
  18990   0.46592E-04
  19000   0.46388E-04
  19010   0.46186E-04
  19020   0.46043E-04
  19030   0.45893E-04
  19040   0.45738E-04
  19050   0.45633E-04
  19060   0.45509E-04
  19070   0.45417E-04
  19080   0.45350E-04
  19090   0.45301E-04
  19100   0.45248E-04
  19110   0.45229E-04
  19120   0.45235E-04
  19130   0.45206E-04
  19140   0.45222E-04
  19150   0.45243E-04
  19160   0.45289E-04
  19170   0.45325E-04
  19180   0.45377E-04
  19190   0.45423E-04
  19200   0.45504E-04
  19210   0.45598E-04
  19220   0.45685E-04
  19230   0.45777E-04
  19240   0.45888E-04
  19250   0.46008E-04
  19260   0.46126E-04
  19270   0.46231E-04
  19280   0.46359E-04
  19290   0.46496E-04
  19300   0.46596E-04
  19310   0.46749E-04
  19320   0.46906E-04
  19330   0.47036E-04
  19340   0.47145E-04
  19350   0.47310E-04
  19360   0.47469E-04
  19370   0.47596E-04
  19380   0.47744E-04
  19390   0.47859E-04
  19400   0.47998E-04
  19410   0.48123E-04
  19420   0.48301E-04
  19430   0.48411E-04
  19440   0.48548E-04
  19450   0.48659E-04
  19460   0.48800E-04
  19470   0.48895E-04
  19480   0.49019E-04
  19490   0.49109E-04
  19500   0.49236E-04
  19510   0.49295E-04
  19520   0.49405E-04
  19530   0.49476E-04
  19540   0.49577E-04
  19550   0.49648E-04
  19560   0.49718E-04
  19570   0.49773E-04
  19580   0.49847E-04
  19590   0.49898E-04
  19600   0.49941E-04
  19610   0.49973E-04
  19620   0.49997E-04
  19630   0.50035E-04
  19640   0.50042E-04
  19650   0.50054E-04
  19660   0.50055E-04
  19670   0.50079E-04
  19680   0.50071E-04
  19690   0.50051E-04
  19700   0.50006E-04
  19710   0.49998E-04
  19720   0.49981E-04
  19730   0.49919E-04
  19740   0.49887E-04
  19750   0.49816E-04
  19760   0.49770E-04
  19770   0.49700E-04
  19780   0.49630E-04
  19790   0.49558E-04
  19800   0.49476E-04
  19810   0.49377E-04
  19820   0.49290E-04
  19830   0.49165E-04
  19840   0.49081E-04
  19850   0.48955E-04
  19860   0.48859E-04
  19870   0.48688E-04
  19880   0.48610E-04
  19890   0.48476E-04
  19900   0.48328E-04
  19910   0.48199E-04
  19920   0.48031E-04
  19930   0.47897E-04
  19940   0.47739E-04
  19950   0.47581E-04
  19960   0.47426E-04
  19970   0.47279E-04
  19980   0.47106E-04
  19990   0.46932E-04
  20000   0.46764E-04
