     10   0.10562E-02
     20   0.89804E-03
     30   0.79417E-03
     40   0.72021E-03
     50   0.66429E-03
     60   0.61978E-03
     70   0.58226E-03
     80   0.54954E-03
     90   0.52056E-03
    100   0.49443E-03
    110   0.47048E-03
    120   0.44834E-03
    130   0.42777E-03
    140   0.40841E-03
    150   0.39017E-03
    160   0.37307E-03
    170   0.35694E-03
    180   0.34178E-03
    190   0.32749E-03
    200   0.31404E-03
    210   0.30168E-03
    220   0.29005E-03
    230   0.27914E-03
    240   0.26893E-03
    250   0.25937E-03
    260   0.25043E-03
    270   0.24211E-03
    280   0.23437E-03
    290   0.22714E-03
    300   0.22040E-03
    310   0.21426E-03
    320   0.20854E-03
    330   0.20326E-03
    340   0.19842E-03
    350   0.19400E-03
    360   0.19001E-03
    370   0.18646E-03
    380   0.18333E-03
    390   0.18063E-03
    400   0.17831E-03
    410   0.17638E-03
    420   0.17472E-03
    430   0.17331E-03
    440   0.17207E-03
    450   0.17093E-03
    460   0.16984E-03
    470   0.16877E-03
    480   0.16766E-03
    490   0.16648E-03
    500   0.16521E-03
    510   0.16389E-03
    520   0.16247E-03
    530   0.16100E-03
    540   0.15949E-03
    550   0.15796E-03
    560   0.15644E-03
    570   0.15499E-03
    580   0.15363E-03
    590   0.15239E-03
    600   0.15130E-03
    610   0.15038E-03
    620   0.14964E-03
    630   0.14909E-03
    640   0.14872E-03
    650   0.14854E-03
    660   0.14852E-03
    670   0.14867E-03
    680   0.14895E-03
    690   0.14935E-03
    700   0.14985E-03
    710   0.15043E-03
    720   0.15106E-03
    730   0.15172E-03
    740   0.15240E-03
    750   0.15306E-03
    760   0.15371E-03
    770   0.15431E-03
    780   0.15485E-03
    790   0.15533E-03
    800   0.15572E-03
    810   0.15603E-03
    820   0.15624E-03
    830   0.15636E-03
    840   0.15636E-03
    850   0.15626E-03
    860   0.15605E-03
    870   0.15574E-03
    880   0.15533E-03
    890   0.15483E-03
    900   0.15423E-03
    910   0.15354E-03
    920   0.15277E-03
    930   0.15194E-03
    940   0.15104E-03
    950   0.15007E-03
    960   0.14905E-03
    970   0.14801E-03
    980   0.14693E-03
    990   0.14583E-03
   1000   0.14473E-03
   1010   0.14364E-03
   1020   0.14256E-03
   1030   0.14151E-03
   1040   0.14051E-03
   1050   0.13956E-03
   1060   0.13867E-03
   1070   0.13786E-03
   1080   0.13714E-03
   1090   0.13649E-03
   1100   0.13593E-03
   1110   0.13546E-03
   1120   0.13510E-03
   1130   0.13483E-03
   1140   0.13464E-03
   1150   0.13452E-03
   1160   0.13447E-03
   1170   0.13449E-03
   1180   0.13456E-03
   1190   0.13468E-03
   1200   0.13481E-03
   1210   0.13499E-03
   1220   0.13517E-03
   1230   0.13534E-03
   1240   0.13550E-03
   1250   0.13565E-03
   1260   0.13573E-03
   1270   0.13582E-03
   1280   0.13586E-03
   1290   0.13584E-03
   1300   0.13577E-03
   1310   0.13564E-03
   1320   0.13547E-03
   1330   0.13524E-03
   1340   0.13496E-03
   1350   0.13464E-03
   1360   0.13427E-03
   1370   0.13385E-03
   1380   0.13340E-03
   1390   0.13293E-03
   1400   0.13242E-03
   1410   0.13193E-03
   1420   0.13142E-03
   1430   0.13091E-03
   1440   0.13043E-03
   1450   0.12997E-03
   1460   0.12951E-03
   1470   0.12909E-03
   1480   0.12871E-03
   1490   0.12835E-03
   1500   0.12806E-03
   1510   0.12778E-03
   1520   0.12755E-03
   1530   0.12735E-03
   1540   0.12718E-03
   1550   0.12703E-03
   1560   0.12690E-03
   1570   0.12680E-03
   1580   0.12669E-03
   1590   0.12658E-03
   1600   0.12645E-03
   1610   0.12631E-03
   1620   0.12614E-03
   1630   0.12593E-03
   1640   0.12570E-03
   1650   0.12542E-03
   1660   0.12508E-03
   1670   0.12471E-03
   1680   0.12429E-03
   1690   0.12381E-03
   1700   0.12329E-03
   1710   0.12271E-03
   1720   0.12209E-03
   1730   0.12142E-03
   1740   0.12072E-03
   1750   0.11998E-03
   1760   0.11922E-03
   1770   0.11843E-03
   1780   0.11764E-03
   1790   0.11685E-03
   1800   0.11604E-03
   1810   0.11526E-03
   1820   0.11451E-03
   1830   0.11376E-03
   1840   0.11307E-03
   1850   0.11244E-03
   1860   0.11186E-03
   1870   0.11135E-03
   1880   0.11091E-03
   1890   0.11056E-03
   1900   0.11030E-03
   1910   0.11013E-03
   1920   0.11005E-03
   1930   0.11009E-03
   1940   0.11023E-03
   1950   0.11046E-03
   1960   0.11081E-03
   1970   0.11125E-03
   1980   0.11180E-03
   1990   0.11243E-03
   2000   0.11317E-03
   2010   0.11397E-03
   2020   0.11486E-03
   2030   0.11582E-03
   2040   0.11684E-03
   2050   0.11789E-03
   2060   0.11902E-03
   2070   0.12017E-03
   2080   0.12135E-03
   2090   0.12256E-03
   2100   0.12377E-03
   2110   0.12502E-03
   2120   0.12625E-03
   2130   0.12749E-03
   2140   0.12873E-03
   2150   0.12996E-03
   2160   0.13119E-03
   2170   0.13237E-03
   2180   0.13355E-03
   2190   0.13470E-03
   2200   0.13582E-03
   2210   0.13693E-03
   2220   0.13800E-03
   2230   0.13904E-03
   2240   0.14006E-03
   2250   0.14103E-03
   2260   0.14196E-03
   2270   0.14286E-03
   2280   0.14371E-03
   2290   0.14455E-03
   2300   0.14532E-03
   2310   0.14605E-03
   2320   0.14674E-03
   2330   0.14740E-03
   2340   0.14798E-03
   2350   0.14853E-03
   2360   0.14902E-03
   2370   0.14947E-03
   2380   0.14985E-03
   2390   0.15019E-03
   2400   0.15047E-03
   2410   0.15072E-03
   2420   0.15089E-03
   2430   0.15103E-03
   2440   0.15109E-03
   2450   0.15110E-03
   2460   0.15105E-03
   2470   0.15101E-03
   2480   0.15085E-03
   2490   0.15067E-03
   2500   0.15042E-03
   2510   0.15014E-03
   2520   0.14981E-03
   2530   0.14941E-03
   2540   0.14902E-03
   2550   0.14853E-03
   2560   0.14803E-03
   2570   0.14747E-03
   2580   0.14688E-03
   2590   0.14626E-03
   2600   0.14559E-03
   2610   0.14491E-03
   2620   0.14417E-03
   2630   0.14340E-03
   2640   0.14263E-03
   2650   0.14181E-03
   2660   0.14096E-03
   2670   0.14009E-03
   2680   0.13918E-03
   2690   0.13826E-03
   2700   0.13733E-03
   2710   0.13638E-03
   2720   0.13539E-03
   2730   0.13440E-03
   2740   0.13338E-03
   2750   0.13234E-03
   2760   0.13130E-03
   2770   0.13022E-03
   2780   0.12916E-03
   2790   0.12806E-03
   2800   0.12698E-03
   2810   0.12586E-03
   2820   0.12474E-03
   2830   0.12363E-03
   2840   0.12251E-03
   2850   0.12137E-03
   2860   0.12023E-03
   2870   0.11910E-03
   2880   0.11794E-03
   2890   0.11682E-03
   2900   0.11569E-03
   2910   0.11454E-03
   2920   0.11339E-03
   2930   0.11229E-03
   2940   0.11114E-03
   2950   0.11001E-03
   2960   0.10889E-03
   2970   0.10779E-03
   2980   0.10670E-03
   2990   0.10556E-03
   3000   0.10450E-03
   3010   0.10344E-03
   3020   0.10236E-03
   3030   0.10131E-03
   3040   0.10029E-03
   3050   0.99271E-04
   3060   0.98272E-04
   3070   0.97288E-04
   3080   0.96299E-04
   3090   0.95337E-04
   3100   0.94400E-04
   3110   0.93474E-04
   3120   0.92563E-04
   3130   0.91689E-04
   3140   0.90802E-04
   3150   0.89952E-04
   3160   0.89127E-04
   3170   0.88302E-04
   3180   0.87513E-04
   3190   0.86716E-04
   3200   0.85970E-04
   3210   0.85210E-04
   3220   0.84474E-04
   3230   0.83758E-04
   3240   0.83050E-04
   3250   0.82377E-04
   3260   0.81707E-04
   3270   0.81054E-04
   3280   0.80416E-04
   3290   0.79787E-04
   3300   0.79195E-04
   3310   0.78583E-04
   3320   0.78011E-04
   3330   0.77453E-04
   3340   0.76869E-04
   3350   0.76362E-04
   3360   0.75814E-04
   3370   0.75293E-04
   3380   0.74785E-04
   3390   0.74289E-04
   3400   0.73812E-04
   3410   0.73338E-04
   3420   0.72859E-04
   3430   0.72416E-04
   3440   0.71958E-04
   3450   0.71519E-04
   3460   0.71084E-04
   3470   0.70692E-04
   3480   0.70263E-04
   3490   0.69869E-04
   3500   0.69494E-04
   3510   0.69082E-04
   3520   0.68703E-04
   3530   0.68340E-04
   3540   0.67966E-04
   3550   0.67623E-04
   3560   0.67272E-04
   3570   0.66949E-04
   3580   0.66620E-04
   3590   0.66300E-04
   3600   0.65980E-04
   3610   0.65684E-04
   3620   0.65382E-04
   3630   0.65088E-04
   3640   0.64815E-04
   3650   0.64549E-04
   3660   0.64294E-04
   3670   0.64034E-04
   3680   0.63790E-04
   3690   0.63538E-04
   3700   0.63309E-04
   3710   0.63097E-04
   3720   0.62886E-04
   3730   0.62688E-04
   3740   0.62488E-04
   3750   0.62291E-04
   3760   0.62114E-04
   3770   0.61932E-04
   3780   0.61776E-04
   3790   0.61617E-04
   3800   0.61453E-04
   3810   0.61307E-04
   3820   0.61170E-04
   3830   0.61034E-04
   3840   0.60912E-04
   3850   0.60801E-04
   3860   0.60683E-04
   3870   0.60570E-04
   3880   0.60481E-04
   3890   0.60380E-04
   3900   0.60299E-04
   3910   0.60213E-04
   3920   0.60146E-04
   3930   0.60072E-04
   3940   0.60015E-04
   3950   0.59932E-04
   3960   0.59871E-04
   3970   0.59839E-04
   3980   0.59792E-04
   3990   0.59739E-04
   4000   0.59704E-04
   4010   0.59680E-04
   4020   0.59638E-04
   4030   0.59619E-04
   4040   0.59609E-04
   4050   0.59598E-04
   4060   0.59593E-04
   4070   0.59576E-04
   4080   0.59593E-04
   4090   0.59575E-04
   4100   0.59590E-04
   4110   0.59611E-04
   4120   0.59607E-04
   4130   0.59626E-04
   4140   0.59650E-04
   4150   0.59679E-04
   4160   0.59708E-04
   4170   0.59740E-04
   4180   0.59770E-04
   4190   0.59821E-04
   4200   0.59865E-04
   4210   0.59888E-04
   4220   0.59959E-04
   4230   0.60014E-04
   4240   0.60061E-04
   4250   0.60123E-04
   4260   0.60180E-04
   4270   0.60225E-04
   4280   0.60299E-04
   4290   0.60358E-04
   4300   0.60446E-04
   4310   0.60511E-04
   4320   0.60571E-04
   4330   0.60647E-04
   4340   0.60733E-04
   4350   0.60798E-04
   4360   0.60894E-04
   4370   0.60968E-04
   4380   0.61041E-04
   4390   0.61126E-04
   4400   0.61210E-04
   4410   0.61293E-04
   4420   0.61392E-04
   4430   0.61472E-04
   4440   0.61551E-04
   4450   0.61629E-04
   4460   0.61726E-04
   4470   0.61807E-04
   4480   0.61891E-04
   4490   0.61968E-04
   4500   0.62056E-04
   4510   0.62130E-04
   4520   0.62221E-04
   4530   0.62291E-04
   4540   0.62373E-04
   4550   0.62459E-04
   4560   0.62536E-04
   4570   0.62604E-04
   4580   0.62680E-04
   4590   0.62749E-04
   4600   0.62801E-04
   4610   0.62871E-04
   4620   0.62930E-04
   4630   0.62997E-04
   4640   0.63057E-04
   4650   0.63110E-04
   4660   0.63172E-04
   4670   0.63206E-04
   4680   0.63235E-04
   4690   0.63293E-04
   4700   0.63330E-04
   4710   0.63353E-04
   4720   0.63388E-04
   4730   0.63414E-04
   4740   0.63434E-04
   4750   0.63474E-04
   4760   0.63480E-04
   4770   0.63491E-04
   4780   0.63507E-04
   4790   0.63497E-04
   4800   0.63502E-04
   4810   0.63499E-04
   4820   0.63493E-04
   4830   0.63477E-04
   4840   0.63461E-04
   4850   0.63449E-04
   4860   0.63428E-04
   4870   0.63390E-04
   4880   0.63365E-04
   4890   0.63340E-04
   4900   0.63304E-04
   4910   0.63266E-04
   4920   0.63215E-04
   4930   0.63170E-04
   4940   0.63134E-04
   4950   0.63065E-04
   4960   0.63016E-04
   4970   0.62960E-04
   4980   0.62897E-04
   4990   0.62834E-04
   5000   0.62774E-04
   5010   0.62700E-04
   5020   0.62630E-04
   5030   0.62542E-04
   5040   0.62479E-04
   5050   0.62400E-04
   5060   0.62322E-04
   5070   0.62250E-04
   5080   0.62169E-04
   5090   0.62066E-04
   5100   0.61987E-04
   5110   0.61903E-04
   5120   0.61812E-04
   5130   0.61743E-04
   5140   0.61636E-04
   5150   0.61547E-04
   5160   0.61465E-04
   5170   0.61381E-04
   5180   0.61285E-04
   5190   0.61197E-04
   5200   0.61110E-04
   5210   0.61021E-04
   5220   0.60929E-04
   5230   0.60835E-04
   5240   0.60738E-04
   5250   0.60665E-04
   5260   0.60571E-04
   5270   0.60490E-04
   5280   0.60403E-04
   5290   0.60320E-04
   5300   0.60237E-04
   5310   0.60142E-04
   5320   0.60067E-04
   5330   0.59981E-04
   5340   0.59903E-04
   5350   0.59823E-04
   5360   0.59737E-04
   5370   0.59680E-04
   5380   0.59612E-04
   5390   0.59543E-04
   5400   0.59464E-04
   5410   0.59396E-04
   5420   0.59321E-04
   5430   0.59258E-04
   5440   0.59185E-04
   5450   0.59127E-04
   5460   0.59066E-04
   5470   0.59016E-04
   5480   0.58951E-04
   5490   0.58912E-04
   5500   0.58853E-04
   5510   0.58808E-04
   5520   0.58761E-04
   5530   0.58706E-04
   5540   0.58663E-04
   5550   0.58624E-04
   5560   0.58581E-04
   5570   0.58536E-04
   5580   0.58508E-04
   5590   0.58473E-04
   5600   0.58434E-04
   5610   0.58406E-04
   5620   0.58361E-04
   5630   0.58331E-04
   5640   0.58303E-04
   5650   0.58276E-04
   5660   0.58256E-04
   5670   0.58235E-04
   5680   0.58214E-04
   5690   0.58181E-04
   5700   0.58171E-04
   5710   0.58149E-04
   5720   0.58131E-04
   5730   0.58116E-04
   5740   0.58091E-04
   5750   0.58074E-04
   5760   0.58063E-04
   5770   0.58033E-04
   5780   0.58041E-04
   5790   0.58025E-04
   5800   0.58009E-04
   5810   0.57993E-04
   5820   0.57987E-04
   5830   0.57970E-04
   5840   0.57975E-04
   5850   0.57948E-04
   5860   0.57945E-04
   5870   0.57937E-04
   5880   0.57926E-04
   5890   0.57909E-04
   5900   0.57908E-04
   5910   0.57898E-04
   5920   0.57896E-04
   5930   0.57891E-04
   5940   0.57878E-04
   5950   0.57864E-04
   5960   0.57869E-04
   5970   0.57856E-04
   5980   0.57839E-04
   5990   0.57842E-04
   6000   0.57841E-04
   6010   0.57836E-04
   6020   0.57832E-04
   6030   0.57809E-04
   6040   0.57798E-04
   6050   0.57803E-04
   6060   0.57788E-04
   6070   0.57782E-04
   6080   0.57759E-04
   6090   0.57763E-04
   6100   0.57737E-04
   6110   0.57729E-04
   6120   0.57727E-04
   6130   0.57712E-04
   6140   0.57699E-04
   6150   0.57686E-04
   6160   0.57673E-04
   6170   0.57667E-04
   6180   0.57648E-04
   6190   0.57640E-04
   6200   0.57619E-04
   6210   0.57619E-04
   6220   0.57613E-04
   6230   0.57576E-04
   6240   0.57562E-04
   6250   0.57550E-04
   6260   0.57543E-04
   6270   0.57533E-04
   6280   0.57509E-04
   6290   0.57476E-04
   6300   0.57463E-04
   6310   0.57450E-04
   6320   0.57421E-04
   6330   0.57397E-04
   6340   0.57378E-04
   6350   0.57343E-04
   6360   0.57325E-04
   6370   0.57314E-04
   6380   0.57283E-04
   6390   0.57254E-04
   6400   0.57235E-04
   6410   0.57208E-04
   6420   0.57168E-04
   6430   0.57148E-04
   6440   0.57100E-04
   6450   0.57070E-04
   6460   0.57032E-04
   6470   0.57004E-04
   6480   0.56973E-04
   6490   0.56935E-04
   6500   0.56895E-04
   6510   0.56848E-04
   6520   0.56805E-04
   6530   0.56764E-04
   6540   0.56718E-04
   6550   0.56672E-04
   6560   0.56611E-04
   6570   0.56573E-04
   6580   0.56511E-04
   6590   0.56453E-04
   6600   0.56408E-04
   6610   0.56342E-04
   6620   0.56305E-04
   6630   0.56210E-04
   6640   0.56160E-04
   6650   0.56084E-04
   6660   0.56028E-04
   6670   0.55957E-04
   6680   0.55878E-04
   6690   0.55794E-04
   6700   0.55725E-04
   6710   0.55648E-04
   6720   0.55556E-04
   6730   0.55470E-04
   6740   0.55371E-04
   6750   0.55298E-04
   6760   0.55212E-04
   6770   0.55109E-04
   6780   0.55022E-04
   6790   0.54920E-04
   6800   0.54804E-04
   6810   0.54703E-04
   6820   0.54604E-04
   6830   0.54500E-04
   6840   0.54390E-04
   6850   0.54274E-04
   6860   0.54156E-04
   6870   0.54041E-04
   6880   0.53917E-04
   6890   0.53798E-04
   6900   0.53672E-04
   6910   0.53551E-04
   6920   0.53424E-04
   6930   0.53300E-04
   6940   0.53179E-04
   6950   0.53044E-04
   6960   0.52905E-04
   6970   0.52778E-04
   6980   0.52644E-04
   6990   0.52515E-04
   7000   0.52373E-04
   7010   0.52225E-04
   7020   0.52094E-04
   7030   0.51957E-04
   7040   0.51819E-04
   7050   0.51690E-04
   7060   0.51537E-04
   7070   0.51380E-04
   7080   0.51243E-04
   7090   0.51114E-04
   7100   0.50979E-04
   7110   0.50839E-04
   7120   0.50709E-04
   7130   0.50554E-04
   7140   0.50420E-04
   7150   0.50267E-04
   7160   0.50138E-04
   7170   0.49996E-04
   7180   0.49873E-04
   7190   0.49742E-04
   7200   0.49610E-04
   7210   0.49456E-04
   7220   0.49349E-04
   7230   0.49212E-04
   7240   0.49087E-04
   7250   0.48951E-04
   7260   0.48830E-04
   7270   0.48704E-04
   7280   0.48574E-04
   7290   0.48454E-04
   7300   0.48336E-04
   7310   0.48229E-04
   7320   0.48097E-04
   7330   0.47988E-04
   7340   0.47874E-04
   7350   0.47755E-04
   7360   0.47641E-04
   7370   0.47538E-04
   7380   0.47436E-04
   7390   0.47324E-04
   7400   0.47220E-04
   7410   0.47117E-04
   7420   0.47004E-04
   7430   0.46907E-04
   7440   0.46802E-04
   7450   0.46697E-04
   7460   0.46616E-04
   7470   0.46502E-04
   7480   0.46413E-04
   7490   0.46305E-04
   7500   0.46237E-04
   7510   0.46115E-04
   7520   0.46040E-04
   7530   0.45937E-04
   7540   0.45851E-04
   7550   0.45748E-04
   7560   0.45670E-04
   7570   0.45573E-04
   7580   0.45482E-04
   7590   0.45389E-04
   7600   0.45308E-04
   7610   0.45213E-04
   7620   0.45134E-04
   7630   0.45044E-04
   7640   0.44961E-04
   7650   0.44877E-04
   7660   0.44788E-04
   7670   0.44695E-04
   7680   0.44611E-04
   7690   0.44525E-04
   7700   0.44443E-04
   7710   0.44358E-04
   7720   0.44275E-04
   7730   0.44189E-04
   7740   0.44107E-04
   7750   0.44019E-04
   7760   0.43912E-04
   7770   0.43841E-04
   7780   0.43755E-04
   7790   0.43674E-04
   7800   0.43596E-04
   7810   0.43503E-04
   7820   0.43418E-04
   7830   0.43340E-04
   7840   0.43251E-04
   7850   0.43162E-04
   7860   0.43071E-04
   7870   0.43000E-04
   7880   0.42920E-04
   7890   0.42823E-04
   7900   0.42748E-04
   7910   0.42635E-04
   7920   0.42556E-04
   7930   0.42478E-04
   7940   0.42394E-04
   7950   0.42303E-04
   7960   0.42231E-04
   7970   0.42128E-04
   7980   0.42032E-04
   7990   0.41949E-04
   8000   0.41855E-04
   8010   0.41770E-04
   8020   0.41661E-04
   8030   0.41591E-04
   8040   0.41501E-04
   8050   0.41406E-04
   8060   0.41292E-04
   8070   0.41213E-04
   8080   0.41111E-04
   8090   0.41019E-04
   8100   0.40922E-04
   8110   0.40845E-04
   8120   0.40742E-04
   8130   0.40635E-04
   8140   0.40526E-04
   8150   0.40446E-04
   8160   0.40366E-04
   8170   0.40247E-04
   8180   0.40150E-04
   8190   0.40050E-04
   8200   0.39936E-04
   8210   0.39852E-04
   8220   0.39750E-04
   8230   0.39646E-04
   8240   0.39530E-04
   8250   0.39416E-04
   8260   0.39330E-04
   8270   0.39216E-04
   8280   0.39122E-04
   8290   0.39011E-04
   8300   0.38915E-04
   8310   0.38812E-04
   8320   0.38701E-04
   8330   0.38587E-04
   8340   0.38475E-04
   8350   0.38343E-04
   8360   0.38254E-04
   8370   0.38145E-04
   8380   0.38039E-04
   8390   0.37915E-04
   8400   0.37818E-04
   8410   0.37705E-04
   8420   0.37590E-04
   8430   0.37479E-04
   8440   0.37359E-04
   8450   0.37263E-04
   8460   0.37132E-04
   8470   0.37023E-04
   8480   0.36911E-04
   8490   0.36787E-04
   8500   0.36696E-04
   8510   0.36557E-04
   8520   0.36444E-04
   8530   0.36334E-04
   8540   0.36230E-04
   8550   0.36091E-04
   8560   0.35995E-04
   8570   0.35884E-04
   8580   0.35757E-04
   8590   0.35639E-04
   8600   0.35533E-04
   8610   0.35407E-04
   8620   0.35301E-04
   8630   0.35182E-04
   8640   0.35068E-04
   8650   0.34954E-04
   8660   0.34832E-04
   8670   0.34715E-04
   8680   0.34609E-04
   8690   0.34479E-04
   8700   0.34388E-04
   8710   0.34260E-04
   8720   0.34135E-04
   8730   0.34025E-04
   8740   0.33915E-04
   8750   0.33805E-04
   8760   0.33683E-04
   8770   0.33568E-04
   8780   0.33452E-04
   8790   0.33317E-04
   8800   0.33230E-04
   8810   0.33108E-04
   8820   0.33004E-04
   8830   0.32890E-04
   8840   0.32769E-04
   8850   0.32664E-04
   8860   0.32556E-04
   8870   0.32436E-04
   8880   0.32333E-04
   8890   0.32220E-04
   8900   0.32094E-04
   8910   0.31970E-04
   8920   0.31876E-04
   8930   0.31763E-04
   8940   0.31644E-04
   8950   0.31534E-04
   8960   0.31448E-04
   8970   0.31316E-04
   8980   0.31214E-04
   8990   0.31106E-04
   9000   0.30978E-04
   9010   0.30874E-04
   9020   0.30772E-04
   9030   0.30653E-04
   9040   0.30561E-04
   9050   0.30437E-04
   9060   0.30324E-04
   9070   0.30221E-04
   9080   0.30132E-04
   9090   0.30032E-04
   9100   0.29923E-04
   9110   0.29816E-04
   9120   0.29697E-04
   9130   0.29580E-04
   9140   0.29483E-04
   9150   0.29366E-04
   9160   0.29259E-04
   9170   0.29154E-04
   9180   0.29061E-04
   9190   0.28956E-04
   9200   0.28848E-04
   9210   0.28740E-04
   9220   0.28654E-04
   9230   0.28538E-04
   9240   0.28430E-04
   9250   0.28323E-04
   9260   0.28230E-04
   9270   0.28114E-04
   9280   0.27994E-04
   9290   0.27898E-04
   9300   0.27809E-04
   9310   0.27702E-04
   9320   0.27594E-04
   9330   0.27491E-04
   9340   0.27366E-04
   9350   0.27285E-04
   9360   0.27163E-04
   9370   0.27057E-04
   9380   0.26964E-04
   9390   0.26858E-04
   9400   0.26753E-04
   9410   0.26658E-04
   9420   0.26544E-04
   9430   0.26450E-04
   9440   0.26341E-04
   9450   0.26236E-04
   9460   0.26124E-04
   9470   0.26022E-04
   9480   0.25929E-04
   9490   0.25817E-04
   9500   0.25724E-04
   9510   0.25617E-04
   9520   0.25520E-04
   9530   0.25410E-04
   9540   0.25303E-04
   9550   0.25216E-04
   9560   0.25092E-04
   9570   0.24995E-04
   9580   0.24900E-04
   9590   0.24817E-04
   9600   0.24689E-04
   9610   0.24598E-04
   9620   0.24489E-04
   9630   0.24380E-04
   9640   0.24297E-04
   9650   0.24196E-04
   9660   0.24086E-04
   9670   0.23988E-04
   9680   0.23878E-04
   9690   0.23772E-04
   9700   0.23680E-04
   9710   0.23585E-04
   9720   0.23463E-04
   9730   0.23385E-04
   9740   0.23266E-04
   9750   0.23182E-04
   9760   0.23067E-04
   9770   0.22973E-04
   9780   0.22884E-04
   9790   0.22789E-04
   9800   0.22693E-04
   9810   0.22577E-04
   9820   0.22496E-04
   9830   0.22404E-04
   9840   0.22299E-04
   9850   0.22189E-04
   9860   0.22102E-04
   9870   0.22006E-04
   9880   0.21916E-04
   9890   0.21814E-04
   9900   0.21726E-04
   9910   0.21635E-04
   9920   0.21543E-04
   9930   0.21448E-04
   9940   0.21337E-04
   9950   0.21260E-04
   9960   0.21162E-04
   9970   0.21074E-04
   9980   0.20992E-04
   9990   0.20886E-04
  10000   0.20802E-04
  10010   0.20714E-04
  10020   0.20624E-04
  10030   0.20554E-04
  10040   0.20455E-04
  10050   0.20353E-04
  10060   0.20271E-04
  10070   0.20181E-04
  10080   0.20091E-04
  10090   0.20015E-04
  10100   0.19920E-04
  10110   0.19852E-04
  10120   0.19755E-04
  10130   0.19661E-04
  10140   0.19599E-04
  10150   0.19505E-04
  10160   0.19424E-04
  10170   0.19336E-04
  10180   0.19259E-04
  10190   0.19175E-04
  10200   0.19085E-04
  10210   0.19010E-04
  10220   0.18909E-04
  10230   0.18838E-04
  10240   0.18756E-04
  10250   0.18684E-04
  10260   0.18592E-04
  10270   0.18525E-04
  10280   0.18439E-04
  10290   0.18356E-04
  10300   0.18299E-04
  10310   0.18199E-04
  10320   0.18127E-04
  10330   0.18060E-04
  10340   0.17972E-04
  10350   0.17898E-04
  10360   0.17825E-04
  10370   0.17763E-04
  10380   0.17674E-04
  10390   0.17591E-04
  10400   0.17522E-04
  10410   0.17444E-04
  10420   0.17383E-04
  10430   0.17309E-04
  10440   0.17233E-04
  10450   0.17169E-04
  10460   0.17095E-04
  10470   0.17034E-04
  10480   0.16954E-04
  10490   0.16883E-04
  10500   0.16809E-04
  10510   0.16759E-04
  10520   0.16677E-04
  10530   0.16615E-04
  10540   0.16557E-04
  10550   0.16470E-04
  10560   0.16415E-04
  10570   0.16349E-04
  10580   0.16284E-04
  10590   0.16228E-04
  10600   0.16146E-04
  10610   0.16085E-04
  10620   0.16026E-04
  10630   0.15972E-04
  10640   0.15906E-04
  10650   0.15837E-04
  10660   0.15784E-04
  10670   0.15721E-04
  10680   0.15640E-04
  10690   0.15585E-04
  10700   0.15527E-04
  10710   0.15464E-04
  10720   0.15416E-04
  10730   0.15363E-04
  10740   0.15293E-04
  10750   0.15219E-04
  10760   0.15184E-04
  10770   0.15114E-04
  10780   0.15058E-04
  10790   0.14986E-04
  10800   0.14926E-04
  10810   0.14869E-04
  10820   0.14803E-04
  10830   0.14741E-04
  10840   0.14680E-04
  10850   0.14615E-04
  10860   0.14574E-04
  10870   0.14495E-04
  10880   0.14458E-04
  10890   0.14384E-04
  10900   0.14334E-04
  10910   0.14261E-04
  10920   0.14202E-04
  10930   0.14153E-04
  10940   0.14093E-04
  10950   0.14030E-04
  10960   0.13961E-04
  10970   0.13911E-04
  10980   0.13849E-04
  10990   0.13794E-04
  11000   0.13725E-04
  11010   0.13661E-04
  11020   0.13618E-04
  11030   0.13548E-04
  11040   0.13495E-04
  11050   0.13441E-04
  11060   0.13379E-04
  11070   0.13311E-04
  11080   0.13260E-04
  11090   0.13194E-04
  11100   0.13131E-04
  11110   0.13072E-04
  11120   0.13030E-04
  11130   0.12954E-04
  11140   0.12895E-04
  11150   0.12842E-04
  11160   0.12789E-04
  11170   0.12708E-04
  11180   0.12645E-04
  11190   0.12612E-04
  11200   0.12534E-04
  11210   0.12466E-04
  11220   0.12416E-04
  11230   0.12349E-04
  11240   0.12281E-04
  11250   0.12209E-04
  11260   0.12140E-04
  11270   0.12076E-04
  11280   0.12021E-04
  11290   0.11948E-04
  11300   0.11876E-04
  11310   0.11813E-04
  11320   0.11737E-04
  11330   0.11683E-04
  11340   0.11620E-04
  11350   0.11549E-04
  11360   0.11471E-04
  11370   0.11389E-04
  11380   0.11333E-04
  11390   0.11243E-04
  11400   0.11177E-04
  11410   0.11090E-04
  11420   0.11035E-04
  11430   0.10951E-04
  11440   0.10883E-04
  11450   0.10811E-04
  11460   0.10716E-04
  11470   0.10654E-04
  11480   0.10592E-04
  11490   0.10507E-04
  11500   0.10408E-04
  11510   0.10347E-04
  11520   0.10273E-04
  11530   0.10207E-04
  11540   0.10120E-04
  11550   0.10045E-04
  11560   0.99769E-05
  11570   0.99004E-05
  11580   0.98292E-05
  11590   0.97524E-05
  11600   0.96874E-05
  11610   0.96361E-05
  11620   0.95733E-05
  11630   0.94866E-05
  11640   0.94307E-05
  11650   0.93824E-05
  11660   0.93154E-05
  11670   0.92529E-05
  11680   0.92032E-05
  11690   0.91519E-05
  11700   0.90983E-05
  11710   0.90445E-05
  11720   0.89997E-05
  11730   0.89567E-05
  11740   0.89124E-05
  11750   0.88841E-05
  11760   0.88440E-05
  11770   0.88139E-05
  11780   0.87754E-05
  11790   0.87430E-05
  11800   0.87276E-05
  11810   0.87013E-05
  11820   0.86896E-05
  11830   0.86565E-05
  11840   0.86458E-05
  11850   0.86397E-05
  11860   0.86282E-05
  11870   0.86174E-05
  11880   0.86157E-05
  11890   0.86069E-05
  11900   0.86182E-05
  11910   0.86278E-05
  11920   0.86259E-05
  11930   0.86203E-05
  11940   0.86369E-05
  11950   0.86539E-05
  11960   0.86676E-05
  11970   0.86791E-05
  11980   0.87115E-05
  11990   0.87164E-05
  12000   0.87390E-05
  12010   0.87614E-05
  12020   0.87905E-05
  12030   0.88216E-05
  12040   0.88507E-05
  12050   0.88944E-05
  12060   0.89165E-05
  12070   0.89670E-05
  12080   0.89976E-05
  12090   0.90239E-05
  12100   0.90749E-05
  12110   0.91062E-05
  12120   0.91613E-05
  12130   0.92016E-05
  12140   0.92404E-05
  12150   0.92856E-05
  12160   0.93298E-05
  12170   0.93722E-05
  12180   0.94198E-05
  12190   0.94668E-05
  12200   0.95239E-05
  12210   0.95638E-05
  12220   0.96185E-05
  12230   0.96809E-05
  12240   0.97177E-05
  12250   0.97677E-05
  12260   0.98304E-05
  12270   0.98641E-05
  12280   0.99329E-05
  12290   0.99880E-05
  12300   0.10042E-04
  12310   0.10095E-04
  12320   0.10130E-04
  12330   0.10182E-04
  12340   0.10247E-04
  12350   0.10305E-04
  12360   0.10351E-04
  12370   0.10404E-04
  12380   0.10465E-04
  12390   0.10531E-04
  12400   0.10570E-04
  12410   0.10626E-04
  12420   0.10676E-04
  12430   0.10728E-04
  12440   0.10773E-04
  12450   0.10840E-04
  12460   0.10889E-04
  12470   0.10936E-04
  12480   0.10999E-04
  12490   0.11046E-04
  12500   0.11085E-04
  12510   0.11146E-04
  12520   0.11181E-04
  12530   0.11241E-04
  12540   0.11287E-04
  12550   0.11333E-04
  12560   0.11378E-04
  12570   0.11408E-04
  12580   0.11470E-04
  12590   0.11519E-04
  12600   0.11557E-04
  12610   0.11602E-04
  12620   0.11661E-04
  12630   0.11678E-04
  12640   0.11715E-04
  12650   0.11766E-04
  12660   0.11804E-04
  12670   0.11842E-04
  12680   0.11871E-04
  12690   0.11903E-04
  12700   0.11956E-04
  12710   0.11993E-04
  12720   0.12024E-04
  12730   0.12053E-04
  12740   0.12083E-04
  12750   0.12107E-04
  12760   0.12142E-04
  12770   0.12149E-04
  12780   0.12198E-04
  12790   0.12211E-04
  12800   0.12220E-04
  12810   0.12261E-04
  12820   0.12282E-04
  12830   0.12291E-04
  12840   0.12319E-04
  12850   0.12337E-04
  12860   0.12357E-04
  12870   0.12383E-04
  12880   0.12390E-04
  12890   0.12386E-04
  12900   0.12405E-04
  12910   0.12415E-04
  12920   0.12435E-04
  12930   0.12448E-04
  12940   0.12442E-04
  12950   0.12461E-04
  12960   0.12465E-04
  12970   0.12468E-04
  12980   0.12468E-04
  12990   0.12466E-04
  13000   0.12477E-04
  13010   0.12459E-04
  13020   0.12469E-04
  13030   0.12469E-04
  13040   0.12463E-04
  13050   0.12465E-04
  13060   0.12449E-04
  13070   0.12460E-04
  13080   0.12450E-04
  13090   0.12447E-04
  13100   0.12463E-04
  13110   0.12441E-04
  13120   0.12427E-04
  13130   0.12435E-04
  13140   0.12423E-04
  13150   0.12413E-04
  13160   0.12397E-04
  13170   0.12407E-04
  13180   0.12386E-04
  13190   0.12369E-04
  13200   0.12369E-04
  13210   0.12359E-04
  13220   0.12345E-04
  13230   0.12346E-04
  13240   0.12351E-04
  13250   0.12334E-04
  13260   0.12326E-04
  13270   0.12329E-04
  13280   0.12326E-04
  13290   0.12316E-04
  13300   0.12298E-04
  13310   0.12314E-04
  13320   0.12307E-04
  13330   0.12296E-04
  13340   0.12298E-04
  13350   0.12297E-04
  13360   0.12294E-04
  13370   0.12297E-04
  13380   0.12283E-04
  13390   0.12286E-04
  13400   0.12291E-04
  13410   0.12290E-04
  13420   0.12288E-04
  13430   0.12310E-04
  13440   0.12313E-04
  13450   0.12311E-04
  13460   0.12318E-04
  13470   0.12329E-04
  13480   0.12351E-04
  13490   0.12355E-04
  13500   0.12377E-04
  13510   0.12391E-04
  13520   0.12402E-04
  13530   0.12402E-04
  13540   0.12429E-04
  13550   0.12442E-04
  13560   0.12461E-04
  13570   0.12482E-04
  13580   0.12509E-04
  13590   0.12538E-04
  13600   0.12545E-04
  13610   0.12579E-04
  13620   0.12603E-04
  13630   0.12628E-04
  13640   0.12654E-04
  13650   0.12686E-04
  13660   0.12714E-04
  13670   0.12750E-04
  13680   0.12771E-04
  13690   0.12803E-04
  13700   0.12839E-04
  13710   0.12861E-04
  13720   0.12900E-04
  13730   0.12947E-04
  13740   0.12977E-04
  13750   0.13007E-04
  13760   0.13050E-04
  13770   0.13103E-04
  13780   0.13132E-04
  13790   0.13173E-04
  13800   0.13210E-04
  13810   0.13252E-04
  13820   0.13280E-04
  13830   0.13329E-04
  13840   0.13372E-04
  13850   0.13410E-04
  13860   0.13444E-04
  13870   0.13493E-04
  13880   0.13542E-04
  13890   0.13570E-04
  13900   0.13606E-04
  13910   0.13649E-04
  13920   0.13701E-04
  13930   0.13748E-04
  13940   0.13806E-04
  13950   0.13824E-04
  13960   0.13870E-04
  13970   0.13919E-04
  13980   0.13963E-04
  13990   0.14002E-04
  14000   0.14044E-04
  14010   0.14084E-04
  14020   0.14126E-04
  14030   0.14170E-04
  14040   0.14206E-04
  14050   0.14259E-04
  14060   0.14310E-04
  14070   0.14355E-04
  14080   0.14398E-04
  14090   0.14451E-04
  14100   0.14506E-04
  14110   0.14575E-04
  14120   0.14625E-04
  14130   0.14674E-04
  14140   0.14728E-04
  14150   0.14790E-04
  14160   0.14836E-04
  14170   0.14901E-04
  14180   0.14984E-04
  14190   0.15046E-04
  14200   0.15109E-04
  14210   0.15188E-04
  14220   0.15254E-04
  14230   0.15333E-04
  14240   0.15420E-04
  14250   0.15507E-04
  14260   0.15583E-04
  14270   0.15697E-04
  14280   0.15784E-04
  14290   0.15894E-04
  14300   0.15992E-04
  14310   0.16091E-04
  14320   0.16194E-04
  14330   0.16311E-04
  14340   0.16420E-04
  14350   0.16541E-04
  14360   0.16665E-04
  14370   0.16793E-04
  14380   0.16919E-04
  14390   0.17042E-04
  14400   0.17181E-04
  14410   0.17302E-04
  14420   0.17438E-04
  14430   0.17565E-04
  14440   0.17694E-04
  14450   0.17816E-04
  14460   0.17933E-04
  14470   0.18046E-04
  14480   0.18165E-04
  14490   0.18275E-04
  14500   0.18382E-04
  14510   0.18477E-04
  14520   0.18567E-04
  14530   0.18652E-04
  14540   0.18733E-04
  14550   0.18817E-04
  14560   0.18890E-04
  14570   0.18966E-04
  14580   0.19067E-04
  14590   0.19150E-04
  14600   0.19260E-04
  14610   0.19358E-04
  14620   0.19498E-04
  14630   0.19616E-04
  14640   0.19749E-04
  14650   0.19912E-04
  14660   0.20058E-04
  14670   0.20218E-04
  14680   0.20399E-04
  14690   0.20556E-04
  14700   0.20732E-04
  14710   0.20887E-04
  14720   0.21047E-04
  14730   0.21211E-04
  14740   0.21380E-04
  14750   0.21542E-04
  14760   0.21695E-04
  14770   0.21835E-04
  14780   0.21984E-04
  14790   0.22128E-04
  14800   0.22262E-04
  14810   0.22397E-04
  14820   0.22504E-04
  14830   0.22623E-04
  14840   0.22729E-04
  14850   0.22832E-04
  14860   0.22938E-04
  14870   0.23026E-04
  14880   0.23134E-04
  14890   0.23223E-04
  14900   0.23315E-04
  14910   0.23402E-04
  14920   0.23464E-04
  14930   0.23553E-04
  14940   0.23631E-04
  14950   0.23699E-04
  14960   0.23762E-04
  14970   0.23827E-04
  14980   0.23883E-04
  14990   0.23945E-04
  15000   0.23991E-04
  15010   0.24051E-04
  15020   0.24100E-04
  15030   0.24162E-04
  15040   0.24225E-04
  15050   0.24284E-04
  15060   0.24357E-04
  15070   0.24423E-04
  15080   0.24493E-04
  15090   0.24562E-04
  15100   0.24646E-04
  15110   0.24728E-04
  15120   0.24816E-04
  15130   0.24905E-04
  15140   0.25003E-04
  15150   0.25093E-04
  15160   0.25204E-04
  15170   0.25296E-04
  15180   0.25401E-04
  15190   0.25507E-04
  15200   0.25633E-04
  15210   0.25742E-04
  15220   0.25882E-04
  15230   0.25986E-04
  15240   0.26116E-04
  15250   0.26243E-04
  15260   0.26375E-04
  15270   0.26490E-04
  15280   0.26636E-04
  15290   0.26755E-04
  15300   0.26891E-04
  15310   0.27026E-04
  15320   0.27140E-04
  15330   0.27281E-04
  15340   0.27412E-04
  15350   0.27532E-04
  15360   0.27680E-04
  15370   0.27811E-04
  15380   0.27941E-04
  15390   0.28080E-04
  15400   0.28221E-04
  15410   0.28358E-04
  15420   0.28520E-04
  15430   0.28656E-04
  15440   0.28813E-04
  15450   0.28970E-04
  15460   0.29142E-04
  15470   0.29326E-04
  15480   0.29508E-04
  15490   0.29690E-04
  15500   0.29863E-04
  15510   0.30060E-04
  15520   0.30265E-04
  15530   0.30469E-04
  15540   0.30672E-04
  15550   0.30880E-04
  15560   0.31096E-04
  15570   0.31317E-04
  15580   0.31526E-04
  15590   0.31741E-04
  15600   0.31985E-04
  15610   0.32202E-04
  15620   0.32424E-04
  15630   0.32651E-04
  15640   0.32881E-04
  15650   0.33107E-04
  15660   0.33340E-04
  15670   0.33582E-04
  15680   0.33801E-04
  15690   0.34031E-04
  15700   0.34266E-04
  15710   0.34497E-04
  15720   0.34727E-04
  15730   0.34955E-04
  15740   0.35176E-04
  15750   0.35408E-04
  15760   0.35630E-04
  15770   0.35861E-04
  15780   0.36087E-04
  15790   0.36318E-04
  15800   0.36539E-04
  15810   0.36767E-04
  15820   0.36995E-04
  15830   0.37228E-04
  15840   0.37467E-04
  15850   0.37700E-04
  15860   0.37943E-04
  15870   0.38189E-04
  15880   0.38447E-04
  15890   0.38694E-04
  15900   0.38959E-04
  15910   0.39223E-04
  15920   0.39484E-04
  15930   0.39758E-04
  15940   0.40034E-04
  15950   0.40308E-04
  15960   0.40597E-04
  15970   0.40889E-04
  15980   0.41175E-04
  15990   0.41474E-04
  16000   0.41773E-04
  16010   0.42071E-04
  16020   0.42372E-04
  16030   0.42672E-04
  16040   0.42972E-04
  16050   0.43277E-04
  16060   0.43581E-04
  16070   0.43886E-04
  16080   0.44186E-04
  16090   0.44493E-04
  16100   0.44796E-04
  16110   0.45099E-04
  16120   0.45407E-04
  16130   0.45705E-04
  16140   0.46005E-04
  16150   0.46309E-04
  16160   0.46612E-04
  16170   0.46907E-04
  16180   0.47205E-04
  16190   0.47504E-04
  16200   0.47797E-04
  16210   0.48095E-04
  16220   0.48389E-04
  16230   0.48682E-04
  16240   0.48971E-04
  16250   0.49266E-04
  16260   0.49550E-04
  16270   0.49836E-04
  16280   0.50122E-04
  16290   0.50405E-04
  16300   0.50691E-04
  16310   0.50966E-04
  16320   0.51245E-04
  16330   0.51521E-04
  16340   0.51794E-04
  16350   0.52072E-04
  16360   0.52343E-04
  16370   0.52610E-04
  16380   0.52877E-04
  16390   0.53149E-04
  16400   0.53419E-04
  16410   0.53678E-04
  16420   0.53943E-04
  16430   0.54206E-04
  16440   0.54466E-04
  16450   0.54721E-04
  16460   0.54989E-04
  16470   0.55240E-04
  16480   0.55503E-04
  16490   0.55755E-04
  16500   0.56013E-04
  16510   0.56262E-04
  16520   0.56517E-04
  16530   0.56763E-04
  16540   0.57016E-04
  16550   0.57257E-04
  16560   0.57502E-04
  16570   0.57737E-04
  16580   0.57976E-04
  16590   0.58210E-04
  16600   0.58443E-04
  16610   0.58662E-04
  16620   0.58883E-04
  16630   0.59101E-04
  16640   0.59310E-04
  16650   0.59513E-04
  16660   0.59710E-04
  16670   0.59899E-04
  16680   0.60082E-04
  16690   0.60244E-04
  16700   0.60414E-04
  16710   0.60572E-04
  16720   0.60717E-04
  16730   0.60859E-04
  16740   0.60979E-04
  16750   0.61101E-04
  16760   0.61205E-04
  16770   0.61307E-04
  16780   0.61397E-04
  16790   0.61475E-04
  16800   0.61539E-04
  16810   0.61596E-04
  16820   0.61648E-04
  16830   0.61688E-04
  16840   0.61719E-04
  16850   0.61741E-04
  16860   0.61755E-04
  16870   0.61750E-04
  16880   0.61742E-04
  16890   0.61731E-04
  16900   0.61703E-04
  16910   0.61677E-04
  16920   0.61640E-04
  16930   0.61600E-04
  16940   0.61556E-04
  16950   0.61500E-04
  16960   0.61444E-04
  16970   0.61388E-04
  16980   0.61327E-04
  16990   0.61266E-04
  17000   0.61205E-04
  17010   0.61144E-04
  17020   0.61080E-04
  17030   0.61026E-04
  17040   0.60976E-04
  17050   0.60931E-04
  17060   0.60887E-04
  17070   0.60865E-04
  17080   0.60836E-04
  17090   0.60820E-04
  17100   0.60816E-04
  17110   0.60825E-04
  17120   0.60848E-04
  17130   0.60887E-04
  17140   0.60940E-04
  17150   0.61008E-04
  17160   0.61092E-04
  17170   0.61203E-04
  17180   0.61329E-04
  17190   0.61468E-04
  17200   0.61636E-04
  17210   0.61817E-04
  17220   0.62027E-04
  17230   0.62252E-04
  17240   0.62509E-04
  17250   0.62781E-04
  17260   0.63079E-04
  17270   0.63403E-04
  17280   0.63744E-04
  17290   0.64110E-04
  17300   0.64501E-04
  17310   0.64914E-04
  17320   0.65351E-04
  17330   0.65812E-04
  17340   0.66294E-04
  17350   0.66797E-04
  17360   0.67322E-04
  17370   0.67867E-04
  17380   0.68438E-04
  17390   0.69021E-04
  17400   0.69629E-04
  17410   0.70252E-04
  17420   0.70891E-04
  17430   0.71550E-04
  17440   0.72224E-04
  17450   0.72908E-04
  17460   0.73614E-04
  17470   0.74327E-04
  17480   0.75053E-04
  17490   0.75793E-04
  17500   0.76538E-04
  17510   0.77292E-04
  17520   0.78054E-04
  17530   0.78825E-04
  17540   0.79600E-04
  17550   0.80384E-04
  17560   0.81166E-04
  17570   0.81952E-04
  17580   0.82744E-04
  17590   0.83534E-04
  17600   0.84319E-04
  17610   0.85111E-04
  17620   0.85898E-04
  17630   0.86684E-04
  17640   0.87464E-04
  17650   0.88247E-04
  17660   0.89021E-04
  17670   0.89788E-04
  17680   0.90554E-04
  17690   0.91313E-04
  17700   0.92063E-04
  17710   0.92808E-04
  17720   0.93543E-04
  17730   0.94273E-04
  17740   0.94994E-04
  17750   0.95708E-04
  17760   0.96408E-04
  17770   0.97105E-04
  17780   0.97788E-04
  17790   0.98460E-04
  17800   0.99128E-04
  17810   0.99782E-04
  17820   0.10042E-03
  17830   0.10106E-03
  17840   0.10168E-03
  17850   0.10230E-03
  17860   0.10289E-03
  17870   0.10348E-03
  17880   0.10406E-03
  17890   0.10462E-03
  17900   0.10517E-03
  17910   0.10571E-03
  17920   0.10624E-03
  17930   0.10675E-03
  17940   0.10725E-03
  17950   0.10774E-03
  17960   0.10821E-03
  17970   0.10867E-03
  17980   0.10911E-03
  17990   0.10954E-03
  18000   0.10996E-03
  18010   0.11036E-03
  18020   0.11075E-03
  18030   0.11112E-03
  18040   0.11147E-03
  18050   0.11181E-03
  18060   0.11214E-03
  18070   0.11244E-03
  18080   0.11274E-03
  18090   0.11301E-03
  18100   0.11328E-03
  18110   0.11352E-03
  18120   0.11375E-03
  18130   0.11397E-03
  18140   0.11416E-03
  18150   0.11434E-03
  18160   0.11450E-03
  18170   0.11464E-03
  18180   0.11477E-03
  18190   0.11488E-03
  18200   0.11498E-03
  18210   0.11505E-03
  18220   0.11511E-03
  18230   0.11516E-03
  18240   0.11518E-03
  18250   0.11519E-03
  18260   0.11518E-03
  18270   0.11516E-03
  18280   0.11512E-03
  18290   0.11506E-03
  18300   0.11498E-03
  18310   0.11489E-03
  18320   0.11478E-03
  18330   0.11466E-03
  18340   0.11451E-03
  18350   0.11436E-03
  18360   0.11419E-03
  18370   0.11399E-03
  18380   0.11379E-03
  18390   0.11357E-03
  18400   0.11333E-03
  18410   0.11308E-03
  18420   0.11281E-03
  18430   0.11253E-03
  18440   0.11223E-03
  18450   0.11192E-03
  18460   0.11160E-03
  18470   0.11125E-03
  18480   0.11090E-03
  18490   0.11054E-03
  18500   0.11016E-03
  18510   0.10977E-03
  18520   0.10937E-03
  18530   0.10895E-03
  18540   0.10852E-03
  18550   0.10808E-03
  18560   0.10763E-03
  18570   0.10717E-03
  18580   0.10670E-03
  18590   0.10621E-03
  18600   0.10573E-03
  18610   0.10523E-03
  18620   0.10472E-03
  18630   0.10419E-03
  18640   0.10367E-03
  18650   0.10314E-03
  18660   0.10259E-03
  18670   0.10205E-03
  18680   0.10149E-03
  18690   0.10093E-03
  18700   0.10037E-03
  18710   0.99801E-04
  18720   0.99220E-04
  18730   0.98643E-04
  18740   0.98068E-04
  18750   0.97473E-04
  18760   0.96884E-04
  18770   0.96296E-04
  18780   0.95718E-04
  18790   0.95126E-04
  18800   0.94543E-04
  18810   0.93944E-04
  18820   0.93360E-04
  18830   0.92773E-04
  18840   0.92185E-04
  18850   0.91601E-04
  18860   0.91030E-04
  18870   0.90451E-04
  18880   0.89878E-04
  18890   0.89314E-04
  18900   0.88762E-04
  18910   0.88196E-04
  18920   0.87643E-04
  18930   0.87095E-04
  18940   0.86561E-04
  18950   0.86029E-04
  18960   0.85501E-04
  18970   0.84993E-04
  18980   0.84471E-04
  18990   0.83972E-04
  19000   0.83483E-04
  19010   0.82989E-04
  19020   0.82520E-04
  19030   0.82051E-04
  19040   0.81588E-04
  19050   0.81133E-04
  19060   0.80685E-04
  19070   0.80260E-04
  19080   0.79835E-04
  19090   0.79418E-04
  19100   0.79011E-04
  19110   0.78612E-04
  19120   0.78218E-04
  19130   0.77838E-04
  19140   0.77458E-04
  19150   0.77085E-04
  19160   0.76741E-04
  19170   0.76375E-04
  19180   0.76046E-04
  19190   0.75706E-04
  19200   0.75366E-04
  19210   0.75043E-04
  19220   0.74731E-04
  19230   0.74415E-04
  19240   0.74097E-04
  19250   0.73808E-04
  19260   0.73521E-04
  19270   0.73221E-04
  19280   0.72933E-04
  19290   0.72662E-04
  19300   0.72382E-04
  19310   0.72106E-04
  19320   0.71830E-04
  19330   0.71575E-04
  19340   0.71305E-04
  19350   0.71035E-04
  19360   0.70784E-04
  19370   0.70523E-04
  19380   0.70274E-04
  19390   0.70017E-04
  19400   0.69769E-04
  19410   0.69520E-04
  19420   0.69272E-04
  19430   0.69032E-04
  19440   0.68792E-04
  19450   0.68537E-04
  19460   0.68317E-04
  19470   0.68084E-04
  19480   0.67839E-04
  19490   0.67613E-04
  19500   0.67392E-04
  19510   0.67155E-04
  19520   0.66914E-04
  19530   0.66688E-04
  19540   0.66475E-04
  19550   0.66248E-04
  19560   0.66026E-04
  19570   0.65785E-04
  19580   0.65595E-04
  19590   0.65377E-04
  19600   0.65165E-04
  19610   0.64947E-04
  19620   0.64735E-04
  19630   0.64524E-04
  19640   0.64330E-04
  19650   0.64139E-04
  19660   0.63939E-04
  19670   0.63739E-04
  19680   0.63538E-04
  19690   0.63368E-04
  19700   0.63215E-04
  19710   0.62988E-04
  19720   0.62831E-04
  19730   0.62648E-04
  19740   0.62477E-04
  19750   0.62291E-04
  19760   0.62133E-04
  19770   0.61979E-04
  19780   0.61802E-04
  19790   0.61659E-04
  19800   0.61482E-04
  19810   0.61338E-04
  19820   0.61175E-04
  19830   0.61016E-04
  19840   0.60864E-04
  19850   0.60714E-04
  19860   0.60567E-04
  19870   0.60404E-04
  19880   0.60266E-04
  19890   0.60109E-04
  19900   0.59975E-04
  19910   0.59819E-04
  19920   0.59658E-04
  19930   0.59497E-04
  19940   0.59365E-04
  19950   0.59208E-04
  19960   0.59060E-04
  19970   0.58896E-04
  19980   0.58730E-04
  19990   0.58574E-04
  20000   0.58426E-04
