     10   0.10721E-02
     20   0.91083E-03
     30   0.80409E-03
     40   0.72806E-03
     50   0.67050E-03
     60   0.62439E-03
     70   0.58562E-03
     80   0.55198E-03
     90   0.52217E-03
    100   0.49520E-03
    110   0.47106E-03
    120   0.44864E-03
    130   0.42774E-03
    140   0.40809E-03
    150   0.38955E-03
    160   0.37209E-03
    170   0.35555E-03
    180   0.33994E-03
    190   0.32515E-03
    200   0.31116E-03
    210   0.29783E-03
    220   0.28528E-03
    230   0.27341E-03
    240   0.26225E-03
    250   0.25173E-03
    260   0.24186E-03
    270   0.23257E-03
    280   0.22385E-03
    290   0.21566E-03
    300   0.20799E-03
    310   0.20075E-03
    320   0.19396E-03
    330   0.18764E-03
    340   0.18176E-03
    350   0.17630E-03
    360   0.17130E-03
    370   0.16678E-03
    380   0.16272E-03
    390   0.15910E-03
    400   0.15591E-03
    410   0.15309E-03
    420   0.15063E-03
    430   0.14845E-03
    440   0.14649E-03
    450   0.14468E-03
    460   0.14293E-03
    470   0.14124E-03
    480   0.13948E-03
    490   0.13767E-03
    500   0.13576E-03
    510   0.13375E-03
    520   0.13167E-03
    530   0.12955E-03
    540   0.12741E-03
    550   0.12530E-03
    560   0.12330E-03
    570   0.12141E-03
    580   0.11970E-03
    590   0.11820E-03
    600   0.11696E-03
    610   0.11596E-03
    620   0.11525E-03
    630   0.11481E-03
    640   0.11462E-03
    650   0.11468E-03
    660   0.11495E-03
    670   0.11540E-03
    680   0.11601E-03
    690   0.11674E-03
    700   0.11755E-03
    710   0.11842E-03
    720   0.11930E-03
    730   0.12015E-03
    740   0.12097E-03
    750   0.12172E-03
    760   0.12237E-03
    770   0.12289E-03
    780   0.12329E-03
    790   0.12354E-03
    800   0.12364E-03
    810   0.12359E-03
    820   0.12337E-03
    830   0.12300E-03
    840   0.12249E-03
    850   0.12182E-03
    860   0.12102E-03
    870   0.12010E-03
    880   0.11907E-03
    890   0.11793E-03
    900   0.11670E-03
    910   0.11541E-03
    920   0.11405E-03
    930   0.11264E-03
    940   0.11123E-03
    950   0.10980E-03
    960   0.10838E-03
    970   0.10700E-03
    980   0.10567E-03
    990   0.10443E-03
   1000   0.10328E-03
   1010   0.10225E-03
   1020   0.10137E-03
   1030   0.10063E-03
   1040   0.10006E-03
   1050   0.99667E-04
   1060   0.99433E-04
   1070   0.99367E-04
   1080   0.99492E-04
   1090   0.99744E-04
   1100   0.10015E-03
   1110   0.10068E-03
   1120   0.10130E-03
   1130   0.10201E-03
   1140   0.10278E-03
   1150   0.10360E-03
   1160   0.10443E-03
   1170   0.10526E-03
   1180   0.10609E-03
   1190   0.10688E-03
   1200   0.10763E-03
   1210   0.10833E-03
   1220   0.10896E-03
   1230   0.10952E-03
   1240   0.11003E-03
   1250   0.11044E-03
   1260   0.11080E-03
   1270   0.11107E-03
   1280   0.11130E-03
   1290   0.11147E-03
   1300   0.11158E-03
   1310   0.11166E-03
   1320   0.11171E-03
   1330   0.11175E-03
   1340   0.11179E-03
   1350   0.11183E-03
   1360   0.11188E-03
   1370   0.11196E-03
   1380   0.11207E-03
   1390   0.11223E-03
   1400   0.11242E-03
   1410   0.11266E-03
   1420   0.11293E-03
   1430   0.11326E-03
   1440   0.11362E-03
   1450   0.11401E-03
   1460   0.11442E-03
   1470   0.11484E-03
   1480   0.11526E-03
   1490   0.11568E-03
   1500   0.11608E-03
   1510   0.11644E-03
   1520   0.11677E-03
   1530   0.11704E-03
   1540   0.11726E-03
   1550   0.11741E-03
   1560   0.11749E-03
   1570   0.11750E-03
   1580   0.11742E-03
   1590   0.11727E-03
   1600   0.11704E-03
   1610   0.11673E-03
   1620   0.11637E-03
   1630   0.11592E-03
   1640   0.11542E-03
   1650   0.11487E-03
   1660   0.11428E-03
   1670   0.11366E-03
   1680   0.11301E-03
   1690   0.11237E-03
   1700   0.11171E-03
   1710   0.11109E-03
   1720   0.11049E-03
   1730   0.10993E-03
   1740   0.10942E-03
   1750   0.10899E-03
   1760   0.10863E-03
   1770   0.10837E-03
   1780   0.10820E-03
   1790   0.10815E-03
   1800   0.10821E-03
   1810   0.10838E-03
   1820   0.10869E-03
   1830   0.10912E-03
   1840   0.10966E-03
   1850   0.11032E-03
   1860   0.11110E-03
   1870   0.11199E-03
   1880   0.11300E-03
   1890   0.11407E-03
   1900   0.11526E-03
   1910   0.11652E-03
   1920   0.11783E-03
   1930   0.11920E-03
   1940   0.12062E-03
   1950   0.12207E-03
   1960   0.12356E-03
   1970   0.12504E-03
   1980   0.12654E-03
   1990   0.12802E-03
   2000   0.12950E-03
   2010   0.13097E-03
   2020   0.13238E-03
   2030   0.13378E-03
   2040   0.13513E-03
   2050   0.13645E-03
   2060   0.13773E-03
   2070   0.13895E-03
   2080   0.14012E-03
   2090   0.14123E-03
   2100   0.14229E-03
   2110   0.14329E-03
   2120   0.14422E-03
   2130   0.14510E-03
   2140   0.14590E-03
   2150   0.14666E-03
   2160   0.14735E-03
   2170   0.14800E-03
   2180   0.14857E-03
   2190   0.14908E-03
   2200   0.14953E-03
   2210   0.14992E-03
   2220   0.15025E-03
   2230   0.15054E-03
   2240   0.15073E-03
   2250   0.15090E-03
   2260   0.15102E-03
   2270   0.15107E-03
   2280   0.15107E-03
   2290   0.15101E-03
   2300   0.15093E-03
   2310   0.15078E-03
   2320   0.15056E-03
   2330   0.15031E-03
   2340   0.15001E-03
   2350   0.14969E-03
   2360   0.14931E-03
   2370   0.14887E-03
   2380   0.14843E-03
   2390   0.14790E-03
   2400   0.14733E-03
   2410   0.14675E-03
   2420   0.14612E-03
   2430   0.14545E-03
   2440   0.14477E-03
   2450   0.14404E-03
   2460   0.14327E-03
   2470   0.14249E-03
   2480   0.14166E-03
   2490   0.14083E-03
   2500   0.13993E-03
   2510   0.13903E-03
   2520   0.13811E-03
   2530   0.13718E-03
   2540   0.13620E-03
   2550   0.13521E-03
   2560   0.13421E-03
   2570   0.13317E-03
   2580   0.13212E-03
   2590   0.13103E-03
   2600   0.12995E-03
   2610   0.12885E-03
   2620   0.12772E-03
   2630   0.12660E-03
   2640   0.12545E-03
   2650   0.12426E-03
   2660   0.12308E-03
   2670   0.12190E-03
   2680   0.12068E-03
   2690   0.11946E-03
   2700   0.11823E-03
   2710   0.11699E-03
   2720   0.11577E-03
   2730   0.11450E-03
   2740   0.11325E-03
   2750   0.11201E-03
   2760   0.11073E-03
   2770   0.10946E-03
   2780   0.10822E-03
   2790   0.10697E-03
   2800   0.10573E-03
   2810   0.10450E-03
   2820   0.10329E-03
   2830   0.10208E-03
   2840   0.10088E-03
   2850   0.99693E-04
   2860   0.98532E-04
   2870   0.97396E-04
   2880   0.96250E-04
   2890   0.95165E-04
   2900   0.94071E-04
   2910   0.93005E-04
   2920   0.91984E-04
   2930   0.90960E-04
   2940   0.89987E-04
   2950   0.89010E-04
   2960   0.88083E-04
   2970   0.87189E-04
   2980   0.86284E-04
   2990   0.85416E-04
   3000   0.84574E-04
   3010   0.83748E-04
   3020   0.82947E-04
   3030   0.82178E-04
   3040   0.81447E-04
   3050   0.80707E-04
   3060   0.79966E-04
   3070   0.79275E-04
   3080   0.78616E-04
   3090   0.77934E-04
   3100   0.77301E-04
   3110   0.76655E-04
   3120   0.76059E-04
   3130   0.75446E-04
   3140   0.74860E-04
   3150   0.74309E-04
   3160   0.73747E-04
   3170   0.73199E-04
   3180   0.72648E-04
   3190   0.72130E-04
   3200   0.71634E-04
   3210   0.71142E-04
   3220   0.70638E-04
   3230   0.70170E-04
   3240   0.69694E-04
   3250   0.69237E-04
   3260   0.68780E-04
   3270   0.68360E-04
   3280   0.67920E-04
   3290   0.67511E-04
   3300   0.67101E-04
   3310   0.66699E-04
   3320   0.66321E-04
   3330   0.65933E-04
   3340   0.65571E-04
   3350   0.65222E-04
   3360   0.64879E-04
   3370   0.64553E-04
   3380   0.64228E-04
   3390   0.63907E-04
   3400   0.63608E-04
   3410   0.63324E-04
   3420   0.63033E-04
   3430   0.62751E-04
   3440   0.62497E-04
   3450   0.62248E-04
   3460   0.62014E-04
   3470   0.61779E-04
   3480   0.61554E-04
   3490   0.61343E-04
   3500   0.61135E-04
   3510   0.60950E-04
   3520   0.60769E-04
   3530   0.60593E-04
   3540   0.60426E-04
   3550   0.60264E-04
   3560   0.60110E-04
   3570   0.59972E-04
   3580   0.59850E-04
   3590   0.59719E-04
   3600   0.59596E-04
   3610   0.59487E-04
   3620   0.59382E-04
   3630   0.59286E-04
   3640   0.59201E-04
   3650   0.59111E-04
   3660   0.59021E-04
   3670   0.58961E-04
   3680   0.58900E-04
   3690   0.58844E-04
   3700   0.58772E-04
   3710   0.58717E-04
   3720   0.58677E-04
   3730   0.58622E-04
   3740   0.58592E-04
   3750   0.58564E-04
   3760   0.58538E-04
   3770   0.58537E-04
   3780   0.58514E-04
   3790   0.58495E-04
   3800   0.58485E-04
   3810   0.58475E-04
   3820   0.58481E-04
   3830   0.58476E-04
   3840   0.58487E-04
   3850   0.58509E-04
   3860   0.58522E-04
   3870   0.58532E-04
   3880   0.58551E-04
   3890   0.58579E-04
   3900   0.58612E-04
   3910   0.58651E-04
   3920   0.58689E-04
   3930   0.58722E-04
   3940   0.58769E-04
   3950   0.58813E-04
   3960   0.58877E-04
   3970   0.58928E-04
   3980   0.58983E-04
   3990   0.59051E-04
   4000   0.59106E-04
   4010   0.59179E-04
   4020   0.59232E-04
   4030   0.59323E-04
   4040   0.59373E-04
   4050   0.59461E-04
   4060   0.59527E-04
   4070   0.59630E-04
   4080   0.59696E-04
   4090   0.59769E-04
   4100   0.59857E-04
   4110   0.59941E-04
   4120   0.60045E-04
   4130   0.60120E-04
   4140   0.60206E-04
   4150   0.60291E-04
   4160   0.60383E-04
   4170   0.60483E-04
   4180   0.60560E-04
   4190   0.60663E-04
   4200   0.60753E-04
   4210   0.60832E-04
   4220   0.60923E-04
   4230   0.61017E-04
   4240   0.61103E-04
   4250   0.61186E-04
   4260   0.61256E-04
   4270   0.61351E-04
   4280   0.61436E-04
   4290   0.61509E-04
   4300   0.61581E-04
   4310   0.61656E-04
   4320   0.61715E-04
   4330   0.61786E-04
   4340   0.61846E-04
   4350   0.61905E-04
   4360   0.61962E-04
   4370   0.62016E-04
   4380   0.62078E-04
   4390   0.62122E-04
   4400   0.62145E-04
   4410   0.62209E-04
   4420   0.62232E-04
   4430   0.62263E-04
   4440   0.62266E-04
   4450   0.62297E-04
   4460   0.62321E-04
   4470   0.62332E-04
   4480   0.62327E-04
   4490   0.62328E-04
   4500   0.62319E-04
   4510   0.62314E-04
   4520   0.62308E-04
   4530   0.62288E-04
   4540   0.62258E-04
   4550   0.62232E-04
   4560   0.62194E-04
   4570   0.62155E-04
   4580   0.62099E-04
   4590   0.62051E-04
   4600   0.62013E-04
   4610   0.61955E-04
   4620   0.61890E-04
   4630   0.61823E-04
   4640   0.61752E-04
   4650   0.61671E-04
   4660   0.61584E-04
   4670   0.61515E-04
   4680   0.61434E-04
   4690   0.61341E-04
   4700   0.61246E-04
   4710   0.61142E-04
   4720   0.61056E-04
   4730   0.60963E-04
   4740   0.60866E-04
   4750   0.60740E-04
   4760   0.60642E-04
   4770   0.60542E-04
   4780   0.60437E-04
   4790   0.60320E-04
   4800   0.60216E-04
   4810   0.60106E-04
   4820   0.59996E-04
   4830   0.59877E-04
   4840   0.59768E-04
   4850   0.59661E-04
   4860   0.59539E-04
   4870   0.59428E-04
   4880   0.59332E-04
   4890   0.59221E-04
   4900   0.59110E-04
   4910   0.58996E-04
   4920   0.58896E-04
   4930   0.58790E-04
   4940   0.58705E-04
   4950   0.58588E-04
   4960   0.58499E-04
   4970   0.58394E-04
   4980   0.58319E-04
   4990   0.58218E-04
   5000   0.58144E-04
   5010   0.58051E-04
   5020   0.57972E-04
   5030   0.57894E-04
   5040   0.57811E-04
   5050   0.57749E-04
   5060   0.57670E-04
   5070   0.57597E-04
   5080   0.57541E-04
   5090   0.57478E-04
   5100   0.57422E-04
   5110   0.57371E-04
   5120   0.57311E-04
   5130   0.57263E-04
   5140   0.57215E-04
   5150   0.57174E-04
   5160   0.57149E-04
   5170   0.57111E-04
   5180   0.57062E-04
   5190   0.57047E-04
   5200   0.57012E-04
   5210   0.56985E-04
   5220   0.56962E-04
   5230   0.56938E-04
   5240   0.56919E-04
   5250   0.56899E-04
   5260   0.56893E-04
   5270   0.56874E-04
   5280   0.56867E-04
   5290   0.56857E-04
   5300   0.56842E-04
   5310   0.56850E-04
   5320   0.56829E-04
   5330   0.56824E-04
   5340   0.56837E-04
   5350   0.56848E-04
   5360   0.56842E-04
   5370   0.56833E-04
   5380   0.56844E-04
   5390   0.56855E-04
   5400   0.56854E-04
   5410   0.56866E-04
   5420   0.56870E-04
   5430   0.56879E-04
   5440   0.56880E-04
   5450   0.56880E-04
   5460   0.56898E-04
   5470   0.56905E-04
   5480   0.56912E-04
   5490   0.56923E-04
   5500   0.56937E-04
   5510   0.56944E-04
   5520   0.56943E-04
   5530   0.56954E-04
   5540   0.56959E-04
   5550   0.56975E-04
   5560   0.56986E-04
   5570   0.56980E-04
   5580   0.56996E-04
   5590   0.56995E-04
   5600   0.57003E-04
   5610   0.57008E-04
   5620   0.57000E-04
   5630   0.57015E-04
   5640   0.57015E-04
   5650   0.57019E-04
   5660   0.57025E-04
   5670   0.57003E-04
   5680   0.57000E-04
   5690   0.57008E-04
   5700   0.56998E-04
   5710   0.57012E-04
   5720   0.57001E-04
   5730   0.56990E-04
   5740   0.56979E-04
   5750   0.56967E-04
   5760   0.56962E-04
   5770   0.56964E-04
   5780   0.56937E-04
   5790   0.56928E-04
   5800   0.56902E-04
   5810   0.56889E-04
   5820   0.56868E-04
   5830   0.56847E-04
   5840   0.56830E-04
   5850   0.56811E-04
   5860   0.56785E-04
   5870   0.56753E-04
   5880   0.56736E-04
   5890   0.56713E-04
   5900   0.56679E-04
   5910   0.56654E-04
   5920   0.56606E-04
   5930   0.56591E-04
   5940   0.56566E-04
   5950   0.56522E-04
   5960   0.56489E-04
   5970   0.56429E-04
   5980   0.56388E-04
   5990   0.56350E-04
   6000   0.56303E-04
   6010   0.56255E-04
   6020   0.56217E-04
   6030   0.56163E-04
   6040   0.56108E-04
   6050   0.56048E-04
   6060   0.55993E-04
   6070   0.55929E-04
   6080   0.55871E-04
   6090   0.55815E-04
   6100   0.55736E-04
   6110   0.55681E-04
   6120   0.55597E-04
   6130   0.55524E-04
   6140   0.55450E-04
   6150   0.55366E-04
   6160   0.55278E-04
   6170   0.55208E-04
   6180   0.55118E-04
   6190   0.55011E-04
   6200   0.54932E-04
   6210   0.54834E-04
   6220   0.54729E-04
   6230   0.54626E-04
   6240   0.54524E-04
   6250   0.54407E-04
   6260   0.54297E-04
   6270   0.54193E-04
   6280   0.54087E-04
   6290   0.53962E-04
   6300   0.53852E-04
   6310   0.53728E-04
   6320   0.53598E-04
   6330   0.53466E-04
   6340   0.53332E-04
   6350   0.53205E-04
   6360   0.53074E-04
   6370   0.52927E-04
   6380   0.52799E-04
   6390   0.52674E-04
   6400   0.52524E-04
   6410   0.52384E-04
   6420   0.52240E-04
   6430   0.52095E-04
   6440   0.51947E-04
   6450   0.51803E-04
   6460   0.51660E-04
   6470   0.51508E-04
   6480   0.51370E-04
   6490   0.51223E-04
   6500   0.51067E-04
   6510   0.50932E-04
   6520   0.50795E-04
   6530   0.50644E-04
   6540   0.50493E-04
   6550   0.50351E-04
   6560   0.50212E-04
   6570   0.50072E-04
   6580   0.49934E-04
   6590   0.49787E-04
   6600   0.49655E-04
   6610   0.49533E-04
   6620   0.49394E-04
   6630   0.49263E-04
   6640   0.49131E-04
   6650   0.49007E-04
   6660   0.48873E-04
   6670   0.48753E-04
   6680   0.48620E-04
   6690   0.48502E-04
   6700   0.48384E-04
   6710   0.48267E-04
   6720   0.48162E-04
   6730   0.48045E-04
   6740   0.47925E-04
   6750   0.47815E-04
   6760   0.47719E-04
   6770   0.47612E-04
   6780   0.47500E-04
   6790   0.47402E-04
   6800   0.47295E-04
   6810   0.47180E-04
   6820   0.47102E-04
   6830   0.47002E-04
   6840   0.46913E-04
   6850   0.46799E-04
   6860   0.46729E-04
   6870   0.46618E-04
   6880   0.46537E-04
   6890   0.46446E-04
   6900   0.46352E-04
   6910   0.46269E-04
   6920   0.46177E-04
   6930   0.46095E-04
   6940   0.45999E-04
   6950   0.45932E-04
   6960   0.45851E-04
   6970   0.45772E-04
   6980   0.45677E-04
   6990   0.45590E-04
   7000   0.45515E-04
   7010   0.45432E-04
   7020   0.45360E-04
   7030   0.45286E-04
   7040   0.45202E-04
   7050   0.45125E-04
   7060   0.45059E-04
   7070   0.44977E-04
   7080   0.44908E-04
   7090   0.44833E-04
   7100   0.44753E-04
   7110   0.44691E-04
   7120   0.44602E-04
   7130   0.44532E-04
   7140   0.44454E-04
   7150   0.44392E-04
   7160   0.44312E-04
   7170   0.44242E-04
   7180   0.44175E-04
   7190   0.44097E-04
   7200   0.44021E-04
   7210   0.43964E-04
   7220   0.43884E-04
   7230   0.43819E-04
   7240   0.43739E-04
   7250   0.43689E-04
   7260   0.43610E-04
   7270   0.43531E-04
   7280   0.43471E-04
   7290   0.43385E-04
   7300   0.43319E-04
   7310   0.43243E-04
   7320   0.43163E-04
   7330   0.43095E-04
   7340   0.43016E-04
   7350   0.42960E-04
   7360   0.42879E-04
   7370   0.42809E-04
   7380   0.42720E-04
   7390   0.42655E-04
   7400   0.42580E-04
   7410   0.42499E-04
   7420   0.42408E-04
   7430   0.42333E-04
   7440   0.42274E-04
   7450   0.42198E-04
   7460   0.42110E-04
   7470   0.42022E-04
   7480   0.41937E-04
   7490   0.41863E-04
   7500   0.41782E-04
   7510   0.41710E-04
   7520   0.41618E-04
   7530   0.41528E-04
   7540   0.41457E-04
   7550   0.41357E-04
   7560   0.41277E-04
   7570   0.41183E-04
   7580   0.41104E-04
   7590   0.41028E-04
   7600   0.40934E-04
   7610   0.40846E-04
   7620   0.40757E-04
   7630   0.40654E-04
   7640   0.40577E-04
   7650   0.40486E-04
   7660   0.40385E-04
   7670   0.40275E-04
   7680   0.40199E-04
   7690   0.40103E-04
   7700   0.40001E-04
   7710   0.39913E-04
   7720   0.39825E-04
   7730   0.39737E-04
   7740   0.39626E-04
   7750   0.39518E-04
   7760   0.39427E-04
   7770   0.39323E-04
   7780   0.39220E-04
   7790   0.39138E-04
   7800   0.39020E-04
   7810   0.38928E-04
   7820   0.38825E-04
   7830   0.38716E-04
   7840   0.38613E-04
   7850   0.38519E-04
   7860   0.38396E-04
   7870   0.38305E-04
   7880   0.38206E-04
   7890   0.38098E-04
   7900   0.37984E-04
   7910   0.37869E-04
   7920   0.37764E-04
   7930   0.37666E-04
   7940   0.37561E-04
   7950   0.37457E-04
   7960   0.37343E-04
   7970   0.37235E-04
   7980   0.37141E-04
   7990   0.37025E-04
   8000   0.36906E-04
   8010   0.36810E-04
   8020   0.36701E-04
   8030   0.36584E-04
   8040   0.36470E-04
   8050   0.36374E-04
   8060   0.36255E-04
   8070   0.36142E-04
   8080   0.36026E-04
   8090   0.35916E-04
   8100   0.35814E-04
   8110   0.35707E-04
   8120   0.35594E-04
   8130   0.35482E-04
   8140   0.35391E-04
   8150   0.35274E-04
   8160   0.35149E-04
   8170   0.35059E-04
   8180   0.34934E-04
   8190   0.34823E-04
   8200   0.34711E-04
   8210   0.34599E-04
   8220   0.34489E-04
   8230   0.34370E-04
   8240   0.34278E-04
   8250   0.34170E-04
   8260   0.34048E-04
   8270   0.33943E-04
   8280   0.33830E-04
   8290   0.33729E-04
   8300   0.33601E-04
   8310   0.33516E-04
   8320   0.33386E-04
   8330   0.33293E-04
   8340   0.33169E-04
   8350   0.33047E-04
   8360   0.32964E-04
   8370   0.32846E-04
   8380   0.32742E-04
   8390   0.32624E-04
   8400   0.32517E-04
   8410   0.32405E-04
   8420   0.32297E-04
   8430   0.32201E-04
   8440   0.32083E-04
   8450   0.31971E-04
   8460   0.31896E-04
   8470   0.31775E-04
   8480   0.31660E-04
   8490   0.31548E-04
   8500   0.31437E-04
   8510   0.31324E-04
   8520   0.31227E-04
   8530   0.31131E-04
   8540   0.31015E-04
   8550   0.30911E-04
   8560   0.30814E-04
   8570   0.30697E-04
   8580   0.30598E-04
   8590   0.30477E-04
   8600   0.30369E-04
   8610   0.30272E-04
   8620   0.30161E-04
   8630   0.30069E-04
   8640   0.29951E-04
   8650   0.29827E-04
   8660   0.29740E-04
   8670   0.29650E-04
   8680   0.29528E-04
   8690   0.29421E-04
   8700   0.29331E-04
   8710   0.29204E-04
   8720   0.29097E-04
   8730   0.29001E-04
   8740   0.28894E-04
   8750   0.28791E-04
   8760   0.28691E-04
   8770   0.28584E-04
   8780   0.28490E-04
   8790   0.28363E-04
   8800   0.28268E-04
   8810   0.28163E-04
   8820   0.28080E-04
   8830   0.27969E-04
   8840   0.27854E-04
   8850   0.27754E-04
   8860   0.27646E-04
   8870   0.27541E-04
   8880   0.27445E-04
   8890   0.27324E-04
   8900   0.27230E-04
   8910   0.27123E-04
   8920   0.27025E-04
   8930   0.26914E-04
   8940   0.26812E-04
   8950   0.26703E-04
   8960   0.26606E-04
   8970   0.26497E-04
   8980   0.26404E-04
   8990   0.26300E-04
   9000   0.26185E-04
   9010   0.26097E-04
   9020   0.25981E-04
   9030   0.25875E-04
   9040   0.25786E-04
   9050   0.25661E-04
   9060   0.25568E-04
   9070   0.25480E-04
   9080   0.25378E-04
   9090   0.25266E-04
   9100   0.25166E-04
   9110   0.25057E-04
   9120   0.24961E-04
   9130   0.24856E-04
   9140   0.24750E-04
   9150   0.24648E-04
   9160   0.24562E-04
   9170   0.24451E-04
   9180   0.24368E-04
   9190   0.24260E-04
   9200   0.24145E-04
   9210   0.24066E-04
   9220   0.23945E-04
   9230   0.23856E-04
   9240   0.23754E-04
   9250   0.23671E-04
   9260   0.23576E-04
   9270   0.23469E-04
   9280   0.23374E-04
   9290   0.23278E-04
   9300   0.23179E-04
   9310   0.23081E-04
   9320   0.22989E-04
   9330   0.22895E-04
   9340   0.22796E-04
   9350   0.22733E-04
   9360   0.22614E-04
   9370   0.22529E-04
   9380   0.22428E-04
   9390   0.22331E-04
   9400   0.22238E-04
   9410   0.22143E-04
   9420   0.22052E-04
   9430   0.21966E-04
   9440   0.21880E-04
   9450   0.21781E-04
   9460   0.21699E-04
   9470   0.21607E-04
   9480   0.21511E-04
   9490   0.21437E-04
   9500   0.21339E-04
   9510   0.21242E-04
   9520   0.21169E-04
   9530   0.21091E-04
   9540   0.20985E-04
   9550   0.20905E-04
   9560   0.20817E-04
   9570   0.20728E-04
   9580   0.20646E-04
   9590   0.20563E-04
   9600   0.20481E-04
   9610   0.20403E-04
   9620   0.20301E-04
   9630   0.20226E-04
   9640   0.20151E-04
   9650   0.20051E-04
   9660   0.19979E-04
   9670   0.19896E-04
   9680   0.19823E-04
   9690   0.19749E-04
   9700   0.19665E-04
   9710   0.19567E-04
   9720   0.19492E-04
   9730   0.19410E-04
   9740   0.19352E-04
   9750   0.19258E-04
   9760   0.19171E-04
   9770   0.19094E-04
   9780   0.19023E-04
   9790   0.18924E-04
   9800   0.18855E-04
   9810   0.18778E-04
   9820   0.18698E-04
   9830   0.18626E-04
   9840   0.18544E-04
   9850   0.18467E-04
   9860   0.18382E-04
   9870   0.18286E-04
   9880   0.18216E-04
   9890   0.18138E-04
   9900   0.18049E-04
   9910   0.17972E-04
   9920   0.17904E-04
   9930   0.17809E-04
   9940   0.17733E-04
   9950   0.17651E-04
   9960   0.17583E-04
   9970   0.17498E-04
   9980   0.17431E-04
   9990   0.17350E-04
  10000   0.17265E-04
  10010   0.17170E-04
  10020   0.17085E-04
  10030   0.17003E-04
  10040   0.16942E-04
  10050   0.16840E-04
  10060   0.16766E-04
  10070   0.16688E-04
  10080   0.16602E-04
  10090   0.16528E-04
  10100   0.16437E-04
  10110   0.16348E-04
  10120   0.16265E-04
  10130   0.16190E-04
  10140   0.16096E-04
  10150   0.16025E-04
  10160   0.15925E-04
  10170   0.15855E-04
  10180   0.15761E-04
  10190   0.15677E-04
  10200   0.15595E-04
  10210   0.15500E-04
  10220   0.15426E-04
  10230   0.15331E-04
  10240   0.15254E-04
  10250   0.15174E-04
  10260   0.15089E-04
  10270   0.14992E-04
  10280   0.14919E-04
  10290   0.14836E-04
  10300   0.14730E-04
  10310   0.14642E-04
  10320   0.14566E-04
  10330   0.14466E-04
  10340   0.14385E-04
  10350   0.14300E-04
  10360   0.14208E-04
  10370   0.14125E-04
  10380   0.14037E-04
  10390   0.13945E-04
  10400   0.13858E-04
  10410   0.13764E-04
  10420   0.13683E-04
  10430   0.13603E-04
  10440   0.13494E-04
  10450   0.13428E-04
  10460   0.13334E-04
  10470   0.13254E-04
  10480   0.13150E-04
  10490   0.13072E-04
  10500   0.12990E-04
  10510   0.12904E-04
  10520   0.12813E-04
  10530   0.12729E-04
  10540   0.12643E-04
  10550   0.12557E-04
  10560   0.12466E-04
  10570   0.12390E-04
  10580   0.12310E-04
  10590   0.12228E-04
  10600   0.12133E-04
  10610   0.12056E-04
  10620   0.11974E-04
  10630   0.11883E-04
  10640   0.11811E-04
  10650   0.11723E-04
  10660   0.11646E-04
  10670   0.11557E-04
  10680   0.11463E-04
  10690   0.11411E-04
  10700   0.11313E-04
  10710   0.11218E-04
  10720   0.11156E-04
  10730   0.11060E-04
  10740   0.10976E-04
  10750   0.10923E-04
  10760   0.10827E-04
  10770   0.10746E-04
  10780   0.10673E-04
  10790   0.10607E-04
  10800   0.10519E-04
  10810   0.10447E-04
  10820   0.10353E-04
  10830   0.10289E-04
  10840   0.10213E-04
  10850   0.10124E-04
  10860   0.10058E-04
  10870   0.99748E-05
  10880   0.99065E-05
  10890   0.98376E-05
  10900   0.97512E-05
  10910   0.96853E-05
  10920   0.96166E-05
  10930   0.95460E-05
  10940   0.94734E-05
  10950   0.93829E-05
  10960   0.93166E-05
  10970   0.92412E-05
  10980   0.91789E-05
  10990   0.91107E-05
  11000   0.90444E-05
  11010   0.89798E-05
  11020   0.89055E-05
  11030   0.88339E-05
  11040   0.87771E-05
  11050   0.87111E-05
  11060   0.86301E-05
  11070   0.85702E-05
  11080   0.84877E-05
  11090   0.84311E-05
  11100   0.83663E-05
  11110   0.82923E-05
  11120   0.82243E-05
  11130   0.81573E-05
  11140   0.80955E-05
  11150   0.80253E-05
  11160   0.79733E-05
  11170   0.79036E-05
  11180   0.78308E-05
  11190   0.77828E-05
  11200   0.77056E-05
  11210   0.76482E-05
  11220   0.75889E-05
  11230   0.75226E-05
  11240   0.74619E-05
  11250   0.73988E-05
  11260   0.73345E-05
  11270   0.72751E-05
  11280   0.72199E-05
  11290   0.71611E-05
  11300   0.70997E-05
  11310   0.70449E-05
  11320   0.69830E-05
  11330   0.69316E-05
  11340   0.68672E-05
  11350   0.68149E-05
  11360   0.67448E-05
  11370   0.66893E-05
  11380   0.66363E-05
  11390   0.65772E-05
  11400   0.65150E-05
  11410   0.64605E-05
  11420   0.64208E-05
  11430   0.63678E-05
  11440   0.63020E-05
  11450   0.62574E-05
  11460   0.62004E-05
  11470   0.61422E-05
  11480   0.60845E-05
  11490   0.60349E-05
  11500   0.59916E-05
  11510   0.59392E-05
  11520   0.58956E-05
  11530   0.58277E-05
  11540   0.57804E-05
  11550   0.57220E-05
  11560   0.56725E-05
  11570   0.56293E-05
  11580   0.55803E-05
  11590   0.55338E-05
  11600   0.54947E-05
  11610   0.54340E-05
  11620   0.53939E-05
  11630   0.53369E-05
  11640   0.52989E-05
  11650   0.52529E-05
  11660   0.52092E-05
  11670   0.51496E-05
  11680   0.51100E-05
  11690   0.50754E-05
  11700   0.50282E-05
  11710   0.49924E-05
  11720   0.49496E-05
  11730   0.49060E-05
  11740   0.48533E-05
  11750   0.48185E-05
  11760   0.47721E-05
  11770   0.47349E-05
  11780   0.46964E-05
  11790   0.46509E-05
  11800   0.46259E-05
  11810   0.45813E-05
  11820   0.45332E-05
  11830   0.45059E-05
  11840   0.44605E-05
  11850   0.44314E-05
  11860   0.43774E-05
  11870   0.43404E-05
  11880   0.43059E-05
  11890   0.42689E-05
  11900   0.42383E-05
  11910   0.41995E-05
  11920   0.41607E-05
  11930   0.41304E-05
  11940   0.40909E-05
  11950   0.40659E-05
  11960   0.40381E-05
  11970   0.40058E-05
  11980   0.39700E-05
  11990   0.39371E-05
  12000   0.39006E-05
  12010   0.38686E-05
  12020   0.38428E-05
  12030   0.38095E-05
  12040   0.37826E-05
  12050   0.37493E-05
  12060   0.37259E-05
  12070   0.36881E-05
  12080   0.36659E-05
  12090   0.36310E-05
  12100   0.36005E-05
  12110   0.35775E-05
  12120   0.35452E-05
  12130   0.35221E-05
  12140   0.35005E-05
  12150   0.34734E-05
  12160   0.34524E-05
  12170   0.34331E-05
  12180   0.33994E-05
  12190   0.33751E-05
  12200   0.33570E-05
  12210   0.33235E-05
  12220   0.33006E-05
  12230   0.32614E-05
  12240   0.32461E-05
  12250   0.32201E-05
  12260   0.32098E-05
  12270   0.31915E-05
  12280   0.31611E-05
  12290   0.31383E-05
  12300   0.31214E-05
  12310   0.30937E-05
  12320   0.30791E-05
  12330   0.30586E-05
  12340   0.30374E-05
  12350   0.30194E-05
  12360   0.29899E-05
  12370   0.29745E-05
  12380   0.29611E-05
  12390   0.29483E-05
  12400   0.29223E-05
  12410   0.29067E-05
  12420   0.28832E-05
  12430   0.28698E-05
  12440   0.28477E-05
  12450   0.28394E-05
  12460   0.28082E-05
  12470   0.27865E-05
  12480   0.27766E-05
  12490   0.27586E-05
  12500   0.27443E-05
  12510   0.27345E-05
  12520   0.27152E-05
  12530   0.27035E-05
  12540   0.26877E-05
  12550   0.26724E-05
  12560   0.26618E-05
  12570   0.26305E-05
  12580   0.26137E-05
  12590   0.26067E-05
  12600   0.25931E-05
  12610   0.25803E-05
  12620   0.25651E-05
  12630   0.25545E-05
  12640   0.25421E-05
  12650   0.25299E-05
  12660   0.25113E-05
  12670   0.25002E-05
  12680   0.24814E-05
  12690   0.24746E-05
  12700   0.24679E-05
  12710   0.24518E-05
  12720   0.24417E-05
  12730   0.24300E-05
  12740   0.24124E-05
  12750   0.24005E-05
  12760   0.23916E-05
  12770   0.23859E-05
  12780   0.23606E-05
  12790   0.23546E-05
  12800   0.23424E-05
  12810   0.23301E-05
  12820   0.23124E-05
  12830   0.23082E-05
  12840   0.22997E-05
  12850   0.22827E-05
  12860   0.22732E-05
  12870   0.22684E-05
  12880   0.22654E-05
  12890   0.22494E-05
  12900   0.22437E-05
  12910   0.22261E-05
  12920   0.22209E-05
  12930   0.22080E-05
  12940   0.22084E-05
  12950   0.21919E-05
  12960   0.21804E-05
  12970   0.21706E-05
  12980   0.21702E-05
  12990   0.21528E-05
  13000   0.21477E-05
  13010   0.21396E-05
  13020   0.21256E-05
  13030   0.21315E-05
  13040   0.21145E-05
  13050   0.21039E-05
  13060   0.21051E-05
  13070   0.20921E-05
  13080   0.20970E-05
  13090   0.20756E-05
  13100   0.20721E-05
  13110   0.20650E-05
  13120   0.20581E-05
  13130   0.20509E-05
  13140   0.20492E-05
  13150   0.20311E-05
  13160   0.20237E-05
  13170   0.20108E-05
  13180   0.20067E-05
  13190   0.19921E-05
  13200   0.19834E-05
  13210   0.19809E-05
  13220   0.19729E-05
  13230   0.19704E-05
  13240   0.19527E-05
  13250   0.19567E-05
  13260   0.19501E-05
  13270   0.19410E-05
  13280   0.19329E-05
  13290   0.19307E-05
  13300   0.19154E-05
  13310   0.19204E-05
  13320   0.19093E-05
  13330   0.18979E-05
  13340   0.18929E-05
  13350   0.18896E-05
  13360   0.18932E-05
  13370   0.18853E-05
  13380   0.18753E-05
  13390   0.18654E-05
  13400   0.18632E-05
  13410   0.18630E-05
  13420   0.18569E-05
  13430   0.18462E-05
  13440   0.18490E-05
  13450   0.18305E-05
  13460   0.18329E-05
  13470   0.18344E-05
  13480   0.18261E-05
  13490   0.18245E-05
  13500   0.18225E-05
  13510   0.18115E-05
  13520   0.18095E-05
  13530   0.18034E-05
  13540   0.17957E-05
  13550   0.17936E-05
  13560   0.17958E-05
  13570   0.17883E-05
  13580   0.17864E-05
  13590   0.17778E-05
  13600   0.17672E-05
  13610   0.17580E-05
  13620   0.17568E-05
  13630   0.17422E-05
  13640   0.17496E-05
  13650   0.17307E-05
  13660   0.17327E-05
  13670   0.17222E-05
  13680   0.17236E-05
  13690   0.17259E-05
  13700   0.17125E-05
  13710   0.17111E-05
  13720   0.17036E-05
  13730   0.17007E-05
  13740   0.16948E-05
  13750   0.16811E-05
  13760   0.16921E-05
  13770   0.16753E-05
  13780   0.16762E-05
  13790   0.16619E-05
  13800   0.16697E-05
  13810   0.16625E-05
  13820   0.16673E-05
  13830   0.16641E-05
  13840   0.16550E-05
  13850   0.16582E-05
  13860   0.16611E-05
  13870   0.16567E-05
  13880   0.16455E-05
  13890   0.16434E-05
  13900   0.16415E-05
  13910   0.16403E-05
  13920   0.16229E-05
  13930   0.16295E-05
  13940   0.16252E-05
  13950   0.16166E-05
  13960   0.16199E-05
  13970   0.16235E-05
  13980   0.16026E-05
  13990   0.15960E-05
  14000   0.16018E-05
  14010   0.15984E-05
  14020   0.15955E-05
  14030   0.15907E-05
  14040   0.15867E-05
  14050   0.15774E-05
  14060   0.15626E-05
  14070   0.15775E-05
  14080   0.15547E-05
  14090   0.15532E-05
  14100   0.15407E-05
  14110   0.15450E-05
  14120   0.15406E-05
  14130   0.15411E-05
  14140   0.15326E-05
  14150   0.15248E-05
  14160   0.15117E-05
  14170   0.15298E-05
  14180   0.15187E-05
  14190   0.15172E-05
  14200   0.15084E-05
  14210   0.15280E-05
  14220   0.15152E-05
  14230   0.15123E-05
  14240   0.15137E-05
  14250   0.14955E-05
  14260   0.14935E-05
  14270   0.14901E-05
  14280   0.14846E-05
  14290   0.15017E-05
  14300   0.14991E-05
  14310   0.14902E-05
  14320   0.14846E-05
  14330   0.14664E-05
  14340   0.14555E-05
  14350   0.14642E-05
  14360   0.14639E-05
  14370   0.14656E-05
  14380   0.14511E-05
  14390   0.14483E-05
  14400   0.14565E-05
  14410   0.14620E-05
  14420   0.14518E-05
  14430   0.14368E-05
  14440   0.14508E-05
  14450   0.14370E-05
  14460   0.14393E-05
  14470   0.14429E-05
  14480   0.14332E-05
  14490   0.14265E-05
  14500   0.14187E-05
  14510   0.14258E-05
  14520   0.14232E-05
  14530   0.14236E-05
  14540   0.14173E-05
  14550   0.14175E-05
  14560   0.13986E-05
  14570   0.14035E-05
  14580   0.14051E-05
  14590   0.13999E-05
  14600   0.14020E-05
  14610   0.13948E-05
  14620   0.13929E-05
  14630   0.13937E-05
  14640   0.13905E-05
  14650   0.13959E-05
  14660   0.13987E-05
  14670   0.13912E-05
  14680   0.13977E-05
  14690   0.13900E-05
  14700   0.13699E-05
  14710   0.13728E-05
  14720   0.13660E-05
  14730   0.13592E-05
  14740   0.13695E-05
  14750   0.13527E-05
  14760   0.13517E-05
  14770   0.13503E-05
  14780   0.13493E-05
  14790   0.13475E-05
  14800   0.13549E-05
  14810   0.13399E-05
  14820   0.13245E-05
  14830   0.13237E-05
  14840   0.13261E-05
  14850   0.13193E-05
  14860   0.13243E-05
  14870   0.13265E-05
  14880   0.13144E-05
  14890   0.13087E-05
  14900   0.13037E-05
  14910   0.13109E-05
  14920   0.13164E-05
  14930   0.13166E-05
  14940   0.12974E-05
  14950   0.12949E-05
  14960   0.12909E-05
  14970   0.12707E-05
  14980   0.12818E-05
  14990   0.12819E-05
  15000   0.12771E-05
  15010   0.12808E-05
  15020   0.12717E-05
  15030   0.12718E-05
  15040   0.12726E-05
  15050   0.12603E-05
  15060   0.12693E-05
  15070   0.12642E-05
  15080   0.12552E-05
  15090   0.12537E-05
  15100   0.12403E-05
  15110   0.12404E-05
  15120   0.12271E-05
  15130   0.12302E-05
  15140   0.12226E-05
  15150   0.12241E-05
  15160   0.12043E-05
  15170   0.12142E-05
  15180   0.12127E-05
  15190   0.12098E-05
  15200   0.12115E-05
  15210   0.11995E-05
  15220   0.12157E-05
  15230   0.11963E-05
  15240   0.11864E-05
  15250   0.11917E-05
  15260   0.11903E-05
  15270   0.11934E-05
  15280   0.11912E-05
  15290   0.12002E-05
  15300   0.11587E-05
  15310   0.11614E-05
  15320   0.11578E-05
  15330   0.11599E-05
  15340   0.11579E-05
  15350   0.11550E-05
  15360   0.11578E-05
  15370   0.11463E-05
  15380   0.11470E-05
  15390   0.11569E-05
  15400   0.11453E-05
  15410   0.11347E-05
  15420   0.11331E-05
  15430   0.11449E-05
  15440   0.11183E-05
  15450   0.11189E-05
  15460   0.11096E-05
  15470   0.11101E-05
  15480   0.11008E-05
  15490   0.11140E-05
  15500   0.11036E-05
  15510   0.10951E-05
  15520   0.10859E-05
  15530   0.10826E-05
  15540   0.10822E-05
  15550   0.10693E-05
  15560   0.10565E-05
  15570   0.10623E-05
  15580   0.10604E-05
  15590   0.10517E-05
  15600   0.10572E-05
  15610   0.10483E-05
  15620   0.10412E-05
  15630   0.10149E-05
  15640   0.10120E-05
  15650   0.10151E-05
  15660   0.99960E-06
  15670   0.98419E-06
  15680   0.98610E-06
  15690   0.99808E-06
  15700   0.98795E-06
  15710   0.99535E-06
  15720   0.97565E-06
  15730   0.97554E-06
  15740   0.96831E-06
  15750   0.95044E-06
  15760   0.95979E-06
  15770   0.96845E-06
  15780   0.94440E-06
  15790   0.93965E-06
  15800   0.94086E-06
  15810   0.94245E-06
  15820   0.92612E-06
  15830   0.93432E-06
  15840   0.91967E-06
  15850   0.91419E-06
  15860   0.90988E-06
  15870   0.91291E-06
  15880   0.91404E-06
  15890   0.91565E-06
  15900   0.90798E-06
  15910   0.89940E-06
  15920   0.90232E-06
  15930   0.90218E-06
  15940   0.89572E-06
  15950   0.89784E-06
  15960   0.90067E-06
  15970   0.89473E-06
  15980   0.87310E-06
  15990   0.87542E-06
  16000   0.86810E-06
  16010   0.87103E-06
  16020   0.85539E-06
  16030   0.85633E-06
  16040   0.84172E-06
  16050   0.83635E-06
  16060   0.82378E-06
  16070   0.82537E-06
  16080   0.80754E-06
  16090   0.80710E-06
  16100   0.79313E-06
  16110   0.79326E-06
  16120   0.78040E-06
  16130   0.77379E-06
  16140   0.76938E-06
  16150   0.76003E-06
  16160   0.76674E-06
  16170   0.75504E-06
  16180   0.75413E-06
  16190   0.75865E-06
  16200   0.75222E-06
  16210   0.75707E-06
  16220   0.74639E-06
  16230   0.74519E-06
  16240   0.73109E-06
  16250   0.73142E-06
  16260   0.72420E-06
  16270   0.72348E-06
  16280   0.71986E-06
  16290   0.70653E-06
  16300   0.70052E-06
  16310   0.70034E-06
  16320   0.70801E-06
  16330   0.69917E-06
  16340   0.69186E-06
  16350   0.68515E-06
  16360   0.67524E-06
  16370   0.66828E-06
  16380   0.68372E-06
  16390   0.67642E-06
  16400   0.67205E-06
  16410   0.66985E-06
  16420   0.67192E-06
  16430   0.64733E-06
  16440   0.65756E-06
  16450   0.63915E-06
  16460   0.63299E-06
  16470   0.63087E-06
  16480   0.62305E-06
  16490   0.63917E-06
  16500   0.61321E-06
  16510   0.60930E-06
  16520   0.61176E-06
  16530   0.60027E-06
  16540   0.60594E-06
  16550   0.61009E-06
  16560   0.60386E-06
  16570   0.59744E-06
  16580   0.59150E-06
  16590   0.58640E-06
  16600   0.57990E-06
  16610   0.57776E-06
  16620   0.57324E-06
  16630   0.58323E-06
  16640   0.57476E-06
  16650   0.56817E-06
  16660   0.56615E-06
  16670   0.55498E-06
  16680   0.56163E-06
  16690   0.54477E-06
  16700   0.54597E-06
  16710   0.54252E-06
  16720   0.54001E-06
  16730   0.52516E-06
  16740   0.53056E-06
  16750   0.51953E-06
  16760   0.53171E-06
  16770   0.52189E-06
  16780   0.51543E-06
  16790   0.52423E-06
  16800   0.52464E-06
  16810   0.52104E-06
  16820   0.52409E-06
  16830   0.50529E-06
  16840   0.49674E-06
  16850   0.48766E-06
  16860   0.48551E-06
  16870   0.47848E-06
  16880   0.48983E-06
  16890   0.49188E-06
  16900   0.47853E-06
  16910   0.47235E-06
  16920   0.45610E-06
  16930   0.45260E-06
  16940   0.45695E-06
  16950   0.44707E-06
  16960   0.44705E-06
  16970   0.46329E-06
  16980   0.45819E-06
  16990   0.46354E-06
  17000   0.44559E-06
  17010   0.44931E-06
  17020   0.45722E-06
  17030   0.45000E-06
  17040   0.45849E-06
  17050   0.44355E-06
  17060   0.44109E-06
  17070   0.44663E-06
  17080   0.43676E-06
  17090   0.45065E-06
  17100   0.44725E-06
  17110   0.44240E-06
  17120   0.44688E-06
  17130   0.45737E-06
  17140   0.43740E-06
  17150   0.42483E-06
  17160   0.42550E-06
  17170   0.42620E-06
  17180   0.44164E-06
  17190   0.43189E-06
  17200   0.41952E-06
  17210   0.42831E-06
  17220   0.41631E-06
  17230   0.41748E-06
  17240   0.42539E-06
  17250   0.41783E-06
  17260   0.43716E-06
  17270   0.43038E-06
  17280   0.42195E-06
  17290   0.41938E-06
  17300   0.40584E-06
  17310   0.40257E-06
  17320   0.40073E-06
  17330   0.40172E-06
  17340   0.39536E-06
  17350   0.40469E-06
  17360   0.40100E-06
  17370   0.39883E-06
  17380   0.36879E-06
  17390   0.37001E-06
  17400   0.38871E-06
  17410   0.38100E-06
  17420   0.38427E-06
  17430   0.37812E-06
  17440   0.36345E-06
  17450   0.36472E-06
  17460   0.35741E-06
  17470   0.36337E-06
  17480   0.36815E-06
  17490   0.35207E-06
  17500   0.36166E-06
  17510   0.38042E-06
  17520   0.37012E-06
  17530   0.36381E-06
  17540   0.35769E-06
  17550   0.34774E-06
  17560   0.35166E-06
  17570   0.35128E-06
  17580   0.35350E-06
  17590   0.33382E-06
  17600   0.33893E-06
  17610   0.33846E-06
  17620   0.34897E-06
  17630   0.34895E-06
  17640   0.34377E-06
  17650   0.32850E-06
  17660   0.33585E-06
  17670   0.33334E-06
  17680   0.34647E-06
  17690   0.32921E-06
  17700   0.34238E-06
  17710   0.34523E-06
  17720   0.33013E-06
  17730   0.32370E-06
  17740   0.33264E-06
  17750   0.32026E-06
  17760   0.33624E-06
  17770   0.32701E-06
  17780   0.31644E-06
  17790   0.32021E-06
  17800   0.33365E-06
  17810   0.34372E-06
  17820   0.32584E-06
  17830   0.31669E-06
  17840   0.32052E-06
  17850   0.31263E-06
  17860   0.32768E-06
  17870   0.30264E-06
  17880   0.31441E-06
  17890   0.30461E-06
  17900   0.30505E-06
  17910   0.31364E-06
  17920   0.30584E-06
  17930   0.29869E-06
  17940   0.29743E-06
  17950   0.27605E-06
  17960   0.28391E-06
  17970   0.30565E-06
  17980   0.28709E-06
  17990   0.29702E-06
  18000   0.29818E-06
  18010   0.29495E-06
  18020   0.29547E-06
  18030   0.28585E-06
  18040   0.28997E-06
  18050   0.28887E-06
  18060   0.28037E-06
  18070   0.28564E-06
  18080   0.29119E-06
  18090   0.28380E-06
  18100   0.28593E-06
  18110   0.29540E-06
  18120   0.26571E-06
  18130   0.27184E-06
  18140   0.28232E-06
  18150   0.27715E-06
  18160   0.28182E-06
  18170   0.27139E-06
  18180   0.27943E-06
  18190   0.27154E-06
  18200   0.27102E-06
  18210   0.27398E-06
  18220   0.25937E-06
  18230   0.26922E-06
  18240   0.26425E-06
  18250   0.24974E-06
  18260   0.26705E-06
  18270   0.28313E-06
  18280   0.25450E-06
  18290   0.26431E-06
  18300   0.27823E-06
  18310   0.27344E-06
  18320   0.26264E-06
  18330   0.26677E-06
  18340   0.26845E-06
  18350   0.27059E-06
  18360   0.26574E-06
  18370   0.26614E-06
  18380   0.26365E-06
  18390   0.26111E-06
  18400   0.25980E-06
  18410   0.27014E-06
  18420   0.25628E-06
  18430   0.25185E-06
  18440   0.26053E-06
  18450   0.25714E-06
  18460   0.24638E-06
  18470   0.26169E-06
  18480   0.25513E-06
  18490   0.26448E-06
  18500   0.25717E-06
  18510   0.26974E-06
  18520   0.26430E-06
  18530   0.26080E-06
  18540   0.25548E-06
  18550   0.24832E-06
  18560   0.25492E-06
  18570   0.25446E-06
  18580   0.23688E-06
  18590   0.25331E-06
  18600   0.25058E-06
  18610   0.27063E-06
  18620   0.25649E-06
  18630   0.24178E-06
  18640   0.25213E-06
  18650   0.23992E-06
  18660   0.24891E-06
  18670   0.24988E-06
  18680   0.25016E-06
  18690   0.24513E-06
  18700   0.24398E-06
  18710   0.28001E-06
  18720   0.26427E-06
  18730   0.25927E-06
  18740   0.25402E-06
  18750   0.25620E-06
  18760   0.26052E-06
  18770   0.24647E-06
  18780   0.26597E-06
  18790   0.26528E-06
  18800   0.25180E-06
  18810   0.26651E-06
  18820   0.25417E-06
  18830   0.25809E-06
  18840   0.25768E-06
  18850   0.24243E-06
  18860   0.25189E-06
  18870   0.25406E-06
  18880   0.25701E-06
  18890   0.23247E-06
  18900   0.24702E-06
  18910   0.24948E-06
  18920   0.25314E-06
  18930   0.25002E-06
  18940   0.24267E-06
  18950   0.25463E-06
  18960   0.24439E-06
  18970   0.26663E-06
  18980   0.27743E-06
  18990   0.27857E-06
  19000   0.27894E-06
  19010   0.29024E-06
  19020   0.27864E-06
  19030   0.26890E-06
  19040   0.26776E-06
  19050   0.27349E-06
  19060   0.26311E-06
  19070   0.26815E-06
  19080   0.26961E-06
  19090   0.27050E-06
  19100   0.25691E-06
  19110   0.27438E-06
  19120   0.25329E-06
  19130   0.25208E-06
  19140   0.24137E-06
  19150   0.23877E-06
  19160   0.23438E-06
  19170   0.24139E-06
  19180   0.23249E-06
  19190   0.24617E-06
  19200   0.24325E-06
  19210   0.25640E-06
  19220   0.23117E-06
  19230   0.23660E-06
  19240   0.24151E-06
  19250   0.22428E-06
  19260   0.23411E-06
  19270   0.24920E-06
  19280   0.23715E-06
  19290   0.24719E-06
  19300   0.24471E-06
  19310   0.26580E-06
  19320   0.25875E-06
  19330   0.26047E-06
  19340   0.24151E-06
  19350   0.24233E-06
  19360   0.24218E-06
  19370   0.24290E-06
  19380   0.24939E-06
  19390   0.24459E-06
  19400   0.25276E-06
  19410   0.26247E-06
  19420   0.24860E-06
  19430   0.24644E-06
  19440   0.23747E-06
  19450   0.25397E-06
  19460   0.24103E-06
  19470   0.24822E-06
  19480   0.24131E-06
  19490   0.25907E-06
  19500   0.25572E-06
  19510   0.25587E-06
  19520   0.26044E-06
  19530   0.24769E-06
  19540   0.24814E-06
  19550   0.26057E-06
  19560   0.24844E-06
  19570   0.25445E-06
  19580   0.25470E-06
  19590   0.25423E-06
  19600   0.25544E-06
  19610   0.24204E-06
  19620   0.24303E-06
  19630   0.24783E-06
  19640   0.26331E-06
  19650   0.24614E-06
  19660   0.24396E-06
  19670   0.23817E-06
  19680   0.22459E-06
  19690   0.23605E-06
  19700   0.22005E-06
  19710   0.23947E-06
  19720   0.22232E-06
  19730   0.22620E-06
  19740   0.22587E-06
  19750   0.23591E-06
  19760   0.22652E-06
  19770   0.23012E-06
  19780   0.22638E-06
  19790   0.21876E-06
  19800   0.22460E-06
  19810   0.23188E-06
  19820   0.22904E-06
  19830   0.23038E-06
  19840   0.23030E-06
  19850   0.22001E-06
  19860   0.23160E-06
  19870   0.23532E-06
  19880   0.23141E-06
  19890   0.23311E-06
  19900   0.22124E-06
  19910   0.24063E-06
  19920   0.22584E-06
  19930   0.22130E-06
  19940   0.21873E-06
  19950   0.21689E-06
  19960   0.21625E-06
  19970   0.23170E-06
  19980   0.23495E-06
  19990   0.21532E-06
  20000   0.21791E-06
