     10   0.10419E-02
     20   0.87941E-03
     30   0.77406E-03
     40   0.69981E-03
     50   0.64369E-03
     60   0.59853E-03
     70   0.56036E-03
     80   0.52710E-03
     90   0.49742E-03
    100   0.47044E-03
    110   0.44684E-03
    120   0.42483E-03
    130   0.40424E-03
    140   0.38486E-03
    150   0.36657E-03
    160   0.34930E-03
    170   0.33299E-03
    180   0.31754E-03
    190   0.30292E-03
    200   0.28909E-03
    210   0.27625E-03
    220   0.26407E-03
    230   0.25258E-03
    240   0.24170E-03
    250   0.23147E-03
    260   0.22180E-03
    270   0.21271E-03
    280   0.20413E-03
    290   0.19605E-03
    300   0.18844E-03
    310   0.18134E-03
    320   0.17469E-03
    330   0.16847E-03
    340   0.16269E-03
    350   0.15739E-03
    360   0.15255E-03
    370   0.14821E-03
    380   0.14434E-03
    390   0.14089E-03
    400   0.13785E-03
    410   0.13519E-03
    420   0.13282E-03
    430   0.13063E-03
    440   0.12859E-03
    450   0.12661E-03
    460   0.12465E-03
    470   0.12265E-03
    480   0.12060E-03
    490   0.11847E-03
    500   0.11627E-03
    510   0.11406E-03
    520   0.11181E-03
    530   0.10957E-03
    540   0.10738E-03
    550   0.10530E-03
    560   0.10338E-03
    570   0.10164E-03
    580   0.10015E-03
    590   0.98922E-04
    600   0.97980E-04
    610   0.97325E-04
    620   0.96946E-04
    630   0.96849E-04
    640   0.96993E-04
    650   0.97360E-04
    660   0.97921E-04
    670   0.98630E-04
    680   0.99473E-04
    690   0.10040E-03
    700   0.10139E-03
    710   0.10240E-03
    720   0.10342E-03
    730   0.10441E-03
    740   0.10534E-03
    750   0.10620E-03
    760   0.10695E-03
    770   0.10761E-03
    780   0.10813E-03
    790   0.10852E-03
    800   0.10877E-03
    810   0.10886E-03
    820   0.10881E-03
    830   0.10861E-03
    840   0.10826E-03
    850   0.10777E-03
    860   0.10714E-03
    870   0.10638E-03
    880   0.10551E-03
    890   0.10451E-03
    900   0.10343E-03
    910   0.10227E-03
    920   0.10101E-03
    930   0.99717E-04
    940   0.98384E-04
    950   0.97030E-04
    960   0.95676E-04
    970   0.94329E-04
    980   0.93030E-04
    990   0.91805E-04
   1000   0.90667E-04
   1010   0.89622E-04
   1020   0.88724E-04
   1030   0.87954E-04
   1040   0.87355E-04
   1050   0.86924E-04
   1060   0.86658E-04
   1070   0.86574E-04
   1080   0.86666E-04
   1090   0.86922E-04
   1100   0.87342E-04
   1110   0.87891E-04
   1120   0.88560E-04
   1130   0.89339E-04
   1140   0.90195E-04
   1150   0.91118E-04
   1160   0.92082E-04
   1170   0.93065E-04
   1180   0.94057E-04
   1190   0.95037E-04
   1200   0.95982E-04
   1210   0.96905E-04
   1220   0.97764E-04
   1230   0.98564E-04
   1240   0.99319E-04
   1250   0.99997E-04
   1260   0.10060E-03
   1270   0.10114E-03
   1280   0.10162E-03
   1290   0.10203E-03
   1300   0.10237E-03
   1310   0.10269E-03
   1320   0.10295E-03
   1330   0.10317E-03
   1340   0.10336E-03
   1350   0.10355E-03
   1360   0.10372E-03
   1370   0.10389E-03
   1380   0.10409E-03
   1390   0.10430E-03
   1400   0.10453E-03
   1410   0.10479E-03
   1420   0.10510E-03
   1430   0.10544E-03
   1440   0.10582E-03
   1450   0.10624E-03
   1460   0.10669E-03
   1470   0.10719E-03
   1480   0.10770E-03
   1490   0.10823E-03
   1500   0.10878E-03
   1510   0.10932E-03
   1520   0.10987E-03
   1530   0.11039E-03
   1540   0.11088E-03
   1550   0.11134E-03
   1560   0.11175E-03
   1570   0.11210E-03
   1580   0.11241E-03
   1590   0.11266E-03
   1600   0.11280E-03
   1610   0.11291E-03
   1620   0.11293E-03
   1630   0.11287E-03
   1640   0.11275E-03
   1650   0.11255E-03
   1660   0.11230E-03
   1670   0.11197E-03
   1680   0.11159E-03
   1690   0.11117E-03
   1700   0.11071E-03
   1710   0.11023E-03
   1720   0.10971E-03
   1730   0.10920E-03
   1740   0.10870E-03
   1750   0.10822E-03
   1760   0.10775E-03
   1770   0.10733E-03
   1780   0.10697E-03
   1790   0.10667E-03
   1800   0.10644E-03
   1810   0.10629E-03
   1820   0.10623E-03
   1830   0.10628E-03
   1840   0.10642E-03
   1850   0.10669E-03
   1860   0.10705E-03
   1870   0.10754E-03
   1880   0.10813E-03
   1890   0.10882E-03
   1900   0.10964E-03
   1910   0.11055E-03
   1920   0.11155E-03
   1930   0.11264E-03
   1940   0.11382E-03
   1950   0.11506E-03
   1960   0.11636E-03
   1970   0.11771E-03
   1980   0.11912E-03
   1990   0.12053E-03
   2000   0.12201E-03
   2010   0.12349E-03
   2020   0.12496E-03
   2030   0.12642E-03
   2040   0.12787E-03
   2050   0.12934E-03
   2060   0.13075E-03
   2070   0.13213E-03
   2080   0.13348E-03
   2090   0.13479E-03
   2100   0.13605E-03
   2110   0.13725E-03
   2120   0.13843E-03
   2130   0.13952E-03
   2140   0.14057E-03
   2150   0.14156E-03
   2160   0.14249E-03
   2170   0.14335E-03
   2180   0.14416E-03
   2190   0.14490E-03
   2200   0.14559E-03
   2210   0.14622E-03
   2220   0.14679E-03
   2230   0.14729E-03
   2240   0.14775E-03
   2250   0.14813E-03
   2260   0.14849E-03
   2270   0.14879E-03
   2280   0.14901E-03
   2290   0.14921E-03
   2300   0.14938E-03
   2310   0.14944E-03
   2320   0.14951E-03
   2330   0.14951E-03
   2340   0.14948E-03
   2350   0.14941E-03
   2360   0.14930E-03
   2370   0.14916E-03
   2380   0.14897E-03
   2390   0.14875E-03
   2400   0.14846E-03
   2410   0.14818E-03
   2420   0.14782E-03
   2430   0.14746E-03
   2440   0.14706E-03
   2450   0.14663E-03
   2460   0.14616E-03
   2470   0.14566E-03
   2480   0.14511E-03
   2490   0.14453E-03
   2500   0.14395E-03
   2510   0.14331E-03
   2520   0.14265E-03
   2530   0.14196E-03
   2540   0.14127E-03
   2550   0.14053E-03
   2560   0.13977E-03
   2570   0.13899E-03
   2580   0.13817E-03
   2590   0.13733E-03
   2600   0.13649E-03
   2610   0.13561E-03
   2620   0.13473E-03
   2630   0.13381E-03
   2640   0.13286E-03
   2650   0.13191E-03
   2660   0.13097E-03
   2670   0.12997E-03
   2680   0.12897E-03
   2690   0.12797E-03
   2700   0.12695E-03
   2710   0.12588E-03
   2720   0.12484E-03
   2730   0.12377E-03
   2740   0.12266E-03
   2750   0.12157E-03
   2760   0.12047E-03
   2770   0.11935E-03
   2780   0.11819E-03
   2790   0.11706E-03
   2800   0.11591E-03
   2810   0.11477E-03
   2820   0.11360E-03
   2830   0.11242E-03
   2840   0.11128E-03
   2850   0.11011E-03
   2860   0.10893E-03
   2870   0.10777E-03
   2880   0.10662E-03
   2890   0.10545E-03
   2900   0.10432E-03
   2910   0.10316E-03
   2920   0.10206E-03
   2930   0.10093E-03
   2940   0.99832E-04
   2950   0.98734E-04
   2960   0.97680E-04
   2970   0.96614E-04
   2980   0.95585E-04
   2990   0.94565E-04
   3000   0.93560E-04
   3010   0.92584E-04
   3020   0.91642E-04
   3030   0.90709E-04
   3040   0.89809E-04
   3050   0.88888E-04
   3060   0.88036E-04
   3070   0.87201E-04
   3080   0.86363E-04
   3090   0.85565E-04
   3100   0.84760E-04
   3110   0.84025E-04
   3120   0.83238E-04
   3130   0.82551E-04
   3140   0.81819E-04
   3150   0.81129E-04
   3160   0.80450E-04
   3170   0.79787E-04
   3180   0.79151E-04
   3190   0.78499E-04
   3200   0.77899E-04
   3210   0.77299E-04
   3220   0.76706E-04
   3230   0.76117E-04
   3240   0.75563E-04
   3250   0.75003E-04
   3260   0.74460E-04
   3270   0.73943E-04
   3280   0.73418E-04
   3290   0.72892E-04
   3300   0.72394E-04
   3310   0.71882E-04
   3320   0.71407E-04
   3330   0.70962E-04
   3340   0.70477E-04
   3350   0.70022E-04
   3360   0.69573E-04
   3370   0.69150E-04
   3380   0.68728E-04
   3390   0.68293E-04
   3400   0.67900E-04
   3410   0.67494E-04
   3420   0.67094E-04
   3430   0.66717E-04
   3440   0.66348E-04
   3450   0.65976E-04
   3460   0.65633E-04
   3470   0.65298E-04
   3480   0.64944E-04
   3490   0.64633E-04
   3500   0.64310E-04
   3510   0.64001E-04
   3520   0.63713E-04
   3530   0.63406E-04
   3540   0.63124E-04
   3550   0.62864E-04
   3560   0.62601E-04
   3570   0.62351E-04
   3580   0.62081E-04
   3590   0.61862E-04
   3600   0.61623E-04
   3610   0.61394E-04
   3620   0.61181E-04
   3630   0.60990E-04
   3640   0.60780E-04
   3650   0.60583E-04
   3660   0.60402E-04
   3670   0.60231E-04
   3680   0.60060E-04
   3690   0.59872E-04
   3700   0.59715E-04
   3710   0.59564E-04
   3720   0.59406E-04
   3730   0.59273E-04
   3740   0.59118E-04
   3750   0.59002E-04
   3760   0.58864E-04
   3770   0.58739E-04
   3780   0.58627E-04
   3790   0.58524E-04
   3800   0.58415E-04
   3810   0.58304E-04
   3820   0.58204E-04
   3830   0.58116E-04
   3840   0.58028E-04
   3850   0.57950E-04
   3860   0.57874E-04
   3870   0.57782E-04
   3880   0.57712E-04
   3890   0.57651E-04
   3900   0.57597E-04
   3910   0.57535E-04
   3920   0.57473E-04
   3930   0.57444E-04
   3940   0.57396E-04
   3950   0.57360E-04
   3960   0.57320E-04
   3970   0.57304E-04
   3980   0.57269E-04
   3990   0.57252E-04
   4000   0.57245E-04
   4010   0.57240E-04
   4020   0.57222E-04
   4030   0.57227E-04
   4040   0.57227E-04
   4050   0.57244E-04
   4060   0.57244E-04
   4070   0.57259E-04
   4080   0.57293E-04
   4090   0.57301E-04
   4100   0.57356E-04
   4110   0.57386E-04
   4120   0.57414E-04
   4130   0.57467E-04
   4140   0.57499E-04
   4150   0.57557E-04
   4160   0.57599E-04
   4170   0.57662E-04
   4180   0.57716E-04
   4190   0.57788E-04
   4200   0.57859E-04
   4210   0.57917E-04
   4220   0.58000E-04
   4230   0.58082E-04
   4240   0.58145E-04
   4250   0.58233E-04
   4260   0.58302E-04
   4270   0.58397E-04
   4280   0.58480E-04
   4290   0.58588E-04
   4300   0.58668E-04
   4310   0.58767E-04
   4320   0.58834E-04
   4330   0.58945E-04
   4340   0.59031E-04
   4350   0.59118E-04
   4360   0.59227E-04
   4370   0.59320E-04
   4380   0.59410E-04
   4390   0.59500E-04
   4400   0.59596E-04
   4410   0.59678E-04
   4420   0.59779E-04
   4430   0.59872E-04
   4440   0.59962E-04
   4450   0.60041E-04
   4460   0.60138E-04
   4470   0.60220E-04
   4480   0.60295E-04
   4490   0.60373E-04
   4500   0.60444E-04
   4510   0.60515E-04
   4520   0.60578E-04
   4530   0.60651E-04
   4540   0.60721E-04
   4550   0.60783E-04
   4560   0.60838E-04
   4570   0.60878E-04
   4580   0.60928E-04
   4590   0.60977E-04
   4600   0.61011E-04
   4610   0.61047E-04
   4620   0.61088E-04
   4630   0.61106E-04
   4640   0.61130E-04
   4650   0.61152E-04
   4660   0.61168E-04
   4670   0.61171E-04
   4680   0.61169E-04
   4690   0.61160E-04
   4700   0.61167E-04
   4710   0.61147E-04
   4720   0.61123E-04
   4730   0.61089E-04
   4740   0.61061E-04
   4750   0.61016E-04
   4760   0.61007E-04
   4770   0.60961E-04
   4780   0.60890E-04
   4790   0.60858E-04
   4800   0.60800E-04
   4810   0.60727E-04
   4820   0.60666E-04
   4830   0.60593E-04
   4840   0.60534E-04
   4850   0.60449E-04
   4860   0.60365E-04
   4870   0.60271E-04
   4880   0.60187E-04
   4890   0.60101E-04
   4900   0.60002E-04
   4910   0.59904E-04
   4920   0.59807E-04
   4930   0.59704E-04
   4940   0.59601E-04
   4950   0.59488E-04
   4960   0.59376E-04
   4970   0.59269E-04
   4980   0.59170E-04
   4990   0.59050E-04
   5000   0.58946E-04
   5010   0.58833E-04
   5020   0.58714E-04
   5030   0.58599E-04
   5040   0.58491E-04
   5050   0.58390E-04
   5060   0.58266E-04
   5070   0.58151E-04
   5080   0.58039E-04
   5090   0.57942E-04
   5100   0.57826E-04
   5110   0.57714E-04
   5120   0.57619E-04
   5130   0.57522E-04
   5140   0.57412E-04
   5150   0.57326E-04
   5160   0.57222E-04
   5170   0.57140E-04
   5180   0.57033E-04
   5190   0.56935E-04
   5200   0.56865E-04
   5210   0.56783E-04
   5220   0.56708E-04
   5230   0.56619E-04
   5240   0.56544E-04
   5250   0.56472E-04
   5260   0.56407E-04
   5270   0.56335E-04
   5280   0.56279E-04
   5290   0.56209E-04
   5300   0.56163E-04
   5310   0.56107E-04
   5320   0.56061E-04
   5330   0.56013E-04
   5340   0.55975E-04
   5350   0.55925E-04
   5360   0.55895E-04
   5370   0.55846E-04
   5380   0.55816E-04
   5390   0.55786E-04
   5400   0.55763E-04
   5410   0.55755E-04
   5420   0.55727E-04
   5430   0.55707E-04
   5440   0.55699E-04
   5450   0.55672E-04
   5460   0.55663E-04
   5470   0.55644E-04
   5480   0.55649E-04
   5490   0.55644E-04
   5500   0.55637E-04
   5510   0.55637E-04
   5520   0.55635E-04
   5530   0.55635E-04
   5540   0.55650E-04
   5550   0.55645E-04
   5560   0.55656E-04
   5570   0.55657E-04
   5580   0.55668E-04
   5590   0.55670E-04
   5600   0.55677E-04
   5610   0.55696E-04
   5620   0.55693E-04
   5630   0.55711E-04
   5640   0.55729E-04
   5650   0.55740E-04
   5660   0.55744E-04
   5670   0.55748E-04
   5680   0.55763E-04
   5690   0.55778E-04
   5700   0.55785E-04
   5710   0.55800E-04
   5720   0.55804E-04
   5730   0.55804E-04
   5740   0.55823E-04
   5750   0.55824E-04
   5760   0.55834E-04
   5770   0.55839E-04
   5780   0.55840E-04
   5790   0.55856E-04
   5800   0.55844E-04
   5810   0.55854E-04
   5820   0.55854E-04
   5830   0.55848E-04
   5840   0.55854E-04
   5850   0.55858E-04
   5860   0.55857E-04
   5870   0.55847E-04
   5880   0.55842E-04
   5890   0.55844E-04
   5900   0.55841E-04
   5910   0.55822E-04
   5920   0.55817E-04
   5930   0.55808E-04
   5940   0.55797E-04
   5950   0.55808E-04
   5960   0.55788E-04
   5970   0.55775E-04
   5980   0.55763E-04
   5990   0.55730E-04
   6000   0.55708E-04
   6010   0.55704E-04
   6020   0.55684E-04
   6030   0.55655E-04
   6040   0.55634E-04
   6050   0.55608E-04
   6060   0.55583E-04
   6070   0.55565E-04
   6080   0.55536E-04
   6090   0.55500E-04
   6100   0.55472E-04
   6110   0.55445E-04
   6120   0.55396E-04
   6130   0.55354E-04
   6140   0.55316E-04
   6150   0.55286E-04
   6160   0.55248E-04
   6170   0.55196E-04
   6180   0.55157E-04
   6190   0.55103E-04
   6200   0.55059E-04
   6210   0.55005E-04
   6220   0.54950E-04
   6230   0.54898E-04
   6240   0.54839E-04
   6250   0.54775E-04
   6260   0.54714E-04
   6270   0.54663E-04
   6280   0.54591E-04
   6290   0.54513E-04
   6300   0.54435E-04
   6310   0.54382E-04
   6320   0.54302E-04
   6330   0.54228E-04
   6340   0.54152E-04
   6350   0.54061E-04
   6360   0.53971E-04
   6370   0.53875E-04
   6380   0.53786E-04
   6390   0.53694E-04
   6400   0.53597E-04
   6410   0.53507E-04
   6420   0.53411E-04
   6430   0.53295E-04
   6440   0.53189E-04
   6450   0.53090E-04
   6460   0.52983E-04
   6470   0.52856E-04
   6480   0.52750E-04
   6490   0.52646E-04
   6500   0.52518E-04
   6510   0.52397E-04
   6520   0.52284E-04
   6530   0.52168E-04
   6540   0.52047E-04
   6550   0.51914E-04
   6560   0.51794E-04
   6570   0.51676E-04
   6580   0.51537E-04
   6590   0.51427E-04
   6600   0.51283E-04
   6610   0.51167E-04
   6620   0.51046E-04
   6630   0.50906E-04
   6640   0.50790E-04
   6650   0.50663E-04
   6660   0.50540E-04
   6670   0.50407E-04
   6680   0.50300E-04
   6690   0.50175E-04
   6700   0.50065E-04
   6710   0.49942E-04
   6720   0.49831E-04
   6730   0.49708E-04
   6740   0.49596E-04
   6750   0.49481E-04
   6760   0.49375E-04
   6770   0.49261E-04
   6780   0.49167E-04
   6790   0.49049E-04
   6800   0.48943E-04
   6810   0.48854E-04
   6820   0.48763E-04
   6830   0.48679E-04
   6840   0.48576E-04
   6850   0.48488E-04
   6860   0.48390E-04
   6870   0.48306E-04
   6880   0.48231E-04
   6890   0.48145E-04
   6900   0.48060E-04
   6910   0.47982E-04
   6920   0.47905E-04
   6930   0.47826E-04
   6940   0.47757E-04
   6950   0.47685E-04
   6960   0.47614E-04
   6970   0.47538E-04
   6980   0.47472E-04
   6990   0.47397E-04
   7000   0.47343E-04
   7010   0.47280E-04
   7020   0.47210E-04
   7030   0.47156E-04
   7040   0.47097E-04
   7050   0.47030E-04
   7060   0.46972E-04
   7070   0.46899E-04
   7080   0.46859E-04
   7090   0.46797E-04
   7100   0.46751E-04
   7110   0.46695E-04
   7120   0.46629E-04
   7130   0.46586E-04
   7140   0.46523E-04
   7150   0.46469E-04
   7160   0.46429E-04
   7170   0.46377E-04
   7180   0.46312E-04
   7190   0.46280E-04
   7200   0.46214E-04
   7210   0.46176E-04
   7220   0.46127E-04
   7230   0.46087E-04
   7240   0.46034E-04
   7250   0.45985E-04
   7260   0.45938E-04
   7270   0.45903E-04
   7280   0.45855E-04
   7290   0.45814E-04
   7300   0.45772E-04
   7310   0.45710E-04
   7320   0.45668E-04
   7330   0.45647E-04
   7340   0.45588E-04
   7350   0.45547E-04
   7360   0.45509E-04
   7370   0.45469E-04
   7380   0.45428E-04
   7390   0.45388E-04
   7400   0.45345E-04
   7410   0.45310E-04
   7420   0.45268E-04
   7430   0.45224E-04
   7440   0.45178E-04
   7450   0.45137E-04
   7460   0.45103E-04
   7470   0.45060E-04
   7480   0.45026E-04
   7490   0.44976E-04
   7500   0.44938E-04
   7510   0.44900E-04
   7520   0.44864E-04
   7530   0.44820E-04
   7540   0.44785E-04
   7550   0.44723E-04
   7560   0.44687E-04
   7570   0.44646E-04
   7580   0.44598E-04
   7590   0.44546E-04
   7600   0.44506E-04
   7610   0.44471E-04
   7620   0.44432E-04
   7630   0.44386E-04
   7640   0.44338E-04
   7650   0.44278E-04
   7660   0.44238E-04
   7670   0.44195E-04
   7680   0.44144E-04
   7690   0.44088E-04
   7700   0.44051E-04
   7710   0.43999E-04
   7720   0.43944E-04
   7730   0.43909E-04
   7740   0.43851E-04
   7750   0.43789E-04
   7760   0.43733E-04
   7770   0.43687E-04
   7780   0.43630E-04
   7790   0.43573E-04
   7800   0.43527E-04
   7810   0.43463E-04
   7820   0.43416E-04
   7830   0.43359E-04
   7840   0.43300E-04
   7850   0.43246E-04
   7860   0.43186E-04
   7870   0.43132E-04
   7880   0.43070E-04
   7890   0.43005E-04
   7900   0.42963E-04
   7910   0.42895E-04
   7920   0.42845E-04
   7930   0.42789E-04
   7940   0.42729E-04
   7950   0.42659E-04
   7960   0.42594E-04
   7970   0.42535E-04
   7980   0.42465E-04
   7990   0.42410E-04
   8000   0.42342E-04
   8010   0.42279E-04
   8020   0.42206E-04
   8030   0.42139E-04
   8040   0.42061E-04
   8050   0.42007E-04
   8060   0.41930E-04
   8070   0.41869E-04
   8080   0.41804E-04
   8090   0.41730E-04
   8100   0.41665E-04
   8110   0.41589E-04
   8120   0.41523E-04
   8130   0.41447E-04
   8140   0.41385E-04
   8150   0.41304E-04
   8160   0.41228E-04
   8170   0.41155E-04
   8180   0.41081E-04
   8190   0.41006E-04
   8200   0.40944E-04
   8210   0.40871E-04
   8220   0.40797E-04
   8230   0.40713E-04
   8240   0.40644E-04
   8250   0.40566E-04
   8260   0.40503E-04
   8270   0.40418E-04
   8280   0.40344E-04
   8290   0.40275E-04
   8300   0.40193E-04
   8310   0.40121E-04
   8320   0.40056E-04
   8330   0.39951E-04
   8340   0.39891E-04
   8350   0.39825E-04
   8360   0.39730E-04
   8370   0.39649E-04
   8380   0.39586E-04
   8390   0.39501E-04
   8400   0.39416E-04
   8410   0.39342E-04
   8420   0.39249E-04
   8430   0.39181E-04
   8440   0.39109E-04
   8450   0.39023E-04
   8460   0.38920E-04
   8470   0.38848E-04
   8480   0.38777E-04
   8490   0.38671E-04
   8500   0.38601E-04
   8510   0.38539E-04
   8520   0.38441E-04
   8530   0.38361E-04
   8540   0.38284E-04
   8550   0.38179E-04
   8560   0.38122E-04
   8570   0.38030E-04
   8580   0.37934E-04
   8590   0.37866E-04
   8600   0.37767E-04
   8610   0.37691E-04
   8620   0.37609E-04
   8630   0.37527E-04
   8640   0.37424E-04
   8650   0.37350E-04
   8660   0.37256E-04
   8670   0.37182E-04
   8680   0.37099E-04
   8690   0.37003E-04
   8700   0.36902E-04
   8710   0.36823E-04
   8720   0.36748E-04
   8730   0.36676E-04
   8740   0.36576E-04
   8750   0.36495E-04
   8760   0.36407E-04
   8770   0.36314E-04
   8780   0.36208E-04
   8790   0.36143E-04
   8800   0.36052E-04
   8810   0.35952E-04
   8820   0.35862E-04
   8830   0.35782E-04
   8840   0.35706E-04
   8850   0.35606E-04
   8860   0.35515E-04
   8870   0.35439E-04
   8880   0.35336E-04
   8890   0.35236E-04
   8900   0.35149E-04
   8910   0.35069E-04
   8920   0.34973E-04
   8930   0.34883E-04
   8940   0.34802E-04
   8950   0.34698E-04
   8960   0.34625E-04
   8970   0.34528E-04
   8980   0.34441E-04
   8990   0.34330E-04
   9000   0.34255E-04
   9010   0.34155E-04
   9020   0.34055E-04
   9030   0.33973E-04
   9040   0.33866E-04
   9050   0.33782E-04
   9060   0.33699E-04
   9070   0.33605E-04
   9080   0.33506E-04
   9090   0.33406E-04
   9100   0.33319E-04
   9110   0.33226E-04
   9120   0.33147E-04
   9130   0.33035E-04
   9140   0.32946E-04
   9150   0.32850E-04
   9160   0.32743E-04
   9170   0.32660E-04
   9180   0.32554E-04
   9190   0.32466E-04
   9200   0.32355E-04
   9210   0.32267E-04
   9220   0.32179E-04
   9230   0.32082E-04
   9240   0.31996E-04
   9250   0.31865E-04
   9260   0.31779E-04
   9270   0.31673E-04
   9280   0.31598E-04
   9290   0.31496E-04
   9300   0.31401E-04
   9310   0.31296E-04
   9320   0.31177E-04
   9330   0.31099E-04
   9340   0.31005E-04
   9350   0.30895E-04
   9360   0.30806E-04
   9370   0.30700E-04
   9380   0.30616E-04
   9390   0.30513E-04
   9400   0.30411E-04
   9410   0.30328E-04
   9420   0.30237E-04
   9430   0.30150E-04
   9440   0.30049E-04
   9450   0.29946E-04
   9460   0.29849E-04
   9470   0.29762E-04
   9480   0.29661E-04
   9490   0.29573E-04
   9500   0.29491E-04
   9510   0.29383E-04
   9520   0.29264E-04
   9530   0.29205E-04
   9540   0.29120E-04
   9550   0.29006E-04
   9560   0.28918E-04
   9570   0.28823E-04
   9580   0.28742E-04
   9590   0.28650E-04
   9600   0.28542E-04
   9610   0.28452E-04
   9620   0.28363E-04
   9630   0.28282E-04
   9640   0.28200E-04
   9650   0.28092E-04
   9660   0.28031E-04
   9670   0.27932E-04
   9680   0.27843E-04
   9690   0.27756E-04
   9700   0.27661E-04
   9710   0.27573E-04
   9720   0.27484E-04
   9730   0.27401E-04
   9740   0.27338E-04
   9750   0.27254E-04
   9760   0.27172E-04
   9770   0.27082E-04
   9780   0.27001E-04
   9790   0.26926E-04
   9800   0.26850E-04
   9810   0.26742E-04
   9820   0.26683E-04
   9830   0.26598E-04
   9840   0.26528E-04
   9850   0.26411E-04
   9860   0.26343E-04
   9870   0.26276E-04
   9880   0.26211E-04
   9890   0.26110E-04
   9900   0.26034E-04
   9910   0.25960E-04
   9920   0.25897E-04
   9930   0.25818E-04
   9940   0.25730E-04
   9950   0.25667E-04
   9960   0.25585E-04
   9970   0.25518E-04
   9980   0.25434E-04
   9990   0.25382E-04
  10000   0.25308E-04
  10010   0.25237E-04
  10020   0.25169E-04
  10030   0.25083E-04
  10040   0.25017E-04
  10050   0.24953E-04
  10060   0.24859E-04
  10070   0.24796E-04
  10080   0.24729E-04
  10090   0.24648E-04
  10100   0.24598E-04
  10110   0.24521E-04
  10120   0.24427E-04
  10130   0.24373E-04
  10140   0.24293E-04
  10150   0.24237E-04
  10160   0.24147E-04
  10170   0.24083E-04
  10180   0.24020E-04
  10190   0.23947E-04
  10200   0.23895E-04
  10210   0.23801E-04
  10220   0.23735E-04
  10230   0.23666E-04
  10240   0.23586E-04
  10250   0.23524E-04
  10260   0.23456E-04
  10270   0.23379E-04
  10280   0.23306E-04
  10290   0.23233E-04
  10300   0.23172E-04
  10310   0.23079E-04
  10320   0.23003E-04
  10330   0.22932E-04
  10340   0.22858E-04
  10350   0.22771E-04
  10360   0.22703E-04
  10370   0.22635E-04
  10380   0.22552E-04
  10390   0.22496E-04
  10400   0.22411E-04
  10410   0.22339E-04
  10420   0.22260E-04
  10430   0.22170E-04
  10440   0.22097E-04
  10450   0.22024E-04
  10460   0.21944E-04
  10470   0.21856E-04
  10480   0.21785E-04
  10490   0.21701E-04
  10500   0.21597E-04
  10510   0.21524E-04
  10520   0.21455E-04
  10530   0.21371E-04
  10540   0.21275E-04
  10550   0.21202E-04
  10560   0.21108E-04
  10570   0.21020E-04
  10580   0.20953E-04
  10590   0.20854E-04
  10600   0.20778E-04
  10610   0.20694E-04
  10620   0.20611E-04
  10630   0.20526E-04
  10640   0.20429E-04
  10650   0.20367E-04
  10660   0.20261E-04
  10670   0.20169E-04
  10680   0.20091E-04
  10690   0.19995E-04
  10700   0.19920E-04
  10710   0.19821E-04
  10720   0.19738E-04
  10730   0.19649E-04
  10740   0.19568E-04
  10750   0.19494E-04
  10760   0.19392E-04
  10770   0.19315E-04
  10780   0.19215E-04
  10790   0.19131E-04
  10800   0.19052E-04
  10810   0.18954E-04
  10820   0.18882E-04
  10830   0.18790E-04
  10840   0.18683E-04
  10850   0.18610E-04
  10860   0.18527E-04
  10870   0.18431E-04
  10880   0.18345E-04
  10890   0.18254E-04
  10900   0.18173E-04
  10910   0.18084E-04
  10920   0.17997E-04
  10930   0.17913E-04
  10940   0.17819E-04
  10950   0.17738E-04
  10960   0.17654E-04
  10970   0.17567E-04
  10980   0.17483E-04
  10990   0.17378E-04
  11000   0.17315E-04
  11010   0.17212E-04
  11020   0.17132E-04
  11030   0.17072E-04
  11040   0.16964E-04
  11050   0.16893E-04
  11060   0.16802E-04
  11070   0.16719E-04
  11080   0.16642E-04
  11090   0.16572E-04
  11100   0.16466E-04
  11110   0.16400E-04
  11120   0.16311E-04
  11130   0.16224E-04
  11140   0.16165E-04
  11150   0.16064E-04
  11160   0.15986E-04
  11170   0.15907E-04
  11180   0.15828E-04
  11190   0.15740E-04
  11200   0.15671E-04
  11210   0.15584E-04
  11220   0.15505E-04
  11230   0.15424E-04
  11240   0.15338E-04
  11250   0.15268E-04
  11260   0.15191E-04
  11270   0.15098E-04
  11280   0.15027E-04
  11290   0.14937E-04
  11300   0.14874E-04
  11310   0.14793E-04
  11320   0.14721E-04
  11330   0.14641E-04
  11340   0.14549E-04
  11350   0.14471E-04
  11360   0.14410E-04
  11370   0.14321E-04
  11380   0.14240E-04
  11390   0.14165E-04
  11400   0.14099E-04
  11410   0.14013E-04
  11420   0.13941E-04
  11430   0.13863E-04
  11440   0.13781E-04
  11450   0.13722E-04
  11460   0.13631E-04
  11470   0.13551E-04
  11480   0.13487E-04
  11490   0.13405E-04
  11500   0.13318E-04
  11510   0.13261E-04
  11520   0.13186E-04
  11530   0.13122E-04
  11540   0.13034E-04
  11550   0.12954E-04
  11560   0.12876E-04
  11570   0.12816E-04
  11580   0.12741E-04
  11590   0.12662E-04
  11600   0.12593E-04
  11610   0.12525E-04
  11620   0.12454E-04
  11630   0.12375E-04
  11640   0.12313E-04
  11650   0.12235E-04
  11660   0.12159E-04
  11670   0.12103E-04
  11680   0.12018E-04
  11690   0.11945E-04
  11700   0.11890E-04
  11710   0.11806E-04
  11720   0.11728E-04
  11730   0.11670E-04
  11740   0.11598E-04
  11750   0.11531E-04
  11760   0.11453E-04
  11770   0.11385E-04
  11780   0.11319E-04
  11790   0.11248E-04
  11800   0.11182E-04
  11810   0.11113E-04
  11820   0.11034E-04
  11830   0.10980E-04
  11840   0.10897E-04
  11850   0.10843E-04
  11860   0.10782E-04
  11870   0.10713E-04
  11880   0.10655E-04
  11890   0.10574E-04
  11900   0.10516E-04
  11910   0.10447E-04
  11920   0.10388E-04
  11930   0.10307E-04
  11940   0.10245E-04
  11950   0.10177E-04
  11960   0.10118E-04
  11970   0.10047E-04
  11980   0.99879E-05
  11990   0.99178E-05
  12000   0.98544E-05
  12010   0.97937E-05
  12020   0.97214E-05
  12030   0.96752E-05
  12040   0.96174E-05
  12050   0.95401E-05
  12060   0.94774E-05
  12070   0.94107E-05
  12080   0.93555E-05
  12090   0.92883E-05
  12100   0.92435E-05
  12110   0.91757E-05
  12120   0.91061E-05
  12130   0.90484E-05
  12140   0.89872E-05
  12150   0.89170E-05
  12160   0.88586E-05
  12170   0.88124E-05
  12180   0.87501E-05
  12190   0.86870E-05
  12200   0.86338E-05
  12210   0.85759E-05
  12220   0.85136E-05
  12230   0.84612E-05
  12240   0.84078E-05
  12250   0.83431E-05
  12260   0.82858E-05
  12270   0.82372E-05
  12280   0.81745E-05
  12290   0.81191E-05
  12300   0.80790E-05
  12310   0.80209E-05
  12320   0.79622E-05
  12330   0.78973E-05
  12340   0.78560E-05
  12350   0.77838E-05
  12360   0.77297E-05
  12370   0.76854E-05
  12380   0.76489E-05
  12390   0.75849E-05
  12400   0.75207E-05
  12410   0.74718E-05
  12420   0.74133E-05
  12430   0.73622E-05
  12440   0.73168E-05
  12450   0.72634E-05
  12460   0.72068E-05
  12470   0.71667E-05
  12480   0.71141E-05
  12490   0.70515E-05
  12500   0.70095E-05
  12510   0.69564E-05
  12520   0.69110E-05
  12530   0.68569E-05
  12540   0.68077E-05
  12550   0.67624E-05
  12560   0.67033E-05
  12570   0.66643E-05
  12580   0.66100E-05
  12590   0.65603E-05
  12600   0.65184E-05
  12610   0.64805E-05
  12620   0.64312E-05
  12630   0.63789E-05
  12640   0.63277E-05
  12650   0.62877E-05
  12660   0.62472E-05
  12670   0.61900E-05
  12680   0.61542E-05
  12690   0.61195E-05
  12700   0.60673E-05
  12710   0.60222E-05
  12720   0.59752E-05
  12730   0.59238E-05
  12740   0.58864E-05
  12750   0.58496E-05
  12760   0.58116E-05
  12770   0.57694E-05
  12780   0.57230E-05
  12790   0.56818E-05
  12800   0.56403E-05
  12810   0.55958E-05
  12820   0.55576E-05
  12830   0.55198E-05
  12840   0.54757E-05
  12850   0.54394E-05
  12860   0.53987E-05
  12870   0.53653E-05
  12880   0.53221E-05
  12890   0.52784E-05
  12900   0.52463E-05
  12910   0.51944E-05
  12920   0.51593E-05
  12930   0.51244E-05
  12940   0.50830E-05
  12950   0.50552E-05
  12960   0.50201E-05
  12970   0.49726E-05
  12980   0.49401E-05
  12990   0.49123E-05
  13000   0.48838E-05
  13010   0.48369E-05
  13020   0.48021E-05
  13030   0.47749E-05
  13040   0.47468E-05
  13050   0.47033E-05
  13060   0.46677E-05
  13070   0.46419E-05
  13080   0.46035E-05
  13090   0.45681E-05
  13100   0.45321E-05
  13110   0.45163E-05
  13120   0.44864E-05
  13130   0.44485E-05
  13140   0.44178E-05
  13150   0.43920E-05
  13160   0.43640E-05
  13170   0.43257E-05
  13180   0.42954E-05
  13190   0.42510E-05
  13200   0.42255E-05
  13210   0.42048E-05
  13220   0.41849E-05
  13230   0.41602E-05
  13240   0.41301E-05
  13250   0.40966E-05
  13260   0.40704E-05
  13270   0.40414E-05
  13280   0.40170E-05
  13290   0.39965E-05
  13300   0.39592E-05
  13310   0.39292E-05
  13320   0.39203E-05
  13330   0.38871E-05
  13340   0.38570E-05
  13350   0.38423E-05
  13360   0.38038E-05
  13370   0.37867E-05
  13380   0.37568E-05
  13390   0.37350E-05
  13400   0.37205E-05
  13410   0.36932E-05
  13420   0.36735E-05
  13430   0.36506E-05
  13440   0.36209E-05
  13450   0.36011E-05
  13460   0.35659E-05
  13470   0.35537E-05
  13480   0.35314E-05
  13490   0.35261E-05
  13500   0.35091E-05
  13510   0.34781E-05
  13520   0.34595E-05
  13530   0.34296E-05
  13540   0.34052E-05
  13550   0.33853E-05
  13560   0.33668E-05
  13570   0.33600E-05
  13580   0.33333E-05
  13590   0.33199E-05
  13600   0.32892E-05
  13610   0.32793E-05
  13620   0.32585E-05
  13630   0.32355E-05
  13640   0.32166E-05
  13650   0.32036E-05
  13660   0.31906E-05
  13670   0.31680E-05
  13680   0.31575E-05
  13690   0.31396E-05
  13700   0.31211E-05
  13710   0.31047E-05
  13720   0.30879E-05
  13730   0.30696E-05
  13740   0.30544E-05
  13750   0.30392E-05
  13760   0.30188E-05
  13770   0.30088E-05
  13780   0.29925E-05
  13790   0.29796E-05
  13800   0.29618E-05
  13810   0.29495E-05
  13820   0.29333E-05
  13830   0.29216E-05
  13840   0.29040E-05
  13850   0.28876E-05
  13860   0.28712E-05
  13870   0.28576E-05
  13880   0.28473E-05
  13890   0.28328E-05
  13900   0.28172E-05
  13910   0.28084E-05
  13920   0.27880E-05
  13930   0.27706E-05
  13940   0.27698E-05
  13950   0.27536E-05
  13960   0.27442E-05
  13970   0.27296E-05
  13980   0.27174E-05
  13990   0.27095E-05
  14000   0.27010E-05
  14010   0.26766E-05
  14020   0.26713E-05
  14030   0.26665E-05
  14040   0.26453E-05
  14050   0.26325E-05
  14060   0.26124E-05
  14070   0.26022E-05
  14080   0.25896E-05
  14090   0.25826E-05
  14100   0.25735E-05
  14110   0.25712E-05
  14120   0.25571E-05
  14130   0.25321E-05
  14140   0.25181E-05
  14150   0.25139E-05
  14160   0.25058E-05
  14170   0.25007E-05
  14180   0.24866E-05
  14190   0.24759E-05
  14200   0.24612E-05
  14210   0.24475E-05
  14220   0.24390E-05
  14230   0.24261E-05
  14240   0.24112E-05
  14250   0.24138E-05
  14260   0.23997E-05
  14270   0.23853E-05
  14280   0.23851E-05
  14290   0.23771E-05
  14300   0.23625E-05
  14310   0.23484E-05
  14320   0.23360E-05
  14330   0.23273E-05
  14340   0.23224E-05
  14350   0.23106E-05
  14360   0.22897E-05
  14370   0.22995E-05
  14380   0.22802E-05
  14390   0.22682E-05
  14400   0.22600E-05
  14410   0.22524E-05
  14420   0.22539E-05
  14430   0.22289E-05
  14440   0.22280E-05
  14450   0.22246E-05
  14460   0.22107E-05
  14470   0.21949E-05
  14480   0.22001E-05
  14490   0.21885E-05
  14500   0.21892E-05
  14510   0.21751E-05
  14520   0.21584E-05
  14530   0.21465E-05
  14540   0.21432E-05
  14550   0.21363E-05
  14560   0.21252E-05
  14570   0.21241E-05
  14580   0.21184E-05
  14590   0.21153E-05
  14600   0.21070E-05
  14610   0.20993E-05
  14620   0.20853E-05
  14630   0.20790E-05
  14640   0.20656E-05
  14650   0.20620E-05
  14660   0.20445E-05
  14670   0.20525E-05
  14680   0.20413E-05
  14690   0.20327E-05
  14700   0.20272E-05
  14710   0.20024E-05
  14720   0.20084E-05
  14730   0.19922E-05
  14740   0.19889E-05
  14750   0.19784E-05
  14760   0.19786E-05
  14770   0.19692E-05
  14780   0.19667E-05
  14790   0.19526E-05
  14800   0.19438E-05
  14810   0.19317E-05
  14820   0.19327E-05
  14830   0.19309E-05
  14840   0.19260E-05
  14850   0.19236E-05
  14860   0.19175E-05
  14870   0.19081E-05
  14880   0.19015E-05
  14890   0.18977E-05
  14900   0.18928E-05
  14910   0.18879E-05
  14920   0.18773E-05
  14930   0.18700E-05
  14940   0.18589E-05
  14950   0.18580E-05
  14960   0.18467E-05
  14970   0.18378E-05
  14980   0.18353E-05
  14990   0.18250E-05
  15000   0.18142E-05
  15010   0.18124E-05
  15020   0.18098E-05
  15030   0.17960E-05
  15040   0.17986E-05
  15050   0.17937E-05
  15060   0.17900E-05
  15070   0.17774E-05
  15080   0.17797E-05
  15090   0.17743E-05
  15100   0.17711E-05
  15110   0.17592E-05
  15120   0.17493E-05
  15130   0.17481E-05
  15140   0.17390E-05
  15150   0.17386E-05
  15160   0.17306E-05
  15170   0.17205E-05
  15180   0.17137E-05
  15190   0.17136E-05
  15200   0.17071E-05
  15210   0.17049E-05
  15220   0.17033E-05
  15230   0.16920E-05
  15240   0.16869E-05
  15250   0.16718E-05
  15260   0.16669E-05
  15270   0.16677E-05
  15280   0.16666E-05
  15290   0.16718E-05
  15300   0.16527E-05
  15310   0.16382E-05
  15320   0.16391E-05
  15330   0.16360E-05
  15340   0.16309E-05
  15350   0.16205E-05
  15360   0.16337E-05
  15370   0.16284E-05
  15380   0.16291E-05
  15390   0.16172E-05
  15400   0.16229E-05
  15410   0.16058E-05
  15420   0.15956E-05
  15430   0.16044E-05
  15440   0.16133E-05
  15450   0.16126E-05
  15460   0.16047E-05
  15470   0.15980E-05
  15480   0.15785E-05
  15490   0.15791E-05
  15500   0.15728E-05
  15510   0.15573E-05
  15520   0.15492E-05
  15530   0.15463E-05
  15540   0.15454E-05
  15550   0.15524E-05
  15560   0.15388E-05
  15570   0.15444E-05
  15580   0.15278E-05
  15590   0.15276E-05
  15600   0.15170E-05
  15610   0.15202E-05
  15620   0.15050E-05
  15630   0.15073E-05
  15640   0.15075E-05
  15650   0.15085E-05
  15660   0.15106E-05
  15670   0.14910E-05
  15680   0.14873E-05
  15690   0.14792E-05
  15700   0.14725E-05
  15710   0.14647E-05
  15720   0.14660E-05
  15730   0.14594E-05
  15740   0.14614E-05
  15750   0.14574E-05
  15760   0.14483E-05
  15770   0.14489E-05
  15780   0.14453E-05
  15790   0.14506E-05
  15800   0.14564E-05
  15810   0.14385E-05
  15820   0.14456E-05
  15830   0.14402E-05
  15840   0.14248E-05
  15850   0.14284E-05
  15860   0.14136E-05
  15870   0.14119E-05
  15880   0.13967E-05
  15890   0.13893E-05
  15900   0.13881E-05
  15910   0.13962E-05
  15920   0.13889E-05
  15930   0.13934E-05
  15940   0.13795E-05
  15950   0.13767E-05
  15960   0.13710E-05
  15970   0.13740E-05
  15980   0.13775E-05
  15990   0.13638E-05
  16000   0.13734E-05
  16010   0.13644E-05
  16020   0.13526E-05
  16030   0.13553E-05
  16040   0.13529E-05
  16050   0.13575E-05
  16060   0.13417E-05
  16070   0.13643E-05
  16080   0.13521E-05
  16090   0.13396E-05
  16100   0.13301E-05
  16110   0.13237E-05
  16120   0.13193E-05
  16130   0.13117E-05
  16140   0.13114E-05
  16150   0.13076E-05
  16160   0.12992E-05
  16170   0.13002E-05
  16180   0.12951E-05
  16190   0.12884E-05
  16200   0.12731E-05
  16210   0.12826E-05
  16220   0.12730E-05
  16230   0.12778E-05
  16240   0.12674E-05
  16250   0.12685E-05
  16260   0.12661E-05
  16270   0.12468E-05
  16280   0.12280E-05
  16290   0.12473E-05
  16300   0.12423E-05
  16310   0.12427E-05
  16320   0.12434E-05
  16330   0.12469E-05
  16340   0.12148E-05
  16350   0.12247E-05
  16360   0.12008E-05
  16370   0.11863E-05
  16380   0.12053E-05
  16390   0.11886E-05
  16400   0.11982E-05
  16410   0.11932E-05
  16420   0.11960E-05
  16430   0.11896E-05
  16440   0.11768E-05
  16450   0.11678E-05
  16460   0.11682E-05
  16470   0.11619E-05
  16480   0.11489E-05
  16490   0.11456E-05
  16500   0.11341E-05
  16510   0.11232E-05
  16520   0.11195E-05
  16530   0.11126E-05
  16540   0.11139E-05
  16550   0.11178E-05
  16560   0.11188E-05
  16570   0.11170E-05
  16580   0.11120E-05
  16590   0.11038E-05
  16600   0.11015E-05
  16610   0.10902E-05
  16620   0.10828E-05
  16630   0.10838E-05
  16640   0.10748E-05
  16650   0.10846E-05
  16660   0.10917E-05
  16670   0.10765E-05
  16680   0.10780E-05
  16690   0.10694E-05
  16700   0.10872E-05
  16710   0.10511E-05
  16720   0.10526E-05
  16730   0.10396E-05
  16740   0.10501E-05
  16750   0.10491E-05
  16760   0.10464E-05
  16770   0.10501E-05
  16780   0.10444E-05
  16790   0.10519E-05
  16800   0.10321E-05
  16810   0.10454E-05
  16820   0.10256E-05
  16830   0.10280E-05
  16840   0.10229E-05
  16850   0.10239E-05
  16860   0.99968E-06
  16870   0.99348E-06
  16880   0.98581E-06
  16890   0.98503E-06
  16900   0.99001E-06
  16910   0.96646E-06
  16920   0.98107E-06
  16930   0.97269E-06
  16940   0.95184E-06
  16950   0.95466E-06
  16960   0.94597E-06
  16970   0.94550E-06
  16980   0.92975E-06
  16990   0.93537E-06
  17000   0.92986E-06
  17010   0.93244E-06
  17020   0.93010E-06
  17030   0.91808E-06
  17040   0.91271E-06
  17050   0.90774E-06
  17060   0.89185E-06
  17070   0.90524E-06
  17080   0.89245E-06
  17090   0.89706E-06
  17100   0.88065E-06
  17110   0.87633E-06
  17120   0.87515E-06
  17130   0.86322E-06
  17140   0.85206E-06
  17150   0.86463E-06
  17160   0.84054E-06
  17170   0.84887E-06
  17180   0.83579E-06
  17190   0.83748E-06
  17200   0.82856E-06
  17210   0.83382E-06
  17220   0.82064E-06
  17230   0.81404E-06
  17240   0.80338E-06
  17250   0.79119E-06
  17260   0.78928E-06
  17270   0.78963E-06
  17280   0.79293E-06
  17290   0.79843E-06
  17300   0.78318E-06
  17310   0.78898E-06
  17320   0.79841E-06
  17330   0.78113E-06
  17340   0.77313E-06
  17350   0.76500E-06
  17360   0.76430E-06
  17370   0.77500E-06
  17380   0.75485E-06
  17390   0.75338E-06
  17400   0.76164E-06
  17410   0.76377E-06
  17420   0.74847E-06
  17430   0.75217E-06
  17440   0.73793E-06
  17450   0.73256E-06
  17460   0.73006E-06
  17470   0.73853E-06
  17480   0.73324E-06
  17490   0.72894E-06
  17500   0.70723E-06
  17510   0.71939E-06
  17520   0.71879E-06
  17530   0.70215E-06
  17540   0.68976E-06
  17550   0.68803E-06
  17560   0.69138E-06
  17570   0.67314E-06
  17580   0.68518E-06
  17590   0.68109E-06
  17600   0.67812E-06
  17610   0.67254E-06
  17620   0.66775E-06
  17630   0.65599E-06
  17640   0.65844E-06
  17650   0.65162E-06
  17660   0.62984E-06
  17670   0.63406E-06
  17680   0.61917E-06
  17690   0.62492E-06
  17700   0.62657E-06
  17710   0.62854E-06
  17720   0.61482E-06
  17730   0.60556E-06
  17740   0.60240E-06
  17750   0.60429E-06
  17760   0.59305E-06
  17770   0.59701E-06
  17780   0.58469E-06
  17790   0.59113E-06
  17800   0.58376E-06
  17810   0.59060E-06
  17820   0.58264E-06
  17830   0.58269E-06
  17840   0.56438E-06
  17850   0.58376E-06
  17860   0.56249E-06
  17870   0.55654E-06
  17880   0.56864E-06
  17890   0.55459E-06
  17900   0.54949E-06
  17910   0.55110E-06
  17920   0.54485E-06
  17930   0.54388E-06
  17940   0.55008E-06
  17950   0.53400E-06
  17960   0.53051E-06
  17970   0.52612E-06
  17980   0.52490E-06
  17990   0.52120E-06
  18000   0.51803E-06
  18010   0.52301E-06
  18020   0.50735E-06
  18030   0.50908E-06
  18040   0.50157E-06
  18050   0.50289E-06
  18060   0.49752E-06
  18070   0.48383E-06
  18080   0.48866E-06
  18090   0.48133E-06
  18100   0.49219E-06
  18110   0.49041E-06
  18120   0.48236E-06
  18130   0.46673E-06
  18140   0.47500E-06
  18150   0.47524E-06
  18160   0.46923E-06
  18170   0.48306E-06
  18180   0.47418E-06
  18190   0.46866E-06
  18200   0.49178E-06
  18210   0.48520E-06
  18220   0.47829E-06
  18230   0.45800E-06
  18240   0.47124E-06
  18250   0.46477E-06
  18260   0.46280E-06
  18270   0.47678E-06
  18280   0.46850E-06
  18290   0.45216E-06
  18300   0.43196E-06
  18310   0.46891E-06
  18320   0.45091E-06
  18330   0.42621E-06
  18340   0.43662E-06
  18350   0.42802E-06
  18360   0.42610E-06
  18370   0.41695E-06
  18380   0.40924E-06
  18390   0.40686E-06
  18400   0.40393E-06
  18410   0.38608E-06
  18420   0.39238E-06
  18430   0.38714E-06
  18440   0.39344E-06
  18450   0.39476E-06
  18460   0.39346E-06
  18470   0.39489E-06
  18480   0.39209E-06
  18490   0.39454E-06
  18500   0.39215E-06
  18510   0.39094E-06
  18520   0.38657E-06
  18530   0.37943E-06
  18540   0.37600E-06
  18550   0.38277E-06
  18560   0.39459E-06
  18570   0.38374E-06
  18580   0.38024E-06
  18590   0.38083E-06
  18600   0.36981E-06
  18610   0.37575E-06
  18620   0.37184E-06
  18630   0.35953E-06
  18640   0.35837E-06
  18650   0.34446E-06
  18660   0.35264E-06
  18670   0.35054E-06
  18680   0.33558E-06
  18690   0.33370E-06
  18700   0.35318E-06
  18710   0.34390E-06
  18720   0.33538E-06
  18730   0.32407E-06
  18740   0.33170E-06
  18750   0.32288E-06
  18760   0.32420E-06
  18770   0.33240E-06
  18780   0.33722E-06
  18790   0.32327E-06
  18800   0.32732E-06
  18810   0.33382E-06
  18820   0.32973E-06
  18830   0.32054E-06
  18840   0.31841E-06
  18850   0.33339E-06
  18860   0.32321E-06
  18870   0.34340E-06
  18880   0.31803E-06
  18890   0.31218E-06
  18900   0.32397E-06
  18910   0.34943E-06
  18920   0.32671E-06
  18930   0.31431E-06
  18940   0.31113E-06
  18950   0.29938E-06
  18960   0.32274E-06
  18970   0.31344E-06
  18980   0.30125E-06
  18990   0.31965E-06
  19000   0.30298E-06
  19010   0.34014E-06
  19020   0.31771E-06
  19030   0.31660E-06
  19040   0.31222E-06
  19050   0.29191E-06
  19060   0.29888E-06
  19070   0.29987E-06
  19080   0.30253E-06
  19090   0.33128E-06
  19100   0.29829E-06
  19110   0.32129E-06
  19120   0.30360E-06
  19130   0.30033E-06
  19140   0.29927E-06
  19150   0.30711E-06
  19160   0.29264E-06
  19170   0.29422E-06
  19180   0.27517E-06
  19190   0.28604E-06
  19200   0.29696E-06
  19210   0.30412E-06
  19220   0.29881E-06
  19230   0.28263E-06
  19240   0.27451E-06
  19250   0.27912E-06
  19260   0.27423E-06
  19270   0.28368E-06
  19280   0.28020E-06
  19290   0.27305E-06
  19300   0.28370E-06
  19310   0.30911E-06
  19320   0.27694E-06
  19330   0.28667E-06
  19340   0.27036E-06
  19350   0.27631E-06
  19360   0.28704E-06
  19370   0.27606E-06
  19380   0.29548E-06
  19390   0.29464E-06
  19400   0.29030E-06
  19410   0.28964E-06
  19420   0.28237E-06
  19430   0.25595E-06
  19440   0.27738E-06
  19450   0.27097E-06
  19460   0.24469E-06
  19470   0.25119E-06
  19480   0.25898E-06
  19490   0.25666E-06
  19500   0.24715E-06
  19510   0.26853E-06
  19520   0.24948E-06
  19530   0.25530E-06
  19540   0.25593E-06
  19550   0.25227E-06
  19560   0.24736E-06
  19570   0.24911E-06
  19580   0.25900E-06
  19590   0.24609E-06
  19600   0.24626E-06
  19610   0.25851E-06
  19620   0.23686E-06
  19630   0.25108E-06
  19640   0.24481E-06
  19650   0.24138E-06
  19660   0.23651E-06
  19670   0.25068E-06
  19680   0.23568E-06
  19690   0.25148E-06
  19700   0.25661E-06
  19710   0.26339E-06
  19720   0.24198E-06
  19730   0.25529E-06
  19740   0.24007E-06
  19750   0.24003E-06
  19760   0.24872E-06
  19770   0.23664E-06
  19780   0.24502E-06
  19790   0.24671E-06
  19800   0.24486E-06
  19810   0.26117E-06
  19820   0.25764E-06
  19830   0.25023E-06
  19840   0.24799E-06
  19850   0.24807E-06
  19860   0.23229E-06
  19870   0.23297E-06
  19880   0.23827E-06
  19890   0.23577E-06
  19900   0.23046E-06
  19910   0.27672E-06
  19920   0.26233E-06
  19930   0.23567E-06
  19940   0.24396E-06
  19950   0.23150E-06
  19960   0.23970E-06
  19970   0.23302E-06
  19980   0.22995E-06
  19990   0.22455E-06
  20000   0.22975E-06
