     10   0.13900E-02
     20   0.13408E-02
     30   0.12949E-02
     40   0.12526E-02
     50   0.12133E-02
     60   0.11770E-02
     70   0.11431E-02
     80   0.11115E-02
     90   0.10822E-02
    100   0.10546E-02
    110   0.10273E-02
    120   0.10014E-02
    130   0.97740E-03
    140   0.95493E-03
    150   0.93392E-03
    160   0.91410E-03
    170   0.89544E-03
    180   0.87790E-03
    190   0.86137E-03
    200   0.84567E-03
    210   0.83092E-03
    220   0.81708E-03
    230   0.80355E-03
    240   0.79074E-03
    250   0.77877E-03
    260   0.76712E-03
    270   0.75603E-03
    280   0.74537E-03
    290   0.73493E-03
    300   0.72506E-03
    310   0.71580E-03
    320   0.70669E-03
    330   0.69793E-03
    340   0.68956E-03
    350   0.68140E-03
    360   0.67325E-03
    370   0.66568E-03
    380   0.65813E-03
    390   0.65082E-03
    400   0.64375E-03
    410   0.63684E-03
    420   0.63006E-03
    430   0.62341E-03
    440   0.61697E-03
    450   0.61054E-03
    460   0.60446E-03
    470   0.59841E-03
    480   0.59251E-03
    490   0.58664E-03
    500   0.58099E-03
    510   0.57540E-03
    520   0.56993E-03
    530   0.56447E-03
    540   0.55923E-03
    550   0.55396E-03
    560   0.54876E-03
    570   0.54388E-03
    580   0.53883E-03
    590   0.53393E-03
    600   0.52906E-03
    610   0.52441E-03
    620   0.51962E-03
    630   0.51501E-03
    640   0.51041E-03
    650   0.50599E-03
    660   0.50147E-03
    670   0.49701E-03
    680   0.49269E-03
    690   0.48839E-03
    700   0.48411E-03
    710   0.48001E-03
    720   0.47597E-03
    730   0.47196E-03
    740   0.46799E-03
    750   0.46399E-03
    760   0.46004E-03
    770   0.45612E-03
    780   0.45229E-03
    790   0.44847E-03
    800   0.44461E-03
    810   0.44099E-03
    820   0.43740E-03
    830   0.43371E-03
    840   0.43016E-03
    850   0.42655E-03
    860   0.42309E-03
    870   0.41958E-03
    880   0.41622E-03
    890   0.41280E-03
    900   0.40934E-03
    910   0.40594E-03
    920   0.40262E-03
    930   0.39946E-03
    940   0.39620E-03
    950   0.39309E-03
    960   0.38994E-03
    970   0.38682E-03
    980   0.38378E-03
    990   0.38070E-03
   1000   0.37776E-03
   1010   0.37477E-03
   1020   0.37177E-03
   1030   0.36891E-03
   1040   0.36606E-03
   1050   0.36321E-03
   1060   0.36039E-03
   1070   0.35763E-03
   1080   0.35489E-03
   1090   0.35208E-03
   1100   0.34936E-03
   1110   0.34674E-03
   1120   0.34409E-03
   1130   0.34151E-03
   1140   0.33881E-03
   1150   0.33640E-03
   1160   0.33387E-03
   1170   0.33140E-03
   1180   0.32899E-03
   1190   0.32652E-03
   1200   0.32415E-03
   1210   0.32175E-03
   1220   0.31947E-03
   1230   0.31715E-03
   1240   0.31489E-03
   1250   0.31271E-03
   1260   0.31052E-03
   1270   0.30834E-03
   1280   0.30611E-03
   1290   0.30414E-03
   1300   0.30190E-03
   1310   0.30008E-03
   1320   0.29791E-03
   1330   0.29591E-03
   1340   0.29412E-03
   1350   0.29207E-03
   1360   0.29026E-03
   1370   0.28857E-03
   1380   0.28665E-03
   1390   0.28491E-03
   1400   0.28312E-03
   1410   0.28143E-03
   1420   0.27977E-03
   1430   0.27814E-03
   1440   0.27665E-03
   1450   0.27513E-03
   1460   0.27365E-03
   1470   0.27232E-03
   1480   0.27098E-03
   1490   0.26972E-03
   1500   0.26852E-03
   1510   0.26752E-03
   1520   0.26642E-03
   1530   0.26572E-03
   1540   0.26506E-03
   1550   0.26442E-03
   1560   0.26405E-03
   1570   0.26394E-03
   1580   0.26399E-03
   1590   0.26416E-03
   1600   0.26461E-03
   1610   0.26537E-03
   1620   0.26636E-03
   1630   0.26754E-03
   1640   0.26912E-03
   1650   0.27089E-03
   1660   0.27298E-03
   1670   0.27517E-03
   1680   0.27769E-03
   1690   0.28038E-03
   1700   0.28352E-03
   1710   0.28703E-03
   1720   0.29040E-03
   1730   0.29380E-03
   1740   0.29709E-03
   1750   0.30052E-03
   1760   0.30469E-03
   1770   0.30869E-03
   1780   0.31228E-03
   1790   0.31532E-03
   1800   0.31814E-03
   1810   0.32175E-03
   1820   0.32535E-03
   1830   0.32889E-03
   1840   0.33109E-03
   1850   0.33300E-03
   1860   0.33538E-03
   1870   0.33746E-03
   1880   0.34394E-03
   1890   0.34254E-03
   1900   0.34677E-03
   1910   0.34521E-03
   1920   0.34957E-03
   1930   0.34907E-03
   1940   0.38009E-03
   1950   0.36013E-03
   1960   0.34983E-03
   1970   0.35726E-03
   1980   0.35716E-03
   1990   0.35879E-03
   2000   0.36042E-03
   2010   0.35802E-03
   2020   0.36593E-03
   2030   0.35869E-03
   2040   0.36930E-03
   2050   0.36557E-03
   2060   0.36764E-03
   2070   0.37244E-03
   2080   0.36781E-03
   2090   0.37616E-03
   2100   0.37391E-03
   2110   0.37467E-03
   2120   0.37725E-03
   2130   0.37335E-03
   2140   0.37836E-03
   2150   0.37509E-03
   2160   0.37442E-03
   2170   0.37525E-03
   2180   0.37311E-03
   2190   0.37651E-03
   2200   0.38532E-03
   2210   0.37676E-03
   2220   0.37808E-03
   2230   0.37537E-03
   2240   0.37702E-03
   2250   0.37472E-03
   2260   0.37346E-03
   2270   0.37387E-03
   2280   0.37014E-03
   2290   0.37264E-03
   2300   0.36991E-03
   2310   0.36976E-03
   2320   0.37062E-03
   2330   0.36963E-03
   2340   0.37167E-03
   2350   0.37054E-03
   2360   0.36946E-03
   2370   0.36721E-03
   2380   0.37112E-03
   2390   0.36731E-03
   2400   0.36370E-03
   2410   0.36474E-03
   2420   0.35859E-03
   2430   0.35842E-03
   2440   0.35846E-03
   2450   0.35587E-03
   2460   0.35582E-03
   2470   0.35471E-03
   2480   0.35450E-03
   2490   0.35495E-03
   2500   0.35352E-03
   2510   0.35163E-03
   2520   0.34901E-03
   2530   0.34592E-03
   2540   0.34265E-03
   2550   0.33934E-03
   2560   0.33688E-03
   2570   0.33377E-03
   2580   0.33132E-03
   2590   0.32909E-03
   2600   0.32679E-03
   2610   0.32569E-03
   2620   0.32505E-03
   2630   0.32389E-03
   2640   0.32146E-03
   2650   0.31831E-03
   2660   0.31673E-03
   2670   0.31616E-03
   2680   0.31522E-03
   2690   0.31305E-03
   2700   0.31054E-03
   2710   0.30944E-03
   2720   0.30994E-03
   2730   0.31080E-03
   2740   0.31123E-03
   2750   0.31139E-03
   2760   0.31254E-03
   2770   0.31508E-03
   2780   0.31790E-03
   2790   0.32036E-03
   2800   0.32265E-03
   2810   0.32529E-03
   2820   0.32856E-03
   2830   0.33186E-03
   2840   0.33460E-03
   2850   0.33687E-03
   2860   0.33906E-03
   2870   0.34139E-03
   2880   0.34348E-03
   2890   0.34418E-03
   2900   0.34469E-03
   2910   0.34472E-03
   2920   0.34449E-03
   2930   0.34403E-03
   2940   0.34210E-03
   2950   0.34022E-03
   2960   0.33936E-03
   2970   0.33753E-03
   2980   0.33412E-03
   2990   0.33096E-03
   3000   0.32851E-03
   3010   0.32771E-03
   3020   0.32635E-03
   3030   0.32347E-03
   3040   0.32119E-03
   3050   0.31992E-03
   3060   0.31997E-03
   3070   0.31937E-03
   3080   0.31810E-03
   3090   0.31704E-03
   3100   0.31697E-03
   3110   0.31708E-03
   3120   0.31694E-03
   3130   0.31618E-03
   3140   0.31545E-03
   3150   0.31573E-03
   3160   0.31588E-03
   3170   0.31583E-03
   3180   0.31511E-03
   3190   0.31458E-03
   3200   0.31482E-03
   3210   0.31490E-03
   3220   0.31437E-03
   3230   0.31385E-03
   3240   0.31332E-03
   3250   0.31358E-03
   3260   0.31349E-03
   3270   0.31324E-03
   3280   0.31303E-03
   3290   0.31270E-03
   3300   0.31261E-03
   3310   0.31222E-03
   3320   0.31192E-03
   3330   0.31231E-03
   3340   0.31310E-03
   3350   0.31269E-03
   3360   0.31156E-03
   3370   0.31238E-03
   3380   0.31333E-03
   3390   0.31553E-03
   3400   0.31644E-03
   3410   0.31664E-03
   3420   0.31917E-03
   3430   0.32150E-03
   3440   0.32596E-03
   3450   0.32838E-03
   3460   0.33054E-03
   3470   0.33412E-03
   3480   0.33711E-03
   3490   0.34053E-03
   3500   0.34297E-03
   3510   0.34481E-03
   3520   0.34746E-03
   3530   0.34825E-03
   3540   0.34974E-03
   3550   0.35006E-03
   3560   0.35040E-03
   3570   0.35153E-03
   3580   0.35141E-03
   3590   0.35127E-03
   3600   0.34981E-03
   3610   0.34929E-03
   3620   0.35040E-03
   3630   0.34819E-03
   3640   0.34616E-03
   3650   0.34686E-03
   3660   0.34935E-03
   3670   0.33877E-03
   3680   0.33733E-03
   3690   0.34041E-03
   3700   0.32890E-03
   3710   0.33512E-03
   3720   0.33038E-03
   3730   0.32888E-03
   3740   0.32890E-03
   3750   0.32568E-03
   3760   0.32844E-03
   3770   0.32528E-03
   3780   0.32592E-03
   3790   0.32735E-03
   3800   0.32692E-03
   3810   0.32713E-03
   3820   0.32623E-03
   3830   0.32749E-03
   3840   0.32837E-03
   3850   0.32745E-03
   3860   0.32655E-03
   3870   0.32549E-03
   3880   0.32626E-03
   3890   0.32709E-03
   3900   0.32660E-03
   3910   0.32610E-03
   3920   0.32587E-03
   3930   0.32710E-03
   3940   0.32800E-03
   3950   0.32778E-03
   3960   0.32785E-03
   3970   0.32801E-03
   3980   0.32850E-03
   3990   0.32838E-03
   4000   0.32829E-03
   4010   0.32886E-03
   4020   0.32954E-03
   4030   0.32972E-03
   4040   0.32937E-03
   4050   0.32961E-03
   4060   0.33106E-03
   4070   0.33165E-03
   4080   0.33134E-03
   4090   0.33098E-03
   4100   0.33156E-03
   4110   0.33310E-03
   4120   0.33342E-03
   4130   0.33349E-03
   4140   0.33365E-03
   4150   0.33490E-03
   4160   0.33673E-03
   4170   0.33744E-03
   4180   0.33790E-03
   4190   0.33858E-03
   4200   0.33982E-03
   4210   0.34070E-03
   4220   0.34024E-03
   4230   0.33991E-03
   4240   0.33974E-03
   4250   0.33968E-03
   4260   0.33898E-03
   4270   0.33751E-03
   4280   0.33668E-03
   4290   0.33639E-03
   4300   0.33618E-03
   4310   0.33513E-03
   4320   0.33384E-03
   4330   0.33366E-03
   4340   0.33388E-03
   4350   0.33313E-03
   4360   0.33164E-03
   4370   0.33025E-03
   4380   0.33003E-03
   4390   0.32940E-03
   4400   0.32812E-03
   4410   0.32655E-03
   4420   0.32572E-03
   4430   0.32589E-03
   4440   0.32574E-03
   4450   0.32516E-03
   4460   0.32469E-03
   4470   0.32521E-03
   4480   0.32611E-03
   4490   0.32633E-03
   4500   0.32629E-03
   4510   0.32651E-03
   4520   0.32734E-03
   4530   0.32778E-03
   4540   0.32770E-03
   4550   0.32765E-03
   4560   0.32814E-03
   4570   0.32891E-03
   4580   0.32915E-03
   4590   0.32897E-03
   4600   0.32903E-03
   4610   0.32981E-03
   4620   0.33065E-03
   4630   0.33071E-03
   4640   0.33027E-03
   4650   0.33034E-03
   4660   0.33110E-03
   4670   0.33168E-03
   4680   0.33129E-03
   4690   0.33061E-03
   4700   0.33068E-03
   4710   0.33134E-03
   4720   0.33166E-03
   4730   0.33111E-03
   4740   0.33059E-03
   4750   0.33096E-03
   4760   0.33172E-03
   4770   0.33201E-03
   4780   0.33148E-03
   4790   0.33130E-03
   4800   0.33196E-03
   4810   0.33282E-03
   4820   0.33307E-03
   4830   0.33261E-03
   4840   0.33267E-03
   4850   0.33351E-03
   4860   0.33436E-03
   4870   0.33440E-03
   4880   0.33388E-03
   4890   0.33387E-03
   4900   0.33456E-03
   4910   0.33501E-03
   4920   0.33461E-03
   4930   0.33375E-03
   4940   0.33349E-03
   4950   0.33388E-03
   4960   0.33391E-03
   4970   0.33323E-03
   4980   0.33220E-03
   4990   0.33186E-03
   5000   0.33214E-03
   5010   0.33193E-03
   5020   0.33106E-03
   5030   0.32999E-03
   5040   0.32974E-03
   5050   0.32997E-03
   5060   0.32963E-03
   5070   0.32873E-03
   5080   0.32783E-03
   5090   0.32790E-03
   5100   0.32830E-03
   5110   0.32816E-03
   5120   0.32756E-03
   5130   0.32710E-03
   5140   0.32756E-03
   5150   0.32822E-03
   5160   0.32839E-03
   5170   0.32807E-03
   5180   0.32793E-03
   5190   0.32864E-03
   5200   0.32950E-03
   5210   0.32980E-03
   5220   0.32960E-03
   5230   0.32958E-03
   5240   0.33030E-03
   5250   0.33117E-03
   5260   0.33148E-03
   5270   0.33124E-03
   5280   0.33110E-03
   5290   0.33169E-03
   5300   0.33246E-03
   5310   0.33251E-03
   5320   0.33206E-03
   5330   0.33172E-03
   5340   0.33215E-03
   5350   0.33273E-03
   5360   0.33264E-03
   5370   0.33206E-03
   5380   0.33159E-03
   5390   0.33203E-03
   5400   0.33263E-03
   5410   0.33253E-03
   5420   0.33195E-03
   5430   0.33151E-03
   5440   0.33198E-03
   5450   0.33258E-03
   5460   0.33255E-03
   5470   0.33201E-03
   5480   0.33161E-03
   5490   0.33208E-03
   5500   0.33276E-03
   5510   0.33281E-03
   5520   0.33230E-03
   5530   0.33190E-03
   5540   0.33231E-03
   5550   0.33298E-03
   5560   0.33299E-03
   5570   0.33241E-03
   5580   0.33185E-03
   5590   0.33205E-03
   5600   0.33253E-03
   5610   0.33236E-03
   5620   0.33163E-03
   5630   0.33091E-03
   5640   0.33097E-03
   5650   0.33130E-03
   5660   0.33101E-03
   5670   0.33023E-03
   5680   0.32947E-03
   5690   0.32956E-03
   5700   0.32988E-03
   5710   0.32959E-03
   5720   0.32882E-03
   5730   0.32815E-03
   5740   0.32833E-03
   5750   0.32867E-03
   5760   0.32843E-03
   5770   0.32779E-03
   5780   0.32732E-03
   5790   0.32771E-03
   5800   0.32828E-03
   5810   0.32828E-03
   5820   0.32784E-03
   5830   0.32766E-03
   5840   0.32830E-03
   5850   0.32904E-03
   5860   0.32917E-03
   5870   0.32887E-03
   5880   0.32879E-03
   5890   0.32948E-03
   5900   0.33025E-03
   5910   0.33041E-03
   5920   0.33008E-03
   5930   0.32999E-03
   5940   0.33067E-03
   5950   0.33143E-03
   5960   0.33146E-03
   5970   0.33105E-03
   5980   0.33086E-03
   5990   0.33147E-03
   6000   0.33215E-03
   6010   0.33202E-03
   6020   0.33146E-03
   6030   0.33120E-03
   6040   0.33175E-03
   6050   0.33228E-03
   6060   0.33204E-03
   6070   0.33140E-03
   6080   0.33113E-03
   6090   0.33173E-03
   6100   0.33225E-03
   6110   0.33199E-03
   6120   0.33141E-03
   6130   0.33126E-03
   6140   0.33191E-03
   6150   0.33237E-03
   6160   0.33204E-03
   6170   0.33150E-03
   6180   0.33145E-03
   6190   0.33205E-03
   6200   0.33236E-03
   6210   0.33202E-03
   6220   0.33152E-03
   6230   0.33155E-03
   6240   0.33214E-03
   6250   0.33231E-03
   6260   0.33183E-03
   6270   0.33138E-03
   6280   0.33152E-03
   6290   0.33197E-03
   6300   0.33193E-03
   6310   0.33129E-03
   6320   0.33088E-03
   6330   0.33112E-03
   6340   0.33151E-03
   6350   0.33124E-03
   6360   0.33054E-03
   6370   0.33027E-03
   6380   0.33070E-03
   6390   0.33106E-03
   6400   0.33069E-03
   6410   0.33006E-03
   6420   0.33004E-03
   6430   0.33071E-03
   6440   0.33103E-03
   6450   0.33061E-03
   6460   0.33013E-03
   6470   0.33037E-03
   6480   0.33124E-03
   6490   0.33152E-03
   6500   0.33114E-03
   6510   0.33085E-03
   6520   0.33140E-03
   6530   0.33237E-03
   6540   0.33257E-03
   6550   0.33222E-03
   6560   0.33216E-03
   6570   0.33292E-03
   6580   0.33385E-03
   6590   0.33383E-03
   6600   0.33344E-03
   6610   0.33352E-03
   6620   0.33435E-03
   6630   0.33509E-03
   6640   0.33484E-03
   6650   0.33443E-03
   6660   0.33467E-03
   6670   0.33555E-03
   6680   0.33603E-03
   6690   0.33553E-03
   6700   0.33510E-03
   6710   0.33555E-03
   6720   0.33639E-03
   6730   0.33657E-03
   6740   0.33588E-03
   6750   0.33554E-03
   6760   0.33618E-03
   6770   0.33691E-03
   6780   0.33684E-03
   6790   0.33605E-03
   6800   0.33593E-03
   6810   0.33674E-03
   6820   0.33733E-03
   6830   0.33705E-03
   6840   0.33630E-03
   6850   0.33645E-03
   6860   0.33730E-03
   6870   0.33763E-03
   6880   0.33716E-03
   6890   0.33658E-03
   6900   0.33693E-03
   6910   0.33767E-03
   6920   0.33774E-03
   6930   0.33718E-03
   6940   0.33681E-03
   6950   0.33732E-03
   6960   0.33786E-03
   6970   0.33760E-03
   6980   0.33704E-03
   6990   0.33698E-03
   7000   0.33755E-03
   7010   0.33776E-03
   7020   0.33727E-03
   7030   0.33683E-03
   7040   0.33713E-03
   7050   0.33768E-03
   7060   0.33760E-03
   7070   0.33698E-03
   7080   0.33681E-03
   7090   0.33741E-03
   7100   0.33787E-03
   7110   0.33757E-03
   7120   0.33701E-03
   7130   0.33718E-03
   7140   0.33800E-03
   7150   0.33827E-03
   7160   0.33781E-03
   7170   0.33747E-03
   7180   0.33798E-03
   7190   0.33887E-03
   7200   0.33889E-03
   7210   0.33842E-03
   7220   0.33836E-03
   7230   0.33914E-03
   7240   0.33991E-03
   7250   0.33968E-03
   7260   0.33921E-03
   7270   0.33943E-03
   7280   0.34035E-03
   7290   0.34087E-03
   7300   0.34037E-03
   7310   0.34000E-03
   7320   0.34048E-03
   7330   0.34136E-03
   7340   0.34152E-03
   7350   0.34085E-03
   7360   0.34063E-03
   7370   0.34137E-03
   7380   0.34206E-03
   7390   0.34187E-03
   7400   0.34112E-03
   7410   0.34115E-03
   7420   0.34196E-03
   7430   0.34234E-03
   7440   0.34192E-03
   7450   0.34126E-03
   7460   0.34155E-03
   7470   0.34233E-03
   7480   0.34241E-03
   7490   0.34183E-03
   7500   0.34140E-03
   7510   0.34190E-03
   7520   0.34252E-03
   7530   0.34231E-03
   7540   0.34172E-03
   7550   0.34161E-03
   7560   0.34223E-03
   7570   0.34254E-03
   7580   0.34209E-03
   7590   0.34161E-03
   7600   0.34182E-03
   7610   0.34238E-03
   7620   0.34234E-03
   7630   0.34176E-03
   7640   0.34153E-03
   7650   0.34201E-03
   7660   0.34239E-03
   7670   0.34201E-03
   7680   0.34139E-03
   7690   0.34145E-03
   7700   0.34212E-03
   7710   0.34224E-03
   7720   0.34162E-03
   7730   0.34111E-03
   7740   0.34150E-03
   7750   0.34222E-03
   7760   0.34205E-03
   7770   0.34135E-03
   7780   0.34111E-03
   7790   0.34174E-03
   7800   0.34239E-03
   7810   0.34200E-03
   7820   0.34135E-03
   7830   0.34142E-03
   7840   0.34223E-03
   7850   0.34267E-03
   7860   0.34210E-03
   7870   0.34163E-03
   7880   0.34207E-03
   7890   0.34293E-03
   7900   0.34311E-03
   7910   0.34246E-03
   7920   0.34226E-03
   7930   0.34295E-03
   7940   0.34370E-03
   7950   0.34361E-03
   7960   0.34296E-03
   7970   0.34302E-03
   7980   0.34388E-03
   7990   0.34438E-03
   8000   0.34405E-03
   8010   0.34347E-03
   8020   0.34379E-03
   8030   0.34465E-03
   8040   0.34486E-03
   8050   0.34437E-03
   8060   0.34394E-03
   8070   0.34450E-03
   8080   0.34523E-03
   8090   0.34514E-03
   8100   0.34456E-03
   8110   0.34440E-03
   8120   0.34506E-03
   8130   0.34553E-03
   8140   0.34519E-03
   8150   0.34467E-03
   8160   0.34482E-03
   8170   0.34552E-03
   8180   0.34568E-03
   8190   0.34519E-03
   8200   0.34489E-03
   8210   0.34535E-03
   8220   0.34592E-03
   8230   0.34574E-03
   8240   0.34517E-03
   8250   0.34515E-03
   8260   0.34584E-03
   8270   0.34618E-03
   8280   0.34572E-03
   8290   0.34522E-03
   8300   0.34551E-03
   8310   0.34630E-03
   8320   0.34633E-03
   8330   0.34569E-03
   8340   0.34534E-03
   8350   0.34593E-03
   8360   0.34667E-03
   8370   0.34641E-03
   8380   0.34573E-03
   8390   0.34565E-03
   8400   0.34644E-03
   8410   0.34701E-03
   8420   0.34651E-03
   8430   0.34588E-03
   8440   0.34612E-03
   8450   0.34700E-03
   8460   0.34732E-03
   8470   0.34669E-03
   8480   0.34630E-03
   8490   0.34685E-03
   8500   0.34771E-03
   8510   0.34776E-03
   8520   0.34710E-03
   8530   0.34700E-03
   8540   0.34779E-03
   8550   0.34849E-03
   8560   0.34831E-03
   8570   0.34775E-03
   8580   0.34797E-03
   8590   0.34890E-03
   8600   0.34935E-03
   8610   0.34898E-03
   8620   0.34858E-03
   8630   0.34914E-03
   8640   0.35002E-03
   8650   0.35018E-03
   8660   0.34973E-03
   8670   0.34957E-03
   8680   0.35031E-03
   8690   0.35105E-03
   8700   0.35090E-03
   8710   0.35046E-03
   8720   0.35060E-03
   8730   0.35142E-03
   8740   0.35184E-03
   8750   0.35147E-03
   8760   0.35116E-03
   8770   0.35160E-03
   8780   0.35240E-03
   8790   0.35246E-03
   8800   0.35199E-03
   8810   0.35195E-03
   8820   0.35264E-03
   8830   0.35321E-03
   8840   0.35293E-03
   8850   0.35241E-03
   8860   0.35268E-03
   8870   0.35356E-03
   8880   0.35379E-03
   8890   0.35329E-03
   8900   0.35294E-03
   8910   0.35355E-03
   8920   0.35443E-03
   8930   0.35430E-03
   8940   0.35361E-03
   8950   0.35354E-03
   8960   0.35442E-03
   8970   0.35508E-03
   8980   0.35464E-03
   8990   0.35399E-03
   9000   0.35430E-03
   9010   0.35530E-03
   9020   0.35559E-03
   9030   0.35491E-03
   9040   0.35450E-03
   9050   0.35511E-03
   9060   0.35601E-03
   9070   0.35597E-03
   9080   0.35523E-03
   9090   0.35517E-03
   9100   0.35598E-03
   9110   0.35657E-03
   9120   0.35623E-03
   9130   0.35565E-03
   9140   0.35599E-03
   9150   0.35688E-03
   9160   0.35705E-03
   9170   0.35657E-03
   9180   0.35633E-03
   9190   0.35702E-03
   9200   0.35771E-03
   9210   0.35750E-03
   9220   0.35702E-03
   9230   0.35722E-03
   9240   0.35809E-03
   9250   0.35842E-03
   9260   0.35795E-03
   9270   0.35770E-03
   9280   0.35835E-03
   9290   0.35911E-03
   9300   0.35901E-03
   9310   0.35848E-03
   9320   0.35861E-03
   9330   0.35956E-03
   9340   0.35996E-03
   9350   0.35951E-03
   9360   0.35910E-03
   9370   0.35971E-03
   9380   0.36065E-03
   9390   0.36056E-03
   9400   0.35991E-03
   9410   0.35987E-03
   9420   0.36082E-03
   9430   0.36145E-03
   9440   0.36091E-03
   9450   0.36035E-03
   9460   0.36080E-03
   9470   0.36180E-03
   9480   0.36193E-03
   9490   0.36113E-03
   9500   0.36093E-03
   9510   0.36177E-03
   9520   0.36246E-03
   9530   0.36211E-03
   9540   0.36143E-03
   9550   0.36173E-03
   9560   0.36263E-03
   9570   0.36276E-03
   9580   0.36218E-03
   9590   0.36193E-03
   9600   0.36264E-03
   9610   0.36319E-03
   9620   0.36280E-03
   9630   0.36231E-03
   9640   0.36268E-03
   9650   0.36346E-03
   9660   0.36341E-03
   9670   0.36274E-03
   9680   0.36269E-03
   9690   0.36356E-03
   9700   0.36390E-03
   9710   0.36334E-03
   9720   0.36278E-03
   9730   0.36337E-03
   9740   0.36427E-03
   9750   0.36401E-03
   9760   0.36323E-03
   9770   0.36319E-03
   9780   0.36415E-03
   9790   0.36455E-03
   9800   0.36383E-03
   9810   0.36327E-03
   9820   0.36385E-03
   9830   0.36473E-03
   9840   0.36449E-03
   9850   0.36370E-03
   9860   0.36374E-03
   9870   0.36463E-03
   9880   0.36487E-03
   9890   0.36424E-03
   9900   0.36385E-03
   9910   0.36449E-03
   9920   0.36511E-03
   9930   0.36472E-03
   9940   0.36412E-03
   9950   0.36444E-03
   9960   0.36522E-03
   9970   0.36521E-03
   9980   0.36446E-03
   9990   0.36438E-03
  10000   0.36527E-03
  10010   0.36563E-03
  10020   0.36504E-03
  10030   0.36447E-03
  10040   0.36510E-03
  10050   0.36595E-03
  10060   0.36558E-03
  10070   0.36477E-03
  10080   0.36485E-03
  10090   0.36585E-03
  10100   0.36612E-03
  10110   0.36529E-03
  10120   0.36483E-03
  10130   0.36553E-03
  10140   0.36627E-03
  10150   0.36587E-03
  10160   0.36506E-03
  10170   0.36529E-03
  10180   0.36616E-03
  10190   0.36619E-03
  10200   0.36548E-03
  10210   0.36521E-03
  10220   0.36592E-03
  10230   0.36631E-03
  10240   0.36576E-03
  10250   0.36522E-03
  10260   0.36573E-03
  10270   0.36639E-03
  10280   0.36609E-03
  10290   0.36531E-03
  10300   0.36545E-03
  10310   0.36637E-03
  10320   0.36641E-03
  10330   0.36559E-03
  10340   0.36515E-03
  10350   0.36593E-03
  10360   0.36660E-03
  10370   0.36597E-03
  10380   0.36519E-03
  10390   0.36543E-03
  10400   0.36641E-03
  10410   0.36639E-03
  10420   0.36548E-03
  10430   0.36516E-03
  10440   0.36595E-03
  10450   0.36642E-03
  10460   0.36585E-03
  10470   0.36515E-03
  10480   0.36554E-03
  10490   0.36626E-03
  10500   0.36602E-03
  10510   0.36526E-03
  10520   0.36521E-03
  10530   0.36597E-03
  10540   0.36616E-03
  10550   0.36543E-03
  10560   0.36503E-03
  10570   0.36573E-03
  10580   0.36627E-03
  10590   0.36579E-03
  10600   0.36501E-03
  10610   0.36529E-03
  10620   0.36623E-03
  10630   0.36613E-03
  10640   0.36527E-03
  10650   0.36494E-03
  10660   0.36581E-03
  10670   0.36640E-03
  10680   0.36572E-03
  10690   0.36500E-03
  10700   0.36540E-03
  10710   0.36635E-03
  10720   0.36627E-03
  10730   0.36538E-03
  10740   0.36519E-03
  10750   0.36602E-03
  10760   0.36646E-03
  10770   0.36587E-03
  10780   0.36524E-03
  10790   0.36567E-03
  10800   0.36647E-03
  10810   0.36630E-03
  10820   0.36558E-03
  10830   0.36560E-03
  10840   0.36639E-03
  10850   0.36665E-03
  10860   0.36602E-03
  10870   0.36562E-03
  10880   0.36631E-03
  10890   0.36688E-03
  10900   0.36649E-03
  10910   0.36576E-03
  10920   0.36599E-03
  10930   0.36698E-03
  10940   0.36698E-03
  10950   0.36623E-03
  10960   0.36590E-03
  10970   0.36677E-03
  10980   0.36748E-03
  10990   0.36690E-03
  11000   0.36614E-03
  11010   0.36642E-03
  11020   0.36745E-03
  11030   0.36749E-03
  11040   0.36661E-03
  11050   0.36633E-03
  11060   0.36712E-03
  11070   0.36771E-03
  11080   0.36725E-03
  11090   0.36659E-03
  11100   0.36695E-03
  11110   0.36780E-03
  11120   0.36778E-03
  11130   0.36708E-03
  11140   0.36697E-03
  11150   0.36773E-03
  11160   0.36811E-03
  11170   0.36749E-03
  11180   0.36705E-03
  11190   0.36762E-03
  11200   0.36830E-03
  11210   0.36802E-03
  11220   0.36726E-03
  11230   0.36741E-03
  11240   0.36846E-03
  11250   0.36864E-03
  11260   0.36790E-03
  11270   0.36745E-03
  11280   0.36825E-03
  11290   0.36905E-03
  11300   0.36857E-03
  11310   0.36776E-03
  11320   0.36794E-03
  11330   0.36895E-03
  11340   0.36915E-03
  11350   0.36834E-03
  11360   0.36799E-03
  11370   0.36880E-03
  11380   0.36954E-03
  11390   0.36915E-03
  11400   0.36847E-03
  11410   0.36873E-03
  11420   0.36968E-03
  11430   0.36968E-03
  11440   0.36901E-03
  11450   0.36881E-03
  11460   0.36955E-03
  11470   0.37007E-03
  11480   0.36961E-03
  11490   0.36907E-03
  11500   0.36961E-03
  11510   0.37043E-03
  11520   0.37033E-03
  11530   0.36964E-03
  11540   0.36970E-03
  11550   0.37071E-03
  11560   0.37100E-03
  11570   0.37031E-03
  11580   0.36984E-03
  11590   0.37052E-03
  11600   0.37143E-03
  11610   0.37104E-03
  11620   0.37026E-03
  11630   0.37037E-03
  11640   0.37150E-03
  11650   0.37187E-03
  11660   0.37111E-03
  11670   0.37070E-03
  11680   0.37143E-03
  11690   0.37229E-03
  11700   0.37194E-03
  11710   0.37115E-03
  11720   0.37134E-03
  11730   0.37222E-03
  11740   0.37239E-03
  11750   0.37173E-03
  11760   0.37148E-03
  11770   0.37222E-03
  11780   0.37285E-03
  11790   0.37246E-03
  11800   0.37192E-03
  11810   0.37237E-03
  11820   0.37323E-03
  11830   0.37312E-03
  11840   0.37237E-03
  11850   0.37228E-03
  11860   0.37321E-03
  11870   0.37353E-03
  11880   0.37286E-03
  11890   0.37232E-03
  11900   0.37298E-03
  11910   0.37396E-03
  11920   0.37368E-03
  11930   0.37293E-03
  11940   0.37295E-03
  11950   0.37401E-03
  11960   0.37440E-03
  11970   0.37365E-03
  11980   0.37308E-03
  11990   0.37365E-03
  12000   0.37445E-03
  12010   0.37421E-03
  12020   0.37342E-03
  12030   0.37341E-03
  12040   0.37434E-03
  12050   0.37465E-03
  12060   0.37410E-03
  12070   0.37376E-03
  12080   0.37441E-03
  12090   0.37512E-03
  12100   0.37480E-03
  12110   0.37412E-03
  12120   0.37433E-03
  12130   0.37510E-03
  12140   0.37510E-03
  12150   0.37439E-03
  12160   0.37413E-03
  12170   0.37493E-03
  12180   0.37556E-03
  12190   0.37513E-03
  12200   0.37451E-03
  12210   0.37499E-03
  12220   0.37606E-03
  12230   0.37594E-03
  12240   0.37517E-03
  12250   0.37491E-03
  12260   0.37574E-03
  12270   0.37633E-03
  12280   0.37561E-03
  12290   0.37490E-03
  12300   0.37528E-03
  12310   0.37634E-03
  12320   0.37642E-03
  12330   0.37562E-03
  12340   0.37548E-03
  12350   0.37637E-03
  12360   0.37698E-03
  12370   0.37652E-03
  12380   0.37583E-03
  12390   0.37612E-03
  12400   0.37688E-03
  12410   0.37681E-03
  12420   0.37610E-03
  12430   0.37587E-03
  12440   0.37660E-03
  12450   0.37710E-03
  12460   0.37664E-03
  12470   0.37621E-03
  12480   0.37677E-03
  12490   0.37759E-03
  12500   0.37748E-03
  12510   0.37675E-03
  12520   0.37664E-03
  12530   0.37745E-03
  12540   0.37764E-03
  12550   0.37698E-03
  12560   0.37632E-03
  12570   0.37678E-03
  12580   0.37770E-03
  12590   0.37756E-03
  12600   0.37686E-03
  12610   0.37679E-03
  12620   0.37783E-03
  12630   0.37840E-03
  12640   0.37773E-03
  12650   0.37705E-03
  12660   0.37738E-03
  12670   0.37821E-03
  12680   0.37801E-03
  12690   0.37706E-03
  12700   0.37670E-03
  12710   0.37747E-03
  12720   0.37807E-03
  12730   0.37768E-03
  12740   0.37707E-03
  12750   0.37749E-03
  12760   0.37849E-03
  12770   0.37848E-03
  12780   0.37776E-03
  12790   0.37751E-03
  12800   0.37811E-03
  12810   0.37839E-03
  12820   0.37781E-03
  12830   0.37709E-03
  12840   0.37732E-03
  12850   0.37805E-03
  12860   0.37809E-03
  12870   0.37752E-03
  12880   0.37742E-03
  12890   0.37834E-03
  12900   0.37897E-03
  12910   0.37846E-03
  12920   0.37779E-03
  12930   0.37799E-03
  12940   0.37872E-03
  12950   0.37849E-03
  12960   0.37764E-03
  12970   0.37709E-03
  12980   0.37779E-03
  12990   0.37856E-03
  13000   0.37821E-03
  13010   0.37757E-03
  13020   0.37782E-03
  13030   0.37902E-03
  13040   0.37932E-03
  13050   0.37849E-03
  13060   0.37796E-03
  13070   0.37841E-03
  13080   0.37893E-03
  13090   0.37849E-03
  13100   0.37753E-03
  13110   0.37730E-03
  13120   0.37809E-03
  13130   0.37861E-03
  13140   0.37824E-03
  13150   0.37776E-03
  13160   0.37838E-03
  13170   0.37929E-03
  13180   0.37923E-03
  13190   0.37851E-03
  13200   0.37824E-03
  13210   0.37872E-03
  13220   0.37879E-03
  13230   0.37816E-03
  13240   0.37737E-03
  13250   0.37755E-03
  13260   0.37824E-03
  13270   0.37844E-03
  13280   0.37796E-03
  13290   0.37790E-03
  13300   0.37891E-03
  13310   0.37948E-03
  13320   0.37899E-03
  13330   0.37822E-03
  13340   0.37824E-03
  13350   0.37883E-03
  13360   0.37850E-03
  13370   0.37759E-03
  13380   0.37692E-03
  13390   0.37746E-03
  13400   0.37835E-03
  13410   0.37818E-03
  13420   0.37757E-03
  13430   0.37779E-03
  13440   0.37900E-03
  13450   0.37954E-03
  13460   0.37875E-03
  13470   0.37791E-03
  13480   0.37803E-03
  13490   0.37845E-03
  13500   0.37811E-03
  13510   0.37705E-03
  13520   0.37649E-03
  13530   0.37719E-03
  13540   0.37802E-03
  13550   0.37794E-03
  13560   0.37741E-03
  13570   0.37777E-03
  13580   0.37888E-03
  13590   0.37907E-03
  13600   0.37831E-03
  13610   0.37763E-03
  13620   0.37767E-03
  13630   0.37791E-03
  13640   0.37737E-03
  13650   0.37648E-03
  13660   0.37623E-03
  13670   0.37688E-03
  13680   0.37764E-03
  13690   0.37753E-03
  13700   0.37726E-03
  13710   0.37797E-03
  13720   0.37887E-03
  13730   0.37872E-03
  13740   0.37778E-03
  13750   0.37723E-03
  13760   0.37740E-03
  13770   0.37735E-03
  13780   0.37661E-03
  13790   0.37571E-03
  13800   0.37578E-03
  13810   0.37682E-03
  13820   0.37747E-03
  13830   0.37728E-03
  13840   0.37708E-03
  13850   0.37798E-03
  13860   0.37895E-03
  13870   0.37846E-03
  13880   0.37731E-03
  13890   0.37670E-03
  13900   0.37674E-03
  13910   0.37684E-03
  13920   0.37594E-03
  13930   0.37504E-03
  13940   0.37524E-03
  13950   0.37654E-03
  13960   0.37739E-03
  13970   0.37705E-03
  13980   0.37690E-03
  13990   0.37778E-03
  14000   0.37863E-03
  14010   0.37794E-03
  14020   0.37669E-03
  14030   0.37596E-03
  14040   0.37590E-03
  14050   0.37581E-03
  14060   0.37518E-03
  14070   0.37445E-03
  14080   0.37470E-03
  14090   0.37623E-03
  14100   0.37706E-03
  14110   0.37690E-03
  14120   0.37685E-03
  14130   0.37761E-03
  14140   0.37802E-03
  14150   0.37702E-03
  14160   0.37581E-03
  14170   0.37502E-03
  14180   0.37478E-03
  14190   0.37472E-03
  14200   0.37420E-03
  14210   0.37373E-03
  14220   0.37443E-03
  14230   0.37599E-03
  14240   0.37684E-03
  14250   0.37659E-03
  14260   0.37601E-03
  14270   0.37707E-03
  14280   0.37745E-03
  14290   0.37592E-03
  14300   0.37530E-03
  14310   0.37324E-03
  14320   0.37480E-03
  14330   0.37393E-03
  14340   0.37365E-03
  14350   0.37380E-03
  14360   0.37384E-03
  14370   0.37674E-03
  14380   0.37648E-03
  14390   0.37625E-03
  14400   0.37614E-03
  14410   0.37602E-03
  14420   0.37638E-03
  14430   0.37454E-03
  14440   0.37316E-03
  14450   0.37239E-03
  14460   0.37238E-03
  14470   0.37337E-03
  14480   0.37293E-03
  14490   0.37300E-03
  14500   0.37433E-03
  14510   0.37647E-03
  14520   0.37702E-03
  14530   0.37528E-03
  14540   0.37617E-03
  14550   0.37556E-03
  14560   0.37544E-03
  14570   0.37436E-03
  14580   0.37236E-03
  14590   0.37248E-03
  14600   0.37208E-03
  14610   0.37349E-03
  14620   0.37388E-03
  14630   0.37361E-03
  14640   0.37538E-03
  14650   0.37663E-03
  14660   0.37743E-03
  14670   0.37661E-03
  14680   0.37527E-03
  14690   0.37533E-03
  14700   0.37389E-03
  14710   0.37299E-03
  14720   0.37154E-03
  14730   0.37047E-03
  14740   0.37150E-03
  14750   0.37239E-03
  14760   0.37333E-03
  14770   0.37364E-03
  14780   0.37490E-03
  14790   0.37688E-03
  14800   0.37636E-03
  14810   0.37513E-03
  14820   0.37411E-03
  14830   0.37338E-03
  14840   0.37245E-03
  14850   0.37105E-03
  14860   0.36996E-03
  14870   0.36943E-03
  14880   0.37055E-03
  14890   0.37223E-03
  14900   0.37316E-03
  14910   0.37369E-03
  14920   0.37482E-03
  14930   0.37689E-03
  14940   0.37608E-03
  14950   0.37428E-03
  14960   0.37269E-03
  14970   0.37124E-03
  14980   0.37035E-03
  14990   0.36909E-03
  15000   0.36813E-03
  15010   0.36780E-03
  15020   0.36954E-03
  15030   0.37210E-03
  15040   0.37331E-03
  15050   0.37373E-03
  15060   0.37473E-03
  15070   0.37583E-03
  15080   0.37581E-03
  15090   0.37340E-03
  15100   0.37135E-03
  15110   0.36950E-03
  15120   0.36886E-03
  15130   0.36823E-03
  15140   0.36776E-03
  15150   0.36790E-03
  15160   0.37008E-03
  15170   0.37348E-03
  15180   0.37553E-03
  15190   0.37563E-03
  15200   0.37664E-03
  15210   0.37734E-03
  15220   0.37410E-03
  15230   0.37366E-03
  15240   0.36924E-03
  15250   0.36950E-03
  15260   0.36614E-03
  15270   0.36831E-03
  15280   0.36848E-03
  15290   0.36835E-03
  15300   0.37262E-03
  15310   0.37509E-03
  15320   0.37923E-03
  15330   0.37757E-03
  15340   0.37776E-03
  15350   0.37790E-03
  15360   0.37192E-03
  15370   0.37218E-03
  15380   0.36679E-03
  15390   0.36724E-03
  15400   0.36343E-03
  15410   0.36694E-03
  15420   0.36893E-03
  15430   0.36948E-03
  15440   0.37457E-03
  15450   0.37699E-03
  15460   0.38043E-03
  15470   0.37732E-03
  15480   0.37720E-03
  15490   0.37650E-03
  15500   0.37235E-03
  15510   0.37031E-03
  15520   0.36731E-03
  15530   0.36593E-03
  15540   0.36583E-03
  15550   0.36870E-03
  15560   0.37206E-03
  15570   0.37615E-03
  15580   0.37613E-03
  15590   0.37908E-03
  15600   0.38354E-03
  15610   0.37818E-03
  15620   0.37696E-03
  15630   0.37434E-03
  15640   0.37122E-03
  15650   0.36862E-03
  15660   0.36537E-03
  15670   0.36551E-03
  15680   0.36543E-03
  15690   0.36995E-03
  15700   0.37352E-03
  15710   0.37671E-03
  15720   0.37939E-03
  15730   0.37898E-03
  15740   0.38320E-03
  15750   0.37854E-03
  15760   0.37503E-03
  15770   0.37543E-03
  15780   0.36685E-03
  15790   0.37165E-03
  15800   0.36669E-03
  15810   0.36772E-03
  15820   0.37133E-03
  15830   0.37264E-03
  15840   0.38118E-03
  15850   0.38410E-03
  15860   0.38238E-03
  15870   0.38490E-03
  15880   0.38104E-03
  15890   0.38152E-03
  15900   0.37630E-03
  15910   0.37437E-03
  15920   0.37265E-03
  15930   0.37150E-03
  15940   0.37390E-03
  15950   0.37436E-03
  15960   0.37809E-03
  15970   0.38328E-03
  15980   0.38807E-03
  15990   0.39157E-03
  16000   0.52364E-03
  16010   0.38415E-03
  16020   0.38939E-03
  16030   0.38587E-03
  16040   0.38214E-03
  16050   0.38298E-03
  16060   0.37449E-03
  16070   0.38379E-03
  16080   0.38167E-03
  16090   0.38481E-03
  16100   0.39160E-03
  16110   0.39130E-03
  16120   0.39863E-03
  16130   0.40074E-03
  16140   0.39473E-03
  16150   0.39609E-03
  16160   0.39169E-03
  16170   0.38622E-03
  16180   0.38484E-03
  16190   0.37930E-03
  16200   0.38001E-03
  16210   0.37974E-03
  16220   0.38340E-03
  16230   0.38788E-03
  16240   0.39078E-03
  16250   0.39394E-03
  16260   0.39667E-03
  16270   0.39726E-03
  16280   0.39293E-03
  16290   0.39012E-03
  16300   0.38699E-03
  16310   0.38316E-03
  16320   0.38050E-03
  16330   0.37858E-03
  16340   0.37786E-03
  16350   0.38006E-03
  16360   0.38417E-03
  16370   0.38822E-03
  16380   0.39244E-03
  16390   0.39618E-03
  16400   0.39813E-03
  16410   0.39137E-03
  16420   0.38969E-03
  16430   0.38416E-03
  16440   0.38010E-03
  16450   0.37557E-03
  16460   0.37302E-03
  16470   0.37287E-03
  16480   0.37253E-03
  16490   0.37816E-03
  16500   0.38335E-03
  16510   0.39012E-03
  16520   0.39255E-03
  16530   0.39449E-03
  16540   0.39621E-03
  16550   0.39256E-03
  16560   0.38868E-03
  16570   0.38342E-03
  16580   0.38585E-03
  16590   0.37327E-03
  16600   0.38197E-03
  16610   0.37776E-03
  16620   0.38192E-03
  16630   0.38683E-03
  16640   0.38994E-03
  16650   0.39922E-03
  16660   0.39730E-03
  16670   0.39541E-03
  16680   0.39526E-03
  16690   0.39140E-03
  16700   0.38779E-03
  16710   0.38272E-03
  16720   0.38032E-03
  16730   0.37854E-03
  16740   0.37783E-03
  16750   0.38385E-03
  16760   0.38966E-03
  16770   0.39679E-03
  16780   0.40349E-03
  16790   0.40672E-03
  16800   0.41111E-03
  16810   0.40682E-03
  16820   0.40359E-03
  16830   0.40250E-03
  16840   0.39534E-03
  16850   0.39654E-03
  16860   0.39148E-03
  16870   0.39251E-03
  16880   0.39391E-03
  16890   0.39732E-03
  16900   0.40518E-03
  16910   0.41133E-03
  16920   0.41533E-03
  16930   0.41821E-03
  16940   0.42314E-03
  16950   0.41885E-03
  16960   0.41534E-03
  16970   0.41270E-03
  16980   0.40471E-03
  16990   0.40408E-03
  17000   0.39908E-03
  17010   0.40019E-03
  17020   0.39937E-03
  17030   0.40386E-03
  17040   0.40972E-03
  17050   0.41599E-03
  17060   0.42084E-03
  17070   0.42362E-03
  17080   0.42468E-03
  17090   0.41895E-03
  17100   0.41662E-03
  17110   0.41235E-03
  17120   0.40783E-03
  17130   0.40368E-03
  17140   0.40278E-03
  17150   0.40274E-03
  17160   0.40475E-03
  17170   0.40926E-03
  17180   0.41689E-03
  17190   0.42266E-03
  17200   0.42554E-03
  17210   0.42182E-03
  17220   0.42092E-03
  17230   0.41513E-03
  17240   0.40880E-03
  17250   0.40384E-03
  17260   0.39907E-03
  17270   0.39140E-03
  17280   0.39264E-03
  17290   0.39237E-03
  17300   0.39826E-03
  17310   0.40065E-03
  17320   0.41983E-03
  17330   0.42652E-03
  17340   0.43472E-03
  17350   0.41761E-03
  17360   0.41239E-03
  17370   0.41691E-03
  17380   0.39850E-03
  17390   0.39700E-03
  17400   0.38831E-03
  17410   0.38078E-03
  17420   0.38720E-03
  17430   0.37968E-03
  17440   0.39570E-03
  17450   0.39741E-03
  17460   0.40289E-03
  17470   0.42175E-03
  17480   0.41685E-03
  17490   0.42973E-03
  17500   0.42096E-03
  17510   0.41786E-03
  17520   0.42642E-03
  17530   0.41004E-03
  17540   0.41520E-03
  17550   0.40949E-03
  17560   0.40686E-03
  17570   0.41337E-03
  17580   0.40718E-03
  17590   0.41581E-03
  17600   0.41459E-03
  17610   0.42031E-03
  17620   0.42530E-03
  17630   0.42373E-03
  17640   0.43169E-03
  17650   0.43010E-03
  17660   0.43395E-03
  17670   0.43823E-03
  17680   0.43887E-03
  17690   0.44529E-03
  17700   0.44372E-03
  17710   0.44683E-03
  17720   0.44843E-03
  17730   0.44726E-03
  17740   0.44918E-03
  17750   0.44379E-03
  17760   0.44169E-03
  17770   0.43894E-03
  17780   0.43701E-03
  17790   0.43241E-03
  17800   0.42023E-03
  17810   0.44265E-03
  17820   0.41476E-03
  17830   0.42460E-03
  17840   0.42821E-03
  17850   0.42316E-03
  17860   0.42445E-03
  17870   0.41929E-03
  17880   0.43189E-03
  17890   0.41740E-03
  17900   0.42390E-03
  17910   0.41879E-03
  17920   0.40821E-03
  17930   0.40864E-03
  17940   0.39337E-03
  17950   0.39677E-03
  17960   0.38710E-03
  17970   0.38865E-03
  17980   0.39027E-03
  17990   0.38977E-03
  18000   0.40010E-03
  18010   0.39868E-03
  18020   0.40725E-03
  18030   0.40711E-03
  18040   0.39951E-03
  18050   0.40115E-03
  18060   0.39387E-03
  18070   0.38301E-03
  18080   0.38124E-03
  18090   0.37158E-03
  18100   0.36807E-03
  18110   0.36903E-03
  18120   0.36891E-03
  18130   0.37741E-03
  18140   0.38247E-03
  18150   0.38594E-03
  18160   0.38536E-03
  18170   0.36444E-03
  18180   0.37650E-03
  18190   0.35620E-03
  18200   0.35731E-03
  18210   0.34117E-03
  18220   0.34071E-03
  18230   0.33483E-03
  18240   0.33996E-03
  18250   0.35737E-03
  18260   0.37042E-03
  18270   0.38478E-03
  18280   0.40133E-03
  18290   0.41004E-03
  18300   0.41954E-03
  18310   0.41492E-03
  18320   0.41763E-03
  18330   0.42012E-03
  18340   0.41308E-03
  18350   0.41598E-03
  18360   0.40574E-03
  18370   0.41035E-03
  18380   0.40772E-03
  18390   0.40853E-03
  18400   0.41235E-03
  18410   0.41492E-03
  18420   0.42268E-03
  18430   0.42677E-03
  18440   0.43201E-03
  18450   0.43493E-03
  18460   0.43887E-03
  18470   0.43723E-03
  18480   0.43835E-03
  18490   0.43628E-03
  18500   0.43410E-03
  18510   0.43335E-03
  18520   0.43271E-03
  18530   0.43353E-03
  18540   0.43238E-03
  18550   0.43487E-03
  18560   0.43565E-03
  18570   0.43618E-03
  18580   0.43760E-03
  18590   0.43403E-03
  18600   0.43497E-03
  18610   0.43176E-03
  18620   0.43134E-03
  18630   0.43177E-03
  18640   0.43047E-03
  18650   0.43223E-03
  18660   0.43210E-03
  18670   0.43055E-03
  18680   0.44327E-03
  18690   0.42949E-03
  18700   0.44144E-03
  18710   0.43685E-03
  18720   0.43314E-03
  18730   0.43397E-03
  18740   0.42594E-03
  18750   0.42944E-03
  18760   0.42185E-03
  18770   0.42095E-03
  18780   0.42138E-03
  18790   0.41886E-03
  18800   0.41825E-03
  18810   0.42584E-03
  18820   0.42716E-03
  18830   0.41271E-03
  18840   0.41876E-03
  18850   0.31374E+03
  18860           NaN
  18870           NaN
  18880           NaN
  18890           NaN
  18900           NaN
  18910           NaN
  18920           NaN
  18930           NaN
  18940           NaN
  18950           NaN
  18960           NaN
  18970           NaN
  18980           NaN
  18990           NaN
  19000           NaN
  19010           NaN
  19020           NaN
  19030           NaN
  19040           NaN
  19050           NaN
  19060           NaN
  19070           NaN
  19080           NaN
  19090           NaN
  19100           NaN
  19110           NaN
  19120           NaN
  19130           NaN
  19140           NaN
  19150           NaN
  19160           NaN
  19170           NaN
  19180           NaN
  19190           NaN
  19200           NaN
  19210           NaN
  19220           NaN
  19230           NaN
  19240           NaN
  19250           NaN
  19260           NaN
  19270           NaN
  19280           NaN
  19290           NaN
  19300           NaN
  19310           NaN
  19320           NaN
  19330           NaN
  19340           NaN
  19350           NaN
  19360           NaN
  19370           NaN
  19380           NaN
  19390           NaN
  19400           NaN
  19410           NaN
  19420           NaN
  19430           NaN
  19440           NaN
  19450           NaN
  19460           NaN
  19470           NaN
  19480           NaN
  19490           NaN
  19500           NaN
  19510           NaN
  19520           NaN
  19530           NaN
  19540           NaN
  19550           NaN
  19560           NaN
  19570           NaN
  19580           NaN
  19590           NaN
  19600           NaN
  19610           NaN
  19620           NaN
  19630           NaN
  19640           NaN
  19650           NaN
  19660           NaN
  19670           NaN
  19680           NaN
  19690           NaN
  19700           NaN
  19710           NaN
  19720           NaN
  19730           NaN
  19740           NaN
  19750           NaN
  19760           NaN
  19770           NaN
  19780           NaN
  19790           NaN
  19800           NaN
  19810           NaN
  19820           NaN
  19830           NaN
  19840           NaN
  19850           NaN
  19860           NaN
  19870           NaN
  19880           NaN
  19890           NaN
  19900           NaN
  19910           NaN
  19920           NaN
  19930           NaN
  19940           NaN
  19950           NaN
  19960           NaN
  19970           NaN
  19980           NaN
  19990           NaN
  20000           NaN
