     10   0.10534E-02
     20   0.89427E-03
     30   0.78994E-03
     40   0.71580E-03
     50   0.65983E-03
     60   0.61509E-03
     70   0.57740E-03
     80   0.54460E-03
     90   0.51547E-03
    100   0.48916E-03
    110   0.46505E-03
    120   0.44275E-03
    130   0.42200E-03
    140   0.40246E-03
    150   0.38408E-03
    160   0.36680E-03
    170   0.35053E-03
    180   0.33518E-03
    190   0.32071E-03
    200   0.30706E-03
    210   0.29450E-03
    220   0.28263E-03
    230   0.27150E-03
    240   0.26107E-03
    250   0.25125E-03
    260   0.24210E-03
    270   0.23352E-03
    280   0.22550E-03
    290   0.21800E-03
    300   0.21102E-03
    310   0.20459E-03
    320   0.19860E-03
    330   0.19305E-03
    340   0.18793E-03
    350   0.18326E-03
    360   0.17907E-03
    370   0.17531E-03
    380   0.17201E-03
    390   0.16912E-03
    400   0.16666E-03
    410   0.16457E-03
    420   0.16275E-03
    430   0.16117E-03
    440   0.15974E-03
    450   0.15838E-03
    460   0.15706E-03
    470   0.15573E-03
    480   0.15432E-03
    490   0.15285E-03
    500   0.15129E-03
    510   0.14968E-03
    520   0.14799E-03
    530   0.14625E-03
    540   0.14449E-03
    550   0.14276E-03
    560   0.14108E-03
    570   0.13951E-03
    580   0.13808E-03
    590   0.13681E-03
    600   0.13573E-03
    610   0.13486E-03
    620   0.13421E-03
    630   0.13377E-03
    640   0.13354E-03
    650   0.13351E-03
    660   0.13366E-03
    670   0.13398E-03
    680   0.13443E-03
    690   0.13499E-03
    700   0.13565E-03
    710   0.13636E-03
    720   0.13712E-03
    730   0.13788E-03
    740   0.13864E-03
    750   0.13937E-03
    760   0.14006E-03
    770   0.14067E-03
    780   0.14120E-03
    790   0.14163E-03
    800   0.14197E-03
    810   0.14219E-03
    820   0.14228E-03
    830   0.14226E-03
    840   0.14212E-03
    850   0.14184E-03
    860   0.14146E-03
    870   0.14095E-03
    880   0.14034E-03
    890   0.13962E-03
    900   0.13881E-03
    910   0.13790E-03
    920   0.13692E-03
    930   0.13589E-03
    940   0.13477E-03
    950   0.13363E-03
    960   0.13245E-03
    970   0.13123E-03
    980   0.13003E-03
    990   0.12882E-03
   1000   0.12764E-03
   1010   0.12650E-03
   1020   0.12541E-03
   1030   0.12439E-03
   1040   0.12345E-03
   1050   0.12260E-03
   1060   0.12186E-03
   1070   0.12121E-03
   1080   0.12070E-03
   1090   0.12028E-03
   1100   0.12000E-03
   1110   0.11982E-03
   1120   0.11976E-03
   1130   0.11980E-03
   1140   0.11992E-03
   1150   0.12013E-03
   1160   0.12042E-03
   1170   0.12076E-03
   1180   0.12114E-03
   1190   0.12156E-03
   1200   0.12200E-03
   1210   0.12242E-03
   1220   0.12287E-03
   1230   0.12327E-03
   1240   0.12366E-03
   1250   0.12400E-03
   1260   0.12429E-03
   1270   0.12454E-03
   1280   0.12473E-03
   1290   0.12487E-03
   1300   0.12494E-03
   1310   0.12496E-03
   1320   0.12492E-03
   1330   0.12484E-03
   1340   0.12471E-03
   1350   0.12453E-03
   1360   0.12432E-03
   1370   0.12410E-03
   1380   0.12383E-03
   1390   0.12356E-03
   1400   0.12332E-03
   1410   0.12306E-03
   1420   0.12282E-03
   1430   0.12259E-03
   1440   0.12240E-03
   1450   0.12225E-03
   1460   0.12213E-03
   1470   0.12205E-03
   1480   0.12200E-03
   1490   0.12199E-03
   1500   0.12202E-03
   1510   0.12207E-03
   1520   0.12215E-03
   1530   0.12225E-03
   1540   0.12236E-03
   1550   0.12247E-03
   1560   0.12257E-03
   1570   0.12266E-03
   1580   0.12272E-03
   1590   0.12274E-03
   1600   0.12274E-03
   1610   0.12268E-03
   1620   0.12257E-03
   1630   0.12241E-03
   1640   0.12221E-03
   1650   0.12192E-03
   1660   0.12158E-03
   1670   0.12119E-03
   1680   0.12073E-03
   1690   0.12021E-03
   1700   0.11965E-03
   1710   0.11903E-03
   1720   0.11837E-03
   1730   0.11768E-03
   1740   0.11695E-03
   1750   0.11622E-03
   1760   0.11546E-03
   1770   0.11470E-03
   1780   0.11397E-03
   1790   0.11325E-03
   1800   0.11254E-03
   1810   0.11188E-03
   1820   0.11127E-03
   1830   0.11072E-03
   1840   0.11024E-03
   1850   0.10984E-03
   1860   0.10952E-03
   1870   0.10930E-03
   1880   0.10917E-03
   1890   0.10915E-03
   1900   0.10922E-03
   1910   0.10941E-03
   1920   0.10971E-03
   1930   0.11011E-03
   1940   0.11063E-03
   1950   0.11123E-03
   1960   0.11195E-03
   1970   0.11274E-03
   1980   0.11362E-03
   1990   0.11459E-03
   2000   0.11562E-03
   2010   0.11672E-03
   2020   0.11788E-03
   2030   0.11906E-03
   2040   0.12029E-03
   2050   0.12155E-03
   2060   0.12284E-03
   2070   0.12415E-03
   2080   0.12544E-03
   2090   0.12674E-03
   2100   0.12804E-03
   2110   0.12934E-03
   2120   0.13063E-03
   2130   0.13187E-03
   2140   0.13311E-03
   2150   0.13432E-03
   2160   0.13550E-03
   2170   0.13664E-03
   2180   0.13776E-03
   2190   0.13882E-03
   2200   0.13987E-03
   2210   0.14088E-03
   2220   0.14184E-03
   2230   0.14271E-03
   2240   0.14360E-03
   2250   0.14442E-03
   2260   0.14520E-03
   2270   0.14592E-03
   2280   0.14658E-03
   2290   0.14722E-03
   2300   0.14778E-03
   2310   0.14830E-03
   2320   0.14878E-03
   2330   0.14919E-03
   2340   0.14955E-03
   2350   0.14988E-03
   2360   0.15014E-03
   2370   0.15036E-03
   2380   0.15050E-03
   2390   0.15062E-03
   2400   0.15066E-03
   2410   0.15066E-03
   2420   0.15061E-03
   2430   0.15052E-03
   2440   0.15036E-03
   2450   0.15015E-03
   2460   0.14990E-03
   2470   0.14961E-03
   2480   0.14926E-03
   2490   0.14888E-03
   2500   0.14846E-03
   2510   0.14795E-03
   2520   0.14745E-03
   2530   0.14689E-03
   2540   0.14631E-03
   2550   0.14567E-03
   2560   0.14502E-03
   2570   0.14432E-03
   2580   0.14360E-03
   2590   0.14283E-03
   2600   0.14203E-03
   2610   0.14120E-03
   2620   0.14035E-03
   2630   0.13949E-03
   2640   0.13857E-03
   2650   0.13764E-03
   2660   0.13671E-03
   2670   0.13572E-03
   2680   0.13474E-03
   2690   0.13371E-03
   2700   0.13269E-03
   2710   0.13166E-03
   2720   0.13058E-03
   2730   0.12951E-03
   2740   0.12842E-03
   2750   0.12730E-03
   2760   0.12620E-03
   2770   0.12508E-03
   2780   0.12394E-03
   2790   0.12279E-03
   2800   0.12164E-03
   2810   0.12050E-03
   2820   0.11934E-03
   2830   0.11816E-03
   2840   0.11698E-03
   2850   0.11581E-03
   2860   0.11465E-03
   2870   0.11348E-03
   2880   0.11231E-03
   2890   0.11114E-03
   2900   0.10998E-03
   2910   0.10884E-03
   2920   0.10767E-03
   2930   0.10655E-03
   2940   0.10542E-03
   2950   0.10429E-03
   2960   0.10318E-03
   2970   0.10209E-03
   2980   0.10101E-03
   2990   0.99921E-04
   3000   0.98892E-04
   3010   0.97854E-04
   3020   0.96834E-04
   3030   0.95830E-04
   3040   0.94854E-04
   3050   0.93891E-04
   3060   0.92959E-04
   3070   0.92002E-04
   3080   0.91114E-04
   3090   0.90230E-04
   3100   0.89375E-04
   3110   0.88522E-04
   3120   0.87682E-04
   3130   0.86877E-04
   3140   0.86089E-04
   3150   0.85334E-04
   3160   0.84569E-04
   3170   0.83843E-04
   3180   0.83108E-04
   3190   0.82413E-04
   3200   0.81742E-04
   3210   0.81056E-04
   3220   0.80398E-04
   3230   0.79782E-04
   3240   0.79158E-04
   3250   0.78541E-04
   3260   0.77946E-04
   3270   0.77366E-04
   3280   0.76816E-04
   3290   0.76246E-04
   3300   0.75700E-04
   3310   0.75161E-04
   3320   0.74642E-04
   3330   0.74132E-04
   3340   0.73629E-04
   3350   0.73141E-04
   3360   0.72648E-04
   3370   0.72191E-04
   3380   0.71722E-04
   3390   0.71264E-04
   3400   0.70797E-04
   3410   0.70385E-04
   3420   0.69957E-04
   3430   0.69555E-04
   3440   0.69131E-04
   3450   0.68732E-04
   3460   0.68349E-04
   3470   0.67945E-04
   3480   0.67562E-04
   3490   0.67210E-04
   3500   0.66849E-04
   3510   0.66494E-04
   3520   0.66164E-04
   3530   0.65826E-04
   3540   0.65503E-04
   3550   0.65178E-04
   3560   0.64886E-04
   3570   0.64581E-04
   3580   0.64304E-04
   3590   0.64023E-04
   3600   0.63752E-04
   3610   0.63495E-04
   3620   0.63244E-04
   3630   0.63003E-04
   3640   0.62791E-04
   3650   0.62548E-04
   3660   0.62347E-04
   3670   0.62141E-04
   3680   0.61945E-04
   3690   0.61753E-04
   3700   0.61589E-04
   3710   0.61420E-04
   3720   0.61260E-04
   3730   0.61116E-04
   3740   0.60968E-04
   3750   0.60829E-04
   3760   0.60710E-04
   3770   0.60598E-04
   3780   0.60469E-04
   3790   0.60382E-04
   3800   0.60287E-04
   3810   0.60191E-04
   3820   0.60122E-04
   3830   0.60044E-04
   3840   0.59987E-04
   3850   0.59921E-04
   3860   0.59856E-04
   3870   0.59806E-04
   3880   0.59766E-04
   3890   0.59736E-04
   3900   0.59686E-04
   3910   0.59660E-04
   3920   0.59632E-04
   3930   0.59634E-04
   3940   0.59618E-04
   3950   0.59591E-04
   3960   0.59598E-04
   3970   0.59591E-04
   3980   0.59574E-04
   3990   0.59599E-04
   4000   0.59614E-04
   4010   0.59632E-04
   4020   0.59636E-04
   4030   0.59670E-04
   4040   0.59689E-04
   4050   0.59703E-04
   4060   0.59747E-04
   4070   0.59769E-04
   4080   0.59814E-04
   4090   0.59844E-04
   4100   0.59884E-04
   4110   0.59950E-04
   4120   0.59985E-04
   4130   0.60045E-04
   4140   0.60091E-04
   4150   0.60137E-04
   4160   0.60206E-04
   4170   0.60259E-04
   4180   0.60338E-04
   4190   0.60387E-04
   4200   0.60460E-04
   4210   0.60510E-04
   4220   0.60591E-04
   4230   0.60657E-04
   4240   0.60734E-04
   4250   0.60812E-04
   4260   0.60882E-04
   4270   0.60956E-04
   4280   0.61038E-04
   4290   0.61106E-04
   4300   0.61188E-04
   4310   0.61266E-04
   4320   0.61357E-04
   4330   0.61435E-04
   4340   0.61513E-04
   4350   0.61589E-04
   4360   0.61688E-04
   4370   0.61742E-04
   4380   0.61838E-04
   4390   0.61920E-04
   4400   0.61992E-04
   4410   0.62081E-04
   4420   0.62159E-04
   4430   0.62225E-04
   4440   0.62307E-04
   4450   0.62406E-04
   4460   0.62480E-04
   4470   0.62535E-04
   4480   0.62608E-04
   4490   0.62680E-04
   4500   0.62768E-04
   4510   0.62818E-04
   4520   0.62882E-04
   4530   0.62947E-04
   4540   0.63006E-04
   4550   0.63059E-04
   4560   0.63119E-04
   4570   0.63173E-04
   4580   0.63227E-04
   4590   0.63269E-04
   4600   0.63315E-04
   4610   0.63366E-04
   4620   0.63388E-04
   4630   0.63430E-04
   4640   0.63448E-04
   4650   0.63475E-04
   4660   0.63500E-04
   4670   0.63512E-04
   4680   0.63531E-04
   4690   0.63531E-04
   4700   0.63543E-04
   4710   0.63542E-04
   4720   0.63544E-04
   4730   0.63544E-04
   4740   0.63544E-04
   4750   0.63532E-04
   4760   0.63509E-04
   4770   0.63492E-04
   4780   0.63458E-04
   4790   0.63436E-04
   4800   0.63402E-04
   4810   0.63370E-04
   4820   0.63316E-04
   4830   0.63273E-04
   4840   0.63220E-04
   4850   0.63186E-04
   4860   0.63132E-04
   4870   0.63057E-04
   4880   0.62999E-04
   4890   0.62930E-04
   4900   0.62867E-04
   4910   0.62805E-04
   4920   0.62719E-04
   4930   0.62647E-04
   4940   0.62571E-04
   4950   0.62501E-04
   4960   0.62407E-04
   4970   0.62328E-04
   4980   0.62237E-04
   4990   0.62147E-04
   5000   0.62062E-04
   5010   0.61974E-04
   5020   0.61879E-04
   5030   0.61766E-04
   5040   0.61688E-04
   5050   0.61612E-04
   5060   0.61494E-04
   5070   0.61404E-04
   5080   0.61309E-04
   5090   0.61210E-04
   5100   0.61108E-04
   5110   0.61010E-04
   5120   0.60910E-04
   5130   0.60824E-04
   5140   0.60711E-04
   5150   0.60620E-04
   5160   0.60523E-04
   5170   0.60445E-04
   5180   0.60351E-04
   5190   0.60257E-04
   5200   0.60176E-04
   5210   0.60078E-04
   5220   0.59987E-04
   5230   0.59899E-04
   5240   0.59815E-04
   5250   0.59730E-04
   5260   0.59659E-04
   5270   0.59574E-04
   5280   0.59486E-04
   5290   0.59414E-04
   5300   0.59345E-04
   5310   0.59266E-04
   5320   0.59202E-04
   5330   0.59141E-04
   5340   0.59077E-04
   5350   0.59003E-04
   5360   0.58949E-04
   5370   0.58882E-04
   5380   0.58825E-04
   5390   0.58772E-04
   5400   0.58717E-04
   5410   0.58669E-04
   5420   0.58622E-04
   5430   0.58579E-04
   5440   0.58529E-04
   5450   0.58481E-04
   5460   0.58428E-04
   5470   0.58407E-04
   5480   0.58364E-04
   5490   0.58331E-04
   5500   0.58299E-04
   5510   0.58260E-04
   5520   0.58230E-04
   5530   0.58215E-04
   5540   0.58186E-04
   5550   0.58158E-04
   5560   0.58134E-04
   5570   0.58108E-04
   5580   0.58082E-04
   5590   0.58065E-04
   5600   0.58048E-04
   5610   0.58027E-04
   5620   0.58005E-04
   5630   0.57986E-04
   5640   0.57992E-04
   5650   0.57965E-04
   5660   0.57950E-04
   5670   0.57938E-04
   5680   0.57932E-04
   5690   0.57932E-04
   5700   0.57915E-04
   5710   0.57900E-04
   5720   0.57888E-04
   5730   0.57872E-04
   5740   0.57870E-04
   5750   0.57863E-04
   5760   0.57857E-04
   5770   0.57850E-04
   5780   0.57838E-04
   5790   0.57833E-04
   5800   0.57827E-04
   5810   0.57823E-04
   5820   0.57817E-04
   5830   0.57807E-04
   5840   0.57810E-04
   5850   0.57786E-04
   5860   0.57785E-04
   5870   0.57772E-04
   5880   0.57774E-04
   5890   0.57759E-04
   5900   0.57763E-04
   5910   0.57746E-04
   5920   0.57731E-04
   5930   0.57729E-04
   5940   0.57709E-04
   5950   0.57708E-04
   5960   0.57699E-04
   5970   0.57697E-04
   5980   0.57684E-04
   5990   0.57657E-04
   6000   0.57645E-04
   6010   0.57624E-04
   6020   0.57627E-04
   6030   0.57610E-04
   6040   0.57586E-04
   6050   0.57582E-04
   6060   0.57562E-04
   6070   0.57555E-04
   6080   0.57543E-04
   6090   0.57514E-04
   6100   0.57490E-04
   6110   0.57473E-04
   6120   0.57460E-04
   6130   0.57427E-04
   6140   0.57409E-04
   6150   0.57383E-04
   6160   0.57364E-04
   6170   0.57345E-04
   6180   0.57313E-04
   6190   0.57295E-04
   6200   0.57259E-04
   6210   0.57244E-04
   6220   0.57203E-04
   6230   0.57181E-04
   6240   0.57153E-04
   6250   0.57119E-04
   6260   0.57074E-04
   6270   0.57053E-04
   6280   0.57021E-04
   6290   0.56977E-04
   6300   0.56946E-04
   6310   0.56906E-04
   6320   0.56881E-04
   6330   0.56824E-04
   6340   0.56787E-04
   6350   0.56737E-04
   6360   0.56708E-04
   6370   0.56663E-04
   6380   0.56607E-04
   6390   0.56565E-04
   6400   0.56520E-04
   6410   0.56461E-04
   6420   0.56423E-04
   6430   0.56369E-04
   6440   0.56305E-04
   6450   0.56230E-04
   6460   0.56184E-04
   6470   0.56138E-04
   6480   0.56057E-04
   6490   0.56002E-04
   6500   0.55931E-04
   6510   0.55864E-04
   6520   0.55796E-04
   6530   0.55729E-04
   6540   0.55646E-04
   6550   0.55578E-04
   6560   0.55505E-04
   6570   0.55428E-04
   6580   0.55340E-04
   6590   0.55249E-04
   6600   0.55169E-04
   6610   0.55097E-04
   6620   0.54983E-04
   6630   0.54889E-04
   6640   0.54800E-04
   6650   0.54710E-04
   6660   0.54606E-04
   6670   0.54494E-04
   6680   0.54382E-04
   6690   0.54274E-04
   6700   0.54171E-04
   6710   0.54063E-04
   6720   0.53945E-04
   6730   0.53837E-04
   6740   0.53708E-04
   6750   0.53595E-04
   6760   0.53467E-04
   6770   0.53332E-04
   6780   0.53218E-04
   6790   0.53097E-04
   6800   0.52944E-04
   6810   0.52828E-04
   6820   0.52693E-04
   6830   0.52553E-04
   6840   0.52406E-04
   6850   0.52280E-04
   6860   0.52119E-04
   6870   0.51978E-04
   6880   0.51849E-04
   6890   0.51708E-04
   6900   0.51542E-04
   6910   0.51396E-04
   6920   0.51251E-04
   6930   0.51103E-04
   6940   0.50955E-04
   6950   0.50806E-04
   6960   0.50670E-04
   6970   0.50492E-04
   6980   0.50355E-04
   6990   0.50203E-04
   7000   0.50059E-04
   7010   0.49889E-04
   7020   0.49739E-04
   7030   0.49594E-04
   7040   0.49460E-04
   7050   0.49302E-04
   7060   0.49163E-04
   7070   0.49015E-04
   7080   0.48860E-04
   7090   0.48715E-04
   7100   0.48575E-04
   7110   0.48432E-04
   7120   0.48303E-04
   7130   0.48141E-04
   7140   0.48013E-04
   7150   0.47865E-04
   7160   0.47743E-04
   7170   0.47608E-04
   7180   0.47471E-04
   7190   0.47350E-04
   7200   0.47197E-04
   7210   0.47077E-04
   7220   0.46955E-04
   7230   0.46829E-04
   7240   0.46697E-04
   7250   0.46579E-04
   7260   0.46462E-04
   7270   0.46343E-04
   7280   0.46220E-04
   7290   0.46088E-04
   7300   0.45978E-04
   7310   0.45863E-04
   7320   0.45758E-04
   7330   0.45639E-04
   7340   0.45544E-04
   7350   0.45422E-04
   7360   0.45310E-04
   7370   0.45228E-04
   7380   0.45114E-04
   7390   0.44987E-04
   7400   0.44903E-04
   7410   0.44769E-04
   7420   0.44683E-04
   7430   0.44580E-04
   7440   0.44481E-04
   7450   0.44369E-04
   7460   0.44281E-04
   7470   0.44182E-04
   7480   0.44079E-04
   7490   0.43973E-04
   7500   0.43884E-04
   7510   0.43787E-04
   7520   0.43697E-04
   7530   0.43604E-04
   7540   0.43497E-04
   7550   0.43398E-04
   7560   0.43312E-04
   7570   0.43215E-04
   7580   0.43127E-04
   7590   0.43020E-04
   7600   0.42929E-04
   7610   0.42835E-04
   7620   0.42738E-04
   7630   0.42640E-04
   7640   0.42540E-04
   7650   0.42445E-04
   7660   0.42342E-04
   7670   0.42260E-04
   7680   0.42174E-04
   7690   0.42075E-04
   7700   0.41985E-04
   7710   0.41883E-04
   7720   0.41797E-04
   7730   0.41700E-04
   7740   0.41603E-04
   7750   0.41503E-04
   7760   0.41422E-04
   7770   0.41311E-04
   7780   0.41241E-04
   7790   0.41146E-04
   7800   0.41040E-04
   7810   0.40948E-04
   7820   0.40859E-04
   7830   0.40761E-04
   7840   0.40661E-04
   7850   0.40562E-04
   7860   0.40477E-04
   7870   0.40376E-04
   7880   0.40279E-04
   7890   0.40184E-04
   7900   0.40092E-04
   7910   0.39994E-04
   7920   0.39888E-04
   7930   0.39788E-04
   7940   0.39698E-04
   7950   0.39592E-04
   7960   0.39511E-04
   7970   0.39392E-04
   7980   0.39297E-04
   7990   0.39199E-04
   8000   0.39098E-04
   8010   0.38992E-04
   8020   0.38900E-04
   8030   0.38794E-04
   8040   0.38689E-04
   8050   0.38605E-04
   8060   0.38487E-04
   8070   0.38394E-04
   8080   0.38283E-04
   8090   0.38181E-04
   8100   0.38058E-04
   8110   0.37960E-04
   8120   0.37857E-04
   8130   0.37751E-04
   8140   0.37639E-04
   8150   0.37541E-04
   8160   0.37436E-04
   8170   0.37315E-04
   8180   0.37210E-04
   8190   0.37101E-04
   8200   0.36983E-04
   8210   0.36876E-04
   8220   0.36773E-04
   8230   0.36654E-04
   8240   0.36551E-04
   8250   0.36430E-04
   8260   0.36315E-04
   8270   0.36195E-04
   8280   0.36086E-04
   8290   0.35971E-04
   8300   0.35868E-04
   8310   0.35767E-04
   8320   0.35633E-04
   8330   0.35522E-04
   8340   0.35412E-04
   8350   0.35289E-04
   8360   0.35182E-04
   8370   0.35067E-04
   8380   0.34950E-04
   8390   0.34834E-04
   8400   0.34716E-04
   8410   0.34610E-04
   8420   0.34500E-04
   8430   0.34366E-04
   8440   0.34254E-04
   8450   0.34141E-04
   8460   0.34013E-04
   8470   0.33881E-04
   8480   0.33786E-04
   8490   0.33677E-04
   8500   0.33561E-04
   8510   0.33426E-04
   8520   0.33309E-04
   8530   0.33177E-04
   8540   0.33083E-04
   8550   0.32976E-04
   8560   0.32860E-04
   8570   0.32740E-04
   8580   0.32620E-04
   8590   0.32512E-04
   8600   0.32379E-04
   8610   0.32270E-04
   8620   0.32169E-04
   8630   0.32041E-04
   8640   0.31926E-04
   8650   0.31823E-04
   8660   0.31686E-04
   8670   0.31580E-04
   8680   0.31483E-04
   8690   0.31368E-04
   8700   0.31243E-04
   8710   0.31140E-04
   8720   0.30999E-04
   8730   0.30899E-04
   8740   0.30756E-04
   8750   0.30651E-04
   8760   0.30558E-04
   8770   0.30440E-04
   8780   0.30327E-04
   8790   0.30217E-04
   8800   0.30088E-04
   8810   0.29974E-04
   8820   0.29887E-04
   8830   0.29763E-04
   8840   0.29643E-04
   8850   0.29522E-04
   8860   0.29430E-04
   8870   0.29309E-04
   8880   0.29197E-04
   8890   0.29101E-04
   8900   0.28992E-04
   8910   0.28864E-04
   8920   0.28756E-04
   8930   0.28659E-04
   8940   0.28544E-04
   8950   0.28439E-04
   8960   0.28314E-04
   8970   0.28210E-04
   8980   0.28087E-04
   8990   0.27995E-04
   9000   0.27889E-04
   9010   0.27787E-04
   9020   0.27658E-04
   9030   0.27573E-04
   9040   0.27452E-04
   9050   0.27346E-04
   9060   0.27236E-04
   9070   0.27156E-04
   9080   0.27032E-04
   9090   0.26919E-04
   9100   0.26820E-04
   9110   0.26710E-04
   9120   0.26592E-04
   9130   0.26487E-04
   9140   0.26375E-04
   9150   0.26281E-04
   9160   0.26174E-04
   9170   0.26076E-04
   9180   0.25967E-04
   9190   0.25857E-04
   9200   0.25741E-04
   9210   0.25619E-04
   9220   0.25533E-04
   9230   0.25429E-04
   9240   0.25332E-04
   9250   0.25217E-04
   9260   0.25113E-04
   9270   0.24993E-04
   9280   0.24898E-04
   9290   0.24812E-04
   9300   0.24677E-04
   9310   0.24581E-04
   9320   0.24483E-04
   9330   0.24371E-04
   9340   0.24265E-04
   9350   0.24157E-04
   9360   0.24051E-04
   9370   0.23950E-04
   9380   0.23830E-04
   9390   0.23721E-04
   9400   0.23626E-04
   9410   0.23527E-04
   9420   0.23401E-04
   9430   0.23317E-04
   9440   0.23222E-04
   9450   0.23111E-04
   9460   0.23002E-04
   9470   0.22894E-04
   9480   0.22789E-04
   9490   0.22681E-04
   9500   0.22583E-04
   9510   0.22461E-04
   9520   0.22358E-04
   9530   0.22275E-04
   9540   0.22162E-04
   9550   0.22049E-04
   9560   0.21936E-04
   9570   0.21848E-04
   9580   0.21740E-04
   9590   0.21627E-04
   9600   0.21527E-04
   9610   0.21431E-04
   9620   0.21315E-04
   9630   0.21196E-04
   9640   0.21116E-04
   9650   0.20993E-04
   9660   0.20893E-04
   9670   0.20789E-04
   9680   0.20690E-04
   9690   0.20576E-04
   9700   0.20482E-04
   9710   0.20393E-04
   9720   0.20271E-04
   9730   0.20178E-04
   9740   0.20072E-04
   9750   0.19957E-04
   9760   0.19852E-04
   9770   0.19759E-04
   9780   0.19655E-04
   9790   0.19556E-04
   9800   0.19463E-04
   9810   0.19345E-04
   9820   0.19227E-04
   9830   0.19145E-04
   9840   0.19056E-04
   9850   0.18949E-04
   9860   0.18833E-04
   9870   0.18733E-04
   9880   0.18635E-04
   9890   0.18546E-04
   9900   0.18437E-04
   9910   0.18345E-04
   9920   0.18252E-04
   9930   0.18140E-04
   9940   0.18045E-04
   9950   0.17956E-04
   9960   0.17836E-04
   9970   0.17766E-04
   9980   0.17665E-04
   9990   0.17578E-04
  10000   0.17472E-04
  10010   0.17374E-04
  10020   0.17277E-04
  10030   0.17187E-04
  10040   0.17090E-04
  10050   0.16994E-04
  10060   0.16909E-04
  10070   0.16801E-04
  10080   0.16729E-04
  10090   0.16627E-04
  10100   0.16534E-04
  10110   0.16444E-04
  10120   0.16364E-04
  10130   0.16258E-04
  10140   0.16176E-04
  10150   0.16059E-04
  10160   0.15996E-04
  10170   0.15906E-04
  10180   0.15813E-04
  10190   0.15730E-04
  10200   0.15642E-04
  10210   0.15550E-04
  10220   0.15460E-04
  10230   0.15375E-04
  10240   0.15302E-04
  10250   0.15206E-04
  10260   0.15128E-04
  10270   0.15046E-04
  10280   0.14953E-04
  10290   0.14861E-04
  10300   0.14774E-04
  10310   0.14701E-04
  10320   0.14610E-04
  10330   0.14535E-04
  10340   0.14465E-04
  10350   0.14371E-04
  10360   0.14282E-04
  10370   0.14197E-04
  10380   0.14130E-04
  10390   0.14023E-04
  10400   0.13951E-04
  10410   0.13899E-04
  10420   0.13783E-04
  10430   0.13717E-04
  10440   0.13628E-04
  10450   0.13562E-04
  10460   0.13473E-04
  10470   0.13389E-04
  10480   0.13315E-04
  10490   0.13253E-04
  10500   0.13163E-04
  10510   0.13067E-04
  10520   0.13010E-04
  10530   0.12925E-04
  10540   0.12856E-04
  10550   0.12775E-04
  10560   0.12689E-04
  10570   0.12610E-04
  10580   0.12543E-04
  10590   0.12458E-04
  10600   0.12375E-04
  10610   0.12318E-04
  10620   0.12226E-04
  10630   0.12167E-04
  10640   0.12086E-04
  10650   0.12018E-04
  10660   0.11941E-04
  10670   0.11873E-04
  10680   0.11784E-04
  10690   0.11707E-04
  10700   0.11651E-04
  10710   0.11565E-04
  10720   0.11501E-04
  10730   0.11416E-04
  10740   0.11354E-04
  10750   0.11265E-04
  10760   0.11189E-04
  10770   0.11131E-04
  10780   0.11052E-04
  10790   0.10962E-04
  10800   0.10913E-04
  10810   0.10826E-04
  10820   0.10760E-04
  10830   0.10682E-04
  10840   0.10622E-04
  10850   0.10548E-04
  10860   0.10479E-04
  10870   0.10399E-04
  10880   0.10309E-04
  10890   0.10236E-04
  10900   0.10188E-04
  10910   0.10116E-04
  10920   0.10036E-04
  10930   0.99550E-05
  10940   0.98759E-05
  10950   0.98144E-05
  10960   0.97551E-05
  10970   0.96813E-05
  10980   0.96036E-05
  10990   0.95416E-05
  11000   0.94445E-05
  11010   0.93889E-05
  11020   0.93154E-05
  11030   0.92364E-05
  11040   0.91887E-05
  11050   0.91096E-05
  11060   0.90442E-05
  11070   0.89535E-05
  11080   0.88923E-05
  11090   0.88288E-05
  11100   0.87638E-05
  11110   0.86767E-05
  11120   0.86143E-05
  11130   0.85626E-05
  11140   0.84911E-05
  11150   0.84175E-05
  11160   0.83544E-05
  11170   0.82931E-05
  11180   0.82155E-05
  11190   0.81493E-05
  11200   0.80821E-05
  11210   0.80109E-05
  11220   0.79508E-05
  11230   0.78985E-05
  11240   0.78291E-05
  11250   0.77751E-05
  11260   0.77005E-05
  11270   0.76227E-05
  11280   0.75799E-05
  11290   0.75147E-05
  11300   0.74444E-05
  11310   0.73783E-05
  11320   0.73091E-05
  11330   0.72693E-05
  11340   0.71957E-05
  11350   0.71412E-05
  11360   0.70638E-05
  11370   0.70087E-05
  11380   0.69485E-05
  11390   0.68993E-05
  11400   0.68431E-05
  11410   0.67874E-05
  11420   0.67317E-05
  11430   0.66673E-05
  11440   0.66168E-05
  11450   0.65564E-05
  11460   0.65005E-05
  11470   0.64421E-05
  11480   0.63920E-05
  11490   0.63443E-05
  11500   0.62775E-05
  11510   0.62153E-05
  11520   0.61774E-05
  11530   0.61246E-05
  11540   0.60583E-05
  11550   0.60079E-05
  11560   0.59551E-05
  11570   0.59018E-05
  11580   0.58596E-05
  11590   0.58087E-05
  11600   0.57509E-05
  11610   0.57176E-05
  11620   0.56608E-05
  11630   0.56158E-05
  11640   0.55675E-05
  11650   0.55112E-05
  11660   0.54553E-05
  11670   0.54105E-05
  11680   0.53648E-05
  11690   0.53296E-05
  11700   0.52803E-05
  11710   0.52230E-05
  11720   0.51875E-05
  11730   0.51392E-05
  11740   0.51002E-05
  11750   0.50477E-05
  11760   0.50127E-05
  11770   0.49624E-05
  11780   0.49228E-05
  11790   0.48678E-05
  11800   0.48307E-05
  11810   0.47914E-05
  11820   0.47424E-05
  11830   0.47018E-05
  11840   0.46585E-05
  11850   0.46085E-05
  11860   0.45737E-05
  11870   0.45136E-05
  11880   0.44865E-05
  11890   0.44629E-05
  11900   0.44153E-05
  11910   0.43709E-05
  11920   0.43322E-05
  11930   0.42845E-05
  11940   0.42489E-05
  11950   0.42058E-05
  11960   0.41895E-05
  11970   0.41458E-05
  11980   0.41131E-05
  11990   0.40702E-05
  12000   0.40359E-05
  12010   0.40094E-05
  12020   0.39593E-05
  12030   0.39358E-05
  12040   0.38907E-05
  12050   0.38544E-05
  12060   0.38294E-05
  12070   0.37901E-05
  12080   0.37602E-05
  12090   0.37288E-05
  12100   0.37020E-05
  12110   0.36779E-05
  12120   0.36429E-05
  12130   0.36226E-05
  12140   0.35884E-05
  12150   0.35527E-05
  12160   0.35176E-05
  12170   0.34847E-05
  12180   0.34616E-05
  12190   0.34294E-05
  12200   0.34035E-05
  12210   0.33720E-05
  12220   0.33470E-05
  12230   0.33243E-05
  12240   0.32978E-05
  12250   0.32693E-05
  12260   0.32555E-05
  12270   0.32316E-05
  12280   0.31950E-05
  12290   0.31760E-05
  12300   0.31529E-05
  12310   0.31260E-05
  12320   0.31064E-05
  12330   0.30793E-05
  12340   0.30586E-05
  12350   0.30291E-05
  12360   0.30222E-05
  12370   0.29903E-05
  12380   0.29759E-05
  12390   0.29532E-05
  12400   0.29340E-05
  12410   0.29200E-05
  12420   0.28992E-05
  12430   0.28878E-05
  12440   0.28664E-05
  12450   0.28488E-05
  12460   0.28397E-05
  12470   0.28091E-05
  12480   0.28037E-05
  12490   0.27813E-05
  12500   0.27638E-05
  12510   0.27571E-05
  12520   0.27374E-05
  12530   0.27152E-05
  12540   0.27104E-05
  12550   0.26975E-05
  12560   0.26751E-05
  12570   0.26512E-05
  12580   0.26364E-05
  12590   0.26319E-05
  12600   0.26394E-05
  12610   0.26188E-05
  12620   0.26129E-05
  12630   0.25817E-05
  12640   0.25627E-05
  12650   0.25528E-05
  12660   0.25456E-05
  12670   0.25440E-05
  12680   0.25302E-05
  12690   0.25184E-05
  12700   0.25102E-05
  12710   0.24920E-05
  12720   0.24864E-05
  12730   0.24765E-05
  12740   0.24798E-05
  12750   0.24624E-05
  12760   0.24553E-05
  12770   0.24491E-05
  12780   0.24381E-05
  12790   0.24370E-05
  12800   0.24371E-05
  12810   0.24159E-05
  12820   0.24006E-05
  12830   0.24009E-05
  12840   0.23950E-05
  12850   0.23916E-05
  12860   0.23811E-05
  12870   0.23893E-05
  12880   0.23860E-05
  12890   0.23822E-05
  12900   0.23789E-05
  12910   0.23721E-05
  12920   0.23530E-05
  12930   0.23472E-05
  12940   0.23465E-05
  12950   0.23435E-05
  12960   0.23537E-05
  12970   0.23512E-05
  12980   0.23466E-05
  12990   0.23310E-05
  13000   0.23426E-05
  13010   0.23547E-05
  13020   0.23384E-05
  13030   0.23308E-05
  13040   0.23325E-05
  13050   0.23322E-05
  13060   0.23237E-05
  13070   0.23284E-05
  13080   0.23181E-05
  13090   0.23204E-05
  13100   0.23301E-05
  13110   0.23152E-05
  13120   0.23318E-05
  13130   0.23222E-05
  13140   0.23127E-05
  13150   0.23134E-05
  13160   0.23083E-05
  13170   0.23182E-05
  13180   0.23155E-05
  13190   0.23226E-05
  13200   0.23099E-05
  13210   0.23120E-05
  13220   0.23122E-05
  13230   0.23123E-05
  13240   0.23157E-05
  13250   0.23213E-05
  13260   0.23102E-05
  13270   0.23291E-05
  13280   0.23134E-05
  13290   0.23148E-05
  13300   0.23033E-05
  13310   0.23164E-05
  13320   0.23238E-05
  13330   0.23252E-05
  13340   0.23316E-05
  13350   0.23252E-05
  13360   0.23344E-05
  13370   0.23376E-05
  13380   0.23450E-05
  13390   0.23409E-05
  13400   0.23433E-05
  13410   0.23454E-05
  13420   0.23520E-05
  13430   0.23533E-05
  13440   0.23430E-05
  13450   0.23540E-05
  13460   0.23504E-05
  13470   0.23525E-05
  13480   0.23613E-05
  13490   0.23563E-05
  13500   0.23587E-05
  13510   0.23629E-05
  13520   0.23802E-05
  13530   0.23602E-05
  13540   0.23517E-05
  13550   0.23607E-05
  13560   0.23724E-05
  13570   0.23674E-05
  13580   0.23886E-05
  13590   0.23946E-05
  13600   0.23943E-05
  13610   0.24131E-05
  13620   0.24100E-05
  13630   0.24217E-05
  13640   0.24302E-05
  13650   0.24236E-05
  13660   0.24405E-05
  13670   0.24429E-05
  13680   0.24439E-05
  13690   0.24544E-05
  13700   0.24642E-05
  13710   0.24639E-05
  13720   0.24697E-05
  13730   0.24740E-05
  13740   0.24864E-05
  13750   0.24937E-05
  13760   0.25086E-05
  13770   0.25267E-05
  13780   0.25255E-05
  13790   0.25394E-05
  13800   0.25360E-05
  13810   0.25204E-05
  13820   0.25359E-05
  13830   0.25477E-05
  13840   0.25504E-05
  13850   0.25479E-05
  13860   0.25680E-05
  13870   0.25789E-05
  13880   0.25898E-05
  13890   0.26176E-05
  13900   0.26103E-05
  13910   0.26293E-05
  13920   0.26442E-05
  13930   0.26500E-05
  13940   0.26706E-05
  13950   0.26620E-05
  13960   0.26843E-05
  13970   0.26905E-05
  13980   0.27013E-05
  13990   0.27148E-05
  14000   0.27169E-05
  14010   0.27190E-05
  14020   0.27464E-05
  14030   0.27588E-05
  14040   0.27556E-05
  14050   0.27683E-05
  14060   0.27788E-05
  14070   0.27809E-05
  14080   0.28076E-05
  14090   0.28187E-05
  14100   0.28366E-05
  14110   0.28383E-05
  14120   0.28442E-05
  14130   0.28624E-05
  14140   0.28696E-05
  14150   0.28858E-05
  14160   0.29029E-05
  14170   0.29122E-05
  14180   0.29111E-05
  14190   0.29409E-05
  14200   0.29549E-05
  14210   0.29639E-05
  14220   0.29736E-05
  14230   0.29807E-05
  14240   0.29993E-05
  14250   0.30073E-05
  14260   0.30251E-05
  14270   0.30465E-05
  14280   0.30621E-05
  14290   0.30736E-05
  14300   0.30866E-05
  14310   0.30932E-05
  14320   0.31087E-05
  14330   0.31250E-05
  14340   0.31297E-05
  14350   0.31445E-05
  14360   0.31795E-05
  14370   0.31719E-05
  14380   0.31960E-05
  14390   0.32142E-05
  14400   0.32287E-05
  14410   0.32268E-05
  14420   0.32428E-05
  14430   0.32639E-05
  14440   0.32731E-05
  14450   0.32897E-05
  14460   0.33034E-05
  14470   0.33010E-05
  14480   0.33313E-05
  14490   0.33331E-05
  14500   0.33394E-05
  14510   0.33780E-05
  14520   0.33915E-05
  14530   0.34050E-05
  14540   0.34077E-05
  14550   0.34077E-05
  14560   0.34190E-05
  14570   0.34315E-05
  14580   0.34397E-05
  14590   0.34559E-05
  14600   0.34750E-05
  14610   0.35035E-05
  14620   0.35161E-05
  14630   0.35482E-05
  14640   0.35446E-05
  14650   0.35638E-05
  14660   0.35798E-05
  14670   0.35888E-05
  14680   0.36166E-05
  14690   0.36357E-05
  14700   0.36488E-05
  14710   0.36568E-05
  14720   0.36827E-05
  14730   0.36932E-05
  14740   0.37106E-05
  14750   0.37168E-05
  14760   0.37244E-05
  14770   0.37516E-05
  14780   0.37780E-05
  14790   0.37796E-05
  14800   0.37930E-05
  14810   0.38056E-05
  14820   0.38344E-05
  14830   0.38302E-05
  14840   0.38458E-05
  14850   0.38550E-05
  14860   0.38853E-05
  14870   0.38962E-05
  14880   0.39049E-05
  14890   0.39316E-05
  14900   0.39423E-05
  14910   0.39634E-05
  14920   0.39805E-05
  14930   0.39909E-05
  14940   0.40103E-05
  14950   0.40239E-05
  14960   0.40468E-05
  14970   0.40676E-05
  14980   0.40672E-05
  14990   0.40828E-05
  15000   0.40969E-05
  15010   0.41327E-05
  15020   0.41532E-05
  15030   0.41563E-05
  15040   0.41650E-05
  15050   0.42052E-05
  15060   0.42218E-05
  15070   0.42383E-05
  15080   0.42583E-05
  15090   0.42764E-05
  15100   0.42747E-05
  15110   0.42953E-05
  15120   0.43083E-05
  15130   0.43279E-05
  15140   0.43526E-05
  15150   0.43677E-05
  15160   0.43888E-05
  15170   0.43983E-05
  15180   0.44167E-05
  15190   0.44359E-05
  15200   0.44631E-05
  15210   0.44781E-05
  15220   0.45104E-05
  15230   0.45134E-05
  15240   0.45233E-05
  15250   0.45320E-05
  15260   0.45790E-05
  15270   0.45788E-05
  15280   0.46119E-05
  15290   0.46306E-05
  15300   0.46347E-05
  15310   0.46423E-05
  15320   0.46543E-05
  15330   0.46717E-05
  15340   0.47053E-05
  15350   0.47107E-05
  15360   0.47252E-05
  15370   0.47321E-05
  15380   0.47450E-05
  15390   0.47614E-05
  15400   0.47841E-05
  15410   0.48191E-05
  15420   0.48277E-05
  15430   0.48403E-05
  15440   0.48431E-05
  15450   0.48533E-05
  15460   0.48697E-05
  15470   0.49214E-05
  15480   0.49259E-05
  15490   0.49497E-05
  15500   0.49669E-05
  15510   0.49975E-05
  15520   0.50197E-05
  15530   0.50420E-05
  15540   0.50640E-05
  15550   0.50804E-05
  15560   0.50852E-05
  15570   0.50898E-05
  15580   0.51216E-05
  15590   0.51409E-05
  15600   0.51702E-05
  15610   0.51937E-05
  15620   0.52101E-05
  15630   0.52155E-05
  15640   0.52507E-05
  15650   0.52588E-05
  15660   0.52771E-05
  15670   0.53009E-05
  15680   0.53187E-05
  15690   0.53451E-05
  15700   0.53624E-05
  15710   0.53754E-05
  15720   0.53956E-05
  15730   0.54090E-05
  15740   0.54171E-05
  15750   0.54214E-05
  15760   0.54360E-05
  15770   0.54780E-05
  15780   0.54723E-05
  15790   0.54865E-05
  15800   0.55018E-05
  15810   0.55118E-05
  15820   0.55326E-05
  15830   0.55375E-05
  15840   0.55534E-05
  15850   0.55749E-05
  15860   0.55899E-05
  15870   0.56021E-05
  15880   0.56276E-05
  15890   0.56383E-05
  15900   0.56640E-05
  15910   0.56842E-05
  15920   0.57115E-05
  15930   0.57071E-05
  15940   0.57205E-05
  15950   0.57493E-05
  15960   0.57613E-05
  15970   0.57831E-05
  15980   0.58086E-05
  15990   0.58193E-05
  16000   0.58454E-05
  16010   0.58476E-05
  16020   0.58771E-05
  16030   0.58712E-05
  16040   0.58794E-05
  16050   0.59149E-05
  16060   0.59290E-05
  16070   0.59666E-05
  16080   0.59399E-05
  16090   0.59847E-05
  16100   0.60077E-05
  16110   0.60279E-05
  16120   0.60265E-05
  16130   0.60463E-05
  16140   0.60446E-05
  16150   0.60688E-05
  16160   0.60770E-05
  16170   0.60999E-05
  16180   0.61131E-05
  16190   0.61287E-05
  16200   0.61358E-05
  16210   0.61443E-05
  16220   0.61534E-05
  16230   0.61602E-05
  16240   0.61649E-05
  16250   0.61786E-05
  16260   0.61861E-05
  16270   0.61935E-05
  16280   0.62124E-05
  16290   0.62318E-05
  16300   0.62388E-05
  16310   0.62444E-05
  16320   0.62595E-05
  16330   0.62938E-05
  16340   0.62885E-05
  16350   0.62994E-05
  16360   0.63094E-05
  16370   0.63148E-05
  16380   0.63277E-05
  16390   0.63511E-05
  16400   0.63553E-05
  16410   0.63673E-05
  16420   0.63701E-05
  16430   0.63910E-05
  16440   0.64065E-05
  16450   0.64213E-05
  16460   0.64098E-05
  16470   0.64406E-05
  16480   0.64261E-05
  16490   0.64432E-05
  16500   0.64486E-05
  16510   0.64781E-05
  16520   0.64796E-05
  16530   0.64701E-05
  16540   0.64783E-05
  16550   0.64826E-05
  16560   0.65075E-05
  16570   0.65047E-05
  16580   0.65070E-05
  16590   0.65235E-05
  16600   0.65254E-05
  16610   0.65281E-05
  16620   0.65511E-05
  16630   0.65513E-05
  16640   0.65515E-05
  16650   0.65578E-05
  16660   0.65652E-05
  16670   0.65680E-05
  16680   0.65845E-05
  16690   0.65761E-05
  16700   0.65805E-05
  16710   0.65722E-05
  16720   0.65896E-05
  16730   0.66188E-05
  16740   0.66016E-05
  16750   0.66172E-05
  16760   0.66220E-05
  16770   0.66201E-05
  16780   0.66352E-05
  16790   0.66401E-05
  16800   0.66212E-05
  16810   0.66295E-05
  16820   0.66556E-05
  16830   0.66689E-05
  16840   0.66655E-05
  16850   0.66771E-05
  16860   0.66862E-05
  16870   0.66871E-05
  16880   0.66798E-05
  16890   0.66843E-05
  16900   0.66931E-05
  16910   0.66974E-05
  16920   0.66920E-05
  16930   0.67045E-05
  16940   0.67152E-05
  16950   0.67140E-05
  16960   0.67023E-05
  16970   0.67110E-05
  16980   0.67332E-05
  16990   0.67278E-05
  17000   0.67175E-05
  17010   0.67254E-05
  17020   0.67437E-05
  17030   0.67347E-05
  17040   0.67413E-05
  17050   0.67529E-05
  17060   0.67332E-05
  17070   0.67472E-05
  17080   0.67701E-05
  17090   0.67589E-05
  17100   0.67538E-05
  17110   0.67633E-05
  17120   0.67494E-05
  17130   0.67703E-05
  17140   0.67748E-05
  17150   0.67902E-05
  17160   0.67686E-05
  17170   0.67856E-05
  17180   0.67905E-05
  17190   0.67802E-05
  17200   0.68003E-05
  17210   0.67992E-05
  17220   0.68005E-05
  17230   0.67973E-05
  17240   0.68073E-05
  17250   0.68094E-05
  17260   0.68141E-05
  17270   0.68364E-05
  17280   0.68213E-05
  17290   0.68474E-05
  17300   0.68432E-05
  17310   0.68389E-05
  17320   0.68480E-05
  17330   0.68537E-05
  17340   0.68753E-05
  17350   0.68624E-05
  17360   0.68490E-05
  17370   0.68735E-05
  17380   0.68752E-05
  17390   0.68831E-05
  17400   0.68777E-05
  17410   0.68852E-05
  17420   0.69078E-05
  17430   0.69053E-05
  17440   0.69083E-05
  17450   0.69268E-05
  17460   0.69373E-05
  17470   0.69459E-05
  17480   0.69592E-05
  17490   0.69521E-05
  17500   0.69851E-05
  17510   0.69830E-05
  17520   0.69890E-05
  17530   0.70038E-05
  17540   0.70200E-05
  17550   0.70138E-05
  17560   0.70293E-05
  17570   0.70379E-05
  17580   0.70509E-05
  17590   0.70633E-05
  17600   0.70718E-05
  17610   0.70685E-05
  17620   0.70947E-05
  17630   0.71111E-05
  17640   0.71266E-05
  17650   0.71216E-05
  17660   0.71484E-05
  17670   0.71652E-05
  17680   0.71815E-05
  17690   0.71927E-05
  17700   0.72081E-05
  17710   0.72192E-05
  17720   0.72491E-05
  17730   0.72571E-05
  17740   0.72878E-05
  17750   0.73020E-05
  17760   0.73166E-05
  17770   0.73310E-05
  17780   0.73720E-05
  17790   0.73947E-05
  17800   0.74263E-05
  17810   0.74409E-05
  17820   0.74520E-05
  17830   0.74781E-05
  17840   0.75127E-05
  17850   0.75413E-05
  17860   0.75664E-05
  17870   0.75825E-05
  17880   0.76179E-05
  17890   0.76439E-05
  17900   0.76714E-05
  17910   0.76881E-05
  17920   0.77227E-05
  17930   0.77529E-05
  17940   0.77973E-05
  17950   0.78263E-05
  17960   0.78629E-05
  17970   0.78922E-05
  17980   0.79203E-05
  17990   0.79478E-05
  18000   0.79890E-05
  18010   0.80083E-05
  18020   0.80587E-05
  18030   0.81019E-05
  18040   0.81368E-05
  18050   0.81749E-05
  18060   0.82258E-05
  18070   0.82619E-05
  18080   0.83041E-05
  18090   0.83446E-05
  18100   0.83842E-05
  18110   0.84266E-05
  18120   0.84747E-05
  18130   0.85251E-05
  18140   0.85644E-05
  18150   0.86048E-05
  18160   0.86662E-05
  18170   0.87063E-05
  18180   0.87582E-05
  18190   0.88152E-05
  18200   0.88577E-05
  18210   0.88968E-05
  18220   0.89547E-05
  18230   0.90022E-05
  18240   0.90580E-05
  18250   0.91120E-05
  18260   0.91748E-05
  18270   0.92378E-05
  18280   0.92991E-05
  18290   0.93482E-05
  18300   0.94072E-05
  18310   0.94643E-05
  18320   0.95272E-05
  18330   0.95801E-05
  18340   0.96426E-05
  18350   0.97057E-05
  18360   0.97598E-05
  18370   0.98269E-05
  18380   0.98904E-05
  18390   0.99588E-05
  18400   0.10018E-04
  18410   0.10077E-04
  18420   0.10140E-04
  18430   0.10217E-04
  18440   0.10279E-04
  18450   0.10355E-04
  18460   0.10416E-04
  18470   0.10486E-04
  18480   0.10565E-04
  18490   0.10628E-04
  18500   0.10690E-04
  18510   0.10771E-04
  18520   0.10855E-04
  18530   0.10924E-04
  18540   0.11007E-04
  18550   0.11073E-04
  18560   0.11139E-04
  18570   0.11228E-04
  18580   0.11307E-04
  18590   0.11398E-04
  18600   0.11474E-04
  18610   0.11558E-04
  18620   0.11625E-04
  18630   0.11710E-04
  18640   0.11772E-04
  18650   0.11847E-04
  18660   0.11931E-04
  18670   0.12017E-04
  18680   0.12090E-04
  18690   0.12154E-04
  18700   0.12248E-04
  18710   0.12319E-04
  18720   0.12396E-04
  18730   0.12483E-04
  18740   0.12553E-04
  18750   0.12635E-04
  18760   0.12705E-04
  18770   0.12796E-04
  18780   0.12874E-04
  18790   0.12935E-04
  18800   0.13016E-04
  18810   0.13100E-04
  18820   0.13175E-04
  18830   0.13253E-04
  18840   0.13320E-04
  18850   0.13410E-04
  18860   0.13502E-04
  18870   0.13574E-04
  18880   0.13652E-04
  18890   0.13733E-04
  18900   0.13794E-04
  18910   0.13870E-04
  18920   0.13955E-04
  18930   0.14039E-04
  18940   0.14122E-04
  18950   0.14186E-04
  18960   0.14285E-04
  18970   0.14361E-04
  18980   0.14419E-04
  18990   0.14509E-04
  19000   0.14573E-04
  19010   0.14657E-04
  19020   0.14734E-04
  19030   0.14813E-04
  19040   0.14874E-04
  19050   0.14955E-04
  19060   0.15012E-04
  19070   0.15075E-04
  19080   0.15154E-04
  19090   0.15216E-04
  19100   0.15277E-04
  19110   0.15356E-04
  19120   0.15440E-04
  19130   0.15488E-04
  19140   0.15563E-04
  19150   0.15630E-04
  19160   0.15702E-04
  19170   0.15779E-04
  19180   0.15832E-04
  19190   0.15902E-04
  19200   0.15977E-04
  19210   0.16041E-04
  19220   0.16118E-04
  19230   0.16173E-04
  19240   0.16240E-04
  19250   0.16285E-04
  19260   0.16370E-04
  19270   0.16428E-04
  19280   0.16501E-04
  19290   0.16569E-04
  19300   0.16636E-04
  19310   0.16690E-04
  19320   0.16776E-04
  19330   0.16826E-04
  19340   0.16902E-04
  19350   0.16980E-04
  19360   0.17024E-04
  19370   0.17102E-04
  19380   0.17177E-04
  19390   0.17255E-04
  19400   0.17317E-04
  19410   0.17384E-04
  19420   0.17466E-04
  19430   0.17536E-04
  19440   0.17596E-04
  19450   0.17675E-04
  19460   0.17740E-04
  19470   0.17834E-04
  19480   0.17897E-04
  19490   0.17971E-04
  19500   0.18047E-04
  19510   0.18130E-04
  19520   0.18219E-04
  19530   0.18301E-04
  19540   0.18384E-04
  19550   0.18478E-04
  19560   0.18564E-04
  19570   0.18641E-04
  19580   0.18735E-04
  19590   0.18830E-04
  19600   0.18924E-04
  19610   0.19021E-04
  19620   0.19118E-04
  19630   0.19204E-04
  19640   0.19316E-04
  19650   0.19417E-04
  19660   0.19511E-04
  19670   0.19621E-04
  19680   0.19715E-04
  19690   0.19835E-04
  19700   0.19942E-04
  19710   0.20041E-04
  19720   0.20144E-04
  19730   0.20268E-04
  19740   0.20370E-04
  19750   0.20476E-04
  19760   0.20598E-04
  19770   0.20702E-04
  19780   0.20834E-04
  19790   0.20932E-04
  19800   0.21059E-04
  19810   0.21172E-04
  19820   0.21292E-04
  19830   0.21416E-04
  19840   0.21535E-04
  19850   0.21644E-04
  19860   0.21782E-04
  19870   0.21901E-04
  19880   0.22021E-04
  19890   0.22153E-04
  19900   0.22286E-04
  19910   0.22395E-04
  19920   0.22544E-04
  19930   0.22669E-04
  19940   0.22787E-04
  19950   0.22917E-04
  19960   0.23044E-04
  19970   0.23175E-04
  19980   0.23301E-04
  19990   0.23437E-04
  20000   0.23575E-04
