     10   0.10169E-02
     20   0.89981E-03
     30   0.82854E-03
     40   0.78195E-03
     50   0.75599E-03
     60   0.72604E-03
     70   0.71056E-03
     80   0.68910E-03
     90   0.67435E-03
    100   0.65839E-03
    110   0.64351E-03
    120   0.63293E-03
    130   0.62055E-03
    140   0.60767E-03
    150   0.59641E-03
    160   0.58489E-03
    170   0.57236E-03
    180   0.56064E-03
    190   0.55046E-03
    200   0.54094E-03
    210   0.53303E-03
    220   0.52658E-03
    230   0.52230E-03
    240   0.51772E-03
    250   0.51176E-03
    260   0.50346E-03
    270   0.49402E-03
    280   0.48544E-03
    290   0.47855E-03
    300   0.47287E-03
    310   0.46803E-03
    320   0.46375E-03
    330   0.45997E-03
    340   0.45653E-03
    350   0.45346E-03
    360   0.45076E-03
    370   0.44830E-03
    380   0.44601E-03
    390   0.44383E-03
    400   0.44175E-03
    410   0.43969E-03
    420   0.43765E-03
    430   0.43558E-03
    440   0.43349E-03
    450   0.43130E-03
    460   0.42903E-03
    470   0.42662E-03
    480   0.42407E-03
    490   0.42132E-03
    500   0.41840E-03
    510   0.41526E-03
    520   0.41192E-03
    530   0.40835E-03
    540   0.40458E-03
    550   0.40056E-03
    560   0.39633E-03
    570   0.39192E-03
    580   0.38733E-03
    590   0.38261E-03
    600   0.37776E-03
    610   0.37287E-03
    620   0.36791E-03
    630   0.36296E-03
    640   0.35804E-03
    650   0.35318E-03
    660   0.34845E-03
    670   0.34387E-03
    680   0.33947E-03
    690   0.33531E-03
    700   0.33139E-03
    710   0.32774E-03
    720   0.32440E-03
    730   0.32135E-03
    740   0.31862E-03
    750   0.31617E-03
    760   0.31401E-03
    770   0.31211E-03
    780   0.31045E-03
    790   0.30900E-03
    800   0.30774E-03
    810   0.30661E-03
    820   0.30560E-03
    830   0.30469E-03
    840   0.30380E-03
    850   0.30293E-03
    860   0.30205E-03
    870   0.30112E-03
    880   0.30013E-03
    890   0.29907E-03
    900   0.29789E-03
    910   0.29661E-03
    920   0.29520E-03
    930   0.29365E-03
    940   0.29193E-03
    950   0.29008E-03
    960   0.28808E-03
    970   0.28586E-03
    980   0.28352E-03
    990   0.28100E-03
   1000   0.27830E-03
   1010   0.27545E-03
   1020   0.27245E-03
   1030   0.26929E-03
   1040   0.26601E-03
   1050   0.26261E-03
   1060   0.25910E-03
   1070   0.25552E-03
   1080   0.25188E-03
   1090   0.24820E-03
   1100   0.24452E-03
   1110   0.24086E-03
   1120   0.23726E-03
   1130   0.23377E-03
   1140   0.23036E-03
   1150   0.22710E-03
   1160   0.22402E-03
   1170   0.22115E-03
   1180   0.21848E-03
   1190   0.21603E-03
   1200   0.21385E-03
   1210   0.21194E-03
   1220   0.21027E-03
   1230   0.20888E-03
   1240   0.20774E-03
   1250   0.20688E-03
   1260   0.20624E-03
   1270   0.20585E-03
   1280   0.20566E-03
   1290   0.20567E-03
   1300   0.20584E-03
   1310   0.20616E-03
   1320   0.20660E-03
   1330   0.20713E-03
   1340   0.20777E-03
   1350   0.20844E-03
   1360   0.20914E-03
   1370   0.20987E-03
   1380   0.21055E-03
   1390   0.21123E-03
   1400   0.21187E-03
   1410   0.21241E-03
   1420   0.21290E-03
   1430   0.21328E-03
   1440   0.21356E-03
   1450   0.21373E-03
   1460   0.21376E-03
   1470   0.21370E-03
   1480   0.21347E-03
   1490   0.21311E-03
   1500   0.21263E-03
   1510   0.21199E-03
   1520   0.21123E-03
   1530   0.21035E-03
   1540   0.20930E-03
   1550   0.20816E-03
   1560   0.20689E-03
   1570   0.20552E-03
   1580   0.20401E-03
   1590   0.20243E-03
   1600   0.20075E-03
   1610   0.19901E-03
   1620   0.19718E-03
   1630   0.19530E-03
   1640   0.19335E-03
   1650   0.19136E-03
   1660   0.18936E-03
   1670   0.18734E-03
   1680   0.18525E-03
   1690   0.18317E-03
   1700   0.18111E-03
   1710   0.17906E-03
   1720   0.17700E-03
   1730   0.17496E-03
   1740   0.17294E-03
   1750   0.17098E-03
   1760   0.16904E-03
   1770   0.16714E-03
   1780   0.16531E-03
   1790   0.16351E-03
   1800   0.16175E-03
   1810   0.16009E-03
   1820   0.15845E-03
   1830   0.15688E-03
   1840   0.15538E-03
   1850   0.15396E-03
   1860   0.15260E-03
   1870   0.15133E-03
   1880   0.15011E-03
   1890   0.14900E-03
   1900   0.14792E-03
   1910   0.14696E-03
   1920   0.14603E-03
   1930   0.14519E-03
   1940   0.14444E-03
   1950   0.14373E-03
   1960   0.14308E-03
   1970   0.14251E-03
   1980   0.14199E-03
   1990   0.14155E-03
   2000   0.14116E-03
   2010   0.14084E-03
   2020   0.14056E-03
   2030   0.14034E-03
   2040   0.14020E-03
   2050   0.14009E-03
   2060   0.14003E-03
   2070   0.14002E-03
   2080   0.14006E-03
   2090   0.14015E-03
   2100   0.14030E-03
   2110   0.14048E-03
   2120   0.14069E-03
   2130   0.14099E-03
   2140   0.14130E-03
   2150   0.14166E-03
   2160   0.14205E-03
   2170   0.14247E-03
   2180   0.14292E-03
   2190   0.14340E-03
   2200   0.14390E-03
   2210   0.14443E-03
   2220   0.14496E-03
   2230   0.14550E-03
   2240   0.14608E-03
   2250   0.14662E-03
   2260   0.14719E-03
   2270   0.14778E-03
   2280   0.14834E-03
   2290   0.14891E-03
   2300   0.14948E-03
   2310   0.15001E-03
   2320   0.15054E-03
   2330   0.15105E-03
   2340   0.15154E-03
   2350   0.15204E-03
   2360   0.15251E-03
   2370   0.15297E-03
   2380   0.15337E-03
   2390   0.15377E-03
   2400   0.15412E-03
   2410   0.15445E-03
   2420   0.15475E-03
   2430   0.15503E-03
   2440   0.15525E-03
   2450   0.15548E-03
   2460   0.15565E-03
   2470   0.15577E-03
   2480   0.15587E-03
   2490   0.15591E-03
   2500   0.15594E-03
   2510   0.15591E-03
   2520   0.15584E-03
   2530   0.15574E-03
   2540   0.15562E-03
   2550   0.15545E-03
   2560   0.15523E-03
   2570   0.15498E-03
   2580   0.15470E-03
   2590   0.15440E-03
   2600   0.15405E-03
   2610   0.15365E-03
   2620   0.15323E-03
   2630   0.15278E-03
   2640   0.15230E-03
   2650   0.15178E-03
   2660   0.15123E-03
   2670   0.15065E-03
   2680   0.15009E-03
   2690   0.14951E-03
   2700   0.14887E-03
   2710   0.14819E-03
   2720   0.14755E-03
   2730   0.14681E-03
   2740   0.14610E-03
   2750   0.14540E-03
   2760   0.14466E-03
   2770   0.14389E-03
   2780   0.14311E-03
   2790   0.14235E-03
   2800   0.14155E-03
   2810   0.14075E-03
   2820   0.13994E-03
   2830   0.13913E-03
   2840   0.13829E-03
   2850   0.13747E-03
   2860   0.13666E-03
   2870   0.13580E-03
   2880   0.13499E-03
   2890   0.13416E-03
   2900   0.13331E-03
   2910   0.13248E-03
   2920   0.13167E-03
   2930   0.13085E-03
   2940   0.13002E-03
   2950   0.12920E-03
   2960   0.12841E-03
   2970   0.12759E-03
   2980   0.12681E-03
   2990   0.12602E-03
   3000   0.12523E-03
   3010   0.12446E-03
   3020   0.12371E-03
   3030   0.12295E-03
   3040   0.12221E-03
   3050   0.12149E-03
   3060   0.12076E-03
   3070   0.12004E-03
   3080   0.11934E-03
   3090   0.11866E-03
   3100   0.11796E-03
   3110   0.11728E-03
   3120   0.11663E-03
   3130   0.11597E-03
   3140   0.11532E-03
   3150   0.11469E-03
   3160   0.11408E-03
   3170   0.11347E-03
   3180   0.11288E-03
   3190   0.11227E-03
   3200   0.11171E-03
   3210   0.11114E-03
   3220   0.11057E-03
   3230   0.11002E-03
   3240   0.10947E-03
   3250   0.10895E-03
   3260   0.10843E-03
   3270   0.10792E-03
   3280   0.10741E-03
   3290   0.10691E-03
   3300   0.10643E-03
   3310   0.10596E-03
   3320   0.10549E-03
   3330   0.10501E-03
   3340   0.10457E-03
   3350   0.10412E-03
   3360   0.10369E-03
   3370   0.10324E-03
   3380   0.10283E-03
   3390   0.10241E-03
   3400   0.10200E-03
   3410   0.10161E-03
   3420   0.10120E-03
   3430   0.10080E-03
   3440   0.10041E-03
   3450   0.10002E-03
   3460   0.99664E-04
   3470   0.99282E-04
   3480   0.98935E-04
   3490   0.98561E-04
   3500   0.98204E-04
   3510   0.97865E-04
   3520   0.97502E-04
   3530   0.97169E-04
   3540   0.96839E-04
   3550   0.96502E-04
   3560   0.96179E-04
   3570   0.95857E-04
   3580   0.95566E-04
   3590   0.95241E-04
   3600   0.94929E-04
   3610   0.94608E-04
   3620   0.94313E-04
   3630   0.94025E-04
   3640   0.93725E-04
   3650   0.93426E-04
   3660   0.93139E-04
   3670   0.92866E-04
   3680   0.92574E-04
   3690   0.92311E-04
   3700   0.92047E-04
   3710   0.91778E-04
   3720   0.91504E-04
   3730   0.91240E-04
   3740   0.90970E-04
   3750   0.90730E-04
   3760   0.90477E-04
   3770   0.90217E-04
   3780   0.89981E-04
   3790   0.89740E-04
   3800   0.89492E-04
   3810   0.89256E-04
   3820   0.89002E-04
   3830   0.88755E-04
   3840   0.88542E-04
   3850   0.88341E-04
   3860   0.88102E-04
   3870   0.87873E-04
   3880   0.87652E-04
   3890   0.87443E-04
   3900   0.87234E-04
   3910   0.87008E-04
   3920   0.86804E-04
   3930   0.86597E-04
   3940   0.86416E-04
   3950   0.86208E-04
   3960   0.85986E-04
   3970   0.85823E-04
   3980   0.85613E-04
   3990   0.85431E-04
   4000   0.85229E-04
   4010   0.85064E-04
   4020   0.84875E-04
   4030   0.84694E-04
   4040   0.84519E-04
   4050   0.84343E-04
   4060   0.84170E-04
   4070   0.83979E-04
   4080   0.83792E-04
   4090   0.83620E-04
   4100   0.83470E-04
   4110   0.83321E-04
   4120   0.83130E-04
   4130   0.82965E-04
   4140   0.82783E-04
   4150   0.82638E-04
   4160   0.82480E-04
   4170   0.82324E-04
   4180   0.82158E-04
   4190   0.82008E-04
   4200   0.81831E-04
   4210   0.81687E-04
   4220   0.81544E-04
   4230   0.81395E-04
   4240   0.81222E-04
   4250   0.81084E-04
   4260   0.80926E-04
   4270   0.80784E-04
   4280   0.80646E-04
   4290   0.80486E-04
   4300   0.80347E-04
   4310   0.80209E-04
   4320   0.80044E-04
   4330   0.79914E-04
   4340   0.79774E-04
   4350   0.79618E-04
   4360   0.79487E-04
   4370   0.79349E-04
   4380   0.79202E-04
   4390   0.79065E-04
   4400   0.78920E-04
   4410   0.78807E-04
   4420   0.78671E-04
   4430   0.78516E-04
   4440   0.78389E-04
   4450   0.78255E-04
   4460   0.78112E-04
   4470   0.77987E-04
   4480   0.77849E-04
   4490   0.77719E-04
   4500   0.77595E-04
   4510   0.77448E-04
   4520   0.77308E-04
   4530   0.77197E-04
   4540   0.77078E-04
   4550   0.76927E-04
   4560   0.76795E-04
   4570   0.76660E-04
   4580   0.76529E-04
   4590   0.76404E-04
   4600   0.76280E-04
   4610   0.76137E-04
   4620   0.76036E-04
   4630   0.75883E-04
   4640   0.75766E-04
   4650   0.75633E-04
   4660   0.75517E-04
   4670   0.75367E-04
   4680   0.75256E-04
   4690   0.75144E-04
   4700   0.74981E-04
   4710   0.74855E-04
   4720   0.74752E-04
   4730   0.74610E-04
   4740   0.74496E-04
   4750   0.74373E-04
   4760   0.74242E-04
   4770   0.74099E-04
   4780   0.73998E-04
   4790   0.73877E-04
   4800   0.73734E-04
   4810   0.73611E-04
   4820   0.73474E-04
   4830   0.73351E-04
   4840   0.73235E-04
   4850   0.73087E-04
   4860   0.72963E-04
   4870   0.72856E-04
   4880   0.72714E-04
   4890   0.72596E-04
   4900   0.72477E-04
   4910   0.72336E-04
   4920   0.72203E-04
   4930   0.72108E-04
   4940   0.71978E-04
   4950   0.71849E-04
   4960   0.71715E-04
   4970   0.71613E-04
   4980   0.71480E-04
   4990   0.71355E-04
   5000   0.71211E-04
   5010   0.71085E-04
   5020   0.70983E-04
   5030   0.70855E-04
   5040   0.70719E-04
   5050   0.70595E-04
   5060   0.70482E-04
   5070   0.70356E-04
   5080   0.70225E-04
   5090   0.70103E-04
   5100   0.69976E-04
   5110   0.69841E-04
   5120   0.69737E-04
   5130   0.69614E-04
   5140   0.69488E-04
   5150   0.69376E-04
   5160   0.69224E-04
   5170   0.69099E-04
   5180   0.68995E-04
   5190   0.68844E-04
   5200   0.68719E-04
   5210   0.68628E-04
   5220   0.68496E-04
   5230   0.68373E-04
   5240   0.68250E-04
   5250   0.68134E-04
   5260   0.68011E-04
   5270   0.67883E-04
   5280   0.67767E-04
   5290   0.67629E-04
   5300   0.67517E-04
   5310   0.67404E-04
   5320   0.67281E-04
   5330   0.67165E-04
   5340   0.67052E-04
   5350   0.66921E-04
   5360   0.66799E-04
   5370   0.66679E-04
   5380   0.66595E-04
   5390   0.66450E-04
   5400   0.66344E-04
   5410   0.66231E-04
   5420   0.66110E-04
   5430   0.65977E-04
   5440   0.65855E-04
   5450   0.65776E-04
   5460   0.65642E-04
   5470   0.65513E-04
   5480   0.65397E-04
   5490   0.65309E-04
   5500   0.65184E-04
   5510   0.65080E-04
   5520   0.64959E-04
   5530   0.64857E-04
   5540   0.64746E-04
   5550   0.64620E-04
   5560   0.64527E-04
   5570   0.64419E-04
   5580   0.64312E-04
   5590   0.64201E-04
   5600   0.64088E-04
   5610   0.63980E-04
   5620   0.63870E-04
   5630   0.63749E-04
   5640   0.63674E-04
   5650   0.63554E-04
   5660   0.63458E-04
   5670   0.63354E-04
   5680   0.63241E-04
   5690   0.63140E-04
   5700   0.63060E-04
   5710   0.62926E-04
   5720   0.62847E-04
   5730   0.62745E-04
   5740   0.62646E-04
   5750   0.62549E-04
   5760   0.62425E-04
   5770   0.62361E-04
   5780   0.62230E-04
   5790   0.62172E-04
   5800   0.62047E-04
   5810   0.61947E-04
   5820   0.61875E-04
   5830   0.61776E-04
   5840   0.61687E-04
   5850   0.61565E-04
   5860   0.61482E-04
   5870   0.61387E-04
   5880   0.61300E-04
   5890   0.61219E-04
   5900   0.61131E-04
   5910   0.61037E-04
   5920   0.60952E-04
   5930   0.60868E-04
   5940   0.60792E-04
   5950   0.60683E-04
   5960   0.60614E-04
   5970   0.60504E-04
   5980   0.60414E-04
   5990   0.60327E-04
   6000   0.60242E-04
   6010   0.60168E-04
   6020   0.60088E-04
   6030   0.60007E-04
   6040   0.59915E-04
   6050   0.59842E-04
   6060   0.59749E-04
   6070   0.59677E-04
   6080   0.59590E-04
   6090   0.59511E-04
   6100   0.59433E-04
   6110   0.59360E-04
   6120   0.59278E-04
   6130   0.59220E-04
   6140   0.59115E-04
   6150   0.59060E-04
   6160   0.58964E-04
   6170   0.58904E-04
   6180   0.58804E-04
   6190   0.58754E-04
   6200   0.58681E-04
   6210   0.58609E-04
   6220   0.58521E-04
   6230   0.58461E-04
   6240   0.58405E-04
   6250   0.58320E-04
   6260   0.58279E-04
   6270   0.58181E-04
   6280   0.58128E-04
   6290   0.58070E-04
   6300   0.57981E-04
   6310   0.57944E-04
   6320   0.57858E-04
   6330   0.57794E-04
   6340   0.57728E-04
   6350   0.57660E-04
   6360   0.57596E-04
   6370   0.57525E-04
   6380   0.57478E-04
   6390   0.57414E-04
   6400   0.57339E-04
   6410   0.57282E-04
   6420   0.57206E-04
   6430   0.57140E-04
   6440   0.57102E-04
   6450   0.57043E-04
   6460   0.56952E-04
   6470   0.56908E-04
   6480   0.56829E-04
   6490   0.56782E-04
   6500   0.56714E-04
   6510   0.56650E-04
   6520   0.56613E-04
   6530   0.56526E-04
   6540   0.56492E-04
   6550   0.56431E-04
   6560   0.56360E-04
   6570   0.56297E-04
   6580   0.56236E-04
   6590   0.56173E-04
   6600   0.56123E-04
   6610   0.56068E-04
   6620   0.56018E-04
   6630   0.55953E-04
   6640   0.55907E-04
   6650   0.55846E-04
   6660   0.55794E-04
   6670   0.55757E-04
   6680   0.55691E-04
   6690   0.55638E-04
   6700   0.55581E-04
   6710   0.55506E-04
   6720   0.55477E-04
   6730   0.55400E-04
   6740   0.55358E-04
   6750   0.55290E-04
   6760   0.55241E-04
   6770   0.55201E-04
   6780   0.55126E-04
   6790   0.55087E-04
   6800   0.55015E-04
   6810   0.54972E-04
   6820   0.54935E-04
   6830   0.54860E-04
   6840   0.54821E-04
   6850   0.54768E-04
   6860   0.54700E-04
   6870   0.54644E-04
   6880   0.54571E-04
   6890   0.54551E-04
   6900   0.54487E-04
   6910   0.54435E-04
   6920   0.54374E-04
   6930   0.54313E-04
   6940   0.54244E-04
   6950   0.54225E-04
   6960   0.54166E-04
   6970   0.54099E-04
   6980   0.54024E-04
   6990   0.53996E-04
   7000   0.53933E-04
   7010   0.53882E-04
   7020   0.53826E-04
   7030   0.53781E-04
   7040   0.53719E-04
   7050   0.53649E-04
   7060   0.53610E-04
   7070   0.53552E-04
   7080   0.53513E-04
   7090   0.53463E-04
   7100   0.53402E-04
   7110   0.53355E-04
   7120   0.53316E-04
   7130   0.53254E-04
   7140   0.53218E-04
   7150   0.53163E-04
   7160   0.53083E-04
   7170   0.53051E-04
   7180   0.52983E-04
   7190   0.52960E-04
   7200   0.52894E-04
   7210   0.52807E-04
   7220   0.52783E-04
   7230   0.52733E-04
   7240   0.52671E-04
   7250   0.52621E-04
   7260   0.52577E-04
   7270   0.52520E-04
   7280   0.52455E-04
   7290   0.52405E-04
   7300   0.52358E-04
   7310   0.52282E-04
   7320   0.52254E-04
   7330   0.52223E-04
   7340   0.52180E-04
   7350   0.52110E-04
   7360   0.52048E-04
   7370   0.52019E-04
   7380   0.51969E-04
   7390   0.51911E-04
   7400   0.51894E-04
   7410   0.51816E-04
   7420   0.51753E-04
   7430   0.51727E-04
   7440   0.51658E-04
   7450   0.51610E-04
   7460   0.51565E-04
   7470   0.51511E-04
   7480   0.51438E-04
   7490   0.51388E-04
   7500   0.51306E-04
   7510   0.51276E-04
   7520   0.51218E-04
   7530   0.51150E-04
   7540   0.51118E-04
   7550   0.51041E-04
   7560   0.50993E-04
   7570   0.50947E-04
   7580   0.50890E-04
   7590   0.50836E-04
   7600   0.50778E-04
   7610   0.50733E-04
   7620   0.50651E-04
   7630   0.50628E-04
   7640   0.50569E-04
   7650   0.50515E-04
   7660   0.50443E-04
   7670   0.50384E-04
   7680   0.50325E-04
   7690   0.50278E-04
   7700   0.50212E-04
   7710   0.50150E-04
   7720   0.50084E-04
   7730   0.50032E-04
   7740   0.49963E-04
   7750   0.49911E-04
   7760   0.49852E-04
   7770   0.49803E-04
   7780   0.49753E-04
   7790   0.49688E-04
   7800   0.49611E-04
   7810   0.49564E-04
   7820   0.49499E-04
   7830   0.49449E-04
   7840   0.49405E-04
   7850   0.49336E-04
   7860   0.49248E-04
   7870   0.49203E-04
   7880   0.49118E-04
   7890   0.49075E-04
   7900   0.49008E-04
   7910   0.48961E-04
   7920   0.48867E-04
   7930   0.48793E-04
   7940   0.48738E-04
   7950   0.48675E-04
   7960   0.48609E-04
   7970   0.48527E-04
   7980   0.48459E-04
   7990   0.48393E-04
   8000   0.48320E-04
   8010   0.48278E-04
   8020   0.48189E-04
   8030   0.48137E-04
   8040   0.48057E-04
   8050   0.48008E-04
   8060   0.47922E-04
   8070   0.47882E-04
   8080   0.47802E-04
   8090   0.47733E-04
   8100   0.47654E-04
   8110   0.47618E-04
   8120   0.47532E-04
   8130   0.47459E-04
   8140   0.47387E-04
   8150   0.47315E-04
   8160   0.47243E-04
   8170   0.47169E-04
   8180   0.47107E-04
   8190   0.47049E-04
   8200   0.46983E-04
   8210   0.46900E-04
   8220   0.46845E-04
   8230   0.46756E-04
   8240   0.46687E-04
   8250   0.46631E-04
   8260   0.46575E-04
   8270   0.46506E-04
   8280   0.46428E-04
   8290   0.46365E-04
   8300   0.46303E-04
   8310   0.46248E-04
   8320   0.46175E-04
   8330   0.46100E-04
   8340   0.46038E-04
   8350   0.45963E-04
   8360   0.45887E-04
   8370   0.45847E-04
   8380   0.45759E-04
   8390   0.45689E-04
   8400   0.45621E-04
   8410   0.45539E-04
   8420   0.45470E-04
   8430   0.45401E-04
   8440   0.45332E-04
   8450   0.45247E-04
   8460   0.45174E-04
   8470   0.45094E-04
   8480   0.45017E-04
   8490   0.44966E-04
   8500   0.44887E-04
   8510   0.44786E-04
   8520   0.44704E-04
   8530   0.44644E-04
   8540   0.44553E-04
   8550   0.44488E-04
   8560   0.44420E-04
   8570   0.44322E-04
   8580   0.44236E-04
   8590   0.44153E-04
   8600   0.44078E-04
   8610   0.43984E-04
   8620   0.43910E-04
   8630   0.43817E-04
   8640   0.43749E-04
   8650   0.43662E-04
   8660   0.43578E-04
   8670   0.43500E-04
   8680   0.43416E-04
   8690   0.43329E-04
   8700   0.43264E-04
   8710   0.43185E-04
   8720   0.43101E-04
   8730   0.43035E-04
   8740   0.42949E-04
   8750   0.42883E-04
   8760   0.42784E-04
   8770   0.42703E-04
   8780   0.42649E-04
   8790   0.42542E-04
   8800   0.42463E-04
   8810   0.42402E-04
   8820   0.42316E-04
   8830   0.42235E-04
   8840   0.42167E-04
   8850   0.42073E-04
   8860   0.42000E-04
   8870   0.41903E-04
   8880   0.41845E-04
   8890   0.41750E-04
   8900   0.41684E-04
   8910   0.41606E-04
   8920   0.41520E-04
   8930   0.41431E-04
   8940   0.41382E-04
   8950   0.41273E-04
   8960   0.41194E-04
   8970   0.41123E-04
   8980   0.41032E-04
   8990   0.40936E-04
   9000   0.40882E-04
   9010   0.40796E-04
   9020   0.40708E-04
   9030   0.40622E-04
   9040   0.40559E-04
   9050   0.40471E-04
   9060   0.40392E-04
   9070   0.40312E-04
   9080   0.40243E-04
   9090   0.40152E-04
   9100   0.40093E-04
   9110   0.39972E-04
   9120   0.39900E-04
   9130   0.39849E-04
   9140   0.39745E-04
   9150   0.39684E-04
   9160   0.39614E-04
   9170   0.39517E-04
   9180   0.39442E-04
   9190   0.39355E-04
   9200   0.39277E-04
   9210   0.39195E-04
   9220   0.39122E-04
   9230   0.39043E-04
   9240   0.38974E-04
   9250   0.38884E-04
   9260   0.38803E-04
   9270   0.38730E-04
   9280   0.38641E-04
   9290   0.38568E-04
   9300   0.38477E-04
   9310   0.38435E-04
   9320   0.38346E-04
   9330   0.38263E-04
   9340   0.38187E-04
   9350   0.38127E-04
   9360   0.38062E-04
   9370   0.37989E-04
   9380   0.37902E-04
   9390   0.37846E-04
   9400   0.37765E-04
   9410   0.37718E-04
   9420   0.37639E-04
   9430   0.37567E-04
   9440   0.37518E-04
   9450   0.37422E-04
   9460   0.37363E-04
   9470   0.37278E-04
   9480   0.37226E-04
   9490   0.37155E-04
   9500   0.37100E-04
   9510   0.37019E-04
   9520   0.36953E-04
   9530   0.36895E-04
   9540   0.36818E-04
   9550   0.36771E-04
   9560   0.36678E-04
   9570   0.36620E-04
   9580   0.36558E-04
   9590   0.36510E-04
   9600   0.36434E-04
   9610   0.36391E-04
   9620   0.36313E-04
   9630   0.36256E-04
   9640   0.36211E-04
   9650   0.36141E-04
   9660   0.36080E-04
   9670   0.36022E-04
   9680   0.35959E-04
   9690   0.35909E-04
   9700   0.35859E-04
   9710   0.35799E-04
   9720   0.35745E-04
   9730   0.35685E-04
   9740   0.35621E-04
   9750   0.35576E-04
   9760   0.35498E-04
   9770   0.35471E-04
   9780   0.35416E-04
   9790   0.35363E-04
   9800   0.35299E-04
   9810   0.35261E-04
   9820   0.35215E-04
   9830   0.35150E-04
   9840   0.35097E-04
   9850   0.35046E-04
   9860   0.35006E-04
   9870   0.34936E-04
   9880   0.34900E-04
   9890   0.34847E-04
   9900   0.34791E-04
   9910   0.34736E-04
   9920   0.34691E-04
   9930   0.34643E-04
   9940   0.34591E-04
   9950   0.34539E-04
   9960   0.34501E-04
   9970   0.34471E-04
   9980   0.34440E-04
   9990   0.34380E-04
  10000   0.34335E-04
  10010   0.34296E-04
  10020   0.34251E-04
  10030   0.34192E-04
  10040   0.34155E-04
  10050   0.34137E-04
  10060   0.34066E-04
  10070   0.34051E-04
  10080   0.34018E-04
  10090   0.33972E-04
  10100   0.33932E-04
  10110   0.33897E-04
  10120   0.33853E-04
  10130   0.33809E-04
  10140   0.33759E-04
  10150   0.33717E-04
  10160   0.33688E-04
  10170   0.33651E-04
  10180   0.33623E-04
  10190   0.33580E-04
  10200   0.33545E-04
  10210   0.33505E-04
  10220   0.33495E-04
  10230   0.33437E-04
  10240   0.33401E-04
  10250   0.33351E-04
  10260   0.33300E-04
  10270   0.33279E-04
  10280   0.33234E-04
  10290   0.33176E-04
  10300   0.33164E-04
  10310   0.33128E-04
  10320   0.33113E-04
  10330   0.33079E-04
  10340   0.33061E-04
  10350   0.33027E-04
  10360   0.32993E-04
  10370   0.32958E-04
  10380   0.32922E-04
  10390   0.32922E-04
  10400   0.32894E-04
  10410   0.32853E-04
  10420   0.32810E-04
  10430   0.32802E-04
  10440   0.32768E-04
  10450   0.32730E-04
  10460   0.32712E-04
  10470   0.32673E-04
  10480   0.32656E-04
  10490   0.32607E-04
  10500   0.32579E-04
  10510   0.32541E-04
  10520   0.32493E-04
  10530   0.32483E-04
  10540   0.32465E-04
  10550   0.32431E-04
  10560   0.32415E-04
  10570   0.32365E-04
  10580   0.32355E-04
  10590   0.32339E-04
  10600   0.32313E-04
  10610   0.32291E-04
  10620   0.32251E-04
  10630   0.32237E-04
  10640   0.32201E-04
  10650   0.32193E-04
  10660   0.32183E-04
  10670   0.32134E-04
  10680   0.32120E-04
  10690   0.32100E-04
  10700   0.32084E-04
  10710   0.32052E-04
  10720   0.32037E-04
  10730   0.32010E-04
  10740   0.31988E-04
  10750   0.31958E-04
  10760   0.31946E-04
  10770   0.31930E-04
  10780   0.31901E-04
  10790   0.31890E-04
  10800   0.31875E-04
  10810   0.31851E-04
  10820   0.31819E-04
  10830   0.31813E-04
  10840   0.31793E-04
  10850   0.31772E-04
  10860   0.31752E-04
  10870   0.31716E-04
  10880   0.31717E-04
  10890   0.31700E-04
  10900   0.31673E-04
  10910   0.31673E-04
  10920   0.31646E-04
  10930   0.31638E-04
  10940   0.31612E-04
  10950   0.31617E-04
  10960   0.31608E-04
  10970   0.31580E-04
  10980   0.31570E-04
  10990   0.31572E-04
  11000   0.31560E-04
  11010   0.31529E-04
  11020   0.31538E-04
  11030   0.31501E-04
  11040   0.31510E-04
  11050   0.31476E-04
  11060   0.31465E-04
  11070   0.31433E-04
  11080   0.31405E-04
  11090   0.31399E-04
  11100   0.31368E-04
  11110   0.31354E-04
  11120   0.31324E-04
  11130   0.31301E-04
  11140   0.31285E-04
  11150   0.31266E-04
  11160   0.31253E-04
  11170   0.31232E-04
  11180   0.31233E-04
  11190   0.31200E-04
  11200   0.31187E-04
  11210   0.31153E-04
  11220   0.31143E-04
  11230   0.31125E-04
  11240   0.31095E-04
  11250   0.31066E-04
  11260   0.31067E-04
  11270   0.31042E-04
  11280   0.31050E-04
  11290   0.31011E-04
  11300   0.31017E-04
  11310   0.31007E-04
  11320   0.30981E-04
  11330   0.30968E-04
  11340   0.30940E-04
  11350   0.30924E-04
  11360   0.30883E-04
  11370   0.30891E-04
  11380   0.30861E-04
  11390   0.30838E-04
  11400   0.30823E-04
  11410   0.30804E-04
  11420   0.30782E-04
  11430   0.30773E-04
  11440   0.30772E-04
  11450   0.30730E-04
  11460   0.30719E-04
  11470   0.30705E-04
  11480   0.30690E-04
  11490   0.30697E-04
  11500   0.30673E-04
  11510   0.30666E-04
  11520   0.30651E-04
  11530   0.30648E-04
  11540   0.30636E-04
  11550   0.30604E-04
  11560   0.30613E-04
  11570   0.30587E-04
  11580   0.30563E-04
  11590   0.30552E-04
  11600   0.30529E-04
  11610   0.30509E-04
  11620   0.30493E-04
  11630   0.30487E-04
  11640   0.30475E-04
  11650   0.30450E-04
  11660   0.30435E-04
  11670   0.30403E-04
  11680   0.30417E-04
  11690   0.30384E-04
  11700   0.30371E-04
  11710   0.30339E-04
  11720   0.30336E-04
  11730   0.30300E-04
  11740   0.30291E-04
  11750   0.30260E-04
  11760   0.30238E-04
  11770   0.30248E-04
  11780   0.30216E-04
  11790   0.30201E-04
  11800   0.30171E-04
  11810   0.30151E-04
  11820   0.30129E-04
  11830   0.30114E-04
  11840   0.30084E-04
  11850   0.30060E-04
  11860   0.30057E-04
  11870   0.30042E-04
  11880   0.30015E-04
  11890   0.29991E-04
  11900   0.29981E-04
  11910   0.29944E-04
  11920   0.29926E-04
  11930   0.29913E-04
  11940   0.29892E-04
  11950   0.29874E-04
  11960   0.29866E-04
  11970   0.29826E-04
  11980   0.29832E-04
  11990   0.29818E-04
  12000   0.29782E-04
  12010   0.29768E-04
  12020   0.29748E-04
  12030   0.29740E-04
  12040   0.29708E-04
  12050   0.29684E-04
  12060   0.29666E-04
  12070   0.29653E-04
  12080   0.29645E-04
  12090   0.29614E-04
  12100   0.29590E-04
  12110   0.29574E-04
  12120   0.29538E-04
  12130   0.29553E-04
  12140   0.29536E-04
  12150   0.29504E-04
  12160   0.29494E-04
  12170   0.29465E-04
  12180   0.29459E-04
  12190   0.29425E-04
  12200   0.29389E-04
  12210   0.29384E-04
  12220   0.29359E-04
  12230   0.29340E-04
  12240   0.29324E-04
  12250   0.29307E-04
  12260   0.29278E-04
  12270   0.29251E-04
  12280   0.29231E-04
  12290   0.29215E-04
  12300   0.29190E-04
  12310   0.29170E-04
  12320   0.29144E-04
  12330   0.29116E-04
  12340   0.29099E-04
  12350   0.29075E-04
  12360   0.29047E-04
  12370   0.29029E-04
  12380   0.28983E-04
  12390   0.28965E-04
  12400   0.28958E-04
  12410   0.28912E-04
  12420   0.28864E-04
  12430   0.28852E-04
  12440   0.28826E-04
  12450   0.28799E-04
  12460   0.28774E-04
  12470   0.28762E-04
  12480   0.28746E-04
  12490   0.28706E-04
  12500   0.28693E-04
  12510   0.28682E-04
  12520   0.28625E-04
  12530   0.28615E-04
  12540   0.28592E-04
  12550   0.28586E-04
  12560   0.28555E-04
  12570   0.28515E-04
  12580   0.28500E-04
  12590   0.28488E-04
  12600   0.28457E-04
  12610   0.28418E-04
  12620   0.28405E-04
  12630   0.28369E-04
  12640   0.28352E-04
  12650   0.28325E-04
  12660   0.28298E-04
  12670   0.28267E-04
  12680   0.28232E-04
  12690   0.28200E-04
  12700   0.28190E-04
  12710   0.28151E-04
  12720   0.28118E-04
  12730   0.28084E-04
  12740   0.28042E-04
  12750   0.28009E-04
  12760   0.27967E-04
  12770   0.27936E-04
  12780   0.27909E-04
  12790   0.27872E-04
  12800   0.27846E-04
  12810   0.27808E-04
  12820   0.27774E-04
  12830   0.27775E-04
  12840   0.27727E-04
  12850   0.27709E-04
  12860   0.27671E-04
  12870   0.27654E-04
  12880   0.27602E-04
  12890   0.27587E-04
  12900   0.27549E-04
  12910   0.27520E-04
  12920   0.27480E-04
  12930   0.27454E-04
  12940   0.27415E-04
  12950   0.27371E-04
  12960   0.27350E-04
  12970   0.27310E-04
  12980   0.27269E-04
  12990   0.27234E-04
  13000   0.27186E-04
  13010   0.27161E-04
  13020   0.27128E-04
  13030   0.27093E-04
  13040   0.27044E-04
  13050   0.27017E-04
  13060   0.26969E-04
  13070   0.26945E-04
  13080   0.26907E-04
  13090   0.26856E-04
  13100   0.26831E-04
  13110   0.26792E-04
  13120   0.26745E-04
  13130   0.26696E-04
  13140   0.26670E-04
  13150   0.26641E-04
  13160   0.26586E-04
  13170   0.26569E-04
  13180   0.26511E-04
  13190   0.26480E-04
  13200   0.26451E-04
  13210   0.26399E-04
  13220   0.26344E-04
  13230   0.26304E-04
  13240   0.26264E-04
  13250   0.26224E-04
  13260   0.26176E-04
  13270   0.26136E-04
  13280   0.26097E-04
  13290   0.26059E-04
  13300   0.26019E-04
  13310   0.25974E-04
  13320   0.25948E-04
  13330   0.25905E-04
  13340   0.25854E-04
  13350   0.25812E-04
  13360   0.25758E-04
  13370   0.25712E-04
  13380   0.25672E-04
  13390   0.25632E-04
  13400   0.25578E-04
  13410   0.25543E-04
  13420   0.25486E-04
  13430   0.25469E-04
  13440   0.25418E-04
  13450   0.25359E-04
  13460   0.25322E-04
  13470   0.25271E-04
  13480   0.25215E-04
  13490   0.25189E-04
  13500   0.25122E-04
  13510   0.25102E-04
  13520   0.25041E-04
  13530   0.25009E-04
  13540   0.24970E-04
  13550   0.24936E-04
  13560   0.24867E-04
  13570   0.24833E-04
  13580   0.24794E-04
  13590   0.24723E-04
  13600   0.24681E-04
  13610   0.24635E-04
  13620   0.24594E-04
  13630   0.24529E-04
  13640   0.24490E-04
  13650   0.24444E-04
  13660   0.24382E-04
  13670   0.24348E-04
  13680   0.24288E-04
  13690   0.24243E-04
  13700   0.24181E-04
  13710   0.24134E-04
  13720   0.24084E-04
  13730   0.24039E-04
  13740   0.24001E-04
  13750   0.23942E-04
  13760   0.23892E-04
  13770   0.23843E-04
  13780   0.23788E-04
  13790   0.23746E-04
  13800   0.23691E-04
  13810   0.23647E-04
  13820   0.23602E-04
  13830   0.23557E-04
  13840   0.23504E-04
  13850   0.23454E-04
  13860   0.23394E-04
  13870   0.23340E-04
  13880   0.23292E-04
  13890   0.23233E-04
  13900   0.23198E-04
  13910   0.23154E-04
  13920   0.23100E-04
  13930   0.23059E-04
  13940   0.22984E-04
  13950   0.22961E-04
  13960   0.22921E-04
  13970   0.22857E-04
  13980   0.22817E-04
  13990   0.22792E-04
  14000   0.22712E-04
  14010   0.22681E-04
  14020   0.22620E-04
  14030   0.22563E-04
  14040   0.22512E-04
  14050   0.22461E-04
  14060   0.22421E-04
  14070   0.22353E-04
  14080   0.22297E-04
  14090   0.22249E-04
  14100   0.22190E-04
  14110   0.22136E-04
  14120   0.22078E-04
  14130   0.22030E-04
  14140   0.21995E-04
  14150   0.21954E-04
  14160   0.21902E-04
  14170   0.21864E-04
  14180   0.21823E-04
  14190   0.21764E-04
  14200   0.21738E-04
  14210   0.21677E-04
  14220   0.21634E-04
  14230   0.21562E-04
  14240   0.21510E-04
  14250   0.21453E-04
  14260   0.21419E-04
  14270   0.21363E-04
  14280   0.21299E-04
  14290   0.21259E-04
  14300   0.21214E-04
  14310   0.21148E-04
  14320   0.21107E-04
  14330   0.21056E-04
  14340   0.21015E-04
  14350   0.20965E-04
  14360   0.20933E-04
  14370   0.20881E-04
  14380   0.20817E-04
  14390   0.20783E-04
  14400   0.20736E-04
  14410   0.20698E-04
  14420   0.20641E-04
  14430   0.20606E-04
  14440   0.20560E-04
  14450   0.20541E-04
  14460   0.20489E-04
  14470   0.20437E-04
  14480   0.20385E-04
  14490   0.20329E-04
  14500   0.20290E-04
  14510   0.20234E-04
  14520   0.20182E-04
  14530   0.20126E-04
  14540   0.20085E-04
  14550   0.20039E-04
  14560   0.19980E-04
  14570   0.19937E-04
  14580   0.19885E-04
  14590   0.19829E-04
  14600   0.19804E-04
  14610   0.19753E-04
  14620   0.19702E-04
  14630   0.19665E-04
  14640   0.19633E-04
  14650   0.19564E-04
  14660   0.19546E-04
  14670   0.19515E-04
  14680   0.19471E-04
  14690   0.19447E-04
  14700   0.19392E-04
  14710   0.19342E-04
  14720   0.19315E-04
  14730   0.19249E-04
  14740   0.19200E-04
  14750   0.19151E-04
  14760   0.19100E-04
  14770   0.19055E-04
  14780   0.18991E-04
  14790   0.18962E-04
  14800   0.18910E-04
  14810   0.18863E-04
  14820   0.18829E-04
  14830   0.18787E-04
  14840   0.18733E-04
  14850   0.18702E-04
  14860   0.18682E-04
  14870   0.18638E-04
  14880   0.18595E-04
  14890   0.18568E-04
  14900   0.18550E-04
  14910   0.18504E-04
  14920   0.18458E-04
  14930   0.18446E-04
  14940   0.18394E-04
  14950   0.18362E-04
  14960   0.18322E-04
  14970   0.18284E-04
  14980   0.18260E-04
  14990   0.18209E-04
  15000   0.18187E-04
  15010   0.18151E-04
  15020   0.18123E-04
  15030   0.18067E-04
  15040   0.18038E-04
  15050   0.17994E-04
  15060   0.17941E-04
  15070   0.17917E-04
  15080   0.17880E-04
  15090   0.17829E-04
  15100   0.17794E-04
  15110   0.17756E-04
  15120   0.17739E-04
  15130   0.17698E-04
  15140   0.17649E-04
  15150   0.17607E-04
  15160   0.17575E-04
  15170   0.17536E-04
  15180   0.17509E-04
  15190   0.17463E-04
  15200   0.17456E-04
  15210   0.17394E-04
  15220   0.17371E-04
  15230   0.17338E-04
  15240   0.17306E-04
  15250   0.17277E-04
  15260   0.17239E-04
  15270   0.17202E-04
  15280   0.17181E-04
  15290   0.17142E-04
  15300   0.17113E-04
  15310   0.17084E-04
  15320   0.17037E-04
  15330   0.17014E-04
  15340   0.16980E-04
  15350   0.16928E-04
  15360   0.16900E-04
  15370   0.16878E-04
  15380   0.16851E-04
  15390   0.16814E-04
  15400   0.16783E-04
  15410   0.16756E-04
  15420   0.16717E-04
  15430   0.16713E-04
  15440   0.16685E-04
  15450   0.16670E-04
  15460   0.16629E-04
  15470   0.16590E-04
  15480   0.16567E-04
  15490   0.16525E-04
  15500   0.16517E-04
  15510   0.16505E-04
  15520   0.16485E-04
  15530   0.16451E-04
  15540   0.16411E-04
  15550   0.16364E-04
  15560   0.16357E-04
  15570   0.16350E-04
  15580   0.16311E-04
  15590   0.16305E-04
  15600   0.16266E-04
  15610   0.16233E-04
  15620   0.16218E-04
  15630   0.16194E-04
  15640   0.16172E-04
  15650   0.16159E-04
  15660   0.16124E-04
  15670   0.16107E-04
  15680   0.16077E-04
  15690   0.16069E-04
  15700   0.16028E-04
  15710   0.15999E-04
  15720   0.15970E-04
  15730   0.15956E-04
  15740   0.15933E-04
  15750   0.15909E-04
  15760   0.15870E-04
  15770   0.15845E-04
  15780   0.15835E-04
  15790   0.15816E-04
  15800   0.15784E-04
  15810   0.15764E-04
  15820   0.15728E-04
  15830   0.15706E-04
  15840   0.15687E-04
  15850   0.15663E-04
  15860   0.15647E-04
  15870   0.15628E-04
  15880   0.15609E-04
  15890   0.15590E-04
  15900   0.15565E-04
  15910   0.15543E-04
  15920   0.15542E-04
  15930   0.15514E-04
  15940   0.15505E-04
  15950   0.15489E-04
  15960   0.15477E-04
  15970   0.15465E-04
  15980   0.15420E-04
  15990   0.15410E-04
  16000   0.15395E-04
  16010   0.15384E-04
  16020   0.15364E-04
  16030   0.15347E-04
  16040   0.15326E-04
  16050   0.15300E-04
  16060   0.15276E-04
  16070   0.15262E-04
  16080   0.15218E-04
  16090   0.15216E-04
  16100   0.15216E-04
  16110   0.15185E-04
  16120   0.15161E-04
  16130   0.15164E-04
  16140   0.15141E-04
  16150   0.15140E-04
  16160   0.15114E-04
  16170   0.15087E-04
  16180   0.15069E-04
  16190   0.15058E-04
  16200   0.15035E-04
  16210   0.15037E-04
  16220   0.14996E-04
  16230   0.15007E-04
  16240   0.14977E-04
  16250   0.14962E-04
  16260   0.14945E-04
  16270   0.14925E-04
  16280   0.14928E-04
  16290   0.14892E-04
  16300   0.14896E-04
  16310   0.14884E-04
  16320   0.14869E-04
  16330   0.14862E-04
  16340   0.14836E-04
  16350   0.14851E-04
  16360   0.14826E-04
  16370   0.14817E-04
  16380   0.14798E-04
  16390   0.14781E-04
  16400   0.14776E-04
  16410   0.14774E-04
  16420   0.14720E-04
  16430   0.14702E-04
  16440   0.14710E-04
  16450   0.14692E-04
  16460   0.14670E-04
  16470   0.14647E-04
  16480   0.14630E-04
  16490   0.14631E-04
  16500   0.14629E-04
  16510   0.14604E-04
  16520   0.14602E-04
  16530   0.14594E-04
  16540   0.14573E-04
  16550   0.14558E-04
  16560   0.14546E-04
  16570   0.14543E-04
  16580   0.14536E-04
  16590   0.14513E-04
  16600   0.14507E-04
  16610   0.14502E-04
  16620   0.14477E-04
  16630   0.14481E-04
  16640   0.14467E-04
  16650   0.14438E-04
  16660   0.14443E-04
  16670   0.14412E-04
  16680   0.14409E-04
  16690   0.14393E-04
  16700   0.14391E-04
  16710   0.14371E-04
  16720   0.14343E-04
  16730   0.14331E-04
  16740   0.14347E-04
  16750   0.14322E-04
  16760   0.14297E-04
  16770   0.14307E-04
  16780   0.14275E-04
  16790   0.14279E-04
  16800   0.14261E-04
  16810   0.14265E-04
  16820   0.14264E-04
  16830   0.14240E-04
  16840   0.14241E-04
  16850   0.14238E-04
  16860   0.14249E-04
  16870   0.14226E-04
  16880   0.14216E-04
  16890   0.14224E-04
  16900   0.14202E-04
  16910   0.14191E-04
  16920   0.14181E-04
  16930   0.14165E-04
  16940   0.14162E-04
  16950   0.14148E-04
  16960   0.14122E-04
  16970   0.14121E-04
  16980   0.14123E-04
  16990   0.14109E-04
  17000   0.14084E-04
  17010   0.14059E-04
  17020   0.14066E-04
  17030   0.14034E-04
  17040   0.14036E-04
  17050   0.14021E-04
  17060   0.14010E-04
  17070   0.14000E-04
  17080   0.13991E-04
  17090   0.13962E-04
  17100   0.13952E-04
  17110   0.13958E-04
  17120   0.13951E-04
  17130   0.13952E-04
  17140   0.13943E-04
  17150   0.13952E-04
  17160   0.13941E-04
  17170   0.13920E-04
  17180   0.13907E-04
  17190   0.13892E-04
  17200   0.13882E-04
  17210   0.13865E-04
  17220   0.13872E-04
  17230   0.13849E-04
  17240   0.13836E-04
  17250   0.13826E-04
  17260   0.13826E-04
  17270   0.13829E-04
  17280   0.13812E-04
  17290   0.13811E-04
  17300   0.13798E-04
  17310   0.13768E-04
  17320   0.13765E-04
  17330   0.13754E-04
  17340   0.13745E-04
  17350   0.13728E-04
  17360   0.13721E-04
  17370   0.13713E-04
  17380   0.13702E-04
  17390   0.13699E-04
  17400   0.13704E-04
  17410   0.13675E-04
  17420   0.13667E-04
  17430   0.13658E-04
  17440   0.13668E-04
  17450   0.13650E-04
  17460   0.13650E-04
  17470   0.13669E-04
  17480   0.13626E-04
  17490   0.13615E-04
  17500   0.13624E-04
  17510   0.13599E-04
  17520   0.13595E-04
  17530   0.13576E-04
  17540   0.13567E-04
  17550   0.13554E-04
  17560   0.13543E-04
  17570   0.13530E-04
  17580   0.13544E-04
  17590   0.13516E-04
  17600   0.13498E-04
  17610   0.13507E-04
  17620   0.13488E-04
  17630   0.13477E-04
  17640   0.13471E-04
  17650   0.13465E-04
  17660   0.13429E-04
  17670   0.13434E-04
  17680   0.13412E-04
  17690   0.13418E-04
  17700   0.13401E-04
  17710   0.13411E-04
  17720   0.13395E-04
  17730   0.13378E-04
  17740   0.13370E-04
  17750   0.13375E-04
  17760   0.13365E-04
  17770   0.13357E-04
  17780   0.13371E-04
  17790   0.13345E-04
  17800   0.13352E-04
  17810   0.13350E-04
  17820   0.13342E-04
  17830   0.13346E-04
  17840   0.13346E-04
  17850   0.13347E-04
  17860   0.13331E-04
  17870   0.13314E-04
  17880   0.13310E-04
  17890   0.13292E-04
  17900   0.13268E-04
  17910   0.13251E-04
  17920   0.13236E-04
  17930   0.13213E-04
  17940   0.13213E-04
  17950   0.13194E-04
  17960   0.13187E-04
  17970   0.13184E-04
  17980   0.13164E-04
  17990   0.13174E-04
  18000   0.13183E-04
  18010   0.13146E-04
  18020   0.13131E-04
  18030   0.13138E-04
  18040   0.13107E-04
  18050   0.13096E-04
  18060   0.13104E-04
  18070   0.13082E-04
  18080   0.13084E-04
  18090   0.13077E-04
  18100   0.13052E-04
  18110   0.13052E-04
  18120   0.13030E-04
  18130   0.13040E-04
  18140   0.13024E-04
  18150   0.13021E-04
  18160   0.13005E-04
  18170   0.12999E-04
  18180   0.12969E-04
  18190   0.12957E-04
  18200   0.12954E-04
  18210   0.12927E-04
  18220   0.12911E-04
  18230   0.12898E-04
  18240   0.12899E-04
  18250   0.12880E-04
  18260   0.12859E-04
  18270   0.12859E-04
  18280   0.12847E-04
  18290   0.12838E-04
  18300   0.12829E-04
  18310   0.12834E-04
  18320   0.12811E-04
  18330   0.12812E-04
  18340   0.12825E-04
  18350   0.12812E-04
  18360   0.12817E-04
  18370   0.12812E-04
  18380   0.12809E-04
  18390   0.12799E-04
  18400   0.12783E-04
  18410   0.12766E-04
  18420   0.12773E-04
  18430   0.12763E-04
  18440   0.12755E-04
  18450   0.12730E-04
  18460   0.12733E-04
  18470   0.12710E-04
  18480   0.12706E-04
  18490   0.12675E-04
  18500   0.12678E-04
  18510   0.12659E-04
  18520   0.12649E-04
  18530   0.12630E-04
  18540   0.12613E-04
  18550   0.12594E-04
  18560   0.12583E-04
  18570   0.12597E-04
  18580   0.12588E-04
  18590   0.12546E-04
  18600   0.12554E-04
  18610   0.12529E-04
  18620   0.12515E-04
  18630   0.12517E-04
  18640   0.12492E-04
  18650   0.12483E-04
  18660   0.12478E-04
  18670   0.12471E-04
  18680   0.12451E-04
  18690   0.12445E-04
  18700   0.12444E-04
  18710   0.12436E-04
  18720   0.12413E-04
  18730   0.12404E-04
  18740   0.12402E-04
  18750   0.12385E-04
  18760   0.12378E-04
  18770   0.12374E-04
  18780   0.12359E-04
  18790   0.12352E-04
  18800   0.12325E-04
  18810   0.12327E-04
  18820   0.12318E-04
  18830   0.12317E-04
  18840   0.12312E-04
  18850   0.12292E-04
  18860   0.12308E-04
  18870   0.12267E-04
  18880   0.12273E-04
  18890   0.12255E-04
  18900   0.12242E-04
  18910   0.12254E-04
  18920   0.12221E-04
  18930   0.12223E-04
  18940   0.12202E-04
  18950   0.12189E-04
  18960   0.12162E-04
  18970   0.12159E-04
  18980   0.12143E-04
  18990   0.12143E-04
  19000   0.12135E-04
  19010   0.12114E-04
  19020   0.12106E-04
  19030   0.12100E-04
  19040   0.12103E-04
  19050   0.12093E-04
  19060   0.12087E-04
  19070   0.12066E-04
  19080   0.12060E-04
  19090   0.12040E-04
  19100   0.12019E-04
  19110   0.11997E-04
  19120   0.11982E-04
  19130   0.11988E-04
  19140   0.11963E-04
  19150   0.11940E-04
  19160   0.11946E-04
  19170   0.11947E-04
  19180   0.11908E-04
  19190   0.11904E-04
  19200   0.11891E-04
  19210   0.11867E-04
  19220   0.11861E-04
  19230   0.11860E-04
  19240   0.11826E-04
  19250   0.11820E-04
  19260   0.11846E-04
  19270   0.11809E-04
  19280   0.11800E-04
  19290   0.11788E-04
  19300   0.11789E-04
  19310   0.11782E-04
  19320   0.11765E-04
  19330   0.11733E-04
  19340   0.11725E-04
  19350   0.11719E-04
  19360   0.11702E-04
  19370   0.11698E-04
  19380   0.11682E-04
  19390   0.11659E-04
  19400   0.11653E-04
  19410   0.11648E-04
  19420   0.11638E-04
  19430   0.11615E-04
  19440   0.11582E-04
  19450   0.11587E-04
  19460   0.11573E-04
  19470   0.11546E-04
  19480   0.11537E-04
  19490   0.11513E-04
  19500   0.11506E-04
  19510   0.11495E-04
  19520   0.11470E-04
  19530   0.11464E-04
  19540   0.11420E-04
  19550   0.11432E-04
  19560   0.11428E-04
  19570   0.11419E-04
  19580   0.11404E-04
  19590   0.11394E-04
  19600   0.11406E-04
  19610   0.11396E-04
  19620   0.11386E-04
  19630   0.11364E-04
  19640   0.11370E-04
  19650   0.11360E-04
  19660   0.11348E-04
  19670   0.11351E-04
  19680   0.11337E-04
  19690   0.11318E-04
  19700   0.11311E-04
  19710   0.11298E-04
  19720   0.11283E-04
  19730   0.11258E-04
  19740   0.11257E-04
  19750   0.11256E-04
  19760   0.11220E-04
  19770   0.11191E-04
  19780   0.11185E-04
  19790   0.11179E-04
  19800   0.11179E-04
  19810   0.11147E-04
  19820   0.11143E-04
  19830   0.11111E-04
  19840   0.11111E-04
  19850   0.11106E-04
  19860   0.11094E-04
  19870   0.11079E-04
  19880   0.11075E-04
  19890   0.11049E-04
  19900   0.11032E-04
  19910   0.11028E-04
  19920   0.11023E-04
  19930   0.11000E-04
  19940   0.10983E-04
  19950   0.10986E-04
  19960   0.10962E-04
  19970   0.10954E-04
  19980   0.10945E-04
  19990   0.10933E-04
  20000   0.10924E-04
