     10   0.10782E-02
     20   0.91899E-03
     30   0.81322E-03
     40   0.73757E-03
     50   0.68024E-03
     60   0.63456E-03
     70   0.59620E-03
     80   0.56289E-03
     90   0.53344E-03
    100   0.50691E-03
    110   0.48228E-03
    120   0.45949E-03
    130   0.43836E-03
    140   0.41855E-03
    150   0.39985E-03
    160   0.38230E-03
    170   0.36574E-03
    180   0.35021E-03
    190   0.33557E-03
    200   0.32179E-03
    210   0.30867E-03
    220   0.29637E-03
    230   0.28487E-03
    240   0.27407E-03
    250   0.26405E-03
    260   0.25469E-03
    270   0.24600E-03
    280   0.23790E-03
    290   0.23040E-03
    300   0.22344E-03
    310   0.21697E-03
    320   0.21098E-03
    330   0.20549E-03
    340   0.20044E-03
    350   0.19587E-03
    360   0.19176E-03
    370   0.18811E-03
    380   0.18491E-03
    390   0.18216E-03
    400   0.17982E-03
    410   0.17787E-03
    420   0.17622E-03
    430   0.17479E-03
    440   0.17353E-03
    450   0.17237E-03
    460   0.17124E-03
    470   0.17008E-03
    480   0.16889E-03
    490   0.16760E-03
    500   0.16621E-03
    510   0.16478E-03
    520   0.16327E-03
    530   0.16169E-03
    540   0.16009E-03
    550   0.15850E-03
    560   0.15696E-03
    570   0.15549E-03
    580   0.15416E-03
    590   0.15296E-03
    600   0.15194E-03
    610   0.15111E-03
    620   0.15048E-03
    630   0.15004E-03
    640   0.14979E-03
    650   0.14972E-03
    660   0.14982E-03
    670   0.15006E-03
    680   0.15043E-03
    690   0.15090E-03
    700   0.15145E-03
    710   0.15205E-03
    720   0.15268E-03
    730   0.15332E-03
    740   0.15393E-03
    750   0.15452E-03
    760   0.15505E-03
    770   0.15551E-03
    780   0.15588E-03
    790   0.15617E-03
    800   0.15634E-03
    810   0.15641E-03
    820   0.15636E-03
    830   0.15620E-03
    840   0.15593E-03
    850   0.15554E-03
    860   0.15506E-03
    870   0.15447E-03
    880   0.15378E-03
    890   0.15301E-03
    900   0.15216E-03
    910   0.15124E-03
    920   0.15025E-03
    930   0.14921E-03
    940   0.14811E-03
    950   0.14698E-03
    960   0.14583E-03
    970   0.14466E-03
    980   0.14350E-03
    990   0.14234E-03
   1000   0.14120E-03
   1010   0.14011E-03
   1020   0.13905E-03
   1030   0.13806E-03
   1040   0.13715E-03
   1050   0.13631E-03
   1060   0.13558E-03
   1070   0.13494E-03
   1080   0.13440E-03
   1090   0.13395E-03
   1100   0.13362E-03
   1110   0.13337E-03
   1120   0.13320E-03
   1130   0.13315E-03
   1140   0.13315E-03
   1150   0.13322E-03
   1160   0.13334E-03
   1170   0.13350E-03
   1180   0.13369E-03
   1190   0.13390E-03
   1200   0.13409E-03
   1210   0.13429E-03
   1220   0.13446E-03
   1230   0.13460E-03
   1240   0.13472E-03
   1250   0.13478E-03
   1260   0.13479E-03
   1270   0.13475E-03
   1280   0.13464E-03
   1290   0.13448E-03
   1300   0.13426E-03
   1310   0.13399E-03
   1320   0.13365E-03
   1330   0.13328E-03
   1340   0.13286E-03
   1350   0.13242E-03
   1360   0.13196E-03
   1370   0.13146E-03
   1380   0.13097E-03
   1390   0.13045E-03
   1400   0.12999E-03
   1410   0.12952E-03
   1420   0.12907E-03
   1430   0.12868E-03
   1440   0.12831E-03
   1450   0.12798E-03
   1460   0.12769E-03
   1470   0.12744E-03
   1480   0.12723E-03
   1490   0.12706E-03
   1500   0.12692E-03
   1510   0.12680E-03
   1520   0.12671E-03
   1530   0.12662E-03
   1540   0.12653E-03
   1550   0.12645E-03
   1560   0.12636E-03
   1570   0.12622E-03
   1580   0.12607E-03
   1590   0.12587E-03
   1600   0.12563E-03
   1610   0.12535E-03
   1620   0.12502E-03
   1630   0.12463E-03
   1640   0.12418E-03
   1650   0.12368E-03
   1660   0.12313E-03
   1670   0.12252E-03
   1680   0.12188E-03
   1690   0.12118E-03
   1700   0.12044E-03
   1710   0.11968E-03
   1720   0.11888E-03
   1730   0.11808E-03
   1740   0.11725E-03
   1750   0.11644E-03
   1760   0.11562E-03
   1770   0.11483E-03
   1780   0.11407E-03
   1790   0.11335E-03
   1800   0.11268E-03
   1810   0.11206E-03
   1820   0.11152E-03
   1830   0.11106E-03
   1840   0.11069E-03
   1850   0.11040E-03
   1860   0.11023E-03
   1870   0.11015E-03
   1880   0.11018E-03
   1890   0.11033E-03
   1900   0.11059E-03
   1910   0.11095E-03
   1920   0.11142E-03
   1930   0.11201E-03
   1940   0.11268E-03
   1950   0.11347E-03
   1960   0.11432E-03
   1970   0.11526E-03
   1980   0.11628E-03
   1990   0.11736E-03
   2000   0.11851E-03
   2010   0.11968E-03
   2020   0.12092E-03
   2030   0.12217E-03
   2040   0.12344E-03
   2050   0.12474E-03
   2060   0.12603E-03
   2070   0.12734E-03
   2080   0.12865E-03
   2090   0.12994E-03
   2100   0.13124E-03
   2110   0.13251E-03
   2120   0.13374E-03
   2130   0.13498E-03
   2140   0.13618E-03
   2150   0.13735E-03
   2160   0.13850E-03
   2170   0.13960E-03
   2180   0.14068E-03
   2190   0.14171E-03
   2200   0.14269E-03
   2210   0.14365E-03
   2220   0.14457E-03
   2230   0.14542E-03
   2240   0.14624E-03
   2250   0.14702E-03
   2260   0.14775E-03
   2270   0.14841E-03
   2280   0.14901E-03
   2290   0.14958E-03
   2300   0.15008E-03
   2310   0.15053E-03
   2320   0.15093E-03
   2330   0.15127E-03
   2340   0.15154E-03
   2350   0.15176E-03
   2360   0.15191E-03
   2370   0.15203E-03
   2380   0.15207E-03
   2390   0.15204E-03
   2400   0.15199E-03
   2410   0.15187E-03
   2420   0.15168E-03
   2430   0.15145E-03
   2440   0.15115E-03
   2450   0.15081E-03
   2460   0.15046E-03
   2470   0.15002E-03
   2480   0.14954E-03
   2490   0.14901E-03
   2500   0.14844E-03
   2510   0.14785E-03
   2520   0.14720E-03
   2530   0.14650E-03
   2540   0.14578E-03
   2550   0.14505E-03
   2560   0.14423E-03
   2570   0.14341E-03
   2580   0.14257E-03
   2590   0.14169E-03
   2600   0.14080E-03
   2610   0.13989E-03
   2620   0.13893E-03
   2630   0.13797E-03
   2640   0.13696E-03
   2650   0.13593E-03
   2660   0.13491E-03
   2670   0.13386E-03
   2680   0.13279E-03
   2690   0.13169E-03
   2700   0.13059E-03
   2710   0.12948E-03
   2720   0.12834E-03
   2730   0.12722E-03
   2740   0.12607E-03
   2750   0.12490E-03
   2760   0.12376E-03
   2770   0.12257E-03
   2780   0.12140E-03
   2790   0.12021E-03
   2800   0.11902E-03
   2810   0.11783E-03
   2820   0.11665E-03
   2830   0.11544E-03
   2840   0.11425E-03
   2850   0.11305E-03
   2860   0.11186E-03
   2870   0.11067E-03
   2880   0.10951E-03
   2890   0.10831E-03
   2900   0.10715E-03
   2910   0.10599E-03
   2920   0.10486E-03
   2930   0.10371E-03
   2940   0.10258E-03
   2950   0.10147E-03
   2960   0.10034E-03
   2970   0.99276E-04
   2980   0.98209E-04
   2990   0.97146E-04
   3000   0.96108E-04
   3010   0.95103E-04
   3020   0.94094E-04
   3030   0.93108E-04
   3040   0.92147E-04
   3050   0.91201E-04
   3060   0.90283E-04
   3070   0.89376E-04
   3080   0.88485E-04
   3090   0.87610E-04
   3100   0.86781E-04
   3110   0.85958E-04
   3120   0.85173E-04
   3130   0.84382E-04
   3140   0.83607E-04
   3150   0.82864E-04
   3160   0.82140E-04
   3170   0.81428E-04
   3180   0.80718E-04
   3190   0.80069E-04
   3200   0.79405E-04
   3210   0.78772E-04
   3220   0.78147E-04
   3230   0.77530E-04
   3240   0.76963E-04
   3250   0.76375E-04
   3260   0.75797E-04
   3270   0.75268E-04
   3280   0.74737E-04
   3290   0.74204E-04
   3300   0.73703E-04
   3310   0.73210E-04
   3320   0.72718E-04
   3330   0.72245E-04
   3340   0.71778E-04
   3350   0.71344E-04
   3360   0.70895E-04
   3370   0.70468E-04
   3380   0.70040E-04
   3390   0.69637E-04
   3400   0.69228E-04
   3410   0.68844E-04
   3420   0.68462E-04
   3430   0.68079E-04
   3440   0.67732E-04
   3450   0.67365E-04
   3460   0.67010E-04
   3470   0.66671E-04
   3480   0.66350E-04
   3490   0.66022E-04
   3500   0.65718E-04
   3510   0.65419E-04
   3520   0.65128E-04
   3530   0.64837E-04
   3540   0.64560E-04
   3550   0.64297E-04
   3560   0.64036E-04
   3570   0.63771E-04
   3580   0.63528E-04
   3590   0.63295E-04
   3600   0.63068E-04
   3610   0.62843E-04
   3620   0.62642E-04
   3630   0.62447E-04
   3640   0.62247E-04
   3650   0.62065E-04
   3660   0.61899E-04
   3670   0.61719E-04
   3680   0.61552E-04
   3690   0.61396E-04
   3700   0.61265E-04
   3710   0.61111E-04
   3720   0.60977E-04
   3730   0.60857E-04
   3740   0.60737E-04
   3750   0.60643E-04
   3760   0.60520E-04
   3770   0.60423E-04
   3780   0.60330E-04
   3790   0.60241E-04
   3800   0.60170E-04
   3810   0.60082E-04
   3820   0.60009E-04
   3830   0.59948E-04
   3840   0.59887E-04
   3850   0.59827E-04
   3860   0.59793E-04
   3870   0.59737E-04
   3880   0.59716E-04
   3890   0.59669E-04
   3900   0.59631E-04
   3910   0.59617E-04
   3920   0.59603E-04
   3930   0.59586E-04
   3940   0.59570E-04
   3950   0.59556E-04
   3960   0.59566E-04
   3970   0.59569E-04
   3980   0.59575E-04
   3990   0.59586E-04
   4000   0.59593E-04
   4010   0.59613E-04
   4020   0.59628E-04
   4030   0.59669E-04
   4040   0.59676E-04
   4050   0.59724E-04
   4060   0.59749E-04
   4070   0.59801E-04
   4080   0.59829E-04
   4090   0.59877E-04
   4100   0.59922E-04
   4110   0.59970E-04
   4120   0.60040E-04
   4130   0.60111E-04
   4140   0.60151E-04
   4150   0.60203E-04
   4160   0.60285E-04
   4170   0.60347E-04
   4180   0.60411E-04
   4190   0.60495E-04
   4200   0.60566E-04
   4210   0.60639E-04
   4220   0.60711E-04
   4230   0.60801E-04
   4240   0.60866E-04
   4250   0.60951E-04
   4260   0.61027E-04
   4270   0.61126E-04
   4280   0.61211E-04
   4290   0.61278E-04
   4300   0.61375E-04
   4310   0.61471E-04
   4320   0.61548E-04
   4330   0.61642E-04
   4340   0.61730E-04
   4350   0.61792E-04
   4360   0.61886E-04
   4370   0.61976E-04
   4380   0.62050E-04
   4390   0.62145E-04
   4400   0.62214E-04
   4410   0.62287E-04
   4420   0.62369E-04
   4430   0.62453E-04
   4440   0.62519E-04
   4450   0.62573E-04
   4460   0.62652E-04
   4470   0.62732E-04
   4480   0.62791E-04
   4490   0.62844E-04
   4500   0.62907E-04
   4510   0.62966E-04
   4520   0.63023E-04
   4530   0.63064E-04
   4540   0.63107E-04
   4550   0.63150E-04
   4560   0.63194E-04
   4570   0.63233E-04
   4580   0.63269E-04
   4590   0.63289E-04
   4600   0.63316E-04
   4610   0.63335E-04
   4620   0.63358E-04
   4630   0.63367E-04
   4640   0.63394E-04
   4650   0.63380E-04
   4660   0.63382E-04
   4670   0.63383E-04
   4680   0.63375E-04
   4690   0.63371E-04
   4700   0.63339E-04
   4710   0.63330E-04
   4720   0.63322E-04
   4730   0.63293E-04
   4740   0.63263E-04
   4750   0.63241E-04
   4760   0.63195E-04
   4770   0.63155E-04
   4780   0.63125E-04
   4790   0.63070E-04
   4800   0.63012E-04
   4810   0.62978E-04
   4820   0.62915E-04
   4830   0.62853E-04
   4840   0.62805E-04
   4850   0.62732E-04
   4860   0.62669E-04
   4870   0.62587E-04
   4880   0.62524E-04
   4890   0.62455E-04
   4900   0.62373E-04
   4910   0.62306E-04
   4920   0.62227E-04
   4930   0.62145E-04
   4940   0.62060E-04
   4950   0.61985E-04
   4960   0.61900E-04
   4970   0.61807E-04
   4980   0.61713E-04
   4990   0.61643E-04
   5000   0.61541E-04
   5010   0.61460E-04
   5020   0.61372E-04
   5030   0.61270E-04
   5040   0.61184E-04
   5050   0.61100E-04
   5060   0.61015E-04
   5070   0.60927E-04
   5080   0.60820E-04
   5090   0.60741E-04
   5100   0.60652E-04
   5110   0.60569E-04
   5120   0.60475E-04
   5130   0.60408E-04
   5140   0.60313E-04
   5150   0.60233E-04
   5160   0.60139E-04
   5170   0.60065E-04
   5180   0.59981E-04
   5190   0.59916E-04
   5200   0.59829E-04
   5210   0.59759E-04
   5220   0.59678E-04
   5230   0.59613E-04
   5240   0.59539E-04
   5250   0.59474E-04
   5260   0.59396E-04
   5270   0.59327E-04
   5280   0.59268E-04
   5290   0.59204E-04
   5300   0.59138E-04
   5310   0.59095E-04
   5320   0.59028E-04
   5330   0.58978E-04
   5340   0.58922E-04
   5350   0.58878E-04
   5360   0.58823E-04
   5370   0.58756E-04
   5380   0.58721E-04
   5390   0.58685E-04
   5400   0.58633E-04
   5410   0.58598E-04
   5420   0.58556E-04
   5430   0.58533E-04
   5440   0.58491E-04
   5450   0.58452E-04
   5460   0.58407E-04
   5470   0.58389E-04
   5480   0.58380E-04
   5490   0.58343E-04
   5500   0.58311E-04
   5510   0.58295E-04
   5520   0.58261E-04
   5530   0.58232E-04
   5540   0.58217E-04
   5550   0.58202E-04
   5560   0.58182E-04
   5570   0.58150E-04
   5580   0.58145E-04
   5590   0.58136E-04
   5600   0.58120E-04
   5610   0.58095E-04
   5620   0.58075E-04
   5630   0.58074E-04
   5640   0.58061E-04
   5650   0.58043E-04
   5660   0.58033E-04
   5670   0.58026E-04
   5680   0.58027E-04
   5690   0.58015E-04
   5700   0.58005E-04
   5710   0.58002E-04
   5720   0.58000E-04
   5730   0.57980E-04
   5740   0.57969E-04
   5750   0.57962E-04
   5760   0.57955E-04
   5770   0.57960E-04
   5780   0.57936E-04
   5790   0.57948E-04
   5800   0.57931E-04
   5810   0.57923E-04
   5820   0.57911E-04
   5830   0.57916E-04
   5840   0.57901E-04
   5850   0.57902E-04
   5860   0.57886E-04
   5870   0.57881E-04
   5880   0.57871E-04
   5890   0.57870E-04
   5900   0.57853E-04
   5910   0.57844E-04
   5920   0.57847E-04
   5930   0.57822E-04
   5940   0.57825E-04
   5950   0.57812E-04
   5960   0.57814E-04
   5970   0.57796E-04
   5980   0.57790E-04
   5990   0.57769E-04
   6000   0.57772E-04
   6010   0.57743E-04
   6020   0.57748E-04
   6030   0.57727E-04
   6040   0.57707E-04
   6050   0.57707E-04
   6060   0.57693E-04
   6070   0.57665E-04
   6080   0.57669E-04
   6090   0.57641E-04
   6100   0.57627E-04
   6110   0.57621E-04
   6120   0.57599E-04
   6130   0.57572E-04
   6140   0.57562E-04
   6150   0.57543E-04
   6160   0.57522E-04
   6170   0.57493E-04
   6180   0.57471E-04
   6190   0.57448E-04
   6200   0.57426E-04
   6210   0.57387E-04
   6220   0.57373E-04
   6230   0.57348E-04
   6240   0.57324E-04
   6250   0.57299E-04
   6260   0.57253E-04
   6270   0.57217E-04
   6280   0.57187E-04
   6290   0.57159E-04
   6300   0.57126E-04
   6310   0.57088E-04
   6320   0.57034E-04
   6330   0.56999E-04
   6340   0.56955E-04
   6350   0.56916E-04
   6360   0.56872E-04
   6370   0.56822E-04
   6380   0.56766E-04
   6390   0.56701E-04
   6400   0.56657E-04
   6410   0.56606E-04
   6420   0.56540E-04
   6430   0.56494E-04
   6440   0.56413E-04
   6450   0.56361E-04
   6460   0.56304E-04
   6470   0.56218E-04
   6480   0.56129E-04
   6490   0.56057E-04
   6500   0.55994E-04
   6510   0.55911E-04
   6520   0.55829E-04
   6530   0.55752E-04
   6540   0.55659E-04
   6550   0.55564E-04
   6560   0.55480E-04
   6570   0.55387E-04
   6580   0.55289E-04
   6590   0.55200E-04
   6600   0.55096E-04
   6610   0.54987E-04
   6620   0.54887E-04
   6630   0.54769E-04
   6640   0.54654E-04
   6650   0.54541E-04
   6660   0.54421E-04
   6670   0.54300E-04
   6680   0.54192E-04
   6690   0.54060E-04
   6700   0.53940E-04
   6710   0.53812E-04
   6720   0.53678E-04
   6730   0.53548E-04
   6740   0.53417E-04
   6750   0.53283E-04
   6760   0.53143E-04
   6770   0.53018E-04
   6780   0.52875E-04
   6790   0.52723E-04
   6800   0.52596E-04
   6810   0.52451E-04
   6820   0.52297E-04
   6830   0.52153E-04
   6840   0.52000E-04
   6850   0.51861E-04
   6860   0.51714E-04
   6870   0.51566E-04
   6880   0.51414E-04
   6890   0.51281E-04
   6900   0.51127E-04
   6910   0.50980E-04
   6920   0.50829E-04
   6930   0.50696E-04
   6940   0.50551E-04
   6950   0.50411E-04
   6960   0.50274E-04
   6970   0.50130E-04
   6980   0.49974E-04
   6990   0.49843E-04
   7000   0.49701E-04
   7010   0.49568E-04
   7020   0.49419E-04
   7030   0.49287E-04
   7040   0.49142E-04
   7050   0.49029E-04
   7060   0.48890E-04
   7070   0.48754E-04
   7080   0.48645E-04
   7090   0.48490E-04
   7100   0.48379E-04
   7110   0.48258E-04
   7120   0.48123E-04
   7130   0.48014E-04
   7140   0.47897E-04
   7150   0.47764E-04
   7160   0.47662E-04
   7170   0.47546E-04
   7180   0.47427E-04
   7190   0.47312E-04
   7200   0.47221E-04
   7210   0.47109E-04
   7220   0.46982E-04
   7230   0.46885E-04
   7240   0.46766E-04
   7250   0.46679E-04
   7260   0.46575E-04
   7270   0.46488E-04
   7280   0.46343E-04
   7290   0.46262E-04
   7300   0.46158E-04
   7310   0.46071E-04
   7320   0.45970E-04
   7330   0.45870E-04
   7340   0.45773E-04
   7350   0.45676E-04
   7360   0.45593E-04
   7370   0.45496E-04
   7380   0.45391E-04
   7390   0.45332E-04
   7400   0.45221E-04
   7410   0.45113E-04
   7420   0.45035E-04
   7430   0.44933E-04
   7440   0.44849E-04
   7450   0.44753E-04
   7460   0.44665E-04
   7470   0.44579E-04
   7480   0.44492E-04
   7490   0.44403E-04
   7500   0.44317E-04
   7510   0.44227E-04
   7520   0.44141E-04
   7530   0.44052E-04
   7540   0.43950E-04
   7550   0.43862E-04
   7560   0.43779E-04
   7570   0.43696E-04
   7580   0.43616E-04
   7590   0.43504E-04
   7600   0.43421E-04
   7610   0.43335E-04
   7620   0.43242E-04
   7630   0.43150E-04
   7640   0.43078E-04
   7650   0.42977E-04
   7660   0.42898E-04
   7670   0.42794E-04
   7680   0.42702E-04
   7690   0.42618E-04
   7700   0.42517E-04
   7710   0.42435E-04
   7720   0.42362E-04
   7730   0.42261E-04
   7740   0.42178E-04
   7750   0.42076E-04
   7760   0.41974E-04
   7770   0.41895E-04
   7780   0.41813E-04
   7790   0.41706E-04
   7800   0.41602E-04
   7810   0.41516E-04
   7820   0.41403E-04
   7830   0.41314E-04
   7840   0.41229E-04
   7850   0.41126E-04
   7860   0.41037E-04
   7870   0.40933E-04
   7880   0.40820E-04
   7890   0.40722E-04
   7900   0.40623E-04
   7910   0.40543E-04
   7920   0.40431E-04
   7930   0.40332E-04
   7940   0.40212E-04
   7950   0.40123E-04
   7960   0.40023E-04
   7970   0.39912E-04
   7980   0.39800E-04
   7990   0.39699E-04
   8000   0.39584E-04
   8010   0.39480E-04
   8020   0.39370E-04
   8030   0.39266E-04
   8040   0.39158E-04
   8050   0.39056E-04
   8060   0.38935E-04
   8070   0.38828E-04
   8080   0.38721E-04
   8090   0.38602E-04
   8100   0.38501E-04
   8110   0.38385E-04
   8120   0.38283E-04
   8130   0.38164E-04
   8140   0.38052E-04
   8150   0.37935E-04
   8160   0.37836E-04
   8170   0.37722E-04
   8180   0.37592E-04
   8190   0.37474E-04
   8200   0.37375E-04
   8210   0.37244E-04
   8220   0.37133E-04
   8230   0.37024E-04
   8240   0.36891E-04
   8250   0.36784E-04
   8260   0.36648E-04
   8270   0.36548E-04
   8280   0.36430E-04
   8290   0.36328E-04
   8300   0.36201E-04
   8310   0.36076E-04
   8320   0.35963E-04
   8330   0.35841E-04
   8340   0.35734E-04
   8350   0.35611E-04
   8360   0.35472E-04
   8370   0.35359E-04
   8380   0.35238E-04
   8390   0.35122E-04
   8400   0.35019E-04
   8410   0.34877E-04
   8420   0.34764E-04
   8430   0.34652E-04
   8440   0.34532E-04
   8450   0.34412E-04
   8460   0.34308E-04
   8470   0.34175E-04
   8480   0.34065E-04
   8490   0.33931E-04
   8500   0.33833E-04
   8510   0.33707E-04
   8520   0.33587E-04
   8530   0.33454E-04
   8540   0.33356E-04
   8550   0.33234E-04
   8560   0.33111E-04
   8570   0.33009E-04
   8580   0.32883E-04
   8590   0.32787E-04
   8600   0.32642E-04
   8610   0.32519E-04
   8620   0.32425E-04
   8630   0.32290E-04
   8640   0.32193E-04
   8650   0.32060E-04
   8660   0.31953E-04
   8670   0.31842E-04
   8680   0.31731E-04
   8690   0.31595E-04
   8700   0.31476E-04
   8710   0.31369E-04
   8720   0.31273E-04
   8730   0.31141E-04
   8740   0.31028E-04
   8750   0.30924E-04
   8760   0.30800E-04
   8770   0.30696E-04
   8780   0.30558E-04
   8790   0.30442E-04
   8800   0.30350E-04
   8810   0.30230E-04
   8820   0.30117E-04
   8830   0.29999E-04
   8840   0.29894E-04
   8850   0.29765E-04
   8860   0.29665E-04
   8870   0.29567E-04
   8880   0.29443E-04
   8890   0.29328E-04
   8900   0.29222E-04
   8910   0.29099E-04
   8920   0.29001E-04
   8930   0.28903E-04
   8940   0.28765E-04
   8950   0.28667E-04
   8960   0.28541E-04
   8970   0.28436E-04
   8980   0.28317E-04
   8990   0.28207E-04
   9000   0.28116E-04
   9010   0.27984E-04
   9020   0.27886E-04
   9030   0.27800E-04
   9040   0.27672E-04
   9050   0.27558E-04
   9060   0.27466E-04
   9070   0.27349E-04
   9080   0.27250E-04
   9090   0.27115E-04
   9100   0.27018E-04
   9110   0.26894E-04
   9120   0.26784E-04
   9130   0.26672E-04
   9140   0.26581E-04
   9150   0.26467E-04
   9160   0.26355E-04
   9170   0.26245E-04
   9180   0.26121E-04
   9190   0.26029E-04
   9200   0.25914E-04
   9210   0.25803E-04
   9220   0.25682E-04
   9230   0.25586E-04
   9240   0.25473E-04
   9250   0.25372E-04
   9260   0.25250E-04
   9270   0.25142E-04
   9280   0.25034E-04
   9290   0.24918E-04
   9300   0.24812E-04
   9310   0.24709E-04
   9320   0.24587E-04
   9330   0.24473E-04
   9340   0.24365E-04
   9350   0.24270E-04
   9360   0.24133E-04
   9370   0.24018E-04
   9380   0.23925E-04
   9390   0.23805E-04
   9400   0.23692E-04
   9410   0.23592E-04
   9420   0.23466E-04
   9430   0.23367E-04
   9440   0.23251E-04
   9450   0.23133E-04
   9460   0.23010E-04
   9470   0.22916E-04
   9480   0.22811E-04
   9490   0.22704E-04
   9500   0.22588E-04
   9510   0.22473E-04
   9520   0.22382E-04
   9530   0.22255E-04
   9540   0.22164E-04
   9550   0.22043E-04
   9560   0.21934E-04
   9570   0.21816E-04
   9580   0.21729E-04
   9590   0.21597E-04
   9600   0.21509E-04
   9610   0.21400E-04
   9620   0.21299E-04
   9630   0.21192E-04
   9640   0.21067E-04
   9650   0.20974E-04
   9660   0.20875E-04
   9670   0.20782E-04
   9680   0.20666E-04
   9690   0.20543E-04
   9700   0.20465E-04
   9710   0.20342E-04
   9720   0.20259E-04
   9730   0.20160E-04
   9740   0.20065E-04
   9750   0.19952E-04
   9760   0.19861E-04
   9770   0.19757E-04
   9780   0.19659E-04
   9790   0.19555E-04
   9800   0.19458E-04
   9810   0.19361E-04
   9820   0.19274E-04
   9830   0.19180E-04
   9840   0.19059E-04
   9850   0.18985E-04
   9860   0.18892E-04
   9870   0.18796E-04
   9880   0.18704E-04
   9890   0.18618E-04
   9900   0.18502E-04
   9910   0.18419E-04
   9920   0.18343E-04
   9930   0.18263E-04
   9940   0.18164E-04
   9950   0.18075E-04
   9960   0.17974E-04
   9970   0.17921E-04
   9980   0.17835E-04
   9990   0.17748E-04
  10000   0.17650E-04
  10010   0.17562E-04
  10020   0.17489E-04
  10030   0.17430E-04
  10040   0.17337E-04
  10050   0.17258E-04
  10060   0.17162E-04
  10070   0.17094E-04
  10080   0.17016E-04
  10090   0.16944E-04
  10100   0.16865E-04
  10110   0.16794E-04
  10120   0.16707E-04
  10130   0.16646E-04
  10140   0.16559E-04
  10150   0.16488E-04
  10160   0.16426E-04
  10170   0.16341E-04
  10180   0.16286E-04
  10190   0.16203E-04
  10200   0.16133E-04
  10210   0.16067E-04
  10220   0.15992E-04
  10230   0.15942E-04
  10240   0.15872E-04
  10250   0.15806E-04
  10260   0.15742E-04
  10270   0.15683E-04
  10280   0.15606E-04
  10290   0.15561E-04
  10300   0.15495E-04
  10310   0.15412E-04
  10320   0.15342E-04
  10330   0.15288E-04
  10340   0.15229E-04
  10350   0.15184E-04
  10360   0.15109E-04
  10370   0.15061E-04
  10380   0.14997E-04
  10390   0.14928E-04
  10400   0.14885E-04
  10410   0.14805E-04
  10420   0.14752E-04
  10430   0.14705E-04
  10440   0.14642E-04
  10450   0.14595E-04
  10460   0.14536E-04
  10470   0.14489E-04
  10480   0.14429E-04
  10490   0.14383E-04
  10500   0.14323E-04
  10510   0.14271E-04
  10520   0.14218E-04
  10530   0.14190E-04
  10540   0.14127E-04
  10550   0.14072E-04
  10560   0.14035E-04
  10570   0.13967E-04
  10580   0.13938E-04
  10590   0.13869E-04
  10600   0.13829E-04
  10610   0.13784E-04
  10620   0.13742E-04
  10630   0.13690E-04
  10640   0.13645E-04
  10650   0.13588E-04
  10660   0.13545E-04
  10670   0.13499E-04
  10680   0.13459E-04
  10690   0.13421E-04
  10700   0.13345E-04
  10710   0.13327E-04
  10720   0.13287E-04
  10730   0.13219E-04
  10740   0.13205E-04
  10750   0.13147E-04
  10760   0.13107E-04
  10770   0.13069E-04
  10780   0.13021E-04
  10790   0.12981E-04
  10800   0.12931E-04
  10810   0.12896E-04
  10820   0.12847E-04
  10830   0.12800E-04
  10840   0.12764E-04
  10850   0.12733E-04
  10860   0.12672E-04
  10870   0.12646E-04
  10880   0.12599E-04
  10890   0.12566E-04
  10900   0.12512E-04
  10910   0.12466E-04
  10920   0.12423E-04
  10930   0.12393E-04
  10940   0.12353E-04
  10950   0.12321E-04
  10960   0.12285E-04
  10970   0.12245E-04
  10980   0.12207E-04
  10990   0.12172E-04
  11000   0.12132E-04
  11010   0.12094E-04
  11020   0.12059E-04
  11030   0.12010E-04
  11040   0.11997E-04
  11050   0.11969E-04
  11060   0.11922E-04
  11070   0.11897E-04
  11080   0.11873E-04
  11090   0.11840E-04
  11100   0.11812E-04
  11110   0.11780E-04
  11120   0.11767E-04
  11130   0.11712E-04
  11140   0.11701E-04
  11150   0.11669E-04
  11160   0.11655E-04
  11170   0.11627E-04
  11180   0.11616E-04
  11190   0.11579E-04
  11200   0.11544E-04
  11210   0.11535E-04
  11220   0.11523E-04
  11230   0.11507E-04
  11240   0.11466E-04
  11250   0.11458E-04
  11260   0.11439E-04
  11270   0.11414E-04
  11280   0.11396E-04
  11290   0.11388E-04
  11300   0.11373E-04
  11310   0.11355E-04
  11320   0.11357E-04
  11330   0.11330E-04
  11340   0.11321E-04
  11350   0.11312E-04
  11360   0.11283E-04
  11370   0.11278E-04
  11380   0.11259E-04
  11390   0.11260E-04
  11400   0.11243E-04
  11410   0.11218E-04
  11420   0.11221E-04
  11430   0.11206E-04
  11440   0.11195E-04
  11450   0.11198E-04
  11460   0.11175E-04
  11470   0.11180E-04
  11480   0.11156E-04
  11490   0.11168E-04
  11500   0.11149E-04
  11510   0.11142E-04
  11520   0.11119E-04
  11530   0.11117E-04
  11540   0.11124E-04
  11550   0.11108E-04
  11560   0.11084E-04
  11570   0.11105E-04
  11580   0.11093E-04
  11590   0.11098E-04
  11600   0.11094E-04
  11610   0.11070E-04
  11620   0.11071E-04
  11630   0.11060E-04
  11640   0.11069E-04
  11650   0.11072E-04
  11660   0.11037E-04
  11670   0.11054E-04
  11680   0.11047E-04
  11690   0.11041E-04
  11700   0.11045E-04
  11710   0.11042E-04
  11720   0.11021E-04
  11730   0.11025E-04
  11740   0.11027E-04
  11750   0.11014E-04
  11760   0.11003E-04
  11770   0.11009E-04
  11780   0.10995E-04
  11790   0.10994E-04
  11800   0.10986E-04
  11810   0.10979E-04
  11820   0.10994E-04
  11830   0.10988E-04
  11840   0.10969E-04
  11850   0.10978E-04
  11860   0.10981E-04
  11870   0.10981E-04
  11880   0.10953E-04
  11890   0.10976E-04
  11900   0.10960E-04
  11910   0.10931E-04
  11920   0.10925E-04
  11930   0.10925E-04
  11940   0.10902E-04
  11950   0.10915E-04
  11960   0.10888E-04
  11970   0.10877E-04
  11980   0.10857E-04
  11990   0.10859E-04
  12000   0.10844E-04
  12010   0.10818E-04
  12020   0.10807E-04
  12030   0.10798E-04
  12040   0.10776E-04
  12050   0.10772E-04
  12060   0.10735E-04
  12070   0.10720E-04
  12080   0.10693E-04
  12090   0.10665E-04
  12100   0.10639E-04
  12110   0.10623E-04
  12120   0.10583E-04
  12130   0.10551E-04
  12140   0.10520E-04
  12150   0.10499E-04
  12160   0.10470E-04
  12170   0.10452E-04
  12180   0.10387E-04
  12190   0.10344E-04
  12200   0.10329E-04
  12210   0.10293E-04
  12220   0.10270E-04
  12230   0.10220E-04
  12240   0.10180E-04
  12250   0.10158E-04
  12260   0.10117E-04
  12270   0.10073E-04
  12280   0.10017E-04
  12290   0.99930E-05
  12300   0.99785E-05
  12310   0.99312E-05
  12320   0.98812E-05
  12330   0.98541E-05
  12340   0.98270E-05
  12350   0.97847E-05
  12360   0.97426E-05
  12370   0.97166E-05
  12380   0.96764E-05
  12390   0.96462E-05
  12400   0.96054E-05
  12410   0.95745E-05
  12420   0.95304E-05
  12430   0.95023E-05
  12440   0.94759E-05
  12450   0.94407E-05
  12460   0.94204E-05
  12470   0.93942E-05
  12480   0.93765E-05
  12490   0.93482E-05
  12500   0.93298E-05
  12510   0.93108E-05
  12520   0.92789E-05
  12530   0.92779E-05
  12540   0.92575E-05
  12550   0.92545E-05
  12560   0.92406E-05
  12570   0.92267E-05
  12580   0.92253E-05
  12590   0.92026E-05
  12600   0.92063E-05
  12610   0.91980E-05
  12620   0.91972E-05
  12630   0.91989E-05
  12640   0.91977E-05
  12650   0.92136E-05
  12660   0.92076E-05
  12670   0.92150E-05
  12680   0.92157E-05
  12690   0.92269E-05
  12700   0.92461E-05
  12710   0.92506E-05
  12720   0.92690E-05
  12730   0.92858E-05
  12740   0.93138E-05
  12750   0.93282E-05
  12760   0.93372E-05
  12770   0.93683E-05
  12780   0.93990E-05
  12790   0.94030E-05
  12800   0.94241E-05
  12810   0.94741E-05
  12820   0.94971E-05
  12830   0.95364E-05
  12840   0.95553E-05
  12850   0.95738E-05
  12860   0.96137E-05
  12870   0.96487E-05
  12880   0.96816E-05
  12890   0.97186E-05
  12900   0.97538E-05
  12910   0.98014E-05
  12920   0.98292E-05
  12930   0.98725E-05
  12940   0.99253E-05
  12950   0.99601E-05
  12960   0.10005E-04
  12970   0.10055E-04
  12980   0.10099E-04
  12990   0.10141E-04
  13000   0.10180E-04
  13010   0.10238E-04
  13020   0.10271E-04
  13030   0.10319E-04
  13040   0.10370E-04
  13050   0.10416E-04
  13060   0.10468E-04
  13070   0.10528E-04
  13080   0.10567E-04
  13090   0.10618E-04
  13100   0.10684E-04
  13110   0.10742E-04
  13120   0.10793E-04
  13130   0.10850E-04
  13140   0.10886E-04
  13150   0.10949E-04
  13160   0.11003E-04
  13170   0.11054E-04
  13180   0.11115E-04
  13190   0.11182E-04
  13200   0.11232E-04
  13210   0.11289E-04
  13220   0.11363E-04
  13230   0.11408E-04
  13240   0.11454E-04
  13250   0.11517E-04
  13260   0.11588E-04
  13270   0.11624E-04
  13280   0.11702E-04
  13290   0.11755E-04
  13300   0.11822E-04
  13310   0.11872E-04
  13320   0.11934E-04
  13330   0.12007E-04
  13340   0.12057E-04
  13350   0.12122E-04
  13360   0.12158E-04
  13370   0.12232E-04
  13380   0.12303E-04
  13390   0.12341E-04
  13400   0.12415E-04
  13410   0.12466E-04
  13420   0.12523E-04
  13430   0.12585E-04
  13440   0.12636E-04
  13450   0.12679E-04
  13460   0.12738E-04
  13470   0.12794E-04
  13480   0.12843E-04
  13490   0.12907E-04
  13500   0.12947E-04
  13510   0.13002E-04
  13520   0.13068E-04
  13530   0.13100E-04
  13540   0.13171E-04
  13550   0.13205E-04
  13560   0.13260E-04
  13570   0.13309E-04
  13580   0.13342E-04
  13590   0.13390E-04
  13600   0.13442E-04
  13610   0.13482E-04
  13620   0.13538E-04
  13630   0.13581E-04
  13640   0.13621E-04
  13650   0.13660E-04
  13660   0.13707E-04
  13670   0.13757E-04
  13680   0.13785E-04
  13690   0.13820E-04
  13700   0.13866E-04
  13710   0.13909E-04
  13720   0.13950E-04
  13730   0.13982E-04
  13740   0.14017E-04
  13750   0.14067E-04
  13760   0.14096E-04
  13770   0.14134E-04
  13780   0.14160E-04
  13790   0.14193E-04
  13800   0.14233E-04
  13810   0.14276E-04
  13820   0.14305E-04
  13830   0.14350E-04
  13840   0.14386E-04
  13850   0.14436E-04
  13860   0.14457E-04
  13870   0.14498E-04
  13880   0.14512E-04
  13890   0.14555E-04
  13900   0.14598E-04
  13910   0.14649E-04
  13920   0.14674E-04
  13930   0.14708E-04
  13940   0.14748E-04
  13950   0.14778E-04
  13960   0.14826E-04
  13970   0.14876E-04
  13980   0.14917E-04
  13990   0.14959E-04
  14000   0.15011E-04
  14010   0.15054E-04
  14020   0.15092E-04
  14030   0.15133E-04
  14040   0.15187E-04
  14050   0.15246E-04
  14060   0.15301E-04
  14070   0.15356E-04
  14080   0.15400E-04
  14090   0.15473E-04
  14100   0.15539E-04
  14110   0.15588E-04
  14120   0.15679E-04
  14130   0.15742E-04
  14140   0.15811E-04
  14150   0.15891E-04
  14160   0.15964E-04
  14170   0.16059E-04
  14180   0.16150E-04
  14190   0.16234E-04
  14200   0.16331E-04
  14210   0.16417E-04
  14220   0.16525E-04
  14230   0.16637E-04
  14240   0.16741E-04
  14250   0.16857E-04
  14260   0.16947E-04
  14270   0.17071E-04
  14280   0.17186E-04
  14290   0.17297E-04
  14300   0.17430E-04
  14310   0.17560E-04
  14320   0.17680E-04
  14330   0.17784E-04
  14340   0.17902E-04
  14350   0.18031E-04
  14360   0.18129E-04
  14370   0.18250E-04
  14380   0.18355E-04
  14390   0.18458E-04
  14400   0.18561E-04
  14410   0.18651E-04
  14420   0.18740E-04
  14430   0.18825E-04
  14440   0.18916E-04
  14450   0.19007E-04
  14460   0.19098E-04
  14470   0.19191E-04
  14480   0.19288E-04
  14490   0.19413E-04
  14500   0.19535E-04
  14510   0.19674E-04
  14520   0.19819E-04
  14530   0.19961E-04
  14540   0.20118E-04
  14550   0.20271E-04
  14560   0.20428E-04
  14570   0.20588E-04
  14580   0.20752E-04
  14590   0.20897E-04
  14600   0.21052E-04
  14610   0.21211E-04
  14620   0.21363E-04
  14630   0.21520E-04
  14640   0.21677E-04
  14650   0.21802E-04
  14660   0.21936E-04
  14670   0.22076E-04
  14680   0.22192E-04
  14690   0.22316E-04
  14700   0.22424E-04
  14710   0.22530E-04
  14720   0.22636E-04
  14730   0.22745E-04
  14740   0.22834E-04
  14750   0.22919E-04
  14760   0.23006E-04
  14770   0.23087E-04
  14780   0.23184E-04
  14790   0.23265E-04
  14800   0.23340E-04
  14810   0.23402E-04
  14820   0.23482E-04
  14830   0.23558E-04
  14840   0.23619E-04
  14850   0.23694E-04
  14860   0.23766E-04
  14870   0.23835E-04
  14880   0.23907E-04
  14890   0.23958E-04
  14900   0.24040E-04
  14910   0.24115E-04
  14920   0.24194E-04
  14930   0.24246E-04
  14940   0.24352E-04
  14950   0.24412E-04
  14960   0.24508E-04
  14970   0.24589E-04
  14980   0.24671E-04
  14990   0.24772E-04
  15000   0.24860E-04
  15010   0.24948E-04
  15020   0.25071E-04
  15030   0.25158E-04
  15040   0.25255E-04
  15050   0.25364E-04
  15060   0.25472E-04
  15070   0.25596E-04
  15080   0.25706E-04
  15090   0.25827E-04
  15100   0.25933E-04
  15110   0.26071E-04
  15120   0.26195E-04
  15130   0.26326E-04
  15140   0.26449E-04
  15150   0.26570E-04
  15160   0.26714E-04
  15170   0.26838E-04
  15180   0.26972E-04
  15190   0.27104E-04
  15200   0.27231E-04
  15210   0.27361E-04
  15220   0.27481E-04
  15230   0.27636E-04
  15240   0.27755E-04
  15250   0.27891E-04
  15260   0.28033E-04
  15270   0.28176E-04
  15280   0.28325E-04
  15290   0.28485E-04
  15300   0.28628E-04
  15310   0.28795E-04
  15320   0.28972E-04
  15330   0.29149E-04
  15340   0.29316E-04
  15350   0.29504E-04
  15360   0.29688E-04
  15370   0.29889E-04
  15380   0.30081E-04
  15390   0.30293E-04
  15400   0.30506E-04
  15410   0.30717E-04
  15420   0.30934E-04
  15430   0.31168E-04
  15440   0.31399E-04
  15450   0.31631E-04
  15460   0.31879E-04
  15470   0.32118E-04
  15480   0.32358E-04
  15490   0.32609E-04
  15500   0.32865E-04
  15510   0.33114E-04
  15520   0.33360E-04
  15530   0.33620E-04
  15540   0.33873E-04
  15550   0.34125E-04
  15560   0.34388E-04
  15570   0.34627E-04
  15580   0.34889E-04
  15590   0.35126E-04
  15600   0.35380E-04
  15610   0.35630E-04
  15620   0.35875E-04
  15630   0.36123E-04
  15640   0.36370E-04
  15650   0.36616E-04
  15660   0.36861E-04
  15670   0.37113E-04
  15680   0.37365E-04
  15690   0.37625E-04
  15700   0.37885E-04
  15710   0.38145E-04
  15720   0.38413E-04
  15730   0.38678E-04
  15740   0.38953E-04
  15750   0.39230E-04
  15760   0.39519E-04
  15770   0.39815E-04
  15780   0.40115E-04
  15790   0.40415E-04
  15800   0.40725E-04
  15810   0.41034E-04
  15820   0.41346E-04
  15830   0.41673E-04
  15840   0.41995E-04
  15850   0.42325E-04
  15860   0.42660E-04
  15870   0.42992E-04
  15880   0.43323E-04
  15890   0.43666E-04
  15900   0.44012E-04
  15910   0.44356E-04
  15920   0.44706E-04
  15930   0.45055E-04
  15940   0.45398E-04
  15950   0.45751E-04
  15960   0.46095E-04
  15970   0.46452E-04
  15980   0.46803E-04
  15990   0.47152E-04
  16000   0.47501E-04
  16010   0.47848E-04
  16020   0.48191E-04
  16030   0.48538E-04
  16040   0.48878E-04
  16050   0.49222E-04
  16060   0.49560E-04
  16070   0.49892E-04
  16080   0.50230E-04
  16090   0.50568E-04
  16100   0.50893E-04
  16110   0.51219E-04
  16120   0.51545E-04
  16130   0.51873E-04
  16140   0.52188E-04
  16150   0.52504E-04
  16160   0.52826E-04
  16170   0.53143E-04
  16180   0.53449E-04
  16190   0.53760E-04
  16200   0.54069E-04
  16210   0.54377E-04
  16220   0.54680E-04
  16230   0.54988E-04
  16240   0.55290E-04
  16250   0.55589E-04
  16260   0.55892E-04
  16270   0.56193E-04
  16280   0.56485E-04
  16290   0.56785E-04
  16300   0.57084E-04
  16310   0.57378E-04
  16320   0.57668E-04
  16330   0.57960E-04
  16340   0.58251E-04
  16350   0.58532E-04
  16360   0.58821E-04
  16370   0.59098E-04
  16380   0.59377E-04
  16390   0.59652E-04
  16400   0.59917E-04
  16410   0.60179E-04
  16420   0.60439E-04
  16430   0.60688E-04
  16440   0.60937E-04
  16450   0.61182E-04
  16460   0.61415E-04
  16470   0.61642E-04
  16480   0.61865E-04
  16490   0.62083E-04
  16500   0.62285E-04
  16510   0.62482E-04
  16520   0.62666E-04
  16530   0.62844E-04
  16540   0.63019E-04
  16550   0.63182E-04
  16560   0.63336E-04
  16570   0.63481E-04
  16580   0.63611E-04
  16590   0.63735E-04
  16600   0.63849E-04
  16610   0.63955E-04
  16620   0.64053E-04
  16630   0.64140E-04
  16640   0.64217E-04
  16650   0.64287E-04
  16660   0.64351E-04
  16670   0.64401E-04
  16680   0.64446E-04
  16690   0.64476E-04
  16700   0.64509E-04
  16710   0.64530E-04
  16720   0.64548E-04
  16730   0.64563E-04
  16740   0.64571E-04
  16750   0.64577E-04
  16760   0.64578E-04
  16770   0.64579E-04
  16780   0.64577E-04
  16790   0.64578E-04
  16800   0.64577E-04
  16810   0.64581E-04
  16820   0.64592E-04
  16830   0.64604E-04
  16840   0.64628E-04
  16850   0.64649E-04
  16860   0.64686E-04
  16870   0.64728E-04
  16880   0.64787E-04
  16890   0.64853E-04
  16900   0.64931E-04
  16910   0.65024E-04
  16920   0.65131E-04
  16930   0.65252E-04
  16940   0.65394E-04
  16950   0.65552E-04
  16960   0.65728E-04
  16970   0.65923E-04
  16980   0.66133E-04
  16990   0.66365E-04
  17000   0.66624E-04
  17010   0.66896E-04
  17020   0.67192E-04
  17030   0.67506E-04
  17040   0.67846E-04
  17050   0.68203E-04
  17060   0.68586E-04
  17070   0.68985E-04
  17080   0.69410E-04
  17090   0.69855E-04
  17100   0.70326E-04
  17110   0.70807E-04
  17120   0.71321E-04
  17130   0.71848E-04
  17140   0.72394E-04
  17150   0.72959E-04
  17160   0.73542E-04
  17170   0.74138E-04
  17180   0.74757E-04
  17190   0.75389E-04
  17200   0.76031E-04
  17210   0.76695E-04
  17220   0.77365E-04
  17230   0.78050E-04
  17240   0.78744E-04
  17250   0.79447E-04
  17260   0.80160E-04
  17270   0.80882E-04
  17280   0.81606E-04
  17290   0.82340E-04
  17300   0.83072E-04
  17310   0.83810E-04
  17320   0.84550E-04
  17330   0.85291E-04
  17340   0.86030E-04
  17350   0.86767E-04
  17360   0.87501E-04
  17370   0.88234E-04
  17380   0.88961E-04
  17390   0.89685E-04
  17400   0.90400E-04
  17410   0.91109E-04
  17420   0.91807E-04
  17430   0.92503E-04
  17440   0.93186E-04
  17450   0.93863E-04
  17460   0.94531E-04
  17470   0.95185E-04
  17480   0.95829E-04
  17490   0.96461E-04
  17500   0.97087E-04
  17510   0.97699E-04
  17520   0.98294E-04
  17530   0.98881E-04
  17540   0.99453E-04
  17550   0.10002E-03
  17560   0.10057E-03
  17570   0.10110E-03
  17580   0.10162E-03
  17590   0.10213E-03
  17600   0.10262E-03
  17610   0.10311E-03
  17620   0.10357E-03
  17630   0.10402E-03
  17640   0.10446E-03
  17650   0.10488E-03
  17660   0.10529E-03
  17670   0.10568E-03
  17680   0.10605E-03
  17690   0.10642E-03
  17700   0.10677E-03
  17710   0.10710E-03
  17720   0.10742E-03
  17730   0.10772E-03
  17740   0.10800E-03
  17750   0.10827E-03
  17760   0.10852E-03
  17770   0.10876E-03
  17780   0.10897E-03
  17790   0.10917E-03
  17800   0.10936E-03
  17810   0.10953E-03
  17820   0.10968E-03
  17830   0.10981E-03
  17840   0.10992E-03
  17850   0.11002E-03
  17860   0.11010E-03
  17870   0.11016E-03
  17880   0.11021E-03
  17890   0.11023E-03
  17900   0.11025E-03
  17910   0.11024E-03
  17920   0.11020E-03
  17930   0.11016E-03
  17940   0.11010E-03
  17950   0.11003E-03
  17960   0.10993E-03
  17970   0.10982E-03
  17980   0.10969E-03
  17990   0.10954E-03
  18000   0.10938E-03
  18010   0.10919E-03
  18020   0.10900E-03
  18030   0.10878E-03
  18040   0.10856E-03
  18050   0.10831E-03
  18060   0.10805E-03
  18070   0.10778E-03
  18080   0.10748E-03
  18090   0.10718E-03
  18100   0.10686E-03
  18110   0.10652E-03
  18120   0.10617E-03
  18130   0.10581E-03
  18140   0.10543E-03
  18150   0.10504E-03
  18160   0.10464E-03
  18170   0.10423E-03
  18180   0.10380E-03
  18190   0.10337E-03
  18200   0.10292E-03
  18210   0.10246E-03
  18220   0.10199E-03
  18230   0.10151E-03
  18240   0.10101E-03
  18250   0.10051E-03
  18260   0.10000E-03
  18270   0.99487E-04
  18280   0.98962E-04
  18290   0.98427E-04
  18300   0.97889E-04
  18310   0.97342E-04
  18320   0.96785E-04
  18330   0.96232E-04
  18340   0.95666E-04
  18350   0.95098E-04
  18360   0.94521E-04
  18370   0.93946E-04
  18380   0.93366E-04
  18390   0.92787E-04
  18400   0.92201E-04
  18410   0.91613E-04
  18420   0.91029E-04
  18430   0.90440E-04
  18440   0.89845E-04
  18450   0.89260E-04
  18460   0.88668E-04
  18470   0.88086E-04
  18480   0.87501E-04
  18490   0.86926E-04
  18500   0.86347E-04
  18510   0.85770E-04
  18520   0.85205E-04
  18530   0.84637E-04
  18540   0.84072E-04
  18550   0.83516E-04
  18560   0.82971E-04
  18570   0.82424E-04
  18580   0.81897E-04
  18590   0.81367E-04
  18600   0.80838E-04
  18610   0.80341E-04
  18620   0.79832E-04
  18630   0.79340E-04
  18640   0.78856E-04
  18650   0.78391E-04
  18660   0.77913E-04
  18670   0.77466E-04
  18680   0.77020E-04
  18690   0.76578E-04
  18700   0.76161E-04
  18710   0.75744E-04
  18720   0.75351E-04
  18730   0.74948E-04
  18740   0.74585E-04
  18750   0.74196E-04
  18760   0.73859E-04
  18770   0.73509E-04
  18780   0.73187E-04
  18790   0.72839E-04
  18800   0.72530E-04
  18810   0.72238E-04
  18820   0.71949E-04
  18830   0.71663E-04
  18840   0.71393E-04
  18850   0.71132E-04
  18860   0.70889E-04
  18870   0.70643E-04
  18880   0.70416E-04
  18890   0.70185E-04
  18900   0.69984E-04
  18910   0.69754E-04
  18920   0.69573E-04
  18930   0.69377E-04
  18940   0.69196E-04
  18950   0.69001E-04
  18960   0.68847E-04
  18970   0.68691E-04
  18980   0.68512E-04
  18990   0.68360E-04
  19000   0.68224E-04
  19010   0.68074E-04
  19020   0.67926E-04
  19030   0.67786E-04
  19040   0.67654E-04
  19050   0.67535E-04
  19060   0.67427E-04
  19070   0.67295E-04
  19080   0.67169E-04
  19090   0.67059E-04
  19100   0.66960E-04
  19110   0.66853E-04
  19120   0.66741E-04
  19130   0.66634E-04
  19140   0.66527E-04
  19150   0.66430E-04
  19160   0.66338E-04
  19170   0.66236E-04
  19180   0.66143E-04
  19190   0.66053E-04
  19200   0.65958E-04
  19210   0.65857E-04
  19220   0.65789E-04
  19230   0.65687E-04
  19240   0.65609E-04
  19250   0.65515E-04
  19260   0.65441E-04
  19270   0.65341E-04
  19280   0.65276E-04
  19290   0.65179E-04
  19300   0.65106E-04
  19310   0.65041E-04
  19320   0.64976E-04
  19330   0.64875E-04
  19340   0.64800E-04
  19350   0.64716E-04
  19360   0.64642E-04
  19370   0.64558E-04
  19380   0.64506E-04
  19390   0.64416E-04
  19400   0.64357E-04
  19410   0.64270E-04
  19420   0.64202E-04
  19430   0.64131E-04
  19440   0.64045E-04
  19450   0.63964E-04
  19460   0.63896E-04
  19470   0.63812E-04
  19480   0.63732E-04
  19490   0.63647E-04
  19500   0.63561E-04
  19510   0.63481E-04
  19520   0.63391E-04
  19530   0.63298E-04
  19540   0.63210E-04
  19550   0.63123E-04
  19560   0.63017E-04
  19570   0.62913E-04
  19580   0.62798E-04
  19590   0.62684E-04
  19600   0.62578E-04
  19610   0.62464E-04
  19620   0.62352E-04
  19630   0.62211E-04
  19640   0.62088E-04
  19650   0.61970E-04
  19660   0.61830E-04
  19670   0.61692E-04
  19680   0.61551E-04
  19690   0.61384E-04
  19700   0.61234E-04
  19710   0.61083E-04
  19720   0.60920E-04
  19730   0.60756E-04
  19740   0.60596E-04
  19750   0.60438E-04
  19760   0.60237E-04
  19770   0.60063E-04
  19780   0.59903E-04
  19790   0.59699E-04
  19800   0.59509E-04
  19810   0.59329E-04
  19820   0.59134E-04
  19830   0.58957E-04
  19840   0.58772E-04
  19850   0.58572E-04
  19860   0.58373E-04
  19870   0.58192E-04
  19880   0.57983E-04
  19890   0.57800E-04
  19900   0.57620E-04
  19910   0.57433E-04
  19920   0.57249E-04
  19930   0.57072E-04
  19940   0.56913E-04
  19950   0.56732E-04
  19960   0.56584E-04
  19970   0.56399E-04
  19980   0.56262E-04
  19990   0.56123E-04
  20000   0.55972E-04
