     10   0.10496E-02
     20   0.88958E-03
     30   0.78477E-03
     40   0.71054E-03
     50   0.65444E-03
     60   0.60951E-03
     70   0.57161E-03
     80   0.53862E-03
     90   0.50928E-03
    100   0.48269E-03
    110   0.45988E-03
    120   0.43864E-03
    130   0.41879E-03
    140   0.40008E-03
    150   0.38244E-03
    160   0.36574E-03
    170   0.34992E-03
    180   0.33492E-03
    190   0.32073E-03
    200   0.30726E-03
    210   0.29477E-03
    220   0.28289E-03
    230   0.27165E-03
    240   0.26103E-03
    250   0.25097E-03
    260   0.24149E-03
    270   0.23252E-03
    280   0.22407E-03
    290   0.21610E-03
    300   0.20857E-03
    310   0.20158E-03
    320   0.19497E-03
    330   0.18873E-03
    340   0.18289E-03
    350   0.17747E-03
    360   0.17242E-03
    370   0.16781E-03
    380   0.16361E-03
    390   0.15983E-03
    400   0.15649E-03
    410   0.15358E-03
    420   0.15099E-03
    430   0.14875E-03
    440   0.14675E-03
    450   0.14497E-03
    460   0.14333E-03
    470   0.14177E-03
    480   0.14024E-03
    490   0.13868E-03
    500   0.13707E-03
    510   0.13542E-03
    520   0.13367E-03
    530   0.13183E-03
    540   0.12992E-03
    550   0.12796E-03
    560   0.12598E-03
    570   0.12401E-03
    580   0.12211E-03
    590   0.12030E-03
    600   0.11862E-03
    610   0.11713E-03
    620   0.11584E-03
    630   0.11478E-03
    640   0.11396E-03
    650   0.11337E-03
    660   0.11305E-03
    670   0.11294E-03
    680   0.11306E-03
    690   0.11337E-03
    700   0.11386E-03
    710   0.11451E-03
    720   0.11528E-03
    730   0.11614E-03
    740   0.11707E-03
    750   0.11803E-03
    760   0.11903E-03
    770   0.12001E-03
    780   0.12096E-03
    790   0.12187E-03
    800   0.12270E-03
    810   0.12346E-03
    820   0.12411E-03
    830   0.12467E-03
    840   0.12510E-03
    850   0.12540E-03
    860   0.12558E-03
    870   0.12562E-03
    880   0.12553E-03
    890   0.12531E-03
    900   0.12497E-03
    910   0.12449E-03
    920   0.12388E-03
    930   0.12318E-03
    940   0.12236E-03
    950   0.12145E-03
    960   0.12044E-03
    970   0.11937E-03
    980   0.11823E-03
    990   0.11705E-03
   1000   0.11580E-03
   1010   0.11454E-03
   1020   0.11328E-03
   1030   0.11202E-03
   1040   0.11078E-03
   1050   0.10958E-03
   1060   0.10843E-03
   1070   0.10736E-03
   1080   0.10638E-03
   1090   0.10549E-03
   1100   0.10472E-03
   1110   0.10407E-03
   1120   0.10356E-03
   1130   0.10317E-03
   1140   0.10293E-03
   1150   0.10283E-03
   1160   0.10286E-03
   1170   0.10302E-03
   1180   0.10329E-03
   1190   0.10366E-03
   1200   0.10413E-03
   1210   0.10468E-03
   1220   0.10530E-03
   1230   0.10598E-03
   1240   0.10668E-03
   1250   0.10741E-03
   1260   0.10814E-03
   1270   0.10888E-03
   1280   0.10960E-03
   1290   0.11030E-03
   1300   0.11095E-03
   1310   0.11156E-03
   1320   0.11212E-03
   1330   0.11262E-03
   1340   0.11307E-03
   1350   0.11348E-03
   1360   0.11380E-03
   1370   0.11409E-03
   1380   0.11432E-03
   1390   0.11449E-03
   1400   0.11462E-03
   1410   0.11472E-03
   1420   0.11478E-03
   1430   0.11482E-03
   1440   0.11485E-03
   1450   0.11488E-03
   1460   0.11488E-03
   1470   0.11491E-03
   1480   0.11494E-03
   1490   0.11500E-03
   1500   0.11509E-03
   1510   0.11520E-03
   1520   0.11534E-03
   1530   0.11552E-03
   1540   0.11573E-03
   1550   0.11599E-03
   1560   0.11628E-03
   1570   0.11658E-03
   1580   0.11690E-03
   1590   0.11724E-03
   1600   0.11758E-03
   1610   0.11794E-03
   1620   0.11828E-03
   1630   0.11861E-03
   1640   0.11891E-03
   1650   0.11918E-03
   1660   0.11940E-03
   1670   0.11960E-03
   1680   0.11972E-03
   1690   0.11982E-03
   1700   0.11983E-03
   1710   0.11978E-03
   1720   0.11969E-03
   1730   0.11950E-03
   1740   0.11927E-03
   1750   0.11897E-03
   1760   0.11861E-03
   1770   0.11817E-03
   1780   0.11770E-03
   1790   0.11717E-03
   1800   0.11660E-03
   1810   0.11600E-03
   1820   0.11534E-03
   1830   0.11469E-03
   1840   0.11403E-03
   1850   0.11335E-03
   1860   0.11268E-03
   1870   0.11201E-03
   1880   0.11138E-03
   1890   0.11079E-03
   1900   0.11024E-03
   1910   0.10974E-03
   1920   0.10931E-03
   1930   0.10893E-03
   1940   0.10864E-03
   1950   0.10844E-03
   1960   0.10833E-03
   1970   0.10830E-03
   1980   0.10836E-03
   1990   0.10854E-03
   2000   0.10883E-03
   2010   0.10920E-03
   2020   0.10968E-03
   2030   0.11025E-03
   2040   0.11091E-03
   2050   0.11167E-03
   2060   0.11251E-03
   2070   0.11342E-03
   2080   0.11441E-03
   2090   0.11547E-03
   2100   0.11656E-03
   2110   0.11771E-03
   2120   0.11891E-03
   2130   0.12012E-03
   2140   0.12138E-03
   2150   0.12266E-03
   2160   0.12393E-03
   2170   0.12521E-03
   2180   0.12650E-03
   2190   0.12778E-03
   2200   0.12906E-03
   2210   0.13031E-03
   2220   0.13155E-03
   2230   0.13275E-03
   2240   0.13394E-03
   2250   0.13510E-03
   2260   0.13620E-03
   2270   0.13730E-03
   2280   0.13832E-03
   2290   0.13935E-03
   2300   0.14033E-03
   2310   0.14125E-03
   2320   0.14212E-03
   2330   0.14297E-03
   2340   0.14376E-03
   2350   0.14450E-03
   2360   0.14522E-03
   2370   0.14585E-03
   2380   0.14646E-03
   2390   0.14702E-03
   2400   0.14752E-03
   2410   0.14801E-03
   2420   0.14843E-03
   2430   0.14880E-03
   2440   0.14913E-03
   2450   0.14939E-03
   2460   0.14963E-03
   2470   0.14982E-03
   2480   0.14994E-03
   2490   0.15005E-03
   2500   0.15008E-03
   2510   0.15011E-03
   2520   0.15004E-03
   2530   0.14998E-03
   2540   0.14983E-03
   2550   0.14967E-03
   2560   0.14945E-03
   2570   0.14921E-03
   2580   0.14892E-03
   2590   0.14857E-03
   2600   0.14819E-03
   2610   0.14780E-03
   2620   0.14736E-03
   2630   0.14689E-03
   2640   0.14634E-03
   2650   0.14580E-03
   2660   0.14521E-03
   2670   0.14459E-03
   2680   0.14395E-03
   2690   0.14327E-03
   2700   0.14253E-03
   2710   0.14181E-03
   2720   0.14105E-03
   2730   0.14027E-03
   2740   0.13944E-03
   2750   0.13862E-03
   2760   0.13773E-03
   2770   0.13687E-03
   2780   0.13596E-03
   2790   0.13504E-03
   2800   0.13408E-03
   2810   0.13312E-03
   2820   0.13215E-03
   2830   0.13115E-03
   2840   0.13012E-03
   2850   0.12911E-03
   2860   0.12806E-03
   2870   0.12700E-03
   2880   0.12591E-03
   2890   0.12485E-03
   2900   0.12377E-03
   2910   0.12265E-03
   2920   0.12154E-03
   2930   0.12045E-03
   2940   0.11933E-03
   2950   0.11819E-03
   2960   0.11709E-03
   2970   0.11593E-03
   2980   0.11480E-03
   2990   0.11365E-03
   3000   0.11253E-03
   3010   0.11139E-03
   3020   0.11029E-03
   3030   0.10914E-03
   3040   0.10804E-03
   3050   0.10693E-03
   3060   0.10583E-03
   3070   0.10473E-03
   3080   0.10365E-03
   3090   0.10258E-03
   3100   0.10153E-03
   3110   0.10049E-03
   3120   0.99463E-04
   3130   0.98442E-04
   3140   0.97445E-04
   3150   0.96461E-04
   3160   0.95500E-04
   3170   0.94560E-04
   3180   0.93643E-04
   3190   0.92730E-04
   3200   0.91864E-04
   3210   0.90962E-04
   3220   0.90130E-04
   3230   0.89310E-04
   3240   0.88486E-04
   3250   0.87697E-04
   3260   0.86928E-04
   3270   0.86176E-04
   3280   0.85437E-04
   3290   0.84721E-04
   3300   0.84016E-04
   3310   0.83322E-04
   3320   0.82660E-04
   3330   0.82002E-04
   3340   0.81373E-04
   3350   0.80732E-04
   3360   0.80122E-04
   3370   0.79521E-04
   3380   0.78938E-04
   3390   0.78355E-04
   3400   0.77803E-04
   3410   0.77241E-04
   3420   0.76701E-04
   3430   0.76180E-04
   3440   0.75656E-04
   3450   0.75141E-04
   3460   0.74648E-04
   3470   0.74155E-04
   3480   0.73645E-04
   3490   0.73172E-04
   3500   0.72727E-04
   3510   0.72258E-04
   3520   0.71804E-04
   3530   0.71361E-04
   3540   0.70916E-04
   3550   0.70482E-04
   3560   0.70075E-04
   3570   0.69647E-04
   3580   0.69249E-04
   3590   0.68865E-04
   3600   0.68459E-04
   3610   0.68069E-04
   3620   0.67707E-04
   3630   0.67340E-04
   3640   0.66968E-04
   3650   0.66610E-04
   3660   0.66263E-04
   3670   0.65931E-04
   3680   0.65602E-04
   3690   0.65283E-04
   3700   0.64964E-04
   3710   0.64661E-04
   3720   0.64377E-04
   3730   0.64097E-04
   3740   0.63822E-04
   3750   0.63550E-04
   3760   0.63294E-04
   3770   0.63041E-04
   3780   0.62811E-04
   3790   0.62575E-04
   3800   0.62373E-04
   3810   0.62147E-04
   3820   0.61944E-04
   3830   0.61763E-04
   3840   0.61568E-04
   3850   0.61419E-04
   3860   0.61229E-04
   3870   0.61085E-04
   3880   0.60948E-04
   3890   0.60818E-04
   3900   0.60675E-04
   3910   0.60564E-04
   3920   0.60442E-04
   3930   0.60350E-04
   3940   0.60250E-04
   3950   0.60154E-04
   3960   0.60070E-04
   3970   0.60007E-04
   3980   0.59936E-04
   3990   0.59880E-04
   4000   0.59837E-04
   4010   0.59771E-04
   4020   0.59733E-04
   4030   0.59691E-04
   4040   0.59688E-04
   4050   0.59654E-04
   4060   0.59618E-04
   4070   0.59606E-04
   4080   0.59595E-04
   4090   0.59581E-04
   4100   0.59606E-04
   4110   0.59588E-04
   4120   0.59605E-04
   4130   0.59612E-04
   4140   0.59646E-04
   4150   0.59648E-04
   4160   0.59677E-04
   4170   0.59690E-04
   4180   0.59718E-04
   4190   0.59750E-04
   4200   0.59790E-04
   4210   0.59815E-04
   4220   0.59859E-04
   4230   0.59902E-04
   4240   0.59944E-04
   4250   0.60011E-04
   4260   0.60039E-04
   4270   0.60085E-04
   4280   0.60144E-04
   4290   0.60188E-04
   4300   0.60252E-04
   4310   0.60294E-04
   4320   0.60368E-04
   4330   0.60412E-04
   4340   0.60486E-04
   4350   0.60547E-04
   4360   0.60614E-04
   4370   0.60679E-04
   4380   0.60739E-04
   4390   0.60807E-04
   4400   0.60878E-04
   4410   0.60950E-04
   4420   0.61031E-04
   4430   0.61097E-04
   4440   0.61173E-04
   4450   0.61243E-04
   4460   0.61309E-04
   4470   0.61391E-04
   4480   0.61469E-04
   4490   0.61521E-04
   4500   0.61607E-04
   4510   0.61684E-04
   4520   0.61757E-04
   4530   0.61834E-04
   4540   0.61915E-04
   4550   0.61990E-04
   4560   0.62060E-04
   4570   0.62139E-04
   4580   0.62211E-04
   4590   0.62297E-04
   4600   0.62365E-04
   4610   0.62446E-04
   4620   0.62500E-04
   4630   0.62581E-04
   4640   0.62645E-04
   4650   0.62713E-04
   4660   0.62791E-04
   4670   0.62849E-04
   4680   0.62917E-04
   4690   0.62987E-04
   4700   0.63043E-04
   4710   0.63102E-04
   4720   0.63162E-04
   4730   0.63234E-04
   4740   0.63275E-04
   4750   0.63317E-04
   4760   0.63379E-04
   4770   0.63424E-04
   4780   0.63459E-04
   4790   0.63502E-04
   4800   0.63538E-04
   4810   0.63572E-04
   4820   0.63612E-04
   4830   0.63640E-04
   4840   0.63659E-04
   4850   0.63684E-04
   4860   0.63698E-04
   4870   0.63713E-04
   4880   0.63721E-04
   4890   0.63738E-04
   4900   0.63750E-04
   4910   0.63726E-04
   4920   0.63736E-04
   4930   0.63722E-04
   4940   0.63707E-04
   4950   0.63694E-04
   4960   0.63673E-04
   4970   0.63649E-04
   4980   0.63617E-04
   4990   0.63594E-04
   5000   0.63567E-04
   5010   0.63544E-04
   5020   0.63493E-04
   5030   0.63424E-04
   5040   0.63388E-04
   5050   0.63348E-04
   5060   0.63275E-04
   5070   0.63222E-04
   5080   0.63157E-04
   5090   0.63080E-04
   5100   0.63025E-04
   5110   0.62942E-04
   5120   0.62882E-04
   5130   0.62802E-04
   5140   0.62721E-04
   5150   0.62640E-04
   5160   0.62552E-04
   5170   0.62466E-04
   5180   0.62386E-04
   5190   0.62290E-04
   5200   0.62189E-04
   5210   0.62101E-04
   5220   0.62008E-04
   5230   0.61917E-04
   5240   0.61838E-04
   5250   0.61702E-04
   5260   0.61620E-04
   5270   0.61522E-04
   5280   0.61425E-04
   5290   0.61328E-04
   5300   0.61217E-04
   5310   0.61125E-04
   5320   0.61021E-04
   5330   0.60921E-04
   5340   0.60824E-04
   5350   0.60738E-04
   5360   0.60626E-04
   5370   0.60525E-04
   5380   0.60437E-04
   5390   0.60354E-04
   5400   0.60262E-04
   5410   0.60154E-04
   5420   0.60067E-04
   5430   0.59972E-04
   5440   0.59899E-04
   5450   0.59810E-04
   5460   0.59725E-04
   5470   0.59651E-04
   5480   0.59562E-04
   5490   0.59476E-04
   5500   0.59395E-04
   5510   0.59334E-04
   5520   0.59259E-04
   5530   0.59189E-04
   5540   0.59127E-04
   5550   0.59042E-04
   5560   0.58982E-04
   5570   0.58935E-04
   5580   0.58877E-04
   5590   0.58815E-04
   5600   0.58753E-04
   5610   0.58708E-04
   5620   0.58664E-04
   5630   0.58608E-04
   5640   0.58574E-04
   5650   0.58526E-04
   5660   0.58489E-04
   5670   0.58438E-04
   5680   0.58396E-04
   5690   0.58367E-04
   5700   0.58338E-04
   5710   0.58305E-04
   5720   0.58270E-04
   5730   0.58234E-04
   5740   0.58204E-04
   5750   0.58196E-04
   5760   0.58157E-04
   5770   0.58140E-04
   5780   0.58122E-04
   5790   0.58098E-04
   5800   0.58085E-04
   5810   0.58065E-04
   5820   0.58042E-04
   5830   0.58030E-04
   5840   0.58028E-04
   5850   0.58001E-04
   5860   0.58007E-04
   5870   0.57989E-04
   5880   0.57973E-04
   5890   0.57968E-04
   5900   0.57973E-04
   5910   0.57955E-04
   5920   0.57945E-04
   5930   0.57943E-04
   5940   0.57924E-04
   5950   0.57913E-04
   5960   0.57906E-04
   5970   0.57896E-04
   5980   0.57891E-04
   5990   0.57905E-04
   6000   0.57880E-04
   6010   0.57881E-04
   6020   0.57874E-04
   6030   0.57870E-04
   6040   0.57865E-04
   6050   0.57854E-04
   6060   0.57850E-04
   6070   0.57846E-04
   6080   0.57839E-04
   6090   0.57841E-04
   6100   0.57845E-04
   6110   0.57839E-04
   6120   0.57819E-04
   6130   0.57805E-04
   6140   0.57797E-04
   6150   0.57802E-04
   6160   0.57774E-04
   6170   0.57769E-04
   6180   0.57753E-04
   6190   0.57757E-04
   6200   0.57729E-04
   6210   0.57731E-04
   6220   0.57718E-04
   6230   0.57703E-04
   6240   0.57690E-04
   6250   0.57677E-04
   6260   0.57644E-04
   6270   0.57640E-04
   6280   0.57624E-04
   6290   0.57601E-04
   6300   0.57581E-04
   6310   0.57568E-04
   6320   0.57547E-04
   6330   0.57523E-04
   6340   0.57500E-04
   6350   0.57469E-04
   6360   0.57447E-04
   6370   0.57437E-04
   6380   0.57413E-04
   6390   0.57384E-04
   6400   0.57356E-04
   6410   0.57329E-04
   6420   0.57302E-04
   6430   0.57268E-04
   6440   0.57234E-04
   6450   0.57214E-04
   6460   0.57181E-04
   6470   0.57156E-04
   6480   0.57115E-04
   6490   0.57068E-04
   6500   0.57041E-04
   6510   0.56996E-04
   6520   0.56966E-04
   6530   0.56935E-04
   6540   0.56881E-04
   6550   0.56849E-04
   6560   0.56800E-04
   6570   0.56762E-04
   6580   0.56709E-04
   6590   0.56662E-04
   6600   0.56610E-04
   6610   0.56561E-04
   6620   0.56519E-04
   6630   0.56471E-04
   6640   0.56416E-04
   6650   0.56360E-04
   6660   0.56319E-04
   6670   0.56247E-04
   6680   0.56191E-04
   6690   0.56136E-04
   6700   0.56068E-04
   6710   0.56015E-04
   6720   0.55955E-04
   6730   0.55876E-04
   6740   0.55821E-04
   6750   0.55751E-04
   6760   0.55667E-04
   6770   0.55599E-04
   6780   0.55534E-04
   6790   0.55458E-04
   6800   0.55383E-04
   6810   0.55320E-04
   6820   0.55225E-04
   6830   0.55152E-04
   6840   0.55070E-04
   6850   0.54980E-04
   6860   0.54892E-04
   6870   0.54811E-04
   6880   0.54719E-04
   6890   0.54622E-04
   6900   0.54530E-04
   6910   0.54432E-04
   6920   0.54335E-04
   6930   0.54224E-04
   6940   0.54124E-04
   6950   0.54030E-04
   6960   0.53911E-04
   6970   0.53817E-04
   6980   0.53687E-04
   6990   0.53575E-04
   7000   0.53455E-04
   7010   0.53340E-04
   7020   0.53224E-04
   7030   0.53100E-04
   7040   0.52968E-04
   7050   0.52847E-04
   7060   0.52718E-04
   7070   0.52588E-04
   7080   0.52464E-04
   7090   0.52317E-04
   7100   0.52188E-04
   7110   0.52069E-04
   7120   0.51911E-04
   7130   0.51776E-04
   7140   0.51630E-04
   7150   0.51474E-04
   7160   0.51345E-04
   7170   0.51203E-04
   7180   0.51058E-04
   7190   0.50907E-04
   7200   0.50765E-04
   7210   0.50610E-04
   7220   0.50465E-04
   7230   0.50318E-04
   7240   0.50164E-04
   7250   0.50022E-04
   7260   0.49860E-04
   7270   0.49727E-04
   7280   0.49579E-04
   7290   0.49427E-04
   7300   0.49256E-04
   7310   0.49119E-04
   7320   0.48972E-04
   7330   0.48805E-04
   7340   0.48670E-04
   7350   0.48518E-04
   7360   0.48361E-04
   7370   0.48231E-04
   7380   0.48066E-04
   7390   0.47937E-04
   7400   0.47786E-04
   7410   0.47641E-04
   7420   0.47497E-04
   7430   0.47357E-04
   7440   0.47207E-04
   7450   0.47066E-04
   7460   0.46937E-04
   7470   0.46795E-04
   7480   0.46663E-04
   7490   0.46531E-04
   7500   0.46390E-04
   7510   0.46257E-04
   7520   0.46131E-04
   7530   0.46012E-04
   7540   0.45892E-04
   7550   0.45752E-04
   7560   0.45639E-04
   7570   0.45519E-04
   7580   0.45392E-04
   7590   0.45281E-04
   7600   0.45153E-04
   7610   0.45047E-04
   7620   0.44913E-04
   7630   0.44801E-04
   7640   0.44688E-04
   7650   0.44570E-04
   7660   0.44454E-04
   7670   0.44346E-04
   7680   0.44231E-04
   7690   0.44113E-04
   7700   0.43998E-04
   7710   0.43902E-04
   7720   0.43786E-04
   7730   0.43683E-04
   7740   0.43590E-04
   7750   0.43476E-04
   7760   0.43380E-04
   7770   0.43274E-04
   7780   0.43164E-04
   7790   0.43061E-04
   7800   0.42950E-04
   7810   0.42861E-04
   7820   0.42766E-04
   7830   0.42659E-04
   7840   0.42551E-04
   7850   0.42460E-04
   7860   0.42347E-04
   7870   0.42259E-04
   7880   0.42145E-04
   7890   0.42047E-04
   7900   0.41962E-04
   7910   0.41857E-04
   7920   0.41739E-04
   7930   0.41644E-04
   7940   0.41548E-04
   7950   0.41467E-04
   7960   0.41345E-04
   7970   0.41264E-04
   7980   0.41161E-04
   7990   0.41077E-04
   8000   0.40966E-04
   8010   0.40870E-04
   8020   0.40769E-04
   8030   0.40692E-04
   8040   0.40586E-04
   8050   0.40496E-04
   8060   0.40405E-04
   8070   0.40313E-04
   8080   0.40202E-04
   8090   0.40119E-04
   8100   0.40016E-04
   8110   0.39909E-04
   8120   0.39810E-04
   8130   0.39720E-04
   8140   0.39632E-04
   8150   0.39533E-04
   8160   0.39427E-04
   8170   0.39348E-04
   8180   0.39242E-04
   8190   0.39153E-04
   8200   0.39067E-04
   8210   0.38950E-04
   8220   0.38842E-04
   8230   0.38766E-04
   8240   0.38666E-04
   8250   0.38571E-04
   8260   0.38471E-04
   8270   0.38356E-04
   8280   0.38266E-04
   8290   0.38182E-04
   8300   0.38084E-04
   8310   0.37985E-04
   8320   0.37877E-04
   8330   0.37778E-04
   8340   0.37671E-04
   8350   0.37580E-04
   8360   0.37479E-04
   8370   0.37371E-04
   8380   0.37286E-04
   8390   0.37182E-04
   8400   0.37064E-04
   8410   0.36969E-04
   8420   0.36846E-04
   8430   0.36748E-04
   8440   0.36638E-04
   8450   0.36552E-04
   8460   0.36442E-04
   8470   0.36337E-04
   8480   0.36250E-04
   8490   0.36128E-04
   8500   0.36018E-04
   8510   0.35897E-04
   8520   0.35795E-04
   8530   0.35689E-04
   8540   0.35590E-04
   8550   0.35477E-04
   8560   0.35361E-04
   8570   0.35272E-04
   8580   0.35166E-04
   8590   0.35046E-04
   8600   0.34926E-04
   8610   0.34809E-04
   8620   0.34701E-04
   8630   0.34600E-04
   8640   0.34476E-04
   8650   0.34374E-04
   8660   0.34261E-04
   8670   0.34150E-04
   8680   0.34039E-04
   8690   0.33934E-04
   8700   0.33806E-04
   8710   0.33701E-04
   8720   0.33582E-04
   8730   0.33470E-04
   8740   0.33378E-04
   8750   0.33265E-04
   8760   0.33152E-04
   8770   0.33027E-04
   8780   0.32915E-04
   8790   0.32812E-04
   8800   0.32702E-04
   8810   0.32578E-04
   8820   0.32476E-04
   8830   0.32357E-04
   8840   0.32250E-04
   8850   0.32128E-04
   8860   0.32013E-04
   8870   0.31915E-04
   8880   0.31794E-04
   8890   0.31687E-04
   8900   0.31564E-04
   8910   0.31447E-04
   8920   0.31335E-04
   8930   0.31220E-04
   8940   0.31112E-04
   8950   0.31017E-04
   8960   0.30900E-04
   8970   0.30782E-04
   8980   0.30671E-04
   8990   0.30571E-04
   9000   0.30452E-04
   9010   0.30363E-04
   9020   0.30242E-04
   9030   0.30138E-04
   9040   0.30017E-04
   9050   0.29892E-04
   9060   0.29799E-04
   9070   0.29678E-04
   9080   0.29573E-04
   9090   0.29487E-04
   9100   0.29376E-04
   9110   0.29266E-04
   9120   0.29143E-04
   9130   0.29044E-04
   9140   0.28926E-04
   9150   0.28824E-04
   9160   0.28715E-04
   9170   0.28620E-04
   9180   0.28520E-04
   9190   0.28420E-04
   9200   0.28296E-04
   9210   0.28200E-04
   9220   0.28084E-04
   9230   0.27979E-04
   9240   0.27861E-04
   9250   0.27760E-04
   9260   0.27649E-04
   9270   0.27560E-04
   9280   0.27456E-04
   9290   0.27331E-04
   9300   0.27230E-04
   9310   0.27133E-04
   9320   0.27029E-04
   9330   0.26933E-04
   9340   0.26839E-04
   9350   0.26723E-04
   9360   0.26641E-04
   9370   0.26529E-04
   9380   0.26439E-04
   9390   0.26318E-04
   9400   0.26228E-04
   9410   0.26105E-04
   9420   0.26018E-04
   9430   0.25911E-04
   9440   0.25823E-04
   9450   0.25707E-04
   9460   0.25589E-04
   9470   0.25524E-04
   9480   0.25420E-04
   9490   0.25303E-04
   9500   0.25196E-04
   9510   0.25110E-04
   9520   0.25009E-04
   9530   0.24907E-04
   9540   0.24799E-04
   9550   0.24720E-04
   9560   0.24620E-04
   9570   0.24517E-04
   9580   0.24422E-04
   9590   0.24336E-04
   9600   0.24220E-04
   9610   0.24140E-04
   9620   0.24029E-04
   9630   0.23928E-04
   9640   0.23838E-04
   9650   0.23734E-04
   9660   0.23618E-04
   9670   0.23545E-04
   9680   0.23430E-04
   9690   0.23351E-04
   9700   0.23268E-04
   9710   0.23145E-04
   9720   0.23055E-04
   9730   0.22932E-04
   9740   0.22840E-04
   9750   0.22743E-04
   9760   0.22651E-04
   9770   0.22571E-04
   9780   0.22455E-04
   9790   0.22350E-04
   9800   0.22266E-04
   9810   0.22152E-04
   9820   0.22065E-04
   9830   0.21951E-04
   9840   0.21857E-04
   9850   0.21752E-04
   9860   0.21665E-04
   9870   0.21584E-04
   9880   0.21470E-04
   9890   0.21378E-04
   9900   0.21284E-04
   9910   0.21178E-04
   9920   0.21099E-04
   9930   0.20995E-04
   9940   0.20901E-04
   9950   0.20795E-04
   9960   0.20703E-04
   9970   0.20612E-04
   9980   0.20497E-04
   9990   0.20428E-04
  10000   0.20324E-04
  10010   0.20229E-04
  10020   0.20108E-04
  10030   0.20043E-04
  10040   0.19916E-04
  10050   0.19850E-04
  10060   0.19739E-04
  10070   0.19637E-04
  10080   0.19543E-04
  10090   0.19444E-04
  10100   0.19383E-04
  10110   0.19251E-04
  10120   0.19151E-04
  10130   0.19072E-04
  10140   0.18974E-04
  10150   0.18876E-04
  10160   0.18787E-04
  10170   0.18687E-04
  10180   0.18584E-04
  10190   0.18509E-04
  10200   0.18399E-04
  10210   0.18303E-04
  10220   0.18206E-04
  10230   0.18130E-04
  10240   0.18032E-04
  10250   0.17947E-04
  10260   0.17833E-04
  10270   0.17762E-04
  10280   0.17654E-04
  10290   0.17548E-04
  10300   0.17468E-04
  10310   0.17366E-04
  10320   0.17282E-04
  10330   0.17197E-04
  10340   0.17103E-04
  10350   0.17013E-04
  10360   0.16925E-04
  10370   0.16846E-04
  10380   0.16750E-04
  10390   0.16662E-04
  10400   0.16588E-04
  10410   0.16487E-04
  10420   0.16399E-04
  10430   0.16320E-04
  10440   0.16231E-04
  10450   0.16143E-04
  10460   0.16051E-04
  10470   0.15972E-04
  10480   0.15892E-04
  10490   0.15795E-04
  10500   0.15705E-04
  10510   0.15628E-04
  10520   0.15545E-04
  10530   0.15461E-04
  10540   0.15377E-04
  10550   0.15288E-04
  10560   0.15215E-04
  10570   0.15131E-04
  10580   0.15050E-04
  10590   0.14964E-04
  10600   0.14906E-04
  10610   0.14816E-04
  10620   0.14744E-04
  10630   0.14642E-04
  10640   0.14580E-04
  10650   0.14498E-04
  10660   0.14407E-04
  10670   0.14340E-04
  10680   0.14254E-04
  10690   0.14170E-04
  10700   0.14102E-04
  10710   0.14013E-04
  10720   0.13939E-04
  10730   0.13857E-04
  10740   0.13790E-04
  10750   0.13712E-04
  10760   0.13630E-04
  10770   0.13545E-04
  10780   0.13487E-04
  10790   0.13400E-04
  10800   0.13315E-04
  10810   0.13245E-04
  10820   0.13177E-04
  10830   0.13100E-04
  10840   0.13015E-04
  10850   0.12946E-04
  10860   0.12888E-04
  10870   0.12813E-04
  10880   0.12728E-04
  10890   0.12668E-04
  10900   0.12578E-04
  10910   0.12511E-04
  10920   0.12441E-04
  10930   0.12368E-04
  10940   0.12294E-04
  10950   0.12228E-04
  10960   0.12153E-04
  10970   0.12088E-04
  10980   0.12011E-04
  10990   0.11928E-04
  11000   0.11873E-04
  11010   0.11787E-04
  11020   0.11728E-04
  11030   0.11665E-04
  11040   0.11586E-04
  11050   0.11506E-04
  11060   0.11454E-04
  11070   0.11376E-04
  11080   0.11327E-04
  11090   0.11240E-04
  11100   0.11189E-04
  11110   0.11108E-04
  11120   0.11050E-04
  11130   0.10986E-04
  11140   0.10937E-04
  11150   0.10846E-04
  11160   0.10775E-04
  11170   0.10712E-04
  11180   0.10647E-04
  11190   0.10579E-04
  11200   0.10527E-04
  11210   0.10448E-04
  11220   0.10388E-04
  11230   0.10317E-04
  11240   0.10236E-04
  11250   0.10172E-04
  11260   0.10106E-04
  11270   0.10056E-04
  11280   0.99795E-05
  11290   0.99181E-05
  11300   0.98459E-05
  11310   0.97851E-05
  11320   0.97104E-05
  11330   0.96536E-05
  11340   0.95916E-05
  11350   0.95116E-05
  11360   0.94453E-05
  11370   0.93775E-05
  11380   0.93316E-05
  11390   0.92472E-05
  11400   0.92022E-05
  11410   0.91408E-05
  11420   0.90591E-05
  11430   0.90049E-05
  11440   0.89308E-05
  11450   0.88745E-05
  11460   0.88047E-05
  11470   0.87461E-05
  11480   0.86994E-05
  11490   0.86098E-05
  11500   0.85453E-05
  11510   0.84917E-05
  11520   0.84425E-05
  11530   0.83595E-05
  11540   0.82981E-05
  11550   0.82336E-05
  11560   0.81596E-05
  11570   0.81117E-05
  11580   0.80563E-05
  11590   0.79885E-05
  11600   0.79319E-05
  11610   0.78491E-05
  11620   0.78039E-05
  11630   0.77376E-05
  11640   0.76883E-05
  11650   0.76143E-05
  11660   0.75624E-05
  11670   0.75032E-05
  11680   0.74372E-05
  11690   0.73891E-05
  11700   0.73247E-05
  11710   0.72659E-05
  11720   0.72296E-05
  11730   0.71545E-05
  11740   0.70963E-05
  11750   0.70368E-05
  11760   0.69870E-05
  11770   0.69382E-05
  11780   0.68673E-05
  11790   0.68174E-05
  11800   0.67653E-05
  11810   0.67032E-05
  11820   0.66487E-05
  11830   0.66002E-05
  11840   0.65465E-05
  11850   0.64955E-05
  11860   0.64404E-05
  11870   0.63861E-05
  11880   0.63484E-05
  11890   0.62853E-05
  11900   0.62354E-05
  11910   0.61715E-05
  11920   0.61295E-05
  11930   0.60708E-05
  11940   0.60174E-05
  11950   0.59666E-05
  11960   0.59224E-05
  11970   0.58722E-05
  11980   0.58210E-05
  11990   0.57689E-05
  12000   0.57460E-05
  12010   0.56921E-05
  12020   0.56425E-05
  12030   0.55936E-05
  12040   0.55437E-05
  12050   0.54844E-05
  12060   0.54438E-05
  12070   0.54032E-05
  12080   0.53467E-05
  12090   0.53127E-05
  12100   0.52621E-05
  12110   0.52210E-05
  12120   0.51635E-05
  12130   0.51325E-05
  12140   0.50747E-05
  12150   0.50418E-05
  12160   0.50102E-05
  12170   0.49505E-05
  12180   0.49073E-05
  12190   0.48750E-05
  12200   0.48442E-05
  12210   0.47995E-05
  12220   0.47506E-05
  12230   0.47103E-05
  12240   0.46646E-05
  12250   0.46103E-05
  12260   0.45743E-05
  12270   0.45300E-05
  12280   0.44905E-05
  12290   0.44579E-05
  12300   0.44357E-05
  12310   0.43945E-05
  12320   0.43655E-05
  12330   0.43093E-05
  12340   0.42864E-05
  12350   0.42369E-05
  12360   0.42011E-05
  12370   0.41643E-05
  12380   0.41226E-05
  12390   0.40757E-05
  12400   0.40558E-05
  12410   0.40164E-05
  12420   0.39768E-05
  12430   0.39514E-05
  12440   0.39101E-05
  12450   0.38672E-05
  12460   0.38475E-05
  12470   0.38065E-05
  12480   0.37800E-05
  12490   0.37436E-05
  12500   0.37032E-05
  12510   0.36764E-05
  12520   0.36410E-05
  12530   0.36041E-05
  12540   0.35791E-05
  12550   0.35445E-05
  12560   0.35169E-05
  12570   0.34896E-05
  12580   0.34636E-05
  12590   0.34277E-05
  12600   0.33919E-05
  12610   0.33556E-05
  12620   0.33445E-05
  12630   0.33131E-05
  12640   0.32846E-05
  12650   0.32590E-05
  12660   0.32330E-05
  12670   0.31950E-05
  12680   0.31786E-05
  12690   0.31507E-05
  12700   0.31170E-05
  12710   0.31120E-05
  12720   0.30728E-05
  12730   0.30607E-05
  12740   0.30446E-05
  12750   0.30147E-05
  12760   0.29916E-05
  12770   0.29681E-05
  12780   0.29405E-05
  12790   0.29266E-05
  12800   0.29018E-05
  12810   0.28746E-05
  12820   0.28486E-05
  12830   0.28376E-05
  12840   0.28121E-05
  12850   0.27941E-05
  12860   0.27794E-05
  12870   0.27647E-05
  12880   0.27462E-05
  12890   0.27210E-05
  12900   0.27060E-05
  12910   0.26714E-05
  12920   0.26593E-05
  12930   0.26351E-05
  12940   0.26211E-05
  12950   0.26136E-05
  12960   0.25973E-05
  12970   0.25777E-05
  12980   0.25658E-05
  12990   0.25384E-05
  13000   0.25246E-05
  13010   0.24968E-05
  13020   0.24939E-05
  13030   0.24567E-05
  13040   0.24509E-05
  13050   0.24461E-05
  13060   0.24356E-05
  13070   0.24127E-05
  13080   0.24068E-05
  13090   0.23929E-05
  13100   0.23753E-05
  13110   0.23703E-05
  13120   0.23514E-05
  13130   0.23365E-05
  13140   0.23330E-05
  13150   0.23178E-05
  13160   0.23091E-05
  13170   0.23069E-05
  13180   0.22875E-05
  13190   0.22796E-05
  13200   0.22847E-05
  13210   0.22640E-05
  13220   0.22588E-05
  13230   0.22485E-05
  13240   0.22304E-05
  13250   0.22201E-05
  13260   0.21926E-05
  13270   0.21918E-05
  13280   0.21818E-05
  13290   0.21771E-05
  13300   0.21694E-05
  13310   0.21579E-05
  13320   0.21513E-05
  13330   0.21441E-05
  13340   0.21424E-05
  13350   0.21213E-05
  13360   0.21193E-05
  13370   0.21042E-05
  13380   0.21060E-05
  13390   0.20946E-05
  13400   0.20881E-05
  13410   0.20789E-05
  13420   0.20790E-05
  13430   0.20609E-05
  13440   0.20557E-05
  13450   0.20510E-05
  13460   0.20443E-05
  13470   0.20435E-05
  13480   0.20442E-05
  13490   0.20370E-05
  13500   0.20224E-05
  13510   0.20213E-05
  13520   0.20124E-05
  13530   0.20065E-05
  13540   0.20035E-05
  13550   0.19908E-05
  13560   0.19813E-05
  13570   0.19806E-05
  13580   0.19717E-05
  13590   0.19658E-05
  13600   0.19676E-05
  13610   0.19606E-05
  13620   0.19537E-05
  13630   0.19450E-05
  13640   0.19348E-05
  13650   0.19286E-05
  13660   0.19241E-05
  13670   0.19231E-05
  13680   0.19224E-05
  13690   0.19204E-05
  13700   0.18989E-05
  13710   0.18868E-05
  13720   0.18918E-05
  13730   0.18927E-05
  13740   0.18871E-05
  13750   0.18788E-05
  13760   0.18764E-05
  13770   0.18603E-05
  13780   0.18705E-05
  13790   0.18649E-05
  13800   0.18539E-05
  13810   0.18610E-05
  13820   0.18571E-05
  13830   0.18520E-05
  13840   0.18433E-05
  13850   0.18421E-05
  13860   0.18226E-05
  13870   0.18211E-05
  13880   0.18183E-05
  13890   0.18266E-05
  13900   0.18251E-05
  13910   0.18203E-05
  13920   0.18152E-05
  13930   0.18116E-05
  13940   0.17998E-05
  13950   0.18118E-05
  13960   0.18045E-05
  13970   0.18063E-05
  13980   0.17848E-05
  13990   0.17755E-05
  14000   0.17855E-05
  14010   0.17884E-05
  14020   0.17584E-05
  14030   0.17795E-05
  14040   0.17469E-05
  14050   0.17408E-05
  14060   0.17364E-05
  14070   0.17331E-05
  14080   0.17373E-05
  14090   0.17399E-05
  14100   0.17337E-05
  14110   0.17286E-05
  14120   0.17208E-05
  14130   0.17181E-05
  14140   0.17043E-05
  14150   0.17110E-05
  14160   0.16965E-05
  14170   0.16951E-05
  14180   0.16807E-05
  14190   0.16767E-05
  14200   0.16777E-05
  14210   0.16699E-05
  14220   0.16647E-05
  14230   0.16662E-05
  14240   0.16697E-05
  14250   0.16691E-05
  14260   0.16528E-05
  14270   0.16454E-05
  14280   0.16415E-05
  14290   0.16420E-05
  14300   0.16272E-05
  14310   0.16251E-05
  14320   0.16286E-05
  14330   0.16236E-05
  14340   0.16169E-05
  14350   0.16195E-05
  14360   0.16121E-05
  14370   0.16093E-05
  14380   0.16123E-05
  14390   0.16151E-05
  14400   0.16263E-05
  14410   0.16218E-05
  14420   0.16093E-05
  14430   0.16047E-05
  14440   0.16129E-05
  14450   0.16125E-05
  14460   0.16166E-05
  14470   0.16084E-05
  14480   0.15923E-05
  14490   0.15984E-05
  14500   0.15860E-05
  14510   0.15759E-05
  14520   0.15812E-05
  14530   0.15728E-05
  14540   0.15786E-05
  14550   0.15734E-05
  14560   0.15661E-05
  14570   0.15600E-05
  14580   0.15578E-05
  14590   0.15620E-05
  14600   0.15435E-05
  14610   0.15609E-05
  14620   0.15540E-05
  14630   0.15640E-05
  14640   0.15640E-05
  14650   0.15554E-05
  14660   0.15485E-05
  14670   0.15499E-05
  14680   0.15562E-05
  14690   0.15444E-05
  14700   0.15292E-05
  14710   0.15346E-05
  14720   0.15273E-05
  14730   0.15235E-05
  14740   0.15182E-05
  14750   0.15123E-05
  14760   0.14997E-05
  14770   0.15029E-05
  14780   0.15050E-05
  14790   0.15034E-05
  14800   0.14842E-05
  14810   0.15017E-05
  14820   0.15025E-05
  14830   0.14912E-05
  14840   0.14894E-05
  14850   0.14899E-05
  14860   0.15049E-05
  14870   0.14813E-05
  14880   0.14887E-05
  14890   0.14910E-05
  14900   0.14932E-05
  14910   0.14913E-05
  14920   0.14788E-05
  14930   0.15014E-05
  14940   0.14910E-05
  14950   0.14747E-05
  14960   0.14726E-05
  14970   0.14662E-05
  14980   0.14688E-05
  14990   0.14716E-05
  15000   0.14672E-05
  15010   0.14753E-05
  15020   0.14759E-05
  15030   0.14608E-05
  15040   0.14679E-05
  15050   0.14700E-05
  15060   0.14618E-05
  15070   0.14601E-05
  15080   0.14590E-05
  15090   0.14538E-05
  15100   0.14461E-05
  15110   0.14466E-05
  15120   0.14429E-05
  15130   0.14446E-05
  15140   0.14333E-05
  15150   0.14283E-05
  15160   0.14277E-05
  15170   0.14193E-05
  15180   0.14158E-05
  15190   0.14268E-05
  15200   0.14287E-05
  15210   0.14242E-05
  15220   0.14181E-05
  15230   0.14387E-05
  15240   0.14390E-05
  15250   0.14250E-05
  15260   0.14154E-05
  15270   0.14165E-05
  15280   0.13921E-05
  15290   0.13888E-05
  15300   0.13981E-05
  15310   0.14034E-05
  15320   0.14072E-05
  15330   0.13965E-05
  15340   0.14068E-05
  15350   0.14024E-05
  15360   0.14097E-05
  15370   0.13941E-05
  15380   0.13990E-05
  15390   0.14030E-05
  15400   0.13944E-05
  15410   0.14074E-05
  15420   0.14140E-05
  15430   0.14026E-05
  15440   0.14119E-05
  15450   0.14036E-05
  15460   0.14017E-05
  15470   0.13900E-05
  15480   0.13797E-05
  15490   0.13695E-05
  15500   0.13739E-05
  15510   0.13729E-05
  15520   0.13734E-05
  15530   0.13725E-05
  15540   0.13628E-05
  15550   0.13596E-05
  15560   0.13453E-05
  15570   0.13457E-05
  15580   0.13415E-05
  15590   0.13334E-05
  15600   0.13517E-05
  15610   0.13438E-05
  15620   0.13275E-05
  15630   0.13337E-05
  15640   0.13349E-05
  15650   0.13320E-05
  15660   0.13075E-05
  15670   0.13044E-05
  15680   0.13236E-05
  15690   0.13113E-05
  15700   0.13223E-05
  15710   0.13034E-05
  15720   0.13100E-05
  15730   0.13109E-05
  15740   0.13041E-05
  15750   0.12833E-05
  15760   0.12880E-05
  15770   0.12692E-05
  15780   0.12693E-05
  15790   0.12890E-05
  15800   0.12873E-05
  15810   0.12824E-05
  15820   0.12860E-05
  15830   0.12869E-05
  15840   0.12971E-05
  15850   0.12881E-05
  15860   0.12844E-05
  15870   0.12761E-05
  15880   0.12726E-05
  15890   0.12466E-05
  15900   0.12404E-05
  15910   0.12620E-05
  15920   0.12413E-05
  15930   0.12356E-05
  15940   0.12554E-05
  15950   0.12344E-05
  15960   0.12442E-05
  15970   0.12462E-05
  15980   0.12428E-05
  15990   0.12365E-05
  16000   0.12328E-05
  16010   0.12239E-05
  16020   0.12035E-05
  16030   0.12137E-05
  16040   0.12144E-05
  16050   0.12000E-05
  16060   0.11991E-05
  16070   0.11931E-05
  16080   0.12040E-05
  16090   0.11995E-05
  16100   0.11839E-05
  16110   0.11804E-05
  16120   0.11744E-05
  16130   0.11885E-05
  16140   0.11804E-05
  16150   0.11733E-05
  16160   0.11771E-05
  16170   0.11709E-05
  16180   0.11659E-05
  16190   0.11616E-05
  16200   0.11569E-05
  16210   0.11464E-05
  16220   0.11508E-05
  16230   0.11616E-05
  16240   0.11490E-05
  16250   0.11635E-05
  16260   0.11694E-05
  16270   0.11434E-05
  16280   0.11553E-05
  16290   0.11362E-05
  16300   0.11352E-05
  16310   0.11373E-05
  16320   0.11116E-05
  16330   0.11217E-05
  16340   0.11090E-05
  16350   0.11106E-05
  16360   0.11260E-05
  16370   0.11153E-05
  16380   0.11210E-05
  16390   0.11140E-05
  16400   0.11109E-05
  16410   0.11013E-05
  16420   0.10960E-05
  16430   0.10818E-05
  16440   0.10846E-05
  16450   0.10744E-05
  16460   0.10801E-05
  16470   0.10785E-05
  16480   0.10805E-05
  16490   0.10840E-05
  16500   0.10812E-05
  16510   0.10696E-05
  16520   0.10467E-05
  16530   0.10548E-05
  16540   0.10502E-05
  16550   0.10406E-05
  16560   0.10288E-05
  16570   0.10367E-05
  16580   0.10347E-05
  16590   0.10271E-05
  16600   0.10357E-05
  16610   0.10383E-05
  16620   0.10292E-05
  16630   0.10257E-05
  16640   0.10184E-05
  16650   0.10145E-05
  16660   0.10364E-05
  16670   0.10284E-05
  16680   0.10128E-05
  16690   0.10208E-05
  16700   0.10162E-05
  16710   0.10041E-05
  16720   0.99954E-06
  16730   0.99685E-06
  16740   0.10018E-05
  16750   0.96963E-06
  16760   0.96482E-06
  16770   0.95651E-06
  16780   0.93979E-06
  16790   0.95036E-06
  16800   0.94793E-06
  16810   0.94563E-06
  16820   0.95482E-06
  16830   0.95211E-06
  16840   0.94935E-06
  16850   0.95626E-06
  16860   0.95130E-06
  16870   0.94442E-06
  16880   0.95103E-06
  16890   0.94652E-06
  16900   0.92841E-06
  16910   0.93883E-06
  16920   0.92136E-06
  16930   0.90896E-06
  16940   0.90372E-06
  16950   0.90189E-06
  16960   0.90027E-06
  16970   0.87715E-06
  16980   0.87666E-06
  16990   0.87888E-06
  17000   0.87020E-06
  17010   0.87619E-06
  17020   0.85619E-06
  17030   0.87065E-06
  17040   0.86612E-06
  17050   0.84825E-06
  17060   0.86734E-06
  17070   0.86125E-06
  17080   0.83410E-06
  17090   0.84538E-06
  17100   0.82670E-06
  17110   0.80743E-06
  17120   0.80001E-06
  17130   0.79771E-06
  17140   0.81622E-06
  17150   0.80843E-06
  17160   0.80694E-06
  17170   0.79868E-06
  17180   0.80062E-06
  17190   0.79302E-06
  17200   0.80304E-06
  17210   0.77575E-06
  17220   0.78863E-06
  17230   0.76601E-06
  17240   0.76670E-06
  17250   0.75104E-06
  17260   0.75817E-06
  17270   0.75201E-06
  17280   0.74617E-06
  17290   0.74956E-06
  17300   0.75466E-06
  17310   0.75608E-06
  17320   0.73147E-06
  17330   0.74247E-06
  17340   0.72465E-06
  17350   0.72528E-06
  17360   0.71324E-06
  17370   0.71320E-06
  17380   0.71697E-06
  17390   0.70717E-06
  17400   0.70858E-06
  17410   0.70692E-06
  17420   0.70330E-06
  17430   0.71200E-06
  17440   0.70781E-06
  17450   0.70015E-06
  17460   0.69549E-06
  17470   0.69773E-06
  17480   0.69876E-06
  17490   0.69753E-06
  17500   0.68276E-06
  17510   0.68153E-06
  17520   0.68207E-06
  17530   0.66284E-06
  17540   0.66503E-06
  17550   0.66934E-06
  17560   0.65466E-06
  17570   0.64681E-06
  17580   0.65482E-06
  17590   0.64119E-06
  17600   0.64403E-06
  17610   0.64269E-06
  17620   0.63386E-06
  17630   0.63546E-06
  17640   0.61617E-06
  17650   0.62058E-06
  17660   0.62255E-06
  17670   0.61246E-06
  17680   0.60865E-06
  17690   0.60686E-06
  17700   0.60392E-06
  17710   0.59680E-06
  17720   0.60559E-06
  17730   0.58414E-06
  17740   0.59577E-06
  17750   0.57806E-06
  17760   0.58116E-06
  17770   0.57211E-06
  17780   0.55513E-06
  17790   0.55256E-06
  17800   0.55260E-06
  17810   0.54334E-06
  17820   0.54618E-06
  17830   0.53307E-06
  17840   0.54293E-06
  17850   0.53605E-06
  17860   0.53367E-06
  17870   0.53539E-06
  17880   0.53579E-06
  17890   0.52228E-06
  17900   0.51354E-06
  17910   0.50228E-06
  17920   0.50289E-06
  17930   0.50949E-06
  17940   0.50525E-06
  17950   0.50821E-06
  17960   0.49149E-06
  17970   0.48808E-06
  17980   0.47871E-06
  17990   0.46111E-06
  18000   0.46930E-06
  18010   0.47942E-06
  18020   0.47943E-06
  18030   0.47431E-06
  18040   0.46397E-06
  18050   0.47193E-06
  18060   0.46537E-06
  18070   0.47254E-06
  18080   0.46836E-06
  18090   0.45280E-06
  18100   0.44256E-06
  18110   0.45155E-06
  18120   0.43388E-06
  18130   0.44792E-06
  18140   0.44428E-06
  18150   0.43700E-06
  18160   0.44497E-06
  18170   0.45711E-06
  18180   0.45733E-06
  18190   0.46075E-06
  18200   0.46187E-06
  18210   0.46543E-06
  18220   0.43884E-06
  18230   0.45487E-06
  18240   0.43712E-06
  18250   0.43949E-06
  18260   0.43661E-06
  18270   0.42932E-06
  18280   0.43425E-06
  18290   0.43692E-06
  18300   0.43981E-06
  18310   0.43937E-06
  18320   0.44137E-06
  18330   0.42066E-06
  18340   0.41644E-06
  18350   0.43597E-06
  18360   0.42408E-06
  18370   0.41214E-06
  18380   0.43349E-06
  18390   0.42291E-06
  18400   0.41306E-06
  18410   0.41806E-06
  18420   0.41724E-06
  18430   0.42116E-06
  18440   0.42821E-06
  18450   0.41154E-06
  18460   0.39643E-06
  18470   0.38796E-06
  18480   0.39267E-06
  18490   0.39003E-06
  18500   0.39399E-06
  18510   0.38761E-06
  18520   0.37595E-06
  18530   0.40164E-06
  18540   0.38529E-06
  18550   0.38459E-06
  18560   0.37296E-06
  18570   0.37579E-06
  18580   0.37599E-06
  18590   0.36537E-06
  18600   0.36138E-06
  18610   0.37581E-06
  18620   0.38494E-06
  18630   0.38056E-06
  18640   0.37455E-06
  18650   0.38469E-06
  18660   0.39651E-06
  18670   0.37043E-06
  18680   0.37626E-06
  18690   0.36934E-06
  18700   0.37057E-06
  18710   0.35369E-06
  18720   0.35955E-06
  18730   0.34745E-06
  18740   0.35503E-06
  18750   0.35912E-06
  18760   0.34542E-06
  18770   0.34466E-06
  18780   0.35016E-06
  18790   0.36114E-06
  18800   0.36018E-06
  18810   0.35470E-06
  18820   0.34333E-06
  18830   0.35175E-06
  18840   0.33279E-06
  18850   0.34310E-06
  18860   0.32188E-06
  18870   0.31722E-06
  18880   0.31139E-06
  18890   0.32102E-06
  18900   0.31413E-06
  18910   0.32210E-06
  18920   0.30521E-06
  18930   0.31503E-06
  18940   0.31752E-06
  18950   0.33852E-06
  18960   0.30960E-06
  18970   0.31507E-06
  18980   0.29618E-06
  18990   0.30862E-06
  19000   0.31602E-06
  19010   0.30715E-06
  19020   0.29998E-06
  19030   0.32319E-06
  19040   0.28898E-06
  19050   0.30881E-06
  19060   0.32071E-06
  19070   0.30475E-06
  19080   0.31609E-06
  19090   0.31575E-06
  19100   0.31466E-06
  19110   0.32412E-06
  19120   0.30570E-06
  19130   0.30287E-06
  19140   0.29447E-06
  19150   0.29181E-06
  19160   0.30021E-06
  19170   0.31341E-06
  19180   0.31779E-06
  19190   0.31015E-06
  19200   0.29654E-06
  19210   0.29315E-06
  19220   0.28003E-06
  19230   0.29600E-06
  19240   0.30547E-06
  19250   0.29435E-06
  19260   0.31170E-06
  19270   0.31044E-06
  19280   0.30729E-06
  19290   0.31435E-06
  19300   0.30789E-06
  19310   0.29254E-06
  19320   0.29259E-06
  19330   0.30087E-06
  19340   0.29984E-06
  19350   0.29365E-06
  19360   0.30514E-06
  19370   0.29956E-06
  19380   0.29692E-06
  19390   0.29335E-06
  19400   0.29195E-06
  19410   0.28716E-06
  19420   0.29235E-06
  19430   0.27792E-06
  19440   0.29403E-06
  19450   0.27415E-06
  19460   0.27098E-06
  19470   0.29067E-06
  19480   0.29116E-06
  19490   0.27211E-06
  19500   0.27272E-06
  19510   0.27238E-06
  19520   0.28240E-06
  19530   0.27573E-06
  19540   0.27530E-06
  19550   0.26117E-06
  19560   0.27764E-06
  19570   0.26872E-06
  19580   0.27546E-06
  19590   0.28001E-06
  19600   0.25990E-06
  19610   0.26537E-06
  19620   0.27328E-06
  19630   0.25898E-06
  19640   0.26018E-06
  19650   0.26171E-06
  19660   0.26111E-06
  19670   0.25677E-06
  19680   0.25665E-06
  19690   0.25577E-06
  19700   0.26213E-06
  19710   0.25372E-06
  19720   0.24471E-06
  19730   0.25478E-06
  19740   0.25520E-06
  19750   0.25722E-06
  19760   0.25072E-06
  19770   0.26482E-06
  19780   0.26198E-06
  19790   0.25797E-06
  19800   0.26299E-06
  19810   0.26183E-06
  19820   0.25906E-06
  19830   0.25883E-06
  19840   0.26628E-06
  19850   0.26495E-06
  19860   0.26003E-06
  19870   0.27110E-06
  19880   0.25546E-06
  19890   0.25380E-06
  19900   0.25699E-06
  19910   0.24972E-06
  19920   0.25975E-06
  19930   0.24488E-06
  19940   0.25482E-06
  19950   0.25541E-06
  19960   0.23901E-06
  19970   0.23676E-06
  19980   0.24779E-06
  19990   0.24904E-06
  20000   0.26405E-06
