     10   0.11096E-02
     20   0.94683E-03
     30   0.83741E-03
     40   0.75876E-03
     50   0.69897E-03
     60   0.65109E-03
     70   0.61096E-03
     80   0.57629E-03
     90   0.54559E-03
    100   0.51789E-03
    110   0.49223E-03
    120   0.46852E-03
    130   0.44649E-03
    140   0.42584E-03
    150   0.40639E-03
    160   0.38805E-03
    170   0.37074E-03
    180   0.35445E-03
    190   0.33910E-03
    200   0.32460E-03
    210   0.31079E-03
    220   0.29781E-03
    230   0.28561E-03
    240   0.27416E-03
    250   0.26341E-03
    260   0.25335E-03
    270   0.24392E-03
    280   0.23513E-03
    290   0.22693E-03
    300   0.21928E-03
    310   0.21208E-03
    320   0.20539E-03
    330   0.19919E-03
    340   0.19343E-03
    350   0.18814E-03
    360   0.18327E-03
    370   0.17888E-03
    380   0.17493E-03
    390   0.17140E-03
    400   0.16831E-03
    410   0.16556E-03
    420   0.16318E-03
    430   0.16111E-03
    440   0.15925E-03
    450   0.15757E-03
    460   0.15600E-03
    470   0.15449E-03
    480   0.15297E-03
    490   0.15141E-03
    500   0.14978E-03
    510   0.14814E-03
    520   0.14644E-03
    530   0.14468E-03
    540   0.14290E-03
    550   0.14113E-03
    560   0.13940E-03
    570   0.13775E-03
    580   0.13622E-03
    590   0.13485E-03
    600   0.13363E-03
    610   0.13262E-03
    620   0.13181E-03
    630   0.13120E-03
    640   0.13080E-03
    650   0.13060E-03
    660   0.13057E-03
    670   0.13071E-03
    680   0.13099E-03
    690   0.13139E-03
    700   0.13189E-03
    710   0.13245E-03
    720   0.13306E-03
    730   0.13369E-03
    740   0.13431E-03
    750   0.13490E-03
    760   0.13545E-03
    770   0.13592E-03
    780   0.13631E-03
    790   0.13661E-03
    800   0.13681E-03
    810   0.13690E-03
    820   0.13687E-03
    830   0.13673E-03
    840   0.13648E-03
    850   0.13612E-03
    860   0.13565E-03
    870   0.13509E-03
    880   0.13444E-03
    890   0.13369E-03
    900   0.13288E-03
    910   0.13199E-03
    920   0.13103E-03
    930   0.13003E-03
    940   0.12896E-03
    950   0.12787E-03
    960   0.12674E-03
    970   0.12560E-03
    980   0.12444E-03
    990   0.12329E-03
   1000   0.12216E-03
   1010   0.12106E-03
   1020   0.12000E-03
   1030   0.11901E-03
   1040   0.11809E-03
   1050   0.11727E-03
   1060   0.11654E-03
   1070   0.11592E-03
   1080   0.11542E-03
   1090   0.11503E-03
   1100   0.11477E-03
   1110   0.11463E-03
   1120   0.11460E-03
   1130   0.11467E-03
   1140   0.11483E-03
   1150   0.11508E-03
   1160   0.11540E-03
   1170   0.11578E-03
   1180   0.11617E-03
   1190   0.11660E-03
   1200   0.11704E-03
   1210   0.11748E-03
   1220   0.11789E-03
   1230   0.11826E-03
   1240   0.11859E-03
   1250   0.11886E-03
   1260   0.11909E-03
   1270   0.11927E-03
   1280   0.11937E-03
   1290   0.11940E-03
   1300   0.11938E-03
   1310   0.11930E-03
   1320   0.11917E-03
   1330   0.11898E-03
   1340   0.11874E-03
   1350   0.11848E-03
   1360   0.11820E-03
   1370   0.11790E-03
   1380   0.11760E-03
   1390   0.11730E-03
   1400   0.11702E-03
   1410   0.11676E-03
   1420   0.11654E-03
   1430   0.11635E-03
   1440   0.11620E-03
   1450   0.11610E-03
   1460   0.11606E-03
   1470   0.11604E-03
   1480   0.11609E-03
   1490   0.11619E-03
   1500   0.11631E-03
   1510   0.11646E-03
   1520   0.11663E-03
   1530   0.11684E-03
   1540   0.11704E-03
   1550   0.11723E-03
   1560   0.11743E-03
   1570   0.11759E-03
   1580   0.11773E-03
   1590   0.11784E-03
   1600   0.11790E-03
   1610   0.11790E-03
   1620   0.11786E-03
   1630   0.11775E-03
   1640   0.11758E-03
   1650   0.11738E-03
   1660   0.11710E-03
   1670   0.11677E-03
   1680   0.11638E-03
   1690   0.11595E-03
   1700   0.11547E-03
   1710   0.11495E-03
   1720   0.11441E-03
   1730   0.11385E-03
   1740   0.11327E-03
   1750   0.11270E-03
   1760   0.11212E-03
   1770   0.11156E-03
   1780   0.11104E-03
   1790   0.11056E-03
   1800   0.11012E-03
   1810   0.10975E-03
   1820   0.10946E-03
   1830   0.10922E-03
   1840   0.10908E-03
   1850   0.10904E-03
   1860   0.10908E-03
   1870   0.10923E-03
   1880   0.10951E-03
   1890   0.10987E-03
   1900   0.11034E-03
   1910   0.11095E-03
   1920   0.11164E-03
   1930   0.11242E-03
   1940   0.11332E-03
   1950   0.11430E-03
   1960   0.11537E-03
   1970   0.11650E-03
   1980   0.11770E-03
   1990   0.11897E-03
   2000   0.12027E-03
   2010   0.12162E-03
   2020   0.12300E-03
   2030   0.12439E-03
   2040   0.12581E-03
   2050   0.12722E-03
   2060   0.12865E-03
   2070   0.13005E-03
   2080   0.13144E-03
   2090   0.13280E-03
   2100   0.13414E-03
   2110   0.13547E-03
   2120   0.13674E-03
   2130   0.13799E-03
   2140   0.13916E-03
   2150   0.14033E-03
   2160   0.14144E-03
   2170   0.14250E-03
   2180   0.14353E-03
   2190   0.14448E-03
   2200   0.14538E-03
   2210   0.14626E-03
   2220   0.14705E-03
   2230   0.14783E-03
   2240   0.14854E-03
   2250   0.14920E-03
   2260   0.14979E-03
   2270   0.15033E-03
   2280   0.15083E-03
   2290   0.15128E-03
   2300   0.15167E-03
   2310   0.15199E-03
   2320   0.15230E-03
   2330   0.15252E-03
   2340   0.15271E-03
   2350   0.15281E-03
   2360   0.15289E-03
   2370   0.15291E-03
   2380   0.15287E-03
   2390   0.15281E-03
   2400   0.15266E-03
   2410   0.15249E-03
   2420   0.15226E-03
   2430   0.15201E-03
   2440   0.15167E-03
   2450   0.15130E-03
   2460   0.15089E-03
   2470   0.15046E-03
   2480   0.14994E-03
   2490   0.14945E-03
   2500   0.14886E-03
   2510   0.14828E-03
   2520   0.14764E-03
   2530   0.14698E-03
   2540   0.14630E-03
   2550   0.14559E-03
   2560   0.14483E-03
   2570   0.14409E-03
   2580   0.14329E-03
   2590   0.14248E-03
   2600   0.14165E-03
   2610   0.14080E-03
   2620   0.13998E-03
   2630   0.13908E-03
   2640   0.13818E-03
   2650   0.13728E-03
   2660   0.13637E-03
   2670   0.13541E-03
   2680   0.13449E-03
   2690   0.13352E-03
   2700   0.13256E-03
   2710   0.13158E-03
   2720   0.13056E-03
   2730   0.12955E-03
   2740   0.12854E-03
   2750   0.12752E-03
   2760   0.12647E-03
   2770   0.12541E-03
   2780   0.12434E-03
   2790   0.12325E-03
   2800   0.12219E-03
   2810   0.12107E-03
   2820   0.11997E-03
   2830   0.11886E-03
   2840   0.11772E-03
   2850   0.11659E-03
   2860   0.11543E-03
   2870   0.11429E-03
   2880   0.11313E-03
   2890   0.11198E-03
   2900   0.11078E-03
   2910   0.10965E-03
   2920   0.10848E-03
   2930   0.10729E-03
   2940   0.10614E-03
   2950   0.10497E-03
   2960   0.10381E-03
   2970   0.10266E-03
   2980   0.10151E-03
   2990   0.10037E-03
   3000   0.99261E-04
   3010   0.98135E-04
   3020   0.97059E-04
   3030   0.95950E-04
   3040   0.94901E-04
   3050   0.93822E-04
   3060   0.92784E-04
   3070   0.91764E-04
   3080   0.90775E-04
   3090   0.89800E-04
   3100   0.88839E-04
   3110   0.87895E-04
   3120   0.86970E-04
   3130   0.86083E-04
   3140   0.85193E-04
   3150   0.84366E-04
   3160   0.83534E-04
   3170   0.82723E-04
   3180   0.81940E-04
   3190   0.81187E-04
   3200   0.80442E-04
   3210   0.79714E-04
   3220   0.79021E-04
   3230   0.78333E-04
   3240   0.77695E-04
   3250   0.77053E-04
   3260   0.76430E-04
   3270   0.75835E-04
   3280   0.75262E-04
   3290   0.74667E-04
   3300   0.74149E-04
   3310   0.73609E-04
   3320   0.73094E-04
   3330   0.72582E-04
   3340   0.72105E-04
   3350   0.71646E-04
   3360   0.71175E-04
   3370   0.70739E-04
   3380   0.70313E-04
   3390   0.69884E-04
   3400   0.69480E-04
   3410   0.69080E-04
   3420   0.68716E-04
   3430   0.68328E-04
   3440   0.67965E-04
   3450   0.67611E-04
   3460   0.67279E-04
   3470   0.66948E-04
   3480   0.66617E-04
   3490   0.66281E-04
   3500   0.65972E-04
   3510   0.65667E-04
   3520   0.65384E-04
   3530   0.65098E-04
   3540   0.64815E-04
   3550   0.64568E-04
   3560   0.64279E-04
   3570   0.64018E-04
   3580   0.63778E-04
   3590   0.63539E-04
   3600   0.63286E-04
   3610   0.63048E-04
   3620   0.62814E-04
   3630   0.62579E-04
   3640   0.62384E-04
   3650   0.62161E-04
   3660   0.61945E-04
   3670   0.61738E-04
   3680   0.61536E-04
   3690   0.61347E-04
   3700   0.61150E-04
   3710   0.60960E-04
   3720   0.60778E-04
   3730   0.60599E-04
   3740   0.60407E-04
   3750   0.60239E-04
   3760   0.60077E-04
   3770   0.59900E-04
   3780   0.59739E-04
   3790   0.59579E-04
   3800   0.59439E-04
   3810   0.59278E-04
   3820   0.59124E-04
   3830   0.59003E-04
   3840   0.58856E-04
   3850   0.58713E-04
   3860   0.58587E-04
   3870   0.58455E-04
   3880   0.58339E-04
   3890   0.58213E-04
   3900   0.58090E-04
   3910   0.57993E-04
   3920   0.57882E-04
   3930   0.57793E-04
   3940   0.57700E-04
   3950   0.57603E-04
   3960   0.57519E-04
   3970   0.57427E-04
   3980   0.57350E-04
   3990   0.57299E-04
   4000   0.57223E-04
   4010   0.57166E-04
   4020   0.57092E-04
   4030   0.57043E-04
   4040   0.56996E-04
   4050   0.56956E-04
   4060   0.56925E-04
   4070   0.56873E-04
   4080   0.56863E-04
   4090   0.56847E-04
   4100   0.56829E-04
   4110   0.56822E-04
   4120   0.56818E-04
   4130   0.56821E-04
   4140   0.56827E-04
   4150   0.56820E-04
   4160   0.56856E-04
   4170   0.56867E-04
   4180   0.56904E-04
   4190   0.56915E-04
   4200   0.56947E-04
   4210   0.57002E-04
   4220   0.57038E-04
   4230   0.57090E-04
   4240   0.57141E-04
   4250   0.57189E-04
   4260   0.57257E-04
   4270   0.57301E-04
   4280   0.57385E-04
   4290   0.57432E-04
   4300   0.57516E-04
   4310   0.57594E-04
   4320   0.57680E-04
   4330   0.57734E-04
   4340   0.57832E-04
   4350   0.57892E-04
   4360   0.57993E-04
   4370   0.58076E-04
   4380   0.58166E-04
   4390   0.58251E-04
   4400   0.58339E-04
   4410   0.58420E-04
   4420   0.58534E-04
   4430   0.58608E-04
   4440   0.58695E-04
   4450   0.58790E-04
   4460   0.58878E-04
   4470   0.58973E-04
   4480   0.59054E-04
   4490   0.59142E-04
   4500   0.59235E-04
   4510   0.59324E-04
   4520   0.59410E-04
   4530   0.59486E-04
   4540   0.59570E-04
   4550   0.59636E-04
   4560   0.59724E-04
   4570   0.59796E-04
   4580   0.59869E-04
   4590   0.59921E-04
   4600   0.59978E-04
   4610   0.60058E-04
   4620   0.60109E-04
   4630   0.60159E-04
   4640   0.60212E-04
   4650   0.60241E-04
   4660   0.60302E-04
   4670   0.60339E-04
   4680   0.60382E-04
   4690   0.60389E-04
   4700   0.60432E-04
   4710   0.60457E-04
   4720   0.60479E-04
   4730   0.60492E-04
   4740   0.60493E-04
   4750   0.60507E-04
   4760   0.60500E-04
   4770   0.60505E-04
   4780   0.60485E-04
   4790   0.60502E-04
   4800   0.60471E-04
   4810   0.60454E-04
   4820   0.60428E-04
   4830   0.60397E-04
   4840   0.60350E-04
   4850   0.60318E-04
   4860   0.60284E-04
   4870   0.60247E-04
   4880   0.60196E-04
   4890   0.60139E-04
   4900   0.60091E-04
   4910   0.60027E-04
   4920   0.59970E-04
   4930   0.59891E-04
   4940   0.59822E-04
   4950   0.59759E-04
   4960   0.59695E-04
   4970   0.59606E-04
   4980   0.59544E-04
   4990   0.59438E-04
   5000   0.59364E-04
   5010   0.59282E-04
   5020   0.59185E-04
   5030   0.59106E-04
   5040   0.59013E-04
   5050   0.58907E-04
   5060   0.58824E-04
   5070   0.58725E-04
   5080   0.58628E-04
   5090   0.58551E-04
   5100   0.58447E-04
   5110   0.58358E-04
   5120   0.58251E-04
   5130   0.58157E-04
   5140   0.58056E-04
   5150   0.57962E-04
   5160   0.57867E-04
   5170   0.57774E-04
   5180   0.57673E-04
   5190   0.57583E-04
   5200   0.57495E-04
   5210   0.57395E-04
   5220   0.57305E-04
   5230   0.57233E-04
   5240   0.57138E-04
   5250   0.57029E-04
   5260   0.56958E-04
   5270   0.56877E-04
   5280   0.56795E-04
   5290   0.56732E-04
   5300   0.56648E-04
   5310   0.56557E-04
   5320   0.56499E-04
   5330   0.56436E-04
   5340   0.56360E-04
   5350   0.56304E-04
   5360   0.56226E-04
   5370   0.56159E-04
   5380   0.56119E-04
   5390   0.56059E-04
   5400   0.56006E-04
   5410   0.55959E-04
   5420   0.55898E-04
   5430   0.55836E-04
   5440   0.55794E-04
   5450   0.55756E-04
   5460   0.55738E-04
   5470   0.55681E-04
   5480   0.55646E-04
   5490   0.55627E-04
   5500   0.55595E-04
   5510   0.55557E-04
   5520   0.55515E-04
   5530   0.55514E-04
   5540   0.55492E-04
   5550   0.55484E-04
   5560   0.55464E-04
   5570   0.55447E-04
   5580   0.55424E-04
   5590   0.55418E-04
   5600   0.55400E-04
   5610   0.55397E-04
   5620   0.55375E-04
   5630   0.55390E-04
   5640   0.55383E-04
   5650   0.55376E-04
   5660   0.55379E-04
   5670   0.55385E-04
   5680   0.55385E-04
   5690   0.55391E-04
   5700   0.55385E-04
   5710   0.55405E-04
   5720   0.55411E-04
   5730   0.55409E-04
   5740   0.55423E-04
   5750   0.55426E-04
   5760   0.55430E-04
   5770   0.55450E-04
   5780   0.55455E-04
   5790   0.55462E-04
   5800   0.55472E-04
   5810   0.55489E-04
   5820   0.55503E-04
   5830   0.55518E-04
   5840   0.55518E-04
   5850   0.55539E-04
   5860   0.55547E-04
   5870   0.55573E-04
   5880   0.55576E-04
   5890   0.55572E-04
   5900   0.55588E-04
   5910   0.55607E-04
   5920   0.55616E-04
   5930   0.55623E-04
   5940   0.55640E-04
   5950   0.55658E-04
   5960   0.55652E-04
   5970   0.55663E-04
   5980   0.55677E-04
   5990   0.55677E-04
   6000   0.55705E-04
   6010   0.55702E-04
   6020   0.55707E-04
   6030   0.55704E-04
   6040   0.55719E-04
   6050   0.55729E-04
   6060   0.55713E-04
   6070   0.55713E-04
   6080   0.55729E-04
   6090   0.55715E-04
   6100   0.55733E-04
   6110   0.55726E-04
   6120   0.55719E-04
   6130   0.55724E-04
   6140   0.55722E-04
   6150   0.55707E-04
   6160   0.55709E-04
   6170   0.55685E-04
   6180   0.55677E-04
   6190   0.55665E-04
   6200   0.55651E-04
   6210   0.55632E-04
   6220   0.55605E-04
   6230   0.55595E-04
   6240   0.55591E-04
   6250   0.55557E-04
   6260   0.55536E-04
   6270   0.55502E-04
   6280   0.55472E-04
   6290   0.55437E-04
   6300   0.55408E-04
   6310   0.55370E-04
   6320   0.55330E-04
   6330   0.55299E-04
   6340   0.55249E-04
   6350   0.55206E-04
   6360   0.55146E-04
   6370   0.55108E-04
   6380   0.55057E-04
   6390   0.54983E-04
   6400   0.54939E-04
   6410   0.54872E-04
   6420   0.54823E-04
   6430   0.54755E-04
   6440   0.54682E-04
   6450   0.54606E-04
   6460   0.54525E-04
   6470   0.54458E-04
   6480   0.54376E-04
   6490   0.54288E-04
   6500   0.54212E-04
   6510   0.54121E-04
   6520   0.54034E-04
   6530   0.53943E-04
   6540   0.53849E-04
   6550   0.53747E-04
   6560   0.53643E-04
   6570   0.53543E-04
   6580   0.53448E-04
   6590   0.53332E-04
   6600   0.53230E-04
   6610   0.53129E-04
   6620   0.53015E-04
   6630   0.52926E-04
   6640   0.52811E-04
   6650   0.52685E-04
   6660   0.52581E-04
   6670   0.52438E-04
   6680   0.52352E-04
   6690   0.52227E-04
   6700   0.52125E-04
   6710   0.52000E-04
   6720   0.51884E-04
   6730   0.51759E-04
   6740   0.51658E-04
   6750   0.51535E-04
   6760   0.51436E-04
   6770   0.51310E-04
   6780   0.51200E-04
   6790   0.51088E-04
   6800   0.50986E-04
   6810   0.50872E-04
   6820   0.50767E-04
   6830   0.50657E-04
   6840   0.50547E-04
   6850   0.50438E-04
   6860   0.50349E-04
   6870   0.50251E-04
   6880   0.50155E-04
   6890   0.50058E-04
   6900   0.49953E-04
   6910   0.49859E-04
   6920   0.49775E-04
   6930   0.49689E-04
   6940   0.49607E-04
   6950   0.49521E-04
   6960   0.49432E-04
   6970   0.49353E-04
   6980   0.49282E-04
   6990   0.49188E-04
   7000   0.49115E-04
   7010   0.49041E-04
   7020   0.48984E-04
   7030   0.48903E-04
   7040   0.48823E-04
   7050   0.48766E-04
   7060   0.48698E-04
   7070   0.48634E-04
   7080   0.48569E-04
   7090   0.48514E-04
   7100   0.48448E-04
   7110   0.48393E-04
   7120   0.48339E-04
   7130   0.48285E-04
   7140   0.48228E-04
   7150   0.48168E-04
   7160   0.48121E-04
   7170   0.48068E-04
   7180   0.48017E-04
   7190   0.47970E-04
   7200   0.47918E-04
   7210   0.47865E-04
   7220   0.47830E-04
   7230   0.47784E-04
   7240   0.47747E-04
   7250   0.47701E-04
   7260   0.47654E-04
   7270   0.47626E-04
   7280   0.47566E-04
   7290   0.47538E-04
   7300   0.47490E-04
   7310   0.47442E-04
   7320   0.47414E-04
   7330   0.47375E-04
   7340   0.47339E-04
   7350   0.47307E-04
   7360   0.47267E-04
   7370   0.47234E-04
   7380   0.47202E-04
   7390   0.47167E-04
   7400   0.47127E-04
   7410   0.47117E-04
   7420   0.47079E-04
   7430   0.47045E-04
   7440   0.47008E-04
   7450   0.46976E-04
   7460   0.46957E-04
   7470   0.46921E-04
   7480   0.46894E-04
   7490   0.46867E-04
   7500   0.46838E-04
   7510   0.46811E-04
   7520   0.46783E-04
   7530   0.46742E-04
   7540   0.46741E-04
   7550   0.46707E-04
   7560   0.46675E-04
   7570   0.46640E-04
   7580   0.46610E-04
   7590   0.46594E-04
   7600   0.46561E-04
   7610   0.46537E-04
   7620   0.46510E-04
   7630   0.46489E-04
   7640   0.46450E-04
   7650   0.46423E-04
   7660   0.46390E-04
   7670   0.46366E-04
   7680   0.46336E-04
   7690   0.46307E-04
   7700   0.46278E-04
   7710   0.46249E-04
   7720   0.46203E-04
   7730   0.46179E-04
   7740   0.46160E-04
   7750   0.46115E-04
   7760   0.46083E-04
   7770   0.46056E-04
   7780   0.46014E-04
   7790   0.45976E-04
   7800   0.45939E-04
   7810   0.45916E-04
   7820   0.45886E-04
   7830   0.45848E-04
   7840   0.45800E-04
   7850   0.45751E-04
   7860   0.45728E-04
   7870   0.45707E-04
   7880   0.45654E-04
   7890   0.45616E-04
   7900   0.45577E-04
   7910   0.45541E-04
   7920   0.45486E-04
   7930   0.45458E-04
   7940   0.45417E-04
   7950   0.45368E-04
   7960   0.45331E-04
   7970   0.45282E-04
   7980   0.45238E-04
   7990   0.45202E-04
   8000   0.45147E-04
   8010   0.45096E-04
   8020   0.45056E-04
   8030   0.45019E-04
   8040   0.44956E-04
   8050   0.44906E-04
   8060   0.44861E-04
   8070   0.44817E-04
   8080   0.44760E-04
   8090   0.44710E-04
   8100   0.44668E-04
   8110   0.44622E-04
   8120   0.44568E-04
   8130   0.44520E-04
   8140   0.44448E-04
   8150   0.44397E-04
   8160   0.44347E-04
   8170   0.44273E-04
   8180   0.44241E-04
   8190   0.44172E-04
   8200   0.44124E-04
   8210   0.44061E-04
   8220   0.43998E-04
   8230   0.43957E-04
   8240   0.43886E-04
   8250   0.43841E-04
   8260   0.43783E-04
   8270   0.43703E-04
   8280   0.43659E-04
   8290   0.43603E-04
   8300   0.43535E-04
   8310   0.43489E-04
   8320   0.43419E-04
   8330   0.43358E-04
   8340   0.43312E-04
   8350   0.43252E-04
   8360   0.43190E-04
   8370   0.43111E-04
   8380   0.43056E-04
   8390   0.42989E-04
   8400   0.42935E-04
   8410   0.42866E-04
   8420   0.42798E-04
   8430   0.42732E-04
   8440   0.42675E-04
   8450   0.42608E-04
   8460   0.42541E-04
   8470   0.42487E-04
   8480   0.42425E-04
   8490   0.42332E-04
   8500   0.42278E-04
   8510   0.42211E-04
   8520   0.42140E-04
   8530   0.42072E-04
   8540   0.42007E-04
   8550   0.41946E-04
   8560   0.41867E-04
   8570   0.41804E-04
   8580   0.41733E-04
   8590   0.41660E-04
   8600   0.41592E-04
   8610   0.41541E-04
   8620   0.41448E-04
   8630   0.41396E-04
   8640   0.41305E-04
   8650   0.41235E-04
   8660   0.41180E-04
   8670   0.41105E-04
   8680   0.41030E-04
   8690   0.40965E-04
   8700   0.40895E-04
   8710   0.40808E-04
   8720   0.40748E-04
   8730   0.40666E-04
   8740   0.40581E-04
   8750   0.40497E-04
   8760   0.40462E-04
   8770   0.40384E-04
   8780   0.40296E-04
   8790   0.40230E-04
   8800   0.40148E-04
   8810   0.40079E-04
   8820   0.40005E-04
   8830   0.39933E-04
   8840   0.39863E-04
   8850   0.39792E-04
   8860   0.39712E-04
   8870   0.39627E-04
   8880   0.39522E-04
   8890   0.39476E-04
   8900   0.39412E-04
   8910   0.39327E-04
   8920   0.39230E-04
   8930   0.39158E-04
   8940   0.39080E-04
   8950   0.39012E-04
   8960   0.38908E-04
   8970   0.38849E-04
   8980   0.38768E-04
   8990   0.38679E-04
   9000   0.38599E-04
   9010   0.38526E-04
   9020   0.38437E-04
   9030   0.38350E-04
   9040   0.38272E-04
   9050   0.38192E-04
   9060   0.38108E-04
   9070   0.38011E-04
   9080   0.37943E-04
   9090   0.37859E-04
   9100   0.37762E-04
   9110   0.37671E-04
   9120   0.37609E-04
   9130   0.37507E-04
   9140   0.37422E-04
   9150   0.37329E-04
   9160   0.37253E-04
   9170   0.37159E-04
   9180   0.37070E-04
   9190   0.36971E-04
   9200   0.36898E-04
   9210   0.36803E-04
   9220   0.36707E-04
   9230   0.36625E-04
   9240   0.36539E-04
   9250   0.36455E-04
   9260   0.36354E-04
   9270   0.36262E-04
   9280   0.36174E-04
   9290   0.36088E-04
   9300   0.35978E-04
   9310   0.35915E-04
   9320   0.35805E-04
   9330   0.35704E-04
   9340   0.35611E-04
   9350   0.35527E-04
   9360   0.35434E-04
   9370   0.35345E-04
   9380   0.35245E-04
   9390   0.35138E-04
   9400   0.35057E-04
   9410   0.34951E-04
   9420   0.34864E-04
   9430   0.34774E-04
   9440   0.34647E-04
   9450   0.34567E-04
   9460   0.34479E-04
   9470   0.34368E-04
   9480   0.34282E-04
   9490   0.34197E-04
   9500   0.34097E-04
   9510   0.34015E-04
   9520   0.33891E-04
   9530   0.33810E-04
   9540   0.33711E-04
   9550   0.33605E-04
   9560   0.33527E-04
   9570   0.33411E-04
   9580   0.33324E-04
   9590   0.33203E-04
   9600   0.33127E-04
   9610   0.33019E-04
   9620   0.32919E-04
   9630   0.32816E-04
   9640   0.32755E-04
   9650   0.32654E-04
   9660   0.32555E-04
   9670   0.32481E-04
   9680   0.32390E-04
   9690   0.32301E-04
   9700   0.32179E-04
   9710   0.32092E-04
   9720   0.32012E-04
   9730   0.31919E-04
   9740   0.31821E-04
   9750   0.31727E-04
   9760   0.31634E-04
   9770   0.31555E-04
   9780   0.31458E-04
   9790   0.31354E-04
   9800   0.31277E-04
   9810   0.31194E-04
   9820   0.31097E-04
   9830   0.31012E-04
   9840   0.30943E-04
   9850   0.30831E-04
   9860   0.30765E-04
   9870   0.30674E-04
   9880   0.30579E-04
   9890   0.30503E-04
   9900   0.30409E-04
   9910   0.30339E-04
   9920   0.30247E-04
   9930   0.30150E-04
   9940   0.30079E-04
   9950   0.29999E-04
   9960   0.29920E-04
   9970   0.29850E-04
   9980   0.29778E-04
   9990   0.29684E-04
  10000   0.29615E-04
  10010   0.29528E-04
  10020   0.29431E-04
  10030   0.29370E-04
  10040   0.29282E-04
  10050   0.29198E-04
  10060   0.29140E-04
  10070   0.29045E-04
  10080   0.28978E-04
  10090   0.28896E-04
  10100   0.28829E-04
  10110   0.28727E-04
  10120   0.28665E-04
  10130   0.28609E-04
  10140   0.28532E-04
  10150   0.28463E-04
  10160   0.28385E-04
  10170   0.28294E-04
  10180   0.28223E-04
  10190   0.28167E-04
  10200   0.28081E-04
  10210   0.28011E-04
  10220   0.27932E-04
  10230   0.27860E-04
  10240   0.27778E-04
  10250   0.27721E-04
  10260   0.27650E-04
  10270   0.27589E-04
  10280   0.27517E-04
  10290   0.27436E-04
  10300   0.27369E-04
  10310   0.27298E-04
  10320   0.27209E-04
  10330   0.27133E-04
  10340   0.27059E-04
  10350   0.26996E-04
  10360   0.26944E-04
  10370   0.26869E-04
  10380   0.26780E-04
  10390   0.26689E-04
  10400   0.26624E-04
  10410   0.26549E-04
  10420   0.26506E-04
  10430   0.26407E-04
  10440   0.26327E-04
  10450   0.26240E-04
  10460   0.26169E-04
  10470   0.26106E-04
  10480   0.26039E-04
  10490   0.25949E-04
  10500   0.25903E-04
  10510   0.25799E-04
  10520   0.25762E-04
  10530   0.25651E-04
  10540   0.25572E-04
  10550   0.25485E-04
  10560   0.25408E-04
  10570   0.25337E-04
  10580   0.25252E-04
  10590   0.25164E-04
  10600   0.25110E-04
  10610   0.25014E-04
  10620   0.24933E-04
  10630   0.24835E-04
  10640   0.24762E-04
  10650   0.24674E-04
  10660   0.24598E-04
  10670   0.24530E-04
  10680   0.24425E-04
  10690   0.24352E-04
  10700   0.24254E-04
  10710   0.24166E-04
  10720   0.24084E-04
  10730   0.24015E-04
  10740   0.23907E-04
  10750   0.23827E-04
  10760   0.23739E-04
  10770   0.23659E-04
  10780   0.23551E-04
  10790   0.23475E-04
  10800   0.23370E-04
  10810   0.23307E-04
  10820   0.23203E-04
  10830   0.23118E-04
  10840   0.23020E-04
  10850   0.22927E-04
  10860   0.22844E-04
  10870   0.22738E-04
  10880   0.22662E-04
  10890   0.22566E-04
  10900   0.22480E-04
  10910   0.22375E-04
  10920   0.22295E-04
  10930   0.22193E-04
  10940   0.22103E-04
  10950   0.22003E-04
  10960   0.21917E-04
  10970   0.21828E-04
  10980   0.21711E-04
  10990   0.21635E-04
  11000   0.21553E-04
  11010   0.21459E-04
  11020   0.21372E-04
  11030   0.21274E-04
  11040   0.21170E-04
  11050   0.21085E-04
  11060   0.20998E-04
  11070   0.20897E-04
  11080   0.20821E-04
  11090   0.20707E-04
  11100   0.20625E-04
  11110   0.20539E-04
  11120   0.20438E-04
  11130   0.20343E-04
  11140   0.20262E-04
  11150   0.20167E-04
  11160   0.20088E-04
  11170   0.20001E-04
  11180   0.19908E-04
  11190   0.19810E-04
  11200   0.19720E-04
  11210   0.19634E-04
  11220   0.19540E-04
  11230   0.19456E-04
  11240   0.19369E-04
  11250   0.19274E-04
  11260   0.19194E-04
  11270   0.19101E-04
  11280   0.19021E-04
  11290   0.18937E-04
  11300   0.18839E-04
  11310   0.18772E-04
  11320   0.18670E-04
  11330   0.18596E-04
  11340   0.18507E-04
  11350   0.18418E-04
  11360   0.18335E-04
  11370   0.18232E-04
  11380   0.18164E-04
  11390   0.18079E-04
  11400   0.17986E-04
  11410   0.17919E-04
  11420   0.17805E-04
  11430   0.17761E-04
  11440   0.17657E-04
  11450   0.17576E-04
  11460   0.17487E-04
  11470   0.17404E-04
  11480   0.17319E-04
  11490   0.17243E-04
  11500   0.17161E-04
  11510   0.17067E-04
  11520   0.16999E-04
  11530   0.16914E-04
  11540   0.16825E-04
  11550   0.16752E-04
  11560   0.16648E-04
  11570   0.16585E-04
  11580   0.16476E-04
  11590   0.16407E-04
  11600   0.16343E-04
  11610   0.16247E-04
  11620   0.16176E-04
  11630   0.16079E-04
  11640   0.16004E-04
  11650   0.15934E-04
  11660   0.15855E-04
  11670   0.15757E-04
  11680   0.15692E-04
  11690   0.15624E-04
  11700   0.15533E-04
  11710   0.15458E-04
  11720   0.15391E-04
  11730   0.15304E-04
  11740   0.15227E-04
  11750   0.15121E-04
  11760   0.15065E-04
  11770   0.14977E-04
  11780   0.14894E-04
  11790   0.14832E-04
  11800   0.14736E-04
  11810   0.14675E-04
  11820   0.14595E-04
  11830   0.14505E-04
  11840   0.14444E-04
  11850   0.14361E-04
  11860   0.14285E-04
  11870   0.14209E-04
  11880   0.14124E-04
  11890   0.14046E-04
  11900   0.13961E-04
  11910   0.13892E-04
  11920   0.13826E-04
  11930   0.13764E-04
  11940   0.13674E-04
  11950   0.13616E-04
  11960   0.13523E-04
  11970   0.13451E-04
  11980   0.13358E-04
  11990   0.13296E-04
  12000   0.13223E-04
  12010   0.13166E-04
  12020   0.13079E-04
  12030   0.12989E-04
  12040   0.12944E-04
  12050   0.12837E-04
  12060   0.12779E-04
  12070   0.12713E-04
  12080   0.12628E-04
  12090   0.12554E-04
  12100   0.12492E-04
  12110   0.12423E-04
  12120   0.12348E-04
  12130   0.12281E-04
  12140   0.12190E-04
  12150   0.12125E-04
  12160   0.12073E-04
  12170   0.11991E-04
  12180   0.11919E-04
  12190   0.11848E-04
  12200   0.11780E-04
  12210   0.11718E-04
  12220   0.11648E-04
  12230   0.11582E-04
  12240   0.11506E-04
  12250   0.11439E-04
  12260   0.11383E-04
  12270   0.11314E-04
  12280   0.11240E-04
  12290   0.11174E-04
  12300   0.11105E-04
  12310   0.11026E-04
  12320   0.10962E-04
  12330   0.10888E-04
  12340   0.10823E-04
  12350   0.10747E-04
  12360   0.10689E-04
  12370   0.10627E-04
  12380   0.10564E-04
  12390   0.10513E-04
  12400   0.10436E-04
  12410   0.10381E-04
  12420   0.10302E-04
  12430   0.10230E-04
  12440   0.10188E-04
  12450   0.10112E-04
  12460   0.10052E-04
  12470   0.99887E-05
  12480   0.99198E-05
  12490   0.98685E-05
  12500   0.97945E-05
  12510   0.97454E-05
  12520   0.96739E-05
  12530   0.96141E-05
  12540   0.95450E-05
  12550   0.94833E-05
  12560   0.94257E-05
  12570   0.93781E-05
  12580   0.93227E-05
  12590   0.92389E-05
  12600   0.91768E-05
  12610   0.91274E-05
  12620   0.90622E-05
  12630   0.90107E-05
  12640   0.89644E-05
  12650   0.88829E-05
  12660   0.88409E-05
  12670   0.87896E-05
  12680   0.87273E-05
  12690   0.86649E-05
  12700   0.86170E-05
  12710   0.85755E-05
  12720   0.85063E-05
  12730   0.84529E-05
  12740   0.83817E-05
  12750   0.83515E-05
  12760   0.82841E-05
  12770   0.82333E-05
  12780   0.81804E-05
  12790   0.81337E-05
  12800   0.80683E-05
  12810   0.80194E-05
  12820   0.79790E-05
  12830   0.79263E-05
  12840   0.78574E-05
  12850   0.78096E-05
  12860   0.77762E-05
  12870   0.77151E-05
  12880   0.76576E-05
  12890   0.76147E-05
  12900   0.75554E-05
  12910   0.75144E-05
  12920   0.74653E-05
  12930   0.74164E-05
  12940   0.73631E-05
  12950   0.73154E-05
  12960   0.72540E-05
  12970   0.72272E-05
  12980   0.71731E-05
  12990   0.71342E-05
  13000   0.70857E-05
  13010   0.70437E-05
  13020   0.69963E-05
  13030   0.69407E-05
  13040   0.68878E-05
  13050   0.68646E-05
  13060   0.68133E-05
  13070   0.67626E-05
  13080   0.67179E-05
  13090   0.66709E-05
  13100   0.66397E-05
  13110   0.66090E-05
  13120   0.65426E-05
  13130   0.65130E-05
  13140   0.64671E-05
  13150   0.64346E-05
  13160   0.63989E-05
  13170   0.63518E-05
  13180   0.63125E-05
  13190   0.62795E-05
  13200   0.62336E-05
  13210   0.61923E-05
  13220   0.61560E-05
  13230   0.61231E-05
  13240   0.60858E-05
  13250   0.60450E-05
  13260   0.60157E-05
  13270   0.59666E-05
  13280   0.59250E-05
  13290   0.58974E-05
  13300   0.58681E-05
  13310   0.58371E-05
  13320   0.58075E-05
  13330   0.57789E-05
  13340   0.57379E-05
  13350   0.56970E-05
  13360   0.56594E-05
  13370   0.56349E-05
  13380   0.55967E-05
  13390   0.55680E-05
  13400   0.55595E-05
  13410   0.55056E-05
  13420   0.54788E-05
  13430   0.54469E-05
  13440   0.54103E-05
  13450   0.53830E-05
  13460   0.53728E-05
  13470   0.53537E-05
  13480   0.53122E-05
  13490   0.52861E-05
  13500   0.52646E-05
  13510   0.52244E-05
  13520   0.52128E-05
  13530   0.51782E-05
  13540   0.51569E-05
  13550   0.51240E-05
  13560   0.51059E-05
  13570   0.50668E-05
  13580   0.50502E-05
  13590   0.50174E-05
  13600   0.49980E-05
  13610   0.49849E-05
  13620   0.49546E-05
  13630   0.49290E-05
  13640   0.49115E-05
  13650   0.48889E-05
  13660   0.48689E-05
  13670   0.48394E-05
  13680   0.48276E-05
  13690   0.47988E-05
  13700   0.47795E-05
  13710   0.47664E-05
  13720   0.47459E-05
  13730   0.47247E-05
  13740   0.46915E-05
  13750   0.46785E-05
  13760   0.46510E-05
  13770   0.46363E-05
  13780   0.46188E-05
  13790   0.46168E-05
  13800   0.45949E-05
  13810   0.45587E-05
  13820   0.45525E-05
  13830   0.45390E-05
  13840   0.45112E-05
  13850   0.45030E-05
  13860   0.44914E-05
  13870   0.44763E-05
  13880   0.44693E-05
  13890   0.44568E-05
  13900   0.44408E-05
  13910   0.44064E-05
  13920   0.43955E-05
  13930   0.43761E-05
  13940   0.43637E-05
  13950   0.43565E-05
  13960   0.43525E-05
  13970   0.43486E-05
  13980   0.43225E-05
  13990   0.43106E-05
  14000   0.42997E-05
  14010   0.42843E-05
  14020   0.42750E-05
  14030   0.42664E-05
  14040   0.42633E-05
  14050   0.42580E-05
  14060   0.42444E-05
  14070   0.42225E-05
  14080   0.42052E-05
  14090   0.41916E-05
  14100   0.41909E-05
  14110   0.41848E-05
  14120   0.41638E-05
  14130   0.41573E-05
  14140   0.41437E-05
  14150   0.41412E-05
  14160   0.41288E-05
  14170   0.41206E-05
  14180   0.41048E-05
  14190   0.40960E-05
  14200   0.40814E-05
  14210   0.40799E-05
  14220   0.40636E-05
  14230   0.40649E-05
  14240   0.40609E-05
  14250   0.40566E-05
  14260   0.40459E-05
  14270   0.40419E-05
  14280   0.40254E-05
  14290   0.40233E-05
  14300   0.40070E-05
  14310   0.39952E-05
  14320   0.39883E-05
  14330   0.39827E-05
  14340   0.39844E-05
  14350   0.39651E-05
  14360   0.39743E-05
  14370   0.39641E-05
  14380   0.39429E-05
  14390   0.39286E-05
  14400   0.39192E-05
  14410   0.39194E-05
  14420   0.39222E-05
  14430   0.39110E-05
  14440   0.39141E-05
  14450   0.39038E-05
  14460   0.39087E-05
  14470   0.38871E-05
  14480   0.38804E-05
  14490   0.38805E-05
  14500   0.38709E-05
  14510   0.38677E-05
  14520   0.38613E-05
  14530   0.38585E-05
  14540   0.38604E-05
  14550   0.38583E-05
  14560   0.38315E-05
  14570   0.38396E-05
  14580   0.38311E-05
  14590   0.38238E-05
  14600   0.38105E-05
  14610   0.38187E-05
  14620   0.38109E-05
  14630   0.38033E-05
  14640   0.38001E-05
  14650   0.37893E-05
  14660   0.37826E-05
  14670   0.37849E-05
  14680   0.37978E-05
  14690   0.37871E-05
  14700   0.37746E-05
  14710   0.37629E-05
  14720   0.37653E-05
  14730   0.37732E-05
  14740   0.37613E-05
  14750   0.37601E-05
  14760   0.37637E-05
  14770   0.37503E-05
  14780   0.37417E-05
  14790   0.37593E-05
  14800   0.37582E-05
  14810   0.37414E-05
  14820   0.37464E-05
  14830   0.37547E-05
  14840   0.37321E-05
  14850   0.37420E-05
  14860   0.37620E-05
  14870   0.37437E-05
  14880   0.37503E-05
  14890   0.37470E-05
  14900   0.37523E-05
  14910   0.37269E-05
  14920   0.37305E-05
  14930   0.37477E-05
  14940   0.37516E-05
  14950   0.37482E-05
  14960   0.37412E-05
  14970   0.37360E-05
  14980   0.37447E-05
  14990   0.37476E-05
  15000   0.37391E-05
  15010   0.37445E-05
  15020   0.37492E-05
  15030   0.37514E-05
  15040   0.37334E-05
  15050   0.37576E-05
  15060   0.37520E-05
  15070   0.37583E-05
  15080   0.37700E-05
  15090   0.37568E-05
  15100   0.37645E-05
  15110   0.37792E-05
  15120   0.37796E-05
  15130   0.37771E-05
  15140   0.37907E-05
  15150   0.37928E-05
  15160   0.37885E-05
  15170   0.37987E-05
  15180   0.38011E-05
  15190   0.38198E-05
  15200   0.38236E-05
  15210   0.38171E-05
  15220   0.38324E-05
  15230   0.38268E-05
  15240   0.38284E-05
  15250   0.38595E-05
  15260   0.38453E-05
  15270   0.38489E-05
  15280   0.38611E-05
  15290   0.38638E-05
  15300   0.38833E-05
  15310   0.38908E-05
  15320   0.38980E-05
  15330   0.39021E-05
  15340   0.39170E-05
  15350   0.39241E-05
  15360   0.39281E-05
  15370   0.39330E-05
  15380   0.39539E-05
  15390   0.39724E-05
  15400   0.39725E-05
  15410   0.39817E-05
  15420   0.40047E-05
  15430   0.40189E-05
  15440   0.40264E-05
  15450   0.40476E-05
  15460   0.40561E-05
  15470   0.40619E-05
  15480   0.40683E-05
  15490   0.40735E-05
  15500   0.40918E-05
  15510   0.41123E-05
  15520   0.41298E-05
  15530   0.41400E-05
  15540   0.41436E-05
  15550   0.41567E-05
  15560   0.41807E-05
  15570   0.42059E-05
  15580   0.42224E-05
  15590   0.42521E-05
  15600   0.42546E-05
  15610   0.42467E-05
  15620   0.42823E-05
  15630   0.42990E-05
  15640   0.43272E-05
  15650   0.43212E-05
  15660   0.43322E-05
  15670   0.43503E-05
  15680   0.43726E-05
  15690   0.44021E-05
  15700   0.44127E-05
  15710   0.44212E-05
  15720   0.44321E-05
  15730   0.44639E-05
  15740   0.44700E-05
  15750   0.45030E-05
  15760   0.45325E-05
  15770   0.45405E-05
  15780   0.45642E-05
  15790   0.45701E-05
  15800   0.45936E-05
  15810   0.46194E-05
  15820   0.46266E-05
  15830   0.46690E-05
  15840   0.46780E-05
  15850   0.46966E-05
  15860   0.47203E-05
  15870   0.47324E-05
  15880   0.47455E-05
  15890   0.47845E-05
  15900   0.48066E-05
  15910   0.48324E-05
  15920   0.48450E-05
  15930   0.48892E-05
  15940   0.49169E-05
  15950   0.49313E-05
  15960   0.49499E-05
  15970   0.49856E-05
  15980   0.50197E-05
  15990   0.50337E-05
  16000   0.50508E-05
  16010   0.50726E-05
  16020   0.51027E-05
  16030   0.51252E-05
  16040   0.51537E-05
  16050   0.51821E-05
  16060   0.51982E-05
  16070   0.52249E-05
  16080   0.52392E-05
  16090   0.52546E-05
  16100   0.52866E-05
  16110   0.53172E-05
  16120   0.53432E-05
  16130   0.53589E-05
  16140   0.53678E-05
  16150   0.53955E-05
  16160   0.54354E-05
  16170   0.54595E-05
  16180   0.54898E-05
  16190   0.54962E-05
  16200   0.55263E-05
  16210   0.55766E-05
  16220   0.55797E-05
  16230   0.56028E-05
  16240   0.56337E-05
  16250   0.56683E-05
  16260   0.56943E-05
  16270   0.57246E-05
  16280   0.57472E-05
  16290   0.57812E-05
  16300   0.58088E-05
  16310   0.58190E-05
  16320   0.58346E-05
  16330   0.58791E-05
  16340   0.58935E-05
  16350   0.59063E-05
  16360   0.59352E-05
  16370   0.59531E-05
  16380   0.60121E-05
  16390   0.60164E-05
  16400   0.60625E-05
  16410   0.60603E-05
  16420   0.61234E-05
  16430   0.61330E-05
  16440   0.61583E-05
  16450   0.61884E-05
  16460   0.62124E-05
  16470   0.62480E-05
  16480   0.62589E-05
  16490   0.62860E-05
  16500   0.63246E-05
  16510   0.63568E-05
  16520   0.63757E-05
  16530   0.63965E-05
  16540   0.64279E-05
  16550   0.64500E-05
  16560   0.64855E-05
  16570   0.64945E-05
  16580   0.65325E-05
  16590   0.65451E-05
  16600   0.65678E-05
  16610   0.66042E-05
  16620   0.66286E-05
  16630   0.66679E-05
  16640   0.66763E-05
  16650   0.66988E-05
  16660   0.67129E-05
  16670   0.67576E-05
  16680   0.68022E-05
  16690   0.68229E-05
  16700   0.68327E-05
  16710   0.68447E-05
  16720   0.68947E-05
  16730   0.69158E-05
  16740   0.69279E-05
  16750   0.69573E-05
  16760   0.69967E-05
  16770   0.70279E-05
  16780   0.70513E-05
  16790   0.70630E-05
  16800   0.70968E-05
  16810   0.71331E-05
  16820   0.71506E-05
  16830   0.71899E-05
  16840   0.72151E-05
  16850   0.72469E-05
  16860   0.72578E-05
  16870   0.72904E-05
  16880   0.73067E-05
  16890   0.73345E-05
  16900   0.73689E-05
  16910   0.73888E-05
  16920   0.74229E-05
  16930   0.74725E-05
  16940   0.74795E-05
  16950   0.74948E-05
  16960   0.75266E-05
  16970   0.75571E-05
  16980   0.75742E-05
  16990   0.76118E-05
  17000   0.76291E-05
  17010   0.76702E-05
  17020   0.76812E-05
  17030   0.77065E-05
  17040   0.77451E-05
  17050   0.77684E-05
  17060   0.77896E-05
  17070   0.78144E-05
  17080   0.78308E-05
  17090   0.78748E-05
  17100   0.78909E-05
  17110   0.79093E-05
  17120   0.79323E-05
  17130   0.79657E-05
  17140   0.79941E-05
  17150   0.80299E-05
  17160   0.80588E-05
  17170   0.80681E-05
  17180   0.80936E-05
  17190   0.81082E-05
  17200   0.81348E-05
  17210   0.81609E-05
  17220   0.81734E-05
  17230   0.82005E-05
  17240   0.82372E-05
  17250   0.82569E-05
  17260   0.82649E-05
  17270   0.83117E-05
  17280   0.83180E-05
  17290   0.83353E-05
  17300   0.83535E-05
  17310   0.83861E-05
  17320   0.83871E-05
  17330   0.84288E-05
  17340   0.84463E-05
  17350   0.84492E-05
  17360   0.84788E-05
  17370   0.85011E-05
  17380   0.85093E-05
  17390   0.85487E-05
  17400   0.85612E-05
  17410   0.85951E-05
  17420   0.85982E-05
  17430   0.86151E-05
  17440   0.86484E-05
  17450   0.86670E-05
  17460   0.86900E-05
  17470   0.87118E-05
  17480   0.87359E-05
  17490   0.87586E-05
  17500   0.87591E-05
  17510   0.87922E-05
  17520   0.88010E-05
  17530   0.88298E-05
  17540   0.88381E-05
  17550   0.88724E-05
  17560   0.88876E-05
  17570   0.88996E-05
  17580   0.89380E-05
  17590   0.89566E-05
  17600   0.89714E-05
  17610   0.89843E-05
  17620   0.90140E-05
  17630   0.90282E-05
  17640   0.90464E-05
  17650   0.90953E-05
  17660   0.90889E-05
  17670   0.91214E-05
  17680   0.91484E-05
  17690   0.91605E-05
  17700   0.91796E-05
  17710   0.92269E-05
  17720   0.92424E-05
  17730   0.92602E-05
  17740   0.92779E-05
  17750   0.93162E-05
  17760   0.93251E-05
  17770   0.93500E-05
  17780   0.93949E-05
  17790   0.94142E-05
  17800   0.94270E-05
  17810   0.94604E-05
  17820   0.94769E-05
  17830   0.95097E-05
  17840   0.95327E-05
  17850   0.95486E-05
  17860   0.95856E-05
  17870   0.96172E-05
  17880   0.96340E-05
  17890   0.96611E-05
  17900   0.96912E-05
  17910   0.97257E-05
  17920   0.97394E-05
  17930   0.97694E-05
  17940   0.97979E-05
  17950   0.98356E-05
  17960   0.98637E-05
  17970   0.98755E-05
  17980   0.99158E-05
  17990   0.99371E-05
  18000   0.99800E-05
  18010   0.10007E-04
  18020   0.10040E-04
  18030   0.10064E-04
  18040   0.10097E-04
  18050   0.10140E-04
  18060   0.10180E-04
  18070   0.10211E-04
  18080   0.10252E-04
  18090   0.10292E-04
  18100   0.10339E-04
  18110   0.10380E-04
  18120   0.10424E-04
  18130   0.10464E-04
  18140   0.10511E-04
  18150   0.10561E-04
  18160   0.10600E-04
  18170   0.10658E-04
  18180   0.10714E-04
  18190   0.10772E-04
  18200   0.10826E-04
  18210   0.10886E-04
  18220   0.10944E-04
  18230   0.11003E-04
  18240   0.11059E-04
  18250   0.11124E-04
  18260   0.11187E-04
  18270   0.11254E-04
  18280   0.11317E-04
  18290   0.11392E-04
  18300   0.11453E-04
  18310   0.11523E-04
  18320   0.11599E-04
  18330   0.11670E-04
  18340   0.11732E-04
  18350   0.11817E-04
  18360   0.11889E-04
  18370   0.11971E-04
  18380   0.12036E-04
  18390   0.12121E-04
  18400   0.12186E-04
  18410   0.12259E-04
  18420   0.12351E-04
  18430   0.12422E-04
  18440   0.12501E-04
  18450   0.12571E-04
  18460   0.12651E-04
  18470   0.12729E-04
  18480   0.12815E-04
  18490   0.12885E-04
  18500   0.12974E-04
  18510   0.13068E-04
  18520   0.13136E-04
  18530   0.13218E-04
  18540   0.13301E-04
  18550   0.13406E-04
  18560   0.13476E-04
  18570   0.13572E-04
  18580   0.13666E-04
  18590   0.13767E-04
  18600   0.13852E-04
  18610   0.13945E-04
  18620   0.14052E-04
  18630   0.14154E-04
  18640   0.14245E-04
  18650   0.14346E-04
  18660   0.14453E-04
  18670   0.14565E-04
  18680   0.14669E-04
  18690   0.14797E-04
  18700   0.14896E-04
  18710   0.15026E-04
  18720   0.15134E-04
  18730   0.15258E-04
  18740   0.15372E-04
  18750   0.15494E-04
  18760   0.15623E-04
  18770   0.15739E-04
  18780   0.15874E-04
  18790   0.15993E-04
  18800   0.16132E-04
  18810   0.16255E-04
  18820   0.16392E-04
  18830   0.16523E-04
  18840   0.16654E-04
  18850   0.16782E-04
  18860   0.16927E-04
  18870   0.17059E-04
  18880   0.17198E-04
  18890   0.17344E-04
  18900   0.17488E-04
  18910   0.17630E-04
  18920   0.17782E-04
  18930   0.17916E-04
  18940   0.18071E-04
  18950   0.18215E-04
  18960   0.18361E-04
  18970   0.18506E-04
  18980   0.18653E-04
  18990   0.18803E-04
  19000   0.18942E-04
  19010   0.19103E-04
  19020   0.19243E-04
  19030   0.19395E-04
  19040   0.19550E-04
  19050   0.19697E-04
  19060   0.19851E-04
  19070   0.19985E-04
  19080   0.20146E-04
  19090   0.20300E-04
  19100   0.20435E-04
  19110   0.20585E-04
  19120   0.20737E-04
  19130   0.20869E-04
  19140   0.21015E-04
  19150   0.21159E-04
  19160   0.21307E-04
  19170   0.21443E-04
  19180   0.21579E-04
  19190   0.21734E-04
  19200   0.21861E-04
  19210   0.21994E-04
  19220   0.22137E-04
  19230   0.22262E-04
  19240   0.22400E-04
  19250   0.22528E-04
  19260   0.22655E-04
  19270   0.22786E-04
  19280   0.22908E-04
  19290   0.23035E-04
  19300   0.23171E-04
  19310   0.23289E-04
  19320   0.23417E-04
  19330   0.23536E-04
  19340   0.23661E-04
  19350   0.23773E-04
  19360   0.23892E-04
  19370   0.24024E-04
  19380   0.24137E-04
  19390   0.24255E-04
  19400   0.24379E-04
  19410   0.24491E-04
  19420   0.24602E-04
  19430   0.24730E-04
  19440   0.24840E-04
  19450   0.24957E-04
  19460   0.25078E-04
  19470   0.25189E-04
  19480   0.25301E-04
  19490   0.25417E-04
  19500   0.25523E-04
  19510   0.25637E-04
  19520   0.25759E-04
  19530   0.25869E-04
  19540   0.25982E-04
  19550   0.26092E-04
  19560   0.26213E-04
  19570   0.26330E-04
  19580   0.26417E-04
  19590   0.26518E-04
  19600   0.26635E-04
  19610   0.26742E-04
  19620   0.26860E-04
  19630   0.26954E-04
  19640   0.27072E-04
  19650   0.27161E-04
  19660   0.27273E-04
  19670   0.27360E-04
  19680   0.27458E-04
  19690   0.27571E-04
  19700   0.27662E-04
  19710   0.27753E-04
  19720   0.27821E-04
  19730   0.27913E-04
  19740   0.27983E-04
  19750   0.28073E-04
  19760   0.28160E-04
  19770   0.28238E-04
  19780   0.28295E-04
  19790   0.28353E-04
  19800   0.28416E-04
  19810   0.28494E-04
  19820   0.28539E-04
  19830   0.28610E-04
  19840   0.28636E-04
  19850   0.28691E-04
  19860   0.28706E-04
  19870   0.28730E-04
  19880   0.28780E-04
  19890   0.28792E-04
  19900   0.28814E-04
  19910   0.28814E-04
  19920   0.28815E-04
  19930   0.28835E-04
  19940   0.28830E-04
  19950   0.28801E-04
  19960   0.28812E-04
  19970   0.28778E-04
  19980   0.28762E-04
  19990   0.28737E-04
  20000   0.28688E-04
