     10   0.12452E-02
     20   0.11179E-02
     30   0.10191E-02
     40   0.94104E-03
     50   0.87802E-03
     60   0.82597E-03
     70   0.78212E-03
     80   0.74459E-03
     90   0.71190E-03
    100   0.68299E-03
    110   0.65691E-03
    120   0.63331E-03
    130   0.61161E-03
    140   0.59147E-03
    150   0.57271E-03
    160   0.55502E-03
    170   0.53843E-03
    180   0.52267E-03
    190   0.50768E-03
    200   0.49334E-03
    210   0.47948E-03
    220   0.46629E-03
    230   0.45360E-03
    240   0.44122E-03
    250   0.42929E-03
    260   0.41788E-03
    270   0.40681E-03
    280   0.39608E-03
    290   0.38579E-03
    300   0.37588E-03
    310   0.36644E-03
    320   0.35734E-03
    330   0.34853E-03
    340   0.34008E-03
    350   0.33184E-03
    360   0.32394E-03
    370   0.31629E-03
    380   0.30895E-03
    390   0.30187E-03
    400   0.29506E-03
    410   0.28862E-03
    420   0.28237E-03
    430   0.27643E-03
    440   0.27070E-03
    450   0.26519E-03
    460   0.25988E-03
    470   0.25479E-03
    480   0.24991E-03
    490   0.24522E-03
    500   0.24072E-03
    510   0.23647E-03
    520   0.23236E-03
    530   0.22843E-03
    540   0.22465E-03
    550   0.22104E-03
    560   0.21757E-03
    570   0.21425E-03
    580   0.21108E-03
    590   0.20802E-03
    600   0.20512E-03
    610   0.20229E-03
    620   0.19966E-03
    630   0.19715E-03
    640   0.19476E-03
    650   0.19249E-03
    660   0.19038E-03
    670   0.18843E-03
    680   0.18656E-03
    690   0.18482E-03
    700   0.18320E-03
    710   0.18173E-03
    720   0.18034E-03
    730   0.17907E-03
    740   0.17788E-03
    750   0.17680E-03
    760   0.17577E-03
    770   0.17482E-03
    780   0.17391E-03
    790   0.17306E-03
    800   0.17223E-03
    810   0.17140E-03
    820   0.17060E-03
    830   0.16983E-03
    840   0.16904E-03
    850   0.16823E-03
    860   0.16743E-03
    870   0.16659E-03
    880   0.16572E-03
    890   0.16484E-03
    900   0.16392E-03
    910   0.16297E-03
    920   0.16200E-03
    930   0.16100E-03
    940   0.15999E-03
    950   0.15898E-03
    960   0.15794E-03
    970   0.15692E-03
    980   0.15589E-03
    990   0.15486E-03
   1000   0.15385E-03
   1010   0.15288E-03
   1020   0.15191E-03
   1030   0.15099E-03
   1040   0.15012E-03
   1050   0.14929E-03
   1060   0.14850E-03
   1070   0.14779E-03
   1080   0.14713E-03
   1090   0.14653E-03
   1100   0.14599E-03
   1110   0.14551E-03
   1120   0.14513E-03
   1130   0.14479E-03
   1140   0.14452E-03
   1150   0.14433E-03
   1160   0.14419E-03
   1170   0.14413E-03
   1180   0.14411E-03
   1190   0.14415E-03
   1200   0.14424E-03
   1210   0.14437E-03
   1220   0.14455E-03
   1230   0.14477E-03
   1240   0.14500E-03
   1250   0.14526E-03
   1260   0.14555E-03
   1270   0.14585E-03
   1280   0.14616E-03
   1290   0.14647E-03
   1300   0.14678E-03
   1310   0.14708E-03
   1320   0.14737E-03
   1330   0.14765E-03
   1340   0.14790E-03
   1350   0.14812E-03
   1360   0.14832E-03
   1370   0.14849E-03
   1380   0.14863E-03
   1390   0.14873E-03
   1400   0.14879E-03
   1410   0.14881E-03
   1420   0.14880E-03
   1430   0.14875E-03
   1440   0.14866E-03
   1450   0.14854E-03
   1460   0.14836E-03
   1470   0.14816E-03
   1480   0.14792E-03
   1490   0.14763E-03
   1500   0.14734E-03
   1510   0.14700E-03
   1520   0.14662E-03
   1530   0.14622E-03
   1540   0.14580E-03
   1550   0.14533E-03
   1560   0.14485E-03
   1570   0.14435E-03
   1580   0.14383E-03
   1590   0.14327E-03
   1600   0.14272E-03
   1610   0.14215E-03
   1620   0.14154E-03
   1630   0.14094E-03
   1640   0.14030E-03
   1650   0.13966E-03
   1660   0.13901E-03
   1670   0.13835E-03
   1680   0.13767E-03
   1690   0.13701E-03
   1700   0.13629E-03
   1710   0.13559E-03
   1720   0.13491E-03
   1730   0.13421E-03
   1740   0.13350E-03
   1750   0.13282E-03
   1760   0.13210E-03
   1770   0.13144E-03
   1780   0.13076E-03
   1790   0.13008E-03
   1800   0.12943E-03
   1810   0.12880E-03
   1820   0.12819E-03
   1830   0.12762E-03
   1840   0.12708E-03
   1850   0.12653E-03
   1860   0.12604E-03
   1870   0.12558E-03
   1880   0.12514E-03
   1890   0.12474E-03
   1900   0.12440E-03
   1910   0.12409E-03
   1920   0.12383E-03
   1930   0.12360E-03
   1940   0.12339E-03
   1950   0.12323E-03
   1960   0.12313E-03
   1970   0.12307E-03
   1980   0.12303E-03
   1990   0.12304E-03
   2000   0.12309E-03
   2010   0.12315E-03
   2020   0.12324E-03
   2030   0.12337E-03
   2040   0.12350E-03
   2050   0.12366E-03
   2060   0.12386E-03
   2070   0.12405E-03
   2080   0.12427E-03
   2090   0.12447E-03
   2100   0.12470E-03
   2110   0.12492E-03
   2120   0.12514E-03
   2130   0.12536E-03
   2140   0.12557E-03
   2150   0.12578E-03
   2160   0.12596E-03
   2170   0.12616E-03
   2180   0.12631E-03
   2190   0.12644E-03
   2200   0.12658E-03
   2210   0.12669E-03
   2220   0.12679E-03
   2230   0.12685E-03
   2240   0.12689E-03
   2250   0.12692E-03
   2260   0.12694E-03
   2270   0.12689E-03
   2280   0.12687E-03
   2290   0.12682E-03
   2300   0.12671E-03
   2310   0.12663E-03
   2320   0.12651E-03
   2330   0.12639E-03
   2340   0.12621E-03
   2350   0.12607E-03
   2360   0.12588E-03
   2370   0.12570E-03
   2380   0.12549E-03
   2390   0.12532E-03
   2400   0.12511E-03
   2410   0.12487E-03
   2420   0.12468E-03
   2430   0.12448E-03
   2440   0.12428E-03
   2450   0.12408E-03
   2460   0.12391E-03
   2470   0.12373E-03
   2480   0.12355E-03
   2490   0.12339E-03
   2500   0.12326E-03
   2510   0.12312E-03
   2520   0.12302E-03
   2530   0.12292E-03
   2540   0.12283E-03
   2550   0.12276E-03
   2560   0.12271E-03
   2570   0.12265E-03
   2580   0.12263E-03
   2590   0.12262E-03
   2600   0.12264E-03
   2610   0.12265E-03
   2620   0.12269E-03
   2630   0.12272E-03
   2640   0.12276E-03
   2650   0.12283E-03
   2660   0.12291E-03
   2670   0.12296E-03
   2680   0.12304E-03
   2690   0.12312E-03
   2700   0.12317E-03
   2710   0.12324E-03
   2720   0.12330E-03
   2730   0.12336E-03
   2740   0.12340E-03
   2750   0.12345E-03
   2760   0.12350E-03
   2770   0.12349E-03
   2780   0.12350E-03
   2790   0.12348E-03
   2800   0.12346E-03
   2810   0.12338E-03
   2820   0.12334E-03
   2830   0.12326E-03
   2840   0.12317E-03
   2850   0.12304E-03
   2860   0.12290E-03
   2870   0.12274E-03
   2880   0.12255E-03
   2890   0.12234E-03
   2900   0.12211E-03
   2910   0.12186E-03
   2920   0.12160E-03
   2930   0.12132E-03
   2940   0.12101E-03
   2950   0.12069E-03
   2960   0.12036E-03
   2970   0.12002E-03
   2980   0.11966E-03
   2990   0.11929E-03
   3000   0.11890E-03
   3010   0.11849E-03
   3020   0.11809E-03
   3030   0.11767E-03
   3040   0.11726E-03
   3050   0.11685E-03
   3060   0.11644E-03
   3070   0.11602E-03
   3080   0.11560E-03
   3090   0.11520E-03
   3100   0.11482E-03
   3110   0.11443E-03
   3120   0.11406E-03
   3130   0.11369E-03
   3140   0.11336E-03
   3150   0.11302E-03
   3160   0.11271E-03
   3170   0.11244E-03
   3180   0.11219E-03
   3190   0.11196E-03
   3200   0.11176E-03
   3210   0.11159E-03
   3220   0.11144E-03
   3230   0.11132E-03
   3240   0.11127E-03
   3250   0.11123E-03
   3260   0.11122E-03
   3270   0.11128E-03
   3280   0.11136E-03
   3290   0.11145E-03
   3300   0.11160E-03
   3310   0.11180E-03
   3320   0.11204E-03
   3330   0.11230E-03
   3340   0.11262E-03
   3350   0.11294E-03
   3360   0.11334E-03
   3370   0.11376E-03
   3380   0.11422E-03
   3390   0.11470E-03
   3400   0.11522E-03
   3410   0.11579E-03
   3420   0.11637E-03
   3430   0.11697E-03
   3440   0.11760E-03
   3450   0.11828E-03
   3460   0.11895E-03
   3470   0.11965E-03
   3480   0.12036E-03
   3490   0.12113E-03
   3500   0.12189E-03
   3510   0.12265E-03
   3520   0.12345E-03
   3530   0.12423E-03
   3540   0.12503E-03
   3550   0.12585E-03
   3560   0.12666E-03
   3570   0.12748E-03
   3580   0.12830E-03
   3590   0.12912E-03
   3600   0.12994E-03
   3610   0.13075E-03
   3620   0.13156E-03
   3630   0.13240E-03
   3640   0.13320E-03
   3650   0.13402E-03
   3660   0.13481E-03
   3670   0.13560E-03
   3680   0.13638E-03
   3690   0.13718E-03
   3700   0.13795E-03
   3710   0.13869E-03
   3720   0.13943E-03
   3730   0.14016E-03
   3740   0.14088E-03
   3750   0.14161E-03
   3760   0.14231E-03
   3770   0.14298E-03
   3780   0.14365E-03
   3790   0.14430E-03
   3800   0.14496E-03
   3810   0.14556E-03
   3820   0.14618E-03
   3830   0.14677E-03
   3840   0.14739E-03
   3850   0.14793E-03
   3860   0.14848E-03
   3870   0.14900E-03
   3880   0.14951E-03
   3890   0.14999E-03
   3900   0.15050E-03
   3910   0.15095E-03
   3920   0.15139E-03
   3930   0.15184E-03
   3940   0.15222E-03
   3950   0.15260E-03
   3960   0.15301E-03
   3970   0.15332E-03
   3980   0.15365E-03
   3990   0.15396E-03
   4000   0.15425E-03
   4010   0.15451E-03
   4020   0.15476E-03
   4030   0.15499E-03
   4040   0.15519E-03
   4050   0.15537E-03
   4060   0.15551E-03
   4070   0.15566E-03
   4080   0.15578E-03
   4090   0.15590E-03
   4100   0.15595E-03
   4110   0.15601E-03
   4120   0.15606E-03
   4130   0.15609E-03
   4140   0.15609E-03
   4150   0.15603E-03
   4160   0.15597E-03
   4170   0.15594E-03
   4180   0.15584E-03
   4190   0.15575E-03
   4200   0.15561E-03
   4210   0.15548E-03
   4220   0.15528E-03
   4230   0.15515E-03
   4240   0.15492E-03
   4250   0.15470E-03
   4260   0.15446E-03
   4270   0.15422E-03
   4280   0.15391E-03
   4290   0.15361E-03
   4300   0.15337E-03
   4310   0.15302E-03
   4320   0.15269E-03
   4330   0.15236E-03
   4340   0.15196E-03
   4350   0.15159E-03
   4360   0.15121E-03
   4370   0.15084E-03
   4380   0.15040E-03
   4390   0.14998E-03
   4400   0.14954E-03
   4410   0.14908E-03
   4420   0.14868E-03
   4430   0.14818E-03
   4440   0.14775E-03
   4450   0.14723E-03
   4460   0.14673E-03
   4470   0.14624E-03
   4480   0.14572E-03
   4490   0.14518E-03
   4500   0.14467E-03
   4510   0.14413E-03
   4520   0.14363E-03
   4530   0.14304E-03
   4540   0.14252E-03
   4550   0.14196E-03
   4560   0.14136E-03
   4570   0.14078E-03
   4580   0.14023E-03
   4590   0.13967E-03
   4600   0.13906E-03
   4610   0.13849E-03
   4620   0.13788E-03
   4630   0.13723E-03
   4640   0.13664E-03
   4650   0.13603E-03
   4660   0.13540E-03
   4670   0.13475E-03
   4680   0.13417E-03
   4690   0.13347E-03
   4700   0.13291E-03
   4710   0.13225E-03
   4720   0.13160E-03
   4730   0.13093E-03
   4740   0.13026E-03
   4750   0.12961E-03
   4760   0.12896E-03
   4770   0.12827E-03
   4780   0.12760E-03
   4790   0.12692E-03
   4800   0.12624E-03
   4810   0.12555E-03
   4820   0.12484E-03
   4830   0.12418E-03
   4840   0.12346E-03
   4850   0.12278E-03
   4860   0.12204E-03
   4870   0.12135E-03
   4880   0.12063E-03
   4890   0.11991E-03
   4900   0.11919E-03
   4910   0.11847E-03
   4920   0.11777E-03
   4930   0.11705E-03
   4940   0.11633E-03
   4950   0.11558E-03
   4960   0.11483E-03
   4970   0.11411E-03
   4980   0.11337E-03
   4990   0.11263E-03
   5000   0.11194E-03
   5010   0.11118E-03
   5020   0.11042E-03
   5030   0.10969E-03
   5040   0.10895E-03
   5050   0.10822E-03
   5060   0.10746E-03
   5070   0.10676E-03
   5080   0.10599E-03
   5090   0.10525E-03
   5100   0.10455E-03
   5110   0.10379E-03
   5120   0.10310E-03
   5130   0.10236E-03
   5140   0.10166E-03
   5150   0.10092E-03
   5160   0.10022E-03
   5170   0.99518E-04
   5180   0.98815E-04
   5190   0.98107E-04
   5200   0.97414E-04
   5210   0.96712E-04
   5220   0.96022E-04
   5230   0.95367E-04
   5240   0.94686E-04
   5250   0.94036E-04
   5260   0.93350E-04
   5270   0.92700E-04
   5280   0.92050E-04
   5290   0.91391E-04
   5300   0.90800E-04
   5310   0.90173E-04
   5320   0.89552E-04
   5330   0.88922E-04
   5340   0.88295E-04
   5350   0.87720E-04
   5360   0.87162E-04
   5370   0.86561E-04
   5380   0.85987E-04
   5390   0.85424E-04
   5400   0.84846E-04
   5410   0.84315E-04
   5420   0.83786E-04
   5430   0.83241E-04
   5440   0.82715E-04
   5450   0.82207E-04
   5460   0.81731E-04
   5470   0.81228E-04
   5480   0.80756E-04
   5490   0.80281E-04
   5500   0.79840E-04
   5510   0.79334E-04
   5520   0.78927E-04
   5530   0.78492E-04
   5540   0.78010E-04
   5550   0.77634E-04
   5560   0.77197E-04
   5570   0.76789E-04
   5580   0.76413E-04
   5590   0.76010E-04
   5600   0.75615E-04
   5610   0.75237E-04
   5620   0.74862E-04
   5630   0.74516E-04
   5640   0.74194E-04
   5650   0.73869E-04
   5660   0.73517E-04
   5670   0.73184E-04
   5680   0.72866E-04
   5690   0.72540E-04
   5700   0.72256E-04
   5710   0.71913E-04
   5720   0.71638E-04
   5730   0.71332E-04
   5740   0.71055E-04
   5750   0.70776E-04
   5760   0.70529E-04
   5770   0.70246E-04
   5780   0.69984E-04
   5790   0.69731E-04
   5800   0.69482E-04
   5810   0.69236E-04
   5820   0.68986E-04
   5830   0.68784E-04
   5840   0.68552E-04
   5850   0.68335E-04
   5860   0.68093E-04
   5870   0.67901E-04
   5880   0.67679E-04
   5890   0.67480E-04
   5900   0.67234E-04
   5910   0.67061E-04
   5920   0.66837E-04
   5930   0.66678E-04
   5940   0.66487E-04
   5950   0.66308E-04
   5960   0.66106E-04
   5970   0.65951E-04
   5980   0.65770E-04
   5990   0.65607E-04
   6000   0.65418E-04
   6010   0.65260E-04
   6020   0.65088E-04
   6030   0.64937E-04
   6040   0.64778E-04
   6050   0.64625E-04
   6060   0.64467E-04
   6070   0.64322E-04
   6080   0.64171E-04
   6090   0.64045E-04
   6100   0.63902E-04
   6110   0.63737E-04
   6120   0.63612E-04
   6130   0.63479E-04
   6140   0.63319E-04
   6150   0.63211E-04
   6160   0.63089E-04
   6170   0.62965E-04
   6180   0.62856E-04
   6190   0.62724E-04
   6200   0.62576E-04
   6210   0.62466E-04
   6220   0.62370E-04
   6230   0.62234E-04
   6240   0.62120E-04
   6250   0.62026E-04
   6260   0.61915E-04
   6270   0.61815E-04
   6280   0.61682E-04
   6290   0.61587E-04
   6300   0.61498E-04
   6310   0.61369E-04
   6320   0.61272E-04
   6330   0.61192E-04
   6340   0.61131E-04
   6350   0.61003E-04
   6360   0.60952E-04
   6370   0.60852E-04
   6380   0.60718E-04
   6390   0.60657E-04
   6400   0.60567E-04
   6410   0.60480E-04
   6420   0.60412E-04
   6430   0.60328E-04
   6440   0.60239E-04
   6450   0.60169E-04
   6460   0.60087E-04
   6470   0.59993E-04
   6480   0.59910E-04
   6490   0.59892E-04
   6500   0.59784E-04
   6510   0.59758E-04
   6520   0.59677E-04
   6530   0.59600E-04
   6540   0.59546E-04
   6550   0.59479E-04
   6560   0.59452E-04
   6570   0.59341E-04
   6580   0.59329E-04
   6590   0.59254E-04
   6600   0.59211E-04
   6610   0.59137E-04
   6620   0.59094E-04
   6630   0.59040E-04
   6640   0.58991E-04
   6650   0.58979E-04
   6660   0.58919E-04
   6670   0.58856E-04
   6680   0.58844E-04
   6690   0.58813E-04
   6700   0.58764E-04
   6710   0.58719E-04
   6720   0.58675E-04
   6730   0.58653E-04
   6740   0.58631E-04
   6750   0.58606E-04
   6760   0.58580E-04
   6770   0.58539E-04
   6780   0.58497E-04
   6790   0.58468E-04
   6800   0.58488E-04
   6810   0.58470E-04
   6820   0.58437E-04
   6830   0.58431E-04
   6840   0.58428E-04
   6850   0.58404E-04
   6860   0.58389E-04
   6870   0.58378E-04
   6880   0.58388E-04
   6890   0.58389E-04
   6900   0.58365E-04
   6910   0.58353E-04
   6920   0.58376E-04
   6930   0.58367E-04
   6940   0.58368E-04
   6950   0.58398E-04
   6960   0.58416E-04
   6970   0.58383E-04
   6980   0.58401E-04
   6990   0.58431E-04
   7000   0.58452E-04
   7010   0.58423E-04
   7020   0.58459E-04
   7030   0.58480E-04
   7040   0.58524E-04
   7050   0.58516E-04
   7060   0.58551E-04
   7070   0.58577E-04
   7080   0.58591E-04
   7090   0.58616E-04
   7100   0.58643E-04
   7110   0.58673E-04
   7120   0.58670E-04
   7130   0.58720E-04
   7140   0.58761E-04
   7150   0.58792E-04
   7160   0.58832E-04
   7170   0.58858E-04
   7180   0.58895E-04
   7190   0.58954E-04
   7200   0.58986E-04
   7210   0.59022E-04
   7220   0.59024E-04
   7230   0.59089E-04
   7240   0.59122E-04
   7250   0.59156E-04
   7260   0.59225E-04
   7270   0.59264E-04
   7280   0.59325E-04
   7290   0.59386E-04
   7300   0.59428E-04
   7310   0.59467E-04
   7320   0.59502E-04
   7330   0.59553E-04
   7340   0.59585E-04
   7350   0.59632E-04
   7360   0.59688E-04
   7370   0.59741E-04
   7380   0.59778E-04
   7390   0.59835E-04
   7400   0.59905E-04
   7410   0.59954E-04
   7420   0.59998E-04
   7430   0.60021E-04
   7440   0.60070E-04
   7450   0.60129E-04
   7460   0.60198E-04
   7470   0.60217E-04
   7480   0.60263E-04
   7490   0.60302E-04
   7500   0.60392E-04
   7510   0.60420E-04
   7520   0.60487E-04
   7530   0.60518E-04
   7540   0.60560E-04
   7550   0.60622E-04
   7560   0.60659E-04
   7570   0.60684E-04
   7580   0.60754E-04
   7590   0.60794E-04
   7600   0.60836E-04
   7610   0.60882E-04
   7620   0.60917E-04
   7630   0.60954E-04
   7640   0.61021E-04
   7650   0.61064E-04
   7660   0.61083E-04
   7670   0.61136E-04
   7680   0.61160E-04
   7690   0.61205E-04
   7700   0.61238E-04
   7710   0.61274E-04
   7720   0.61301E-04
   7730   0.61337E-04
   7740   0.61361E-04
   7750   0.61410E-04
   7760   0.61410E-04
   7770   0.61458E-04
   7780   0.61486E-04
   7790   0.61500E-04
   7800   0.61560E-04
   7810   0.61575E-04
   7820   0.61596E-04
   7830   0.61615E-04
   7840   0.61637E-04
   7850   0.61663E-04
   7860   0.61680E-04
   7870   0.61685E-04
   7880   0.61708E-04
   7890   0.61733E-04
   7900   0.61743E-04
   7910   0.61746E-04
   7920   0.61764E-04
   7930   0.61778E-04
   7940   0.61789E-04
   7950   0.61775E-04
   7960   0.61792E-04
   7970   0.61788E-04
   7980   0.61795E-04
   7990   0.61777E-04
   8000   0.61813E-04
   8010   0.61794E-04
   8020   0.61793E-04
   8030   0.61784E-04
   8040   0.61785E-04
   8050   0.61755E-04
   8060   0.61757E-04
   8070   0.61772E-04
   8080   0.61737E-04
   8090   0.61723E-04
   8100   0.61695E-04
   8110   0.61699E-04
   8120   0.61696E-04
   8130   0.61689E-04
   8140   0.61673E-04
   8150   0.61629E-04
   8160   0.61637E-04
   8170   0.61589E-04
   8180   0.61543E-04
   8190   0.61541E-04
   8200   0.61513E-04
   8210   0.61505E-04
   8220   0.61475E-04
   8230   0.61441E-04
   8240   0.61412E-04
   8250   0.61369E-04
   8260   0.61347E-04
   8270   0.61339E-04
   8280   0.61283E-04
   8290   0.61260E-04
   8300   0.61200E-04
   8310   0.61166E-04
   8320   0.61159E-04
   8330   0.61099E-04
   8340   0.61080E-04
   8350   0.61029E-04
   8360   0.61002E-04
   8370   0.60941E-04
   8380   0.60901E-04
   8390   0.60841E-04
   8400   0.60796E-04
   8410   0.60775E-04
   8420   0.60700E-04
   8430   0.60663E-04
   8440   0.60621E-04
   8450   0.60573E-04
   8460   0.60530E-04
   8470   0.60474E-04
   8480   0.60428E-04
   8490   0.60381E-04
   8500   0.60347E-04
   8510   0.60302E-04
   8520   0.60266E-04
   8530   0.60205E-04
   8540   0.60112E-04
   8550   0.60086E-04
   8560   0.60054E-04
   8570   0.59987E-04
   8580   0.59942E-04
   8590   0.59915E-04
   8600   0.59852E-04
   8610   0.59780E-04
   8620   0.59749E-04
   8630   0.59706E-04
   8640   0.59622E-04
   8650   0.59589E-04
   8660   0.59528E-04
   8670   0.59484E-04
   8680   0.59447E-04
   8690   0.59385E-04
   8700   0.59333E-04
   8710   0.59306E-04
   8720   0.59241E-04
   8730   0.59194E-04
   8740   0.59163E-04
   8750   0.59080E-04
   8760   0.59031E-04
   8770   0.58975E-04
   8780   0.58927E-04
   8790   0.58901E-04
   8800   0.58837E-04
   8810   0.58804E-04
   8820   0.58753E-04
   8830   0.58706E-04
   8840   0.58648E-04
   8850   0.58627E-04
   8860   0.58549E-04
   8870   0.58518E-04
   8880   0.58478E-04
   8890   0.58439E-04
   8900   0.58390E-04
   8910   0.58370E-04
   8920   0.58332E-04
   8930   0.58283E-04
   8940   0.58237E-04
   8950   0.58183E-04
   8960   0.58158E-04
   8970   0.58113E-04
   8980   0.58079E-04
   8990   0.58058E-04
   9000   0.58016E-04
   9010   0.57962E-04
   9020   0.57932E-04
   9030   0.57903E-04
   9040   0.57878E-04
   9050   0.57851E-04
   9060   0.57831E-04
   9070   0.57775E-04
   9080   0.57758E-04
   9090   0.57719E-04
   9100   0.57662E-04
   9110   0.57667E-04
   9120   0.57629E-04
   9130   0.57616E-04
   9140   0.57581E-04
   9150   0.57579E-04
   9160   0.57524E-04
   9170   0.57499E-04
   9180   0.57484E-04
   9190   0.57451E-04
   9200   0.57420E-04
   9210   0.57416E-04
   9220   0.57393E-04
   9230   0.57358E-04
   9240   0.57350E-04
   9250   0.57323E-04
   9260   0.57337E-04
   9270   0.57328E-04
   9280   0.57291E-04
   9290   0.57270E-04
   9300   0.57281E-04
   9310   0.57255E-04
   9320   0.57231E-04
   9330   0.57225E-04
   9340   0.57192E-04
   9350   0.57202E-04
   9360   0.57170E-04
   9370   0.57153E-04
   9380   0.57151E-04
   9390   0.57144E-04
   9400   0.57138E-04
   9410   0.57136E-04
   9420   0.57139E-04
   9430   0.57110E-04
   9440   0.57110E-04
   9450   0.57113E-04
   9460   0.57123E-04
   9470   0.57111E-04
   9480   0.57095E-04
   9490   0.57110E-04
   9500   0.57108E-04
   9510   0.57109E-04
   9520   0.57092E-04
   9530   0.57085E-04
   9540   0.57091E-04
   9550   0.57078E-04
   9560   0.57108E-04
   9570   0.57103E-04
   9580   0.57089E-04
   9590   0.57095E-04
   9600   0.57091E-04
   9610   0.57123E-04
   9620   0.57103E-04
   9630   0.57123E-04
   9640   0.57134E-04
   9650   0.57128E-04
   9660   0.57104E-04
   9670   0.57120E-04
   9680   0.57143E-04
   9690   0.57154E-04
   9700   0.57159E-04
   9710   0.57164E-04
   9720   0.57174E-04
   9730   0.57156E-04
   9740   0.57189E-04
   9750   0.57164E-04
   9760   0.57191E-04
   9770   0.57193E-04
   9780   0.57196E-04
   9790   0.57223E-04
   9800   0.57240E-04
   9810   0.57230E-04
   9820   0.57247E-04
   9830   0.57238E-04
   9840   0.57254E-04
   9850   0.57264E-04
   9860   0.57284E-04
   9870   0.57279E-04
   9880   0.57307E-04
   9890   0.57296E-04
   9900   0.57309E-04
   9910   0.57315E-04
   9920   0.57331E-04
   9930   0.57326E-04
   9940   0.57356E-04
   9950   0.57360E-04
   9960   0.57391E-04
   9970   0.57389E-04
   9980   0.57382E-04
   9990   0.57394E-04
  10000   0.57409E-04
  10010   0.57416E-04
  10020   0.57432E-04
  10030   0.57428E-04
  10040   0.57447E-04
  10050   0.57450E-04
  10060   0.57440E-04
  10070   0.57471E-04
  10080   0.57480E-04
  10090   0.57480E-04
  10100   0.57512E-04
  10110   0.57488E-04
  10120   0.57517E-04
  10130   0.57531E-04
  10140   0.57525E-04
  10150   0.57524E-04
  10160   0.57542E-04
  10170   0.57543E-04
  10180   0.57564E-04
  10190   0.57563E-04
  10200   0.57560E-04
  10210   0.57566E-04
  10220   0.57595E-04
  10230   0.57603E-04
  10240   0.57601E-04
  10250   0.57614E-04
  10260   0.57588E-04
  10270   0.57610E-04
  10280   0.57593E-04
  10290   0.57630E-04
  10300   0.57614E-04
  10310   0.57618E-04
  10320   0.57622E-04
  10330   0.57628E-04
  10340   0.57630E-04
  10350   0.57653E-04
  10360   0.57651E-04
  10370   0.57636E-04
  10380   0.57637E-04
  10390   0.57648E-04
  10400   0.57638E-04
  10410   0.57646E-04
  10420   0.57645E-04
  10430   0.57647E-04
  10440   0.57633E-04
  10450   0.57618E-04
  10460   0.57615E-04
  10470   0.57604E-04
  10480   0.57599E-04
  10490   0.57603E-04
  10500   0.57585E-04
  10510   0.57584E-04
  10520   0.57578E-04
  10530   0.57567E-04
  10540   0.57573E-04
  10550   0.57543E-04
  10560   0.57550E-04
  10570   0.57547E-04
  10580   0.57530E-04
  10590   0.57523E-04
  10600   0.57514E-04
  10610   0.57489E-04
  10620   0.57466E-04
  10630   0.57455E-04
  10640   0.57418E-04
  10650   0.57415E-04
  10660   0.57388E-04
  10670   0.57386E-04
  10680   0.57351E-04
  10690   0.57317E-04
  10700   0.57297E-04
  10710   0.57266E-04
  10720   0.57259E-04
  10730   0.57227E-04
  10740   0.57203E-04
  10750   0.57179E-04
  10760   0.57177E-04
  10770   0.57122E-04
  10780   0.57086E-04
  10790   0.57061E-04
  10800   0.57022E-04
  10810   0.57003E-04
  10820   0.56989E-04
  10830   0.56941E-04
  10840   0.56895E-04
  10850   0.56860E-04
  10860   0.56809E-04
  10870   0.56784E-04
  10880   0.56727E-04
  10890   0.56673E-04
  10900   0.56633E-04
  10910   0.56605E-04
  10920   0.56559E-04
  10930   0.56504E-04
  10940   0.56461E-04
  10950   0.56413E-04
  10960   0.56384E-04
  10970   0.56315E-04
  10980   0.56281E-04
  10990   0.56215E-04
  11000   0.56149E-04
  11010   0.56110E-04
  11020   0.56056E-04
  11030   0.55986E-04
  11040   0.55941E-04
  11050   0.55873E-04
  11060   0.55831E-04
  11070   0.55768E-04
  11080   0.55687E-04
  11090   0.55616E-04
  11100   0.55545E-04
  11110   0.55511E-04
  11120   0.55431E-04
  11130   0.55358E-04
  11140   0.55288E-04
  11150   0.55238E-04
  11160   0.55151E-04
  11170   0.55100E-04
  11180   0.55028E-04
  11190   0.54957E-04
  11200   0.54888E-04
  11210   0.54821E-04
  11220   0.54740E-04
  11230   0.54676E-04
  11240   0.54601E-04
  11250   0.54533E-04
  11260   0.54470E-04
  11270   0.54373E-04
  11280   0.54296E-04
  11290   0.54222E-04
  11300   0.54169E-04
  11310   0.54072E-04
  11320   0.53978E-04
  11330   0.53904E-04
  11340   0.53832E-04
  11350   0.53755E-04
  11360   0.53692E-04
  11370   0.53609E-04
  11380   0.53517E-04
  11390   0.53450E-04
  11400   0.53362E-04
  11410   0.53277E-04
  11420   0.53176E-04
  11430   0.53120E-04
  11440   0.53006E-04
  11450   0.52960E-04
  11460   0.52881E-04
  11470   0.52833E-04
  11480   0.52738E-04
  11490   0.52663E-04
  11500   0.52579E-04
  11510   0.52512E-04
  11520   0.52399E-04
  11530   0.52344E-04
  11540   0.52264E-04
  11550   0.52204E-04
  11560   0.52111E-04
  11570   0.52018E-04
  11580   0.51964E-04
  11590   0.51874E-04
  11600   0.51812E-04
  11610   0.51747E-04
  11620   0.51661E-04
  11630   0.51581E-04
  11640   0.51510E-04
  11650   0.51446E-04
  11660   0.51385E-04
  11670   0.51304E-04
  11680   0.51235E-04
  11690   0.51158E-04
  11700   0.51108E-04
  11710   0.51030E-04
  11720   0.50951E-04
  11730   0.50905E-04
  11740   0.50843E-04
  11750   0.50735E-04
  11760   0.50679E-04
  11770   0.50650E-04
  11780   0.50570E-04
  11790   0.50510E-04
  11800   0.50460E-04
  11810   0.50383E-04
  11820   0.50337E-04
  11830   0.50276E-04
  11840   0.50185E-04
  11850   0.50143E-04
  11860   0.50083E-04
  11870   0.50026E-04
  11880   0.49973E-04
  11890   0.49889E-04
  11900   0.49842E-04
  11910   0.49790E-04
  11920   0.49742E-04
  11930   0.49687E-04
  11940   0.49628E-04
  11950   0.49572E-04
  11960   0.49537E-04
  11970   0.49474E-04
  11980   0.49421E-04
  11990   0.49360E-04
  12000   0.49311E-04
  12010   0.49266E-04
  12020   0.49208E-04
  12030   0.49182E-04
  12040   0.49129E-04
  12050   0.49068E-04
  12060   0.49041E-04
  12070   0.48987E-04
  12080   0.48956E-04
  12090   0.48871E-04
  12100   0.48837E-04
  12110   0.48793E-04
  12120   0.48752E-04
  12130   0.48702E-04
  12140   0.48655E-04
  12150   0.48627E-04
  12160   0.48583E-04
  12170   0.48540E-04
  12180   0.48495E-04
  12190   0.48437E-04
  12200   0.48396E-04
  12210   0.48378E-04
  12220   0.48329E-04
  12230   0.48300E-04
  12240   0.48250E-04
  12250   0.48215E-04
  12260   0.48158E-04
  12270   0.48106E-04
  12280   0.48084E-04
  12290   0.48048E-04
  12300   0.48015E-04
  12310   0.47981E-04
  12320   0.47950E-04
  12330   0.47904E-04
  12340   0.47866E-04
  12350   0.47823E-04
  12360   0.47801E-04
  12370   0.47745E-04
  12380   0.47712E-04
  12390   0.47703E-04
  12400   0.47644E-04
  12410   0.47607E-04
  12420   0.47558E-04
  12430   0.47528E-04
  12440   0.47491E-04
  12450   0.47479E-04
  12460   0.47452E-04
  12470   0.47399E-04
  12480   0.47382E-04
  12490   0.47362E-04
  12500   0.47306E-04
  12510   0.47264E-04
  12520   0.47231E-04
  12530   0.47194E-04
  12540   0.47175E-04
  12550   0.47128E-04
  12560   0.47061E-04
  12570   0.47059E-04
  12580   0.47045E-04
  12590   0.46985E-04
  12600   0.46961E-04
  12610   0.46935E-04
  12620   0.46880E-04
  12630   0.46860E-04
  12640   0.46830E-04
  12650   0.46791E-04
  12660   0.46759E-04
  12670   0.46743E-04
  12680   0.46691E-04
  12690   0.46654E-04
  12700   0.46628E-04
  12710   0.46581E-04
  12720   0.46552E-04
  12730   0.46516E-04
  12740   0.46488E-04
  12750   0.46469E-04
  12760   0.46421E-04
  12770   0.46391E-04
  12780   0.46361E-04
  12790   0.46318E-04
  12800   0.46278E-04
  12810   0.46224E-04
  12820   0.46225E-04
  12830   0.46173E-04
  12840   0.46123E-04
  12850   0.46090E-04
  12860   0.46060E-04
  12870   0.46037E-04
  12880   0.45999E-04
  12890   0.45948E-04
  12900   0.45928E-04
  12910   0.45874E-04
  12920   0.45859E-04
  12930   0.45827E-04
  12940   0.45784E-04
  12950   0.45769E-04
  12960   0.45717E-04
  12970   0.45687E-04
  12980   0.45619E-04
  12990   0.45590E-04
  13000   0.45537E-04
  13010   0.45497E-04
  13020   0.45481E-04
  13030   0.45415E-04
  13040   0.45408E-04
  13050   0.45374E-04
  13060   0.45309E-04
  13070   0.45292E-04
  13080   0.45250E-04
  13090   0.45217E-04
  13100   0.45152E-04
  13110   0.45125E-04
  13120   0.45096E-04
  13130   0.45048E-04
  13140   0.45006E-04
  13150   0.44954E-04
  13160   0.44921E-04
  13170   0.44890E-04
  13180   0.44852E-04
  13190   0.44813E-04
  13200   0.44766E-04
  13210   0.44732E-04
  13220   0.44678E-04
  13230   0.44657E-04
  13240   0.44589E-04
  13250   0.44531E-04
  13260   0.44479E-04
  13270   0.44443E-04
  13280   0.44419E-04
  13290   0.44382E-04
  13300   0.44342E-04
  13310   0.44278E-04
  13320   0.44243E-04
  13330   0.44198E-04
  13340   0.44143E-04
  13350   0.44080E-04
  13360   0.44047E-04
  13370   0.44000E-04
  13380   0.43956E-04
  13390   0.43916E-04
  13400   0.43900E-04
  13410   0.43858E-04
  13420   0.43798E-04
  13430   0.43753E-04
  13440   0.43697E-04
  13450   0.43658E-04
  13460   0.43590E-04
  13470   0.43528E-04
  13480   0.43497E-04
  13490   0.43467E-04
  13500   0.43432E-04
  13510   0.43379E-04
  13520   0.43322E-04
  13530   0.43278E-04
  13540   0.43212E-04
  13550   0.43203E-04
  13560   0.43153E-04
  13570   0.43107E-04
  13580   0.43050E-04
  13590   0.43014E-04
  13600   0.42977E-04
  13610   0.42951E-04
  13620   0.42901E-04
  13630   0.42863E-04
  13640   0.42808E-04
  13650   0.42756E-04
  13660   0.42717E-04
  13670   0.42651E-04
  13680   0.42635E-04
  13690   0.42589E-04
  13700   0.42533E-04
  13710   0.42527E-04
  13720   0.42494E-04
  13730   0.42421E-04
  13740   0.42383E-04
  13750   0.42327E-04
  13760   0.42320E-04
  13770   0.42299E-04
  13780   0.42249E-04
  13790   0.42223E-04
  13800   0.42162E-04
  13810   0.42136E-04
  13820   0.42079E-04
  13830   0.42082E-04
  13840   0.42057E-04
  13850   0.42035E-04
  13860   0.42027E-04
  13870   0.41964E-04
  13880   0.41920E-04
  13890   0.41892E-04
  13900   0.41887E-04
  13910   0.41849E-04
  13920   0.41834E-04
  13930   0.41809E-04
  13940   0.41814E-04
  13950   0.41835E-04
  13960   0.41787E-04
  13970   0.41808E-04
  13980   0.41776E-04
  13990   0.41786E-04
  14000   0.41766E-04
  14010   0.41773E-04
  14020   0.41773E-04
  14030   0.41792E-04
  14040   0.41788E-04
  14050   0.41788E-04
  14060   0.41806E-04
  14070   0.41833E-04
  14080   0.41858E-04
  14090   0.41895E-04
  14100   0.41964E-04
  14110   0.41932E-04
  14120   0.41967E-04
  14130   0.42009E-04
  14140   0.42060E-04
  14150   0.42144E-04
  14160   0.42188E-04
  14170   0.42257E-04
  14180   0.42332E-04
  14190   0.42383E-04
  14200   0.42459E-04
  14210   0.42570E-04
  14220   0.42651E-04
  14230   0.42739E-04
  14240   0.42829E-04
  14250   0.42919E-04
  14260   0.43051E-04
  14270   0.43192E-04
  14280   0.43309E-04
  14290   0.43449E-04
  14300   0.43591E-04
  14310   0.43775E-04
  14320   0.43940E-04
  14330   0.44113E-04
  14340   0.44282E-04
  14350   0.44502E-04
  14360   0.44711E-04
  14370   0.44908E-04
  14380   0.45129E-04
  14390   0.45384E-04
  14400   0.45651E-04
  14410   0.45914E-04
  14420   0.46179E-04
  14430   0.46463E-04
  14440   0.46780E-04
  14450   0.47108E-04
  14460   0.47439E-04
  14470   0.47779E-04
  14480   0.48172E-04
  14490   0.48550E-04
  14500   0.48966E-04
  14510   0.49392E-04
  14520   0.49827E-04
  14530   0.50290E-04
  14540   0.50768E-04
  14550   0.51256E-04
  14560   0.51785E-04
  14570   0.52275E-04
  14580   0.52841E-04
  14590   0.53432E-04
  14600   0.54003E-04
  14610   0.54651E-04
  14620   0.55311E-04
  14630   0.55952E-04
  14640   0.56659E-04
  14650   0.57376E-04
  14660   0.58093E-04
  14670   0.58924E-04
  14680   0.59720E-04
  14690   0.60577E-04
  14700   0.61467E-04
  14710   0.62360E-04
  14720   0.63320E-04
  14730   0.64305E-04
  14740   0.65337E-04
  14750   0.66365E-04
  14760   0.67482E-04
  14770   0.68581E-04
  14780   0.69675E-04
  14790   0.70922E-04
  14800   0.72092E-04
  14810   0.73316E-04
  14820   0.74704E-04
  14830   0.75907E-04
  14840   0.77348E-04
  14850   0.78793E-04
  14860   0.80127E-04
  14870   0.81786E-04
  14880   0.83264E-04
  14890   0.84868E-04
  14900   0.86624E-04
  14910   0.88256E-04
  14920   0.90138E-04
  14930   0.91939E-04
  14940   0.93884E-04
  14950   0.95810E-04
  14960   0.97803E-04
  14970   0.99933E-04
  14980   0.10181E-03
  14990   0.10417E-03
  15000   0.10613E-03
  15010   0.10830E-03
  15020   0.11073E-03
  15030   0.11261E-03
  15040   0.11529E-03
  15050   0.11735E-03
  15060   0.11973E-03
  15070   0.12238E-03
  15080   0.12447E-03
  15090   0.12745E-03
  15100   0.12960E-03
  15110   0.13252E-03
  15120   0.13496E-03
  15130   0.13752E-03
  15140   0.14036E-03
  15150   0.14237E-03
  15160   0.14550E-03
  15170   0.14715E-03
  15180   0.15010E-03
  15190   0.15194E-03
  15200   0.15423E-03
  15210   0.15663E-03
  15220   0.15823E-03
  15230   0.16112E-03
  15240   0.16221E-03
  15250   0.16523E-03
  15260   0.16616E-03
  15270   0.16870E-03
  15280   0.16990E-03
  15290   0.17141E-03
  15300   0.17320E-03
  15310   0.17364E-03
  15320   0.17578E-03
  15330   0.17571E-03
  15340   0.17794E-03
  15350   0.17736E-03
  15360   0.17983E-03
  15370   0.18003E-03
  15380   0.18167E-03
  15390   0.18253E-03
  15400   0.18218E-03
  15410   0.18655E-03
  15420   0.18305E-03
  15430   0.18580E-03
  15440   0.18306E-03
  15450   0.18498E-03
  15460   0.18539E-03
  15470   0.18413E-03
  15480   0.18563E-03
  15490   0.18682E-03
  15500   0.18857E-03
  15510   0.18492E-03
  15520   0.18943E-03
  15530   0.18745E-03
  15540   0.18850E-03
  15550   0.18378E-03
  15560   0.18846E-03
  15570   0.18940E-03
  15580   0.19038E-03
  15590   0.19155E-03
  15600   0.19410E-03
  15610   0.19028E-03
  15620   0.19370E-03
  15630   0.19486E-03
  15640   0.19313E-03
  15650   0.19314E-03
  15660   0.19252E-03
  15670   0.19148E-03
  15680   0.19329E-03
  15690   0.19401E-03
  15700   0.19521E-03
  15710   0.18895E-03
  15720   0.18599E-03
  15730   0.17870E-03
  15740   0.17653E-03
  15750   0.18362E-03
  15760   0.18142E-03
  15770   0.19013E-03
  15780   0.19490E-03
  15790   0.19916E-03
  15800   0.19714E-03
  15810   0.19408E-03
  15820   0.18705E-03
  15830   0.17921E-03
  15840   0.17248E-03
  15850   0.16800E-03
  15860   0.16505E-03
  15870   0.16621E-03
  15880   0.17059E-03
  15890   0.17611E-03
  15900   0.18467E-03
  15910   0.18956E-03
  15920   0.19772E-03
  15930   0.19403E-03
  15940   0.19670E-03
  15950   0.19039E-03
  15960   0.18791E-03
  15970   0.17792E-03
  15980   0.17031E-03
  15990   0.16326E-03
  16000   0.15825E-03
  16010   0.16168E-03
  16020   0.16793E-03
  16030   0.17940E-03
  16040   0.18856E-03
  16050   0.19725E-03
  16060   0.20203E-03
  16070   0.25043E-03
  16080   0.20297E-03
  16090   0.19330E-03
  16100   0.19466E-03
  16110   0.20717E-03
  16120   0.22342E-03
  16130   0.24462E-03
  16140   0.25939E-03
  16150   0.26245E-03
  16160   0.25715E-03
  16170   0.24635E-03
  16180   0.24504E-03
  16190   0.24610E-03
  16200   0.24840E-03
  16210   0.25475E-03
  16220   0.24897E-03
  16230   0.24492E-03
  16240   0.24150E-03
  16250   0.23855E-03
  16260   0.23455E-03
  16270   0.23027E-03
  16280   0.22498E-03
  16290   0.21932E-03
  16300   0.21452E-03
  16310   0.21285E-03
  16320   0.20908E-03
  16330   0.20754E-03
  16340   0.20387E-03
  16350   0.19751E-03
  16360   0.18786E-03
  16370   0.18058E-03
  16380   0.17130E-03
  16390   0.16536E-03
  16400   0.16081E-03
  16410   0.15811E-03
  16420   0.15723E-03
  16430   0.15707E-03
  16440   0.15820E-03
  16450   0.15862E-03
  16460   0.15968E-03
  16470   0.15896E-03
  16480   0.15819E-03
  16490   0.15606E-03
  16500   0.15292E-03
  16510   0.14995E-03
  16520   0.14593E-03
  16530   0.14285E-03
  16540   0.13939E-03
  16550   0.13690E-03
  16560   0.13529E-03
  16570   0.13448E-03
  16580   0.13573E-03
  16590   0.13722E-03
  16600   0.14046E-03
  16610   0.14343E-03
  16620   0.14643E-03
  16630   0.14919E-03
  16640   0.15017E-03
  16650   0.15127E-03
  16660   0.15007E-03
  16670   0.14935E-03
  16680   0.14715E-03
  16690   0.14565E-03
  16700   0.14408E-03
  16710   0.14307E-03
  16720   0.14336E-03
  16730   0.14351E-03
  16740   0.14583E-03
  16750   0.14734E-03
  16760   0.15055E-03
  16770   0.15301E-03
  16780   0.15553E-03
  16790   0.15782E-03
  16800   0.15865E-03
  16810   0.15975E-03
  16820   0.15868E-03
  16830   0.15841E-03
  16840   0.15606E-03
  16850   0.15492E-03
  16860   0.15274E-03
  16870   0.15160E-03
  16880   0.15122E-03
  16890   0.15101E-03
  16900   0.15288E-03
  16910   0.15392E-03
  16920   0.15701E-03
  16930   0.15861E-03
  16940   0.16132E-03
  16950   0.16241E-03
  16960   0.16340E-03
  16970   0.16338E-03
  16980   0.16210E-03
  16990   0.16101E-03
  17000   0.15815E-03
  17010   0.15673E-03
  17020   0.15410E-03
  17030   0.15345E-03
  17040   0.15258E-03
  17050   0.15323E-03
  17060   0.15446E-03
  17070   0.15589E-03
  17080   0.15849E-03
  17090   0.15960E-03
  17100   0.16211E-03
  17110   0.16211E-03
  17120   0.16311E-03
  17130   0.16178E-03
  17140   0.16082E-03
  17150   0.15868E-03
  17160   0.15659E-03
  17170   0.15481E-03
  17180   0.15278E-03
  17190   0.15242E-03
  17200   0.15135E-03
  17210   0.15269E-03
  17220   0.15310E-03
  17230   0.15527E-03
  17240   0.15670E-03
  17250   0.15839E-03
  17260   0.15972E-03
  17270   0.16000E-03
  17280   0.16039E-03
  17290   0.15898E-03
  17300   0.15834E-03
  17310   0.15578E-03
  17320   0.15465E-03
  17330   0.15204E-03
  17340   0.15106E-03
  17350   0.14982E-03
  17360   0.14975E-03
  17370   0.15045E-03
  17380   0.15132E-03
  17390   0.15335E-03
  17400   0.15439E-03
  17410   0.15669E-03
  17420   0.15706E-03
  17430   0.15848E-03
  17440   0.15741E-03
  17450   0.15725E-03
  17460   0.15508E-03
  17470   0.15382E-03
  17480   0.15155E-03
  17490   0.15033E-03
  17500   0.14903E-03
  17510   0.14874E-03
  17520   0.14902E-03
  17530   0.14968E-03
  17540   0.15119E-03
  17550   0.15231E-03
  17560   0.15429E-03
  17570   0.15520E-03
  17580   0.15669E-03
  17590   0.15670E-03
  17600   0.15721E-03
  17610   0.15609E-03
  17620   0.15568E-03
  17630   0.15378E-03
  17640   0.15288E-03
  17650   0.15129E-03
  17660   0.15102E-03
  17670   0.15036E-03
  17680   0.15103E-03
  17690   0.15114E-03
  17700   0.15271E-03
  17710   0.15352E-03
  17720   0.15559E-03
  17730   0.15684E-03
  17740   0.15840E-03
  17750   0.15925E-03
  17760   0.15945E-03
  17770   0.15913E-03
  17780   0.15782E-03
  17790   0.15672E-03
  17800   0.15495E-03
  17810   0.15435E-03
  17820   0.15303E-03
  17830   0.15333E-03
  17840   0.15260E-03
  17850   0.15383E-03
  17860   0.15399E-03
  17870   0.15603E-03
  17880   0.15663E-03
  17890   0.15878E-03
  17900   0.15889E-03
  17910   0.16011E-03
  17920   0.15923E-03
  17930   0.15916E-03
  17940   0.15774E-03
  17950   0.15693E-03
  17960   0.15541E-03
  17970   0.15427E-03
  17980   0.15282E-03
  17990   0.15192E-03
  18000   0.15130E-03
  18010   0.15135E-03
  18020   0.15193E-03
  18030   0.15270E-03
  18040   0.15389E-03
  18050   0.15455E-03
  18060   0.15535E-03
  18070   0.15523E-03
  18080   0.15523E-03
  18090   0.15421E-03
  18100   0.15365E-03
  18110   0.15189E-03
  18120   0.15082E-03
  18130   0.14871E-03
  18140   0.14753E-03
  18150   0.14596E-03
  18160   0.14551E-03
  18170   0.14504E-03
  18180   0.14560E-03
  18190   0.14585E-03
  18200   0.14683E-03
  18210   0.14708E-03
  18220   0.14755E-03
  18230   0.14734E-03
  18240   0.14699E-03
  18250   0.14615E-03
  18260   0.14521E-03
  18270   0.14395E-03
  18280   0.14264E-03
  18290   0.14123E-03
  18300   0.13971E-03
  18310   0.13872E-03
  18320   0.13751E-03
  18330   0.13739E-03
  18340   0.13692E-03
  18350   0.13752E-03
  18360   0.13746E-03
  18370   0.13830E-03
  18380   0.13794E-03
  18390   0.13845E-03
  18400   0.13741E-03
  18410   0.13720E-03
  18420   0.13569E-03
  18430   0.13497E-03
  18440   0.13339E-03
  18450   0.13260E-03
  18460   0.13118E-03
  18470   0.13052E-03
  18480   0.12953E-03
  18490   0.12900E-03
  18500   0.12873E-03
  18510   0.12835E-03
  18520   0.12859E-03
  18530   0.12834E-03
  18540   0.12866E-03
  18550   0.12821E-03
  18560   0.12830E-03
  18570   0.12729E-03
  18580   0.12698E-03
  18590   0.12551E-03
  18600   0.12480E-03
  18610   0.12345E-03
  18620   0.12268E-03
  18630   0.12179E-03
  18640   0.12128E-03
  18650   0.12081E-03
  18660   0.12047E-03
  18670   0.12034E-03
  18680   0.11984E-03
  18690   0.11995E-03
  18700   0.11924E-03
  18710   0.11929E-03
  18720   0.11856E-03
  18730   0.11842E-03
  18740   0.11764E-03
  18750   0.11731E-03
  18760   0.11637E-03
  18770   0.11584E-03
  18780   0.11490E-03
  18790   0.11415E-03
  18800   0.11360E-03
  18810   0.11286E-03
  18820   0.11274E-03
  18830   0.11227E-03
  18840   0.11232E-03
  18850   0.11193E-03
  18860   0.11199E-03
  18870   0.11135E-03
  18880   0.11128E-03
  18890   0.11044E-03
  18900   0.11009E-03
  18910   0.10939E-03
  18920   0.10892E-03
  18930   0.10844E-03
  18940   0.10801E-03
  18950   0.10759E-03
  18960   0.10714E-03
  18970   0.10680E-03
  18980   0.10614E-03
  18990   0.10599E-03
  19000   0.10527E-03
  19010   0.10523E-03
  19020   0.10475E-03
  19030   0.10470E-03
  19040   0.10429E-03
  19050   0.10419E-03
  19060   0.10359E-03
  19070   0.10333E-03
  19080   0.10263E-03
  19090   0.10213E-03
  19100   0.10164E-03
  19110   0.10107E-03
  19120   0.10083E-03
  19130   0.10041E-03
  19140   0.10022E-03
  19150   0.99821E-04
  19160   0.99644E-04
  19170   0.99017E-04
  19180   0.98869E-04
  19190   0.98132E-04
  19200   0.97913E-04
  19210   0.97379E-04
  19220   0.97110E-04
  19230   0.96719E-04
  19240   0.96452E-04
  19250   0.95975E-04
  19260   0.95620E-04
  19270   0.95112E-04
  19280   0.94521E-04
  19290   0.94186E-04
  19300   0.93522E-04
  19310   0.93317E-04
  19320   0.92846E-04
  19330   0.92650E-04
  19340   0.92221E-04
  19350   0.92009E-04
  19360   0.91385E-04
  19370   0.91119E-04
  19380   0.90432E-04
  19390   0.90004E-04
  19400   0.89524E-04
  19410   0.89046E-04
  19420   0.88728E-04
  19430   0.88333E-04
  19440   0.87978E-04
  19450   0.87543E-04
  19460   0.87175E-04
  19470   0.86512E-04
  19480   0.86211E-04
  19490   0.85499E-04
  19500   0.85179E-04
  19510   0.84669E-04
  19520   0.84317E-04
  19530   0.83911E-04
  19540   0.83578E-04
  19550   0.83068E-04
  19560   0.82664E-04
  19570   0.82139E-04
  19580   0.81522E-04
  19590   0.81131E-04
  19600   0.80462E-04
  19610   0.80126E-04
  19620   0.79620E-04
  19630   0.79267E-04
  19640   0.78802E-04
  19650   0.78451E-04
  19660   0.77853E-04
  19670   0.77456E-04
  19680   0.76848E-04
  19690   0.76285E-04
  19700   0.75843E-04
  19710   0.75235E-04
  19720   0.74864E-04
  19730   0.74370E-04
  19740   0.73959E-04
  19750   0.73469E-04
  19760   0.73068E-04
  19770   0.72436E-04
  19780   0.72017E-04
  19790   0.71385E-04
  19800   0.70840E-04
  19810   0.70378E-04
  19820   0.69798E-04
  19830   0.69394E-04
  19840   0.68909E-04
  19850   0.68464E-04
  19860   0.67967E-04
  19870   0.67533E-04
  19880   0.66903E-04
  19890   0.66466E-04
  19900   0.65849E-04
  19910   0.65300E-04
  19920   0.64836E-04
  19930   0.64263E-04
  19940   0.63843E-04
  19950   0.63358E-04
  19960   0.62897E-04
  19970   0.62408E-04
  19980   0.61963E-04
  19990   0.61361E-04
  20000   0.60912E-04
