     10   0.10098E-02
     20   0.88751E-03
     30   0.81024E-03
     40   0.75999E-03
     50   0.72700E-03
     60   0.69533E-03
     70   0.67469E-03
     80   0.65079E-03
     90   0.63400E-03
    100   0.61516E-03
    110   0.60042E-03
    120   0.58839E-03
    130   0.57479E-03
    140   0.56235E-03
    150   0.55112E-03
    160   0.53924E-03
    170   0.52731E-03
    180   0.51679E-03
    190   0.50681E-03
    200   0.49725E-03
    210   0.48814E-03
    220   0.47994E-03
    230   0.47405E-03
    240   0.46897E-03
    250   0.46324E-03
    260   0.45607E-03
    270   0.44807E-03
    280   0.44009E-03
    290   0.43258E-03
    300   0.42603E-03
    310   0.42060E-03
    320   0.41597E-03
    330   0.41182E-03
    340   0.40810E-03
    350   0.40484E-03
    360   0.40198E-03
    370   0.39939E-03
    380   0.39705E-03
    390   0.39491E-03
    400   0.39292E-03
    410   0.39106E-03
    420   0.38925E-03
    430   0.38747E-03
    440   0.38566E-03
    450   0.38380E-03
    460   0.38183E-03
    470   0.37973E-03
    480   0.37747E-03
    490   0.37503E-03
    500   0.37236E-03
    510   0.36951E-03
    520   0.36639E-03
    530   0.36306E-03
    540   0.35951E-03
    550   0.35572E-03
    560   0.35175E-03
    570   0.34760E-03
    580   0.34331E-03
    590   0.33891E-03
    600   0.33443E-03
    610   0.32993E-03
    620   0.32542E-03
    630   0.32094E-03
    640   0.31654E-03
    650   0.31226E-03
    660   0.30813E-03
    670   0.30418E-03
    680   0.30044E-03
    690   0.29694E-03
    700   0.29371E-03
    710   0.29077E-03
    720   0.28808E-03
    730   0.28572E-03
    740   0.28362E-03
    750   0.28181E-03
    760   0.28024E-03
    770   0.27888E-03
    780   0.27773E-03
    790   0.27674E-03
    800   0.27587E-03
    810   0.27508E-03
    820   0.27433E-03
    830   0.27361E-03
    840   0.27285E-03
    850   0.27207E-03
    860   0.27120E-03
    870   0.27024E-03
    880   0.26917E-03
    890   0.26800E-03
    900   0.26664E-03
    910   0.26518E-03
    920   0.26359E-03
    930   0.26184E-03
    940   0.25996E-03
    950   0.25793E-03
    960   0.25576E-03
    970   0.25345E-03
    980   0.25102E-03
    990   0.24844E-03
   1000   0.24579E-03
   1010   0.24299E-03
   1020   0.24010E-03
   1030   0.23708E-03
   1040   0.23400E-03
   1050   0.23083E-03
   1060   0.22760E-03
   1070   0.22433E-03
   1080   0.22102E-03
   1090   0.21769E-03
   1100   0.21439E-03
   1110   0.21110E-03
   1120   0.20787E-03
   1130   0.20473E-03
   1140   0.20170E-03
   1150   0.19878E-03
   1160   0.19602E-03
   1170   0.19345E-03
   1180   0.19108E-03
   1190   0.18892E-03
   1200   0.18700E-03
   1210   0.18532E-03
   1220   0.18391E-03
   1230   0.18273E-03
   1240   0.18183E-03
   1250   0.18119E-03
   1260   0.18079E-03
   1270   0.18061E-03
   1280   0.18066E-03
   1290   0.18092E-03
   1300   0.18133E-03
   1310   0.18194E-03
   1320   0.18264E-03
   1330   0.18348E-03
   1340   0.18439E-03
   1350   0.18537E-03
   1360   0.18636E-03
   1370   0.18739E-03
   1380   0.18842E-03
   1390   0.18941E-03
   1400   0.19038E-03
   1410   0.19125E-03
   1420   0.19207E-03
   1430   0.19282E-03
   1440   0.19345E-03
   1450   0.19397E-03
   1460   0.19437E-03
   1470   0.19465E-03
   1480   0.19482E-03
   1490   0.19484E-03
   1500   0.19473E-03
   1510   0.19448E-03
   1520   0.19411E-03
   1530   0.19358E-03
   1540   0.19292E-03
   1550   0.19212E-03
   1560   0.19119E-03
   1570   0.19012E-03
   1580   0.18895E-03
   1590   0.18762E-03
   1600   0.18621E-03
   1610   0.18464E-03
   1620   0.18301E-03
   1630   0.18128E-03
   1640   0.17945E-03
   1650   0.17754E-03
   1660   0.17556E-03
   1670   0.17349E-03
   1680   0.17135E-03
   1690   0.16917E-03
   1700   0.16693E-03
   1710   0.16468E-03
   1720   0.16237E-03
   1730   0.16004E-03
   1740   0.15773E-03
   1750   0.15535E-03
   1760   0.15300E-03
   1770   0.15066E-03
   1780   0.14835E-03
   1790   0.14603E-03
   1800   0.14377E-03
   1810   0.14153E-03
   1820   0.13933E-03
   1830   0.13722E-03
   1840   0.13515E-03
   1850   0.13314E-03
   1860   0.13122E-03
   1870   0.12939E-03
   1880   0.12761E-03
   1890   0.12593E-03
   1900   0.12436E-03
   1910   0.12291E-03
   1920   0.12154E-03
   1930   0.12029E-03
   1940   0.11912E-03
   1950   0.11808E-03
   1960   0.11717E-03
   1970   0.11635E-03
   1980   0.11565E-03
   1990   0.11506E-03
   2000   0.11459E-03
   2010   0.11424E-03
   2020   0.11397E-03
   2030   0.11382E-03
   2040   0.11379E-03
   2050   0.11383E-03
   2060   0.11398E-03
   2070   0.11422E-03
   2080   0.11453E-03
   2090   0.11493E-03
   2100   0.11541E-03
   2110   0.11595E-03
   2120   0.11655E-03
   2130   0.11721E-03
   2140   0.11792E-03
   2150   0.11869E-03
   2160   0.11951E-03
   2170   0.12032E-03
   2180   0.12122E-03
   2190   0.12210E-03
   2200   0.12305E-03
   2210   0.12400E-03
   2220   0.12494E-03
   2230   0.12589E-03
   2240   0.12687E-03
   2250   0.12785E-03
   2260   0.12886E-03
   2270   0.12980E-03
   2280   0.13075E-03
   2290   0.13169E-03
   2300   0.13262E-03
   2310   0.13357E-03
   2320   0.13447E-03
   2330   0.13535E-03
   2340   0.13621E-03
   2350   0.13704E-03
   2360   0.13784E-03
   2370   0.13863E-03
   2380   0.13937E-03
   2390   0.14009E-03
   2400   0.14076E-03
   2410   0.14142E-03
   2420   0.14204E-03
   2430   0.14260E-03
   2440   0.14314E-03
   2450   0.14363E-03
   2460   0.14407E-03
   2470   0.14449E-03
   2480   0.14484E-03
   2490   0.14519E-03
   2500   0.14547E-03
   2510   0.14570E-03
   2520   0.14587E-03
   2530   0.14602E-03
   2540   0.14611E-03
   2550   0.14618E-03
   2560   0.14617E-03
   2570   0.14613E-03
   2580   0.14605E-03
   2590   0.14592E-03
   2600   0.14574E-03
   2610   0.14551E-03
   2620   0.14526E-03
   2630   0.14497E-03
   2640   0.14460E-03
   2650   0.14420E-03
   2660   0.14378E-03
   2670   0.14332E-03
   2680   0.14280E-03
   2690   0.14230E-03
   2700   0.14168E-03
   2710   0.14106E-03
   2720   0.14041E-03
   2730   0.13972E-03
   2740   0.13901E-03
   2750   0.13823E-03
   2760   0.13744E-03
   2770   0.13668E-03
   2780   0.13582E-03
   2790   0.13493E-03
   2800   0.13405E-03
   2810   0.13317E-03
   2820   0.13224E-03
   2830   0.13130E-03
   2840   0.13034E-03
   2850   0.12936E-03
   2860   0.12838E-03
   2870   0.12736E-03
   2880   0.12637E-03
   2890   0.12532E-03
   2900   0.12428E-03
   2910   0.12326E-03
   2920   0.12219E-03
   2930   0.12114E-03
   2940   0.12009E-03
   2950   0.11902E-03
   2960   0.11798E-03
   2970   0.11691E-03
   2980   0.11585E-03
   2990   0.11480E-03
   3000   0.11373E-03
   3010   0.11268E-03
   3020   0.11166E-03
   3030   0.11062E-03
   3040   0.10960E-03
   3050   0.10858E-03
   3060   0.10759E-03
   3070   0.10658E-03
   3080   0.10560E-03
   3090   0.10460E-03
   3100   0.10368E-03
   3110   0.10274E-03
   3120   0.10180E-03
   3130   0.10087E-03
   3140   0.99960E-04
   3150   0.99072E-04
   3160   0.98178E-04
   3170   0.97325E-04
   3180   0.96479E-04
   3190   0.95657E-04
   3200   0.94838E-04
   3210   0.94059E-04
   3220   0.93269E-04
   3230   0.92511E-04
   3240   0.91777E-04
   3250   0.91046E-04
   3260   0.90348E-04
   3270   0.89675E-04
   3280   0.88980E-04
   3290   0.88321E-04
   3300   0.87692E-04
   3310   0.87063E-04
   3320   0.86434E-04
   3330   0.85839E-04
   3340   0.85288E-04
   3350   0.84750E-04
   3360   0.84200E-04
   3370   0.83652E-04
   3380   0.83139E-04
   3390   0.82624E-04
   3400   0.82163E-04
   3410   0.81694E-04
   3420   0.81237E-04
   3430   0.80751E-04
   3440   0.80325E-04
   3450   0.79908E-04
   3460   0.79489E-04
   3470   0.79089E-04
   3480   0.78679E-04
   3490   0.78298E-04
   3500   0.77939E-04
   3510   0.77553E-04
   3520   0.77187E-04
   3530   0.76846E-04
   3540   0.76504E-04
   3550   0.76192E-04
   3560   0.75832E-04
   3570   0.75526E-04
   3580   0.75185E-04
   3590   0.74869E-04
   3600   0.74561E-04
   3610   0.74291E-04
   3620   0.73979E-04
   3630   0.73670E-04
   3640   0.73393E-04
   3650   0.73095E-04
   3660   0.72806E-04
   3670   0.72548E-04
   3680   0.72282E-04
   3690   0.71987E-04
   3700   0.71711E-04
   3710   0.71450E-04
   3720   0.71179E-04
   3730   0.70914E-04
   3740   0.70648E-04
   3750   0.70376E-04
   3760   0.70136E-04
   3770   0.69846E-04
   3780   0.69578E-04
   3790   0.69335E-04
   3800   0.69103E-04
   3810   0.69398E-04
   3820   0.88235E-04
   3830   0.88963E-04
   3840   0.75753E-04
   3850   0.72052E-04
   3860   0.72112E-04
   3870   0.70951E-04
   3880   0.69611E-04
   3890   0.68882E-04
   3900   0.68457E-04
   3910   0.68109E-04
   3920   0.67770E-04
   3930   0.67367E-04
   3940   0.66946E-04
   3950   0.66549E-04
   3960   0.66188E-04
   3970   0.65860E-04
   3980   0.65612E-04
   3990   0.65354E-04
   4000   0.65110E-04
   4010   0.64884E-04
   4020   0.64642E-04
   4030   0.64379E-04
   4040   0.64071E-04
   4050   0.63801E-04
   4060   0.63481E-04
   4070   0.63194E-04
   4080   0.62894E-04
   4090   0.62610E-04
   4100   0.62364E-04
   4110   0.62150E-04
   4120   0.61891E-04
   4130   0.61632E-04
   4140   0.61393E-04
   4150   0.61068E-04
   4160   0.60812E-04
   4170   0.60508E-04
   4180   0.60200E-04
   4190   0.59916E-04
   4200   0.59660E-04
   4210   0.59379E-04
   4220   0.59105E-04
   4230   0.58851E-04
   4240   0.58586E-04
   4250   0.58333E-04
   4260   0.58083E-04
   4270   0.57806E-04
   4280   0.57567E-04
   4290   0.57309E-04
   4300   0.57104E-04
   4310   0.56847E-04
   4320   0.56634E-04
   4330   0.56408E-04
   4340   0.56210E-04
   4350   0.56005E-04
   4360   0.55793E-04
   4370   0.55606E-04
   4380   0.55437E-04
   4390   0.55241E-04
   4400   0.55037E-04
   4410   0.54875E-04
   4420   0.54668E-04
   4430   0.54498E-04
   4440   0.54338E-04
   4450   0.54154E-04
   4460   0.53999E-04
   4470   0.53842E-04
   4480   0.53673E-04
   4490   0.53516E-04
   4500   0.53374E-04
   4510   0.53235E-04
   4520   0.53068E-04
   4530   0.52933E-04
   4540   0.52788E-04
   4550   0.52660E-04
   4560   0.52521E-04
   4570   0.52392E-04
   4580   0.52249E-04
   4590   0.52138E-04
   4600   0.52023E-04
   4610   0.51863E-04
   4620   0.51737E-04
   4630   0.51609E-04
   4640   0.51488E-04
   4650   0.51362E-04
   4660   0.51217E-04
   4670   0.51086E-04
   4680   0.50963E-04
   4690   0.50842E-04
   4700   0.50711E-04
   4710   0.50575E-04
   4720   0.50437E-04
   4730   0.50322E-04
   4740   0.50195E-04
   4750   0.50063E-04
   4760   0.49926E-04
   4770   0.49820E-04
   4780   0.49696E-04
   4790   0.49555E-04
   4800   0.49452E-04
   4810   0.49337E-04
   4820   0.49202E-04
   4830   0.49082E-04
   4840   0.48978E-04
   4850   0.48851E-04
   4860   0.48766E-04
   4870   0.48679E-04
   4880   0.48550E-04
   4890   0.48423E-04
   4900   0.48343E-04
   4910   0.48243E-04
   4920   0.48140E-04
   4930   0.48039E-04
   4940   0.47947E-04
   4950   0.47873E-04
   4960   0.47768E-04
   4970   0.47654E-04
   4980   0.47594E-04
   4990   0.47497E-04
   5000   0.47421E-04
   5010   0.47384E-04
   5020   0.47748E-04
   5030   0.14988E-03
   5040   0.95405E-04
   5050   0.67588E-04
   5060   0.56494E-04
   5070   0.56510E-04
   5080   0.56253E-04
   5090   0.53934E-04
   5100   0.52045E-04
   5110   0.51527E-04
   5120   0.51693E-04
   5130   0.51650E-04
   5140   0.51265E-04
   5150   0.50683E-04
   5160   0.49982E-04
   5170   0.49246E-04
   5180   0.48510E-04
   5190   0.47965E-04
   5200   0.47598E-04
   5210   0.47273E-04
   5220   0.47034E-04
   5230   0.46884E-04
   5240   0.46771E-04
   5250   0.46707E-04
   5260   0.46605E-04
   5270   0.46467E-04
   5280   0.46251E-04
   5290   0.46066E-04
   5300   0.45890E-04
   5310   0.45745E-04
   5320   0.45621E-04
   5330   0.45491E-04
   5340   0.45318E-04
   5350   0.45132E-04
   5360   0.44991E-04
   5370   0.44802E-04
   5380   0.44637E-04
   5390   0.44474E-04
   5400   0.44346E-04
   5410   0.44222E-04
   5420   0.44130E-04
   5430   0.44026E-04
   5440   0.43899E-04
   5450   0.43801E-04
   5460   0.43709E-04
   5470   0.43622E-04
   5480   0.43511E-04
   5490   0.43409E-04
   5500   0.43309E-04
   5510   0.43219E-04
   5520   0.43118E-04
   5530   0.43028E-04
   5540   0.42943E-04
   5550   0.42863E-04
   5560   0.42753E-04
   5570   0.42675E-04
   5580   0.42589E-04
   5590   0.42481E-04
   5600   0.42401E-04
   5610   0.42288E-04
   5620   0.42186E-04
   5630   0.42070E-04
   5640   0.41968E-04
   5650   0.41886E-04
   5660   0.41771E-04
   5670   0.41673E-04
   5680   0.41570E-04
   5690   0.41489E-04
   5700   0.41348E-04
   5710   0.41289E-04
   5720   0.41193E-04
   5730   0.41069E-04
   5740   0.40964E-04
   5750   0.40852E-04
   5760   0.40752E-04
   5770   0.40650E-04
   5780   0.40565E-04
   5790   0.40461E-04
   5800   0.40353E-04
   5810   0.40250E-04
   5820   0.40123E-04
   5830   0.40048E-04
   5840   0.39951E-04
   5850   0.39851E-04
   5860   0.39738E-04
   5870   0.39662E-04
   5880   0.39560E-04
   5890   0.39452E-04
   5900   0.39322E-04
   5910   0.39222E-04
   5920   0.39150E-04
   5930   0.39064E-04
   5940   0.38926E-04
   5950   0.38862E-04
   5960   0.38746E-04
   5970   0.38650E-04
   5980   0.38555E-04
   5990   0.38439E-04
   6000   0.38392E-04
   6010   0.38286E-04
   6020   0.38217E-04
   6030   0.38117E-04
   6040   0.38030E-04
   6050   0.37946E-04
   6060   0.37862E-04
   6070   0.37772E-04
   6080   0.37702E-04
   6090   0.37591E-04
   6100   0.37525E-04
   6110   0.37425E-04
   6120   0.37356E-04
   6130   0.37266E-04
   6140   0.37195E-04
   6150   0.37121E-04
   6160   0.37019E-04
   6170   0.36922E-04
   6180   0.36872E-04
   6190   0.36783E-04
   6200   0.36678E-04
   6210   0.36592E-04
   6220   0.36494E-04
   6230   0.36414E-04
   6240   0.36344E-04
   6250   0.36257E-04
   6260   0.36173E-04
   6270   0.36081E-04
   6280   0.35997E-04
   6290   0.35905E-04
   6300   0.35814E-04
   6310   0.35723E-04
   6320   0.35647E-04
   6330   0.35569E-04
   6340   0.35487E-04
   6350   0.35373E-04
   6360   0.35280E-04
   6370   0.35204E-04
   6380   0.35121E-04
   6390   0.35012E-04
   6400   0.34914E-04
   6410   0.34829E-04
   6420   0.34749E-04
   6430   0.34666E-04
   6440   0.34593E-04
   6450   0.34480E-04
   6460   0.34394E-04
   6470   0.34290E-04
   6480   0.34236E-04
   6490   0.34153E-04
   6500   0.34056E-04
   6510   0.33958E-04
   6520   0.33857E-04
   6530   0.33791E-04
   6540   0.33701E-04
   6550   0.33597E-04
   6560   0.33522E-04
   6570   0.33433E-04
   6580   0.33355E-04
   6590   0.33258E-04
   6600   0.33195E-04
   6610   0.33081E-04
   6620   0.33003E-04
   6630   0.32945E-04
   6640   0.32839E-04
   6650   0.32766E-04
   6660   0.32670E-04
   6670   0.32585E-04
   6680   0.32511E-04
   6690   0.32428E-04
   6700   0.32344E-04
   6710   0.32238E-04
   6720   0.32169E-04
   6730   0.32114E-04
   6740   0.32004E-04
   6750   0.31918E-04
   6760   0.31842E-04
   6770   0.31751E-04
   6780   0.31668E-04
   6790   0.31601E-04
   6800   0.31544E-04
   6810   0.31423E-04
   6820   0.31359E-04
   6830   0.31273E-04
   6840   0.31209E-04
   6850   0.31109E-04
   6860   0.31036E-04
   6870   0.30965E-04
   6880   0.30875E-04
   6890   0.30800E-04
   6900   0.30721E-04
   6910   0.30648E-04
   6920   0.30567E-04
   6930   0.30496E-04
   6940   0.30444E-04
   6950   0.30350E-04
   6960   0.30256E-04
   6970   0.30184E-04
   6980   0.30113E-04
   6990   0.30052E-04
   7000   0.29992E-04
   7010   0.29898E-04
   7020   0.29812E-04
   7030   0.29766E-04
   7040   0.29679E-04
   7050   0.29612E-04
   7060   0.29570E-04
   7070   0.29467E-04
   7080   0.29428E-04
   7090   0.29340E-04
   7100   0.29275E-04
   7110   0.29213E-04
   7120   0.29144E-04
   7130   0.29084E-04
   7140   0.29018E-04
   7150   0.28948E-04
   7160   0.28897E-04
   7170   0.28869E-04
   7180   0.28770E-04
   7190   0.28719E-04
   7200   0.28666E-04
   7210   0.28605E-04
   7220   0.28549E-04
   7230   0.28498E-04
   7240   0.28444E-04
   7250   0.28391E-04
   7260   0.28351E-04
   7270   0.28295E-04
   7280   0.28253E-04
   7290   0.28195E-04
   7300   0.28155E-04
   7310   0.28109E-04
   7320   0.28045E-04
   7330   0.28002E-04
   7340   0.27974E-04
   7350   0.27934E-04
   7360   0.27899E-04
   7370   0.27864E-04
   7380   0.27832E-04
   7390   0.27776E-04
   7400   0.27741E-04
   7410   0.27725E-04
   7420   0.27698E-04
   7430   0.27680E-04
   7440   0.27657E-04
   7450   0.27628E-04
   7460   0.27606E-04
   7470   0.27571E-04
   7480   0.27582E-04
   7490   0.27590E-04
   7500   0.27639E-04
   7510   0.27779E-04
   7520   0.28988E-04
   7530   0.48603E-04
   7540   0.51992E-04
   7550   0.34956E-04
   7560   0.31675E-04
   7570   0.33061E-04
   7580   0.32841E-04
   7590   0.31213E-04
   7600   0.30235E-04
   7610   0.29999E-04
   7620   0.30007E-04
   7630   0.29995E-04
   7640   0.29792E-04
   7650   0.29425E-04
   7660   0.28924E-04
   7670   0.28467E-04
   7680   0.28107E-04
   7690   0.27898E-04
   7700   0.27747E-04
   7710   0.27620E-04
   7720   0.27485E-04
   7730   0.27357E-04
   7740   0.27206E-04
   7750   0.27062E-04
   7760   0.26944E-04
   7770   0.26854E-04
   7780   0.26811E-04
   7790   0.26763E-04
   7800   0.26694E-04
   7810   0.26648E-04
   7820   0.26566E-04
   7830   0.26466E-04
   7840   0.26393E-04
   7850   0.26312E-04
   7860   0.26225E-04
   7870   0.26146E-04
   7880   0.26070E-04
   7890   0.26004E-04
   7900   0.25949E-04
   7910   0.25854E-04
   7920   0.25796E-04
   7930   0.25719E-04
   7940   0.25636E-04
   7950   0.25581E-04
   7960   0.25506E-04
   7970   0.25460E-04
   7980   0.25382E-04
   7990   0.25315E-04
   8000   0.25240E-04
   8010   0.25185E-04
   8020   0.25111E-04
   8030   0.25041E-04
   8040   0.24962E-04
   8050   0.24900E-04
   8060   0.24830E-04
   8070   0.24774E-04
   8080   0.24702E-04
   8090   0.24652E-04
   8100   0.24602E-04
   8110   0.24531E-04
   8120   0.24502E-04
   8130   0.24431E-04
   8140   0.24406E-04
   8150   0.24365E-04
   8160   0.24351E-04
   8170   0.24309E-04
   8180   0.24283E-04
   8190   0.24240E-04
   8200   0.24218E-04
   8210   0.24177E-04
   8220   0.24156E-04
   8230   0.24133E-04
   8240   0.24076E-04
   8250   0.24050E-04
   8260   0.24025E-04
   8270   0.23968E-04
   8280   0.23908E-04
   8290   0.23888E-04
   8300   0.23837E-04
   8310   0.23792E-04
   8320   0.23747E-04
   8330   0.23698E-04
   8340   0.23665E-04
   8350   0.23613E-04
   8360   0.23565E-04
   8370   0.23527E-04
   8380   0.23472E-04
   8390   0.23434E-04
   8400   0.23395E-04
   8410   0.23352E-04
   8420   0.23297E-04
   8430   0.23241E-04
   8440   0.23212E-04
   8450   0.23169E-04
   8460   0.23117E-04
   8470   0.23052E-04
   8480   0.23018E-04
   8490   0.22941E-04
   8500   0.22879E-04
   8510   0.22826E-04
   8520   0.22783E-04
   8530   0.22735E-04
   8540   0.22699E-04
   8550   0.22642E-04
   8560   0.22592E-04
   8570   0.22549E-04
   8580   0.22510E-04
   8590   0.22461E-04
   8600   0.22407E-04
   8610   0.22346E-04
   8620   0.22314E-04
   8630   0.22258E-04
   8640   0.22197E-04
   8650   0.22176E-04
   8660   0.22124E-04
   8670   0.22087E-04
   8680   0.22053E-04
   8690   0.22009E-04
   8700   0.21962E-04
   8710   0.21929E-04
   8720   0.21900E-04
   8730   0.21857E-04
   8740   0.21815E-04
   8750   0.21768E-04
   8760   0.21759E-04
   8770   0.21732E-04
   8780   0.21694E-04
   8790   0.21661E-04
   8800   0.21642E-04
   8810   0.21611E-04
   8820   0.21562E-04
   8830   0.21524E-04
   8840   0.21493E-04
   8850   0.21491E-04
   8860   0.21463E-04
   8870   0.21409E-04
   8880   0.21388E-04
   8890   0.21348E-04
   8900   0.21309E-04
   8910   0.21297E-04
   8920   0.21251E-04
   8930   0.21238E-04
   8940   0.21200E-04
   8950   0.21174E-04
   8960   0.21147E-04
   8970   0.21098E-04
   8980   0.21057E-04
   8990   0.21043E-04
   9000   0.21011E-04
   9010   0.20974E-04
   9020   0.20930E-04
   9030   0.20883E-04
   9040   0.20858E-04
   9050   0.20826E-04
   9060   0.20767E-04
   9070   0.20734E-04
   9080   0.20713E-04
   9090   0.20661E-04
   9100   0.20636E-04
   9110   0.20571E-04
   9120   0.20538E-04
   9130   0.20503E-04
   9140   0.20465E-04
   9150   0.20397E-04
   9160   0.20361E-04
   9170   0.20307E-04
   9180   0.20292E-04
   9190   0.20255E-04
   9200   0.20229E-04
   9210   0.20150E-04
   9220   0.20124E-04
   9230   0.20056E-04
   9240   0.20003E-04
   9250   0.19966E-04
   9260   0.19935E-04
   9270   0.19880E-04
   9280   0.19814E-04
   9290   0.19749E-04
   9300   0.19693E-04
   9310   0.19640E-04
   9320   0.19603E-04
   9330   0.19519E-04
   9340   0.19479E-04
   9350   0.19417E-04
   9360   0.19349E-04
   9370   0.19288E-04
   9380   0.19211E-04
   9390   0.19155E-04
   9400   0.19110E-04
   9410   0.19032E-04
   9420   0.18988E-04
   9430   0.18927E-04
   9440   0.18867E-04
   9450   0.18827E-04
   9460   0.18775E-04
   9470   0.18714E-04
   9480   0.18686E-04
   9490   0.18620E-04
   9500   0.18577E-04
   9510   0.18528E-04
   9520   0.18497E-04
   9530   0.18436E-04
   9540   0.18389E-04
   9550   0.18363E-04
   9560   0.18314E-04
   9570   0.18314E-04
   9580   0.18251E-04
   9590   0.18204E-04
   9600   0.18172E-04
   9610   0.18132E-04
   9620   0.18109E-04
   9630   0.18068E-04
   9640   0.18035E-04
   9650   0.18005E-04
   9660   0.17971E-04
   9670   0.17909E-04
   9680   0.17860E-04
   9690   0.17844E-04
   9700   0.17801E-04
   9710   0.17800E-04
   9720   0.17734E-04
   9730   0.17712E-04
   9740   0.17667E-04
   9750   0.17614E-04
   9760   0.17610E-04
   9770   0.17557E-04
   9780   0.17534E-04
   9790   0.17491E-04
   9800   0.17471E-04
   9810   0.17440E-04
   9820   0.17409E-04
   9830   0.17370E-04
   9840   0.17342E-04
   9850   0.17321E-04
   9860   0.17287E-04
   9870   0.17248E-04
   9880   0.17228E-04
   9890   0.17218E-04
   9900   0.17168E-04
   9910   0.17143E-04
   9920   0.17125E-04
   9930   0.17088E-04
   9940   0.17055E-04
   9950   0.17034E-04
   9960   0.17005E-04
   9970   0.16968E-04
   9980   0.16934E-04
   9990   0.16918E-04
  10000   0.16872E-04
  10010   0.16841E-04
  10020   0.16811E-04
  10030   0.16781E-04
  10040   0.16748E-04
  10050   0.16730E-04
  10060   0.16683E-04
  10070   0.16649E-04
  10080   0.16606E-04
  10090   0.16582E-04
  10100   0.16581E-04
  10110   0.16533E-04
  10120   0.16500E-04
  10130   0.16467E-04
  10140   0.16439E-04
  10150   0.16410E-04
  10160   0.16371E-04
  10170   0.16348E-04
  10180   0.16330E-04
  10190   0.16293E-04
  10200   0.16285E-04
  10210   0.16246E-04
  10220   0.16214E-04
  10230   0.16195E-04
  10240   0.16172E-04
  10250   0.16151E-04
  10260   0.16150E-04
  10270   0.16106E-04
  10280   0.16085E-04
  10290   0.16059E-04
  10300   0.16037E-04
  10310   0.16000E-04
  10320   0.15982E-04
  10330   0.15955E-04
  10340   0.15938E-04
  10350   0.15910E-04
  10360   0.15888E-04
  10370   0.15877E-04
  10380   0.15845E-04
  10390   0.15847E-04
  10400   0.15809E-04
  10410   0.15763E-04
  10420   0.15752E-04
  10430   0.15731E-04
  10440   0.15693E-04
  10450   0.15673E-04
  10460   0.15660E-04
  10470   0.15623E-04
  10480   0.15599E-04
  10490   0.15555E-04
  10500   0.15532E-04
  10510   0.15509E-04
  10520   0.15496E-04
  10530   0.15479E-04
  10540   0.15455E-04
  10550   0.15429E-04
  10560   0.15400E-04
  10570   0.15395E-04
  10580   0.15371E-04
  10590   0.15342E-04
  10600   0.15314E-04
  10610   0.15299E-04
  10620   0.15273E-04
  10630   0.15254E-04
  10640   0.15236E-04
  10650   0.15215E-04
  10660   0.15186E-04
  10670   0.15164E-04
  10680   0.15135E-04
  10690   0.15133E-04
  10700   0.15119E-04
  10710   0.15104E-04
  10720   0.15083E-04
  10730   0.15046E-04
  10740   0.15039E-04
  10750   0.15022E-04
  10760   0.14985E-04
  10770   0.14975E-04
  10780   0.14967E-04
  10790   0.14959E-04
  10800   0.14930E-04
  10810   0.14917E-04
  10820   0.14916E-04
  10830   0.14897E-04
  10840   0.14882E-04
  10850   0.14875E-04
  10860   0.14854E-04
  10870   0.14835E-04
  10880   0.14830E-04
  10890   0.14823E-04
  10900   0.14794E-04
  10910   0.14790E-04
  10920   0.14793E-04
  10930   0.14778E-04
  10940   0.14770E-04
  10950   0.14756E-04
  10960   0.14738E-04
  10970   0.14722E-04
  10980   0.14710E-04
  10990   0.14705E-04
  11000   0.14680E-04
  11010   0.14679E-04
  11020   0.14670E-04
  11030   0.14647E-04
  11040   0.14635E-04
  11050   0.14601E-04
  11060   0.14578E-04
  11070   0.14559E-04
  11080   0.14521E-04
  11090   0.14498E-04
  11100   0.14488E-04
  11110   0.14446E-04
  11120   0.14420E-04
  11130   0.14381E-04
  11140   0.14354E-04
  11150   0.14312E-04
  11160   0.14270E-04
  11170   0.14237E-04
  11180   0.14200E-04
  11190   0.14151E-04
  11200   0.14100E-04
  11210   0.14073E-04
  11220   0.14016E-04
  11230   0.13966E-04
  11240   0.13909E-04
  11250   0.13861E-04
  11260   0.13816E-04
  11270   0.13763E-04
  11280   0.13693E-04
  11290   0.13643E-04
  11300   0.13586E-04
  11310   0.13537E-04
  11320   0.13473E-04
  11330   0.13418E-04
  11340   0.13351E-04
  11350   0.13299E-04
  11360   0.13222E-04
  11370   0.13158E-04
  11380   0.13093E-04
  11390   0.13030E-04
  11400   0.12973E-04
  11410   0.12904E-04
  11420   0.12844E-04
  11430   0.12792E-04
  11440   0.12729E-04
  11450   0.12669E-04
  11460   0.12622E-04
  11470   0.12560E-04
  11480   0.12484E-04
  11490   0.12418E-04
  11500   0.12368E-04
  11510   0.12309E-04
  11520   0.12242E-04
  11530   0.12199E-04
  11540   0.12134E-04
  11550   0.12092E-04
  11560   0.12017E-04
  11570   0.11977E-04
  11580   0.11924E-04
  11590   0.11862E-04
  11600   0.11805E-04
  11610   0.11756E-04
  11620   0.11715E-04
  11630   0.11665E-04
  11640   0.11618E-04
  11650   0.11575E-04
  11660   0.11520E-04
  11670   0.11463E-04
  11680   0.11420E-04
  11690   0.11374E-04
  11700   0.11323E-04
  11710   0.11279E-04
  11720   0.11242E-04
  11730   0.11198E-04
  11740   0.11157E-04
  11750   0.11111E-04
  11760   0.11059E-04
  11770   0.11016E-04
  11780   0.10981E-04
  11790   0.10942E-04
  11800   0.10902E-04
  11810   0.10859E-04
  11820   0.10810E-04
  11830   0.10782E-04
  11840   0.10741E-04
  11850   0.10693E-04
  11860   0.10661E-04
  11870   0.10610E-04
  11880   0.10570E-04
  11890   0.10533E-04
  11900   0.10502E-04
  11910   0.10475E-04
  11920   0.10438E-04
  11930   0.10410E-04
  11940   0.10383E-04
  11950   0.10327E-04
  11960   0.10298E-04
  11970   0.10253E-04
  11980   0.10213E-04
  11990   0.10179E-04
  12000   0.10149E-04
  12010   0.10110E-04
  12020   0.10074E-04
  12030   0.10046E-04
  12040   0.10007E-04
  12050   0.10000E-04
  12060   0.99536E-05
  12070   0.99150E-05
  12080   0.98954E-05
  12090   0.98381E-05
  12100   0.98092E-05
  12110   0.97827E-05
  12120   0.97483E-05
  12130   0.97249E-05
  12140   0.96890E-05
  12150   0.96642E-05
  12160   0.96317E-05
  12170   0.95982E-05
  12180   0.95821E-05
  12190   0.95564E-05
  12200   0.95321E-05
  12210   0.94907E-05
  12220   0.94486E-05
  12230   0.94339E-05
  12240   0.94085E-05
  12250   0.93911E-05
  12260   0.93782E-05
  12270   0.93577E-05
  12280   0.93432E-05
  12290   0.93188E-05
  12300   0.92878E-05
  12310   0.92522E-05
  12320   0.92364E-05
  12330   0.92117E-05
  12340   0.91844E-05
  12350   0.91604E-05
  12360   0.91399E-05
  12370   0.91171E-05
  12380   0.91040E-05
  12390   0.90693E-05
  12400   0.90439E-05
  12410   0.90315E-05
  12420   0.90083E-05
  12430   0.89798E-05
  12440   0.89512E-05
  12450   0.89550E-05
  12460   0.89295E-05
  12470   0.89114E-05
  12480   0.88877E-05
  12490   0.88577E-05
  12500   0.88378E-05
  12510   0.88030E-05
  12520   0.87944E-05
  12530   0.87944E-05
  12540   0.87724E-05
  12550   0.87343E-05
  12560   0.87233E-05
  12570   0.86957E-05
  12580   0.86841E-05
  12590   0.86588E-05
  12600   0.86639E-05
  12610   0.86289E-05
  12620   0.85965E-05
  12630   0.85724E-05
  12640   0.85626E-05
  12650   0.85589E-05
  12660   0.85476E-05
  12670   0.85289E-05
  12680   0.85045E-05
  12690   0.84681E-05
  12700   0.84564E-05
  12710   0.84543E-05
  12720   0.84401E-05
  12730   0.84206E-05
  12740   0.83907E-05
  12750   0.83659E-05
  12760   0.83467E-05
  12770   0.83361E-05
  12780   0.83083E-05
  12790   0.83057E-05
  12800   0.82830E-05
  12810   0.82633E-05
  12820   0.82516E-05
  12830   0.82352E-05
  12840   0.82252E-05
  12850   0.81974E-05
  12860   0.81851E-05
  12870   0.81540E-05
  12880   0.81381E-05
  12890   0.81024E-05
  12900   0.80944E-05
  12910   0.80668E-05
  12920   0.80627E-05
  12930   0.80419E-05
  12940   0.80420E-05
  12950   0.80162E-05
  12960   0.79786E-05
  12970   0.79670E-05
  12980   0.79499E-05
  12990   0.79379E-05
  13000   0.79062E-05
  13010   0.78873E-05
  13020   0.78651E-05
  13030   0.78518E-05
  13040   0.78375E-05
  13050   0.78302E-05
  13060   0.78062E-05
  13070   0.77985E-05
  13080   0.77770E-05
  13090   0.77585E-05
  13100   0.77305E-05
  13110   0.77234E-05
  13120   0.77120E-05
  13130   0.76866E-05
  13140   0.76637E-05
  13150   0.76494E-05
  13160   0.76551E-05
  13170   0.76260E-05
  13180   0.76127E-05
  13190   0.75956E-05
  13200   0.75738E-05
  13210   0.75572E-05
  13220   0.75421E-05
  13230   0.75233E-05
  13240   0.74953E-05
  13250   0.74997E-05
  13260   0.75000E-05
  13270   0.74620E-05
  13280   0.74376E-05
  13290   0.74419E-05
  13300   0.74302E-05
  13310   0.73958E-05
  13320   0.73892E-05
  13330   0.73701E-05
  13340   0.73554E-05
  13350   0.73571E-05
  13360   0.73266E-05
  13370   0.73246E-05
  13380   0.73006E-05
  13390   0.72905E-05
  13400   0.72651E-05
  13410   0.72599E-05
  13420   0.72600E-05
  13430   0.72336E-05
  13440   0.72097E-05
  13450   0.72054E-05
  13460   0.71780E-05
  13470   0.71596E-05
  13480   0.71592E-05
  13490   0.71326E-05
  13500   0.71172E-05
  13510   0.71171E-05
  13520   0.71178E-05
  13530   0.70893E-05
  13540   0.70845E-05
  13550   0.70781E-05
  13560   0.70665E-05
  13570   0.70489E-05
  13580   0.70239E-05
  13590   0.70172E-05
  13600   0.70008E-05
  13610   0.69880E-05
  13620   0.69853E-05
  13630   0.69689E-05
  13640   0.69488E-05
  13650   0.69312E-05
  13660   0.69148E-05
  13670   0.69216E-05
  13680   0.68951E-05
  13690   0.68801E-05
  13700   0.68518E-05
  13710   0.68326E-05
  13720   0.68431E-05
  13730   0.68203E-05
  13740   0.68106E-05
  13750   0.68135E-05
  13760   0.67684E-05
  13770   0.67517E-05
  13780   0.67406E-05
  13790   0.66993E-05
  13800   0.67050E-05
  13810   0.67046E-05
  13820   0.66682E-05
  13830   0.66487E-05
  13840   0.66377E-05
  13850   0.66384E-05
  13860   0.65982E-05
  13870   0.65873E-05
  13880   0.65739E-05
  13890   0.65657E-05
  13900   0.65522E-05
  13910   0.65464E-05
  13920   0.65332E-05
  13930   0.65136E-05
  13940   0.65020E-05
  13950   0.64904E-05
  13960   0.64744E-05
  13970   0.64577E-05
  13980   0.64447E-05
  13990   0.64351E-05
  14000   0.64219E-05
  14010   0.64072E-05
  14020   0.63924E-05
  14030   0.63810E-05
  14040   0.63716E-05
  14050   0.63454E-05
  14060   0.63273E-05
  14070   0.63133E-05
  14080   0.62941E-05
  14090   0.62867E-05
  14100   0.62710E-05
  14110   0.62623E-05
  14120   0.62497E-05
  14130   0.62393E-05
  14140   0.62159E-05
  14150   0.61960E-05
  14160   0.61965E-05
  14170   0.61752E-05
  14180   0.61584E-05
  14190   0.61476E-05
  14200   0.61419E-05
  14210   0.61310E-05
  14220   0.61206E-05
  14230   0.61287E-05
  14240   0.61163E-05
  14250   0.60826E-05
  14260   0.60862E-05
  14270   0.60748E-05
  14280   0.60609E-05
  14290   0.60299E-05
  14300   0.60203E-05
  14310   0.60105E-05
  14320   0.60064E-05
  14330   0.59951E-05
  14340   0.59814E-05
  14350   0.59646E-05
  14360   0.59674E-05
  14370   0.59417E-05
  14380   0.59296E-05
  14390   0.59075E-05
  14400   0.58810E-05
  14410   0.58653E-05
  14420   0.58627E-05
  14430   0.58543E-05
  14440   0.58455E-05
  14450   0.58383E-05
  14460   0.58249E-05
  14470   0.58165E-05
  14480   0.57865E-05
  14490   0.57729E-05
  14500   0.57499E-05
  14510   0.57305E-05
  14520   0.57320E-05
  14530   0.57121E-05
  14540   0.57026E-05
  14550   0.57101E-05
  14560   0.56787E-05
  14570   0.56478E-05
  14580   0.56595E-05
  14590   0.56403E-05
  14600   0.56054E-05
  14610   0.55744E-05
  14620   0.55636E-05
  14630   0.55536E-05
  14640   0.55535E-05
  14650   0.55561E-05
  14660   0.55516E-05
  14670   0.55226E-05
  14680   0.54997E-05
  14690   0.54749E-05
  14700   0.54638E-05
  14710   0.54605E-05
  14720   0.54497E-05
  14730   0.54339E-05
  14740   0.54211E-05
  14750   0.53979E-05
  14760   0.53861E-05
  14770   0.53657E-05
  14780   0.53654E-05
  14790   0.53579E-05
  14800   0.53293E-05
  14810   0.53121E-05
  14820   0.52884E-05
  14830   0.52798E-05
  14840   0.52571E-05
  14850   0.52448E-05
  14860   0.52196E-05
  14870   0.52175E-05
  14880   0.51918E-05
  14890   0.51724E-05
  14900   0.51849E-05
  14910   0.51659E-05
  14920   0.51350E-05
  14930   0.51343E-05
  14940   0.51163E-05
  14950   0.51037E-05
  14960   0.50822E-05
  14970   0.50565E-05
  14980   0.50577E-05
  14990   0.50495E-05
  15000   0.50314E-05
  15010   0.50073E-05
  15020   0.49894E-05
  15030   0.49806E-05
  15040   0.49551E-05
  15050   0.49342E-05
  15060   0.49224E-05
  15070   0.49184E-05
  15080   0.49078E-05
  15090   0.48869E-05
  15100   0.48676E-05
  15110   0.48466E-05
  15120   0.48537E-05
  15130   0.48503E-05
  15140   0.48345E-05
  15150   0.48066E-05
  15160   0.47700E-05
  15170   0.47693E-05
  15180   0.47418E-05
  15190   0.47106E-05
  15200   0.46997E-05
  15210   0.46794E-05
  15220   0.46826E-05
  15230   0.46583E-05
  15240   0.46533E-05
  15250   0.46511E-05
  15260   0.46331E-05
  15270   0.45951E-05
  15280   0.45835E-05
  15290   0.45810E-05
  15300   0.45468E-05
  15310   0.45426E-05
  15320   0.45210E-05
  15330   0.44936E-05
  15340   0.44844E-05
  15350   0.44658E-05
  15360   0.44456E-05
  15370   0.44506E-05
  15380   0.44424E-05
  15390   0.44149E-05
  15400   0.43936E-05
  15410   0.43801E-05
  15420   0.43581E-05
  15430   0.43518E-05
  15440   0.43231E-05
  15450   0.42953E-05
  15460   0.42944E-05
  15470   0.42825E-05
  15480   0.42562E-05
  15490   0.42282E-05
  15500   0.42331E-05
  15510   0.42157E-05
  15520   0.41729E-05
  15530   0.41841E-05
  15540   0.41628E-05
  15550   0.41379E-05
  15560   0.41316E-05
  15570   0.41105E-05
  15580   0.40928E-05
  15590   0.40478E-05
  15600   0.40461E-05
  15610   0.40278E-05
  15620   0.40191E-05
  15630   0.40025E-05
  15640   0.39912E-05
  15650   0.39810E-05
  15660   0.39797E-05
  15670   0.39602E-05
  15680   0.39530E-05
  15690   0.39210E-05
  15700   0.39164E-05
  15710   0.38972E-05
  15720   0.38858E-05
  15730   0.38573E-05
  15740   0.38414E-05
  15750   0.38355E-05
  15760   0.37978E-05
  15770   0.37897E-05
  15780   0.37711E-05
  15790   0.37559E-05
  15800   0.37537E-05
  15810   0.37348E-05
  15820   0.37043E-05
  15830   0.36951E-05
  15840   0.36868E-05
  15850   0.36618E-05
  15860   0.36398E-05
  15870   0.36243E-05
  15880   0.36102E-05
  15890   0.36044E-05
  15900   0.35769E-05
  15910   0.35880E-05
  15920   0.35650E-05
  15930   0.35590E-05
  15940   0.35489E-05
  15950   0.35055E-05
  15960   0.34865E-05
  15970   0.34826E-05
  15980   0.34494E-05
  15990   0.34243E-05
  16000   0.34102E-05
  16010   0.33967E-05
  16020   0.33787E-05
  16030   0.33657E-05
  16040   0.33609E-05
  16050   0.33159E-05
  16060   0.32912E-05
  16070   0.32806E-05
  16080   0.32868E-05
  16090   0.32799E-05
  16100   0.32541E-05
  16110   0.32341E-05
  16120   0.32346E-05
  16130   0.32336E-05
  16140   0.32411E-05
  16150   0.31793E-05
  16160   0.31664E-05
  16170   0.31472E-05
  16180   0.31337E-05
  16190   0.31196E-05
  16200   0.31239E-05
  16210   0.30841E-05
  16220   0.30464E-05
  16230   0.30430E-05
  16240   0.30412E-05
  16250   0.29961E-05
  16260   0.29952E-05
  16270   0.29865E-05
  16280   0.29596E-05
  16290   0.29415E-05
  16300   0.29287E-05
  16310   0.29228E-05
  16320   0.28995E-05
  16330   0.28905E-05
  16340   0.28851E-05
  16350   0.29035E-05
  16360   0.28883E-05
  16370   0.28777E-05
  16380   0.28615E-05
  16390   0.28383E-05
  16400   0.28090E-05
  16410   0.27973E-05
  16420   0.27951E-05
  16430   0.27617E-05
  16440   0.27375E-05
  16450   0.27043E-05
  16460   0.26934E-05
  16470   0.26901E-05
  16480   0.26703E-05
  16490   0.26637E-05
  16500   0.26591E-05
  16510   0.26497E-05
  16520   0.26448E-05
  16530   0.26271E-05
  16540   0.26185E-05
  16550   0.26012E-05
  16560   0.25992E-05
  16570   0.25840E-05
  16580   0.25750E-05
  16590   0.25637E-05
  16600   0.25596E-05
  16610   0.25432E-05
  16620   0.25284E-05
  16630   0.25197E-05
  16640   0.24991E-05
  16650   0.24868E-05
  16660   0.24800E-05
  16670   0.24463E-05
  16680   0.24485E-05
  16690   0.24438E-05
  16700   0.24294E-05
  16710   0.24220E-05
  16720   0.24276E-05
  16730   0.24089E-05
  16740   0.24103E-05
  16750   0.23668E-05
  16760   0.23639E-05
  16770   0.23519E-05
  16780   0.23580E-05
  16790   0.23436E-05
  16800   0.23382E-05
  16810   0.23154E-05
  16820   0.23054E-05
  16830   0.23042E-05
  16840   0.23068E-05
  16850   0.22784E-05
  16860   0.22565E-05
  16870   0.22507E-05
  16880   0.22518E-05
  16890   0.22360E-05
  16900   0.22227E-05
  16910   0.22231E-05
  16920   0.22193E-05
  16930   0.21852E-05
  16940   0.21724E-05
  16950   0.21705E-05
  16960   0.21563E-05
  16970   0.21504E-05
  16980   0.21534E-05
  16990   0.21334E-05
  17000   0.21097E-05
  17010   0.21083E-05
  17020   0.21044E-05
  17030   0.20908E-05
  17040   0.20844E-05
  17050   0.20725E-05
  17060   0.20607E-05
  17070   0.20501E-05
  17080   0.20466E-05
  17090   0.20374E-05
  17100   0.20313E-05
  17110   0.20299E-05
  17120   0.20368E-05
  17130   0.20006E-05
  17140   0.19905E-05
  17150   0.19802E-05
  17160   0.19693E-05
  17170   0.19466E-05
  17180   0.19566E-05
  17190   0.19429E-05
  17200   0.19271E-05
  17210   0.19036E-05
  17220   0.18911E-05
  17230   0.18938E-05
  17240   0.18778E-05
  17250   0.18524E-05
  17260   0.18639E-05
  17270   0.18528E-05
  17280   0.18509E-05
  17290   0.18612E-05
  17300   0.18343E-05
  17310   0.18364E-05
  17320   0.18218E-05
  17330   0.18291E-05
  17340   0.18180E-05
  17350   0.18130E-05
  17360   0.18098E-05
  17370   0.17992E-05
  17380   0.17794E-05
  17390   0.17713E-05
  17400   0.17743E-05
  17410   0.17570E-05
  17420   0.17657E-05
  17430   0.17626E-05
  17440   0.17587E-05
  17450   0.17538E-05
  17460   0.17327E-05
  17470   0.17381E-05
  17480   0.17223E-05
  17490   0.17169E-05
  17500   0.17236E-05
  17510   0.17034E-05
  17520   0.17092E-05
  17530   0.17103E-05
  17540   0.17091E-05
  17550   0.16808E-05
  17560   0.16614E-05
  17570   0.16785E-05
  17580   0.16728E-05
  17590   0.16512E-05
  17600   0.16390E-05
  17610   0.16418E-05
  17620   0.16260E-05
  17630   0.16388E-05
  17640   0.16244E-05
  17650   0.16110E-05
  17660   0.16268E-05
  17670   0.16188E-05
  17680   0.16092E-05
  17690   0.16090E-05
  17700   0.16046E-05
  17710   0.15857E-05
  17720   0.15629E-05
  17730   0.15804E-05
  17740   0.15768E-05
  17750   0.15805E-05
  17760   0.15594E-05
  17770   0.15572E-05
  17780   0.15723E-05
  17790   0.15431E-05
  17800   0.15231E-05
  17810   0.14977E-05
  17820   0.15171E-05
  17830   0.15060E-05
  17840   0.14982E-05
  17850   0.15203E-05
  17860   0.14918E-05
  17870   0.14902E-05
  17880   0.15011E-05
  17890   0.14875E-05
  17900   0.14698E-05
  17910   0.14604E-05
  17920   0.14563E-05
  17930   0.14532E-05
  17940   0.14301E-05
  17950   0.14277E-05
  17960   0.14300E-05
  17970   0.14256E-05
  17980   0.14121E-05
  17990   0.14089E-05
  18000   0.14111E-05
  18010   0.14006E-05
  18020   0.13959E-05
  18030   0.13914E-05
  18040   0.13897E-05
  18050   0.13819E-05
  18060   0.13720E-05
  18070   0.13646E-05
  18080   0.13592E-05
  18090   0.13627E-05
  18100   0.13499E-05
  18110   0.13385E-05
  18120   0.13418E-05
  18130   0.13331E-05
  18140   0.13322E-05
  18150   0.13227E-05
  18160   0.13202E-05
  18170   0.13032E-05
  18180   0.13118E-05
  18190   0.12969E-05
  18200   0.12892E-05
  18210   0.12881E-05
  18220   0.12868E-05
  18230   0.12811E-05
  18240   0.12907E-05
  18250   0.12860E-05
  18260   0.12778E-05
  18270   0.12847E-05
  18280   0.12824E-05
  18290   0.12678E-05
  18300   0.12785E-05
  18310   0.12572E-05
  18320   0.12640E-05
  18330   0.12547E-05
  18340   0.12615E-05
  18350   0.12610E-05
  18360   0.12422E-05
  18370   0.12450E-05
  18380   0.12483E-05
  18390   0.12455E-05
  18400   0.12374E-05
  18410   0.12507E-05
  18420   0.12383E-05
  18430   0.12420E-05
  18440   0.12441E-05
  18450   0.12257E-05
  18460   0.12133E-05
  18470   0.12260E-05
  18480   0.12276E-05
  18490   0.12044E-05
  18500   0.12132E-05
  18510   0.12017E-05
  18520   0.11964E-05
  18530   0.12024E-05
  18540   0.11927E-05
  18550   0.11978E-05
  18560   0.12053E-05
  18570   0.11998E-05
  18580   0.11908E-05
  18590   0.11682E-05
  18600   0.11855E-05
  18610   0.11751E-05
  18620   0.11661E-05
  18630   0.11601E-05
  18640   0.11654E-05
  18650   0.11503E-05
  18660   0.11719E-05
  18670   0.11475E-05
  18680   0.11377E-05
  18690   0.11370E-05
  18700   0.11565E-05
  18710   0.11492E-05
  18720   0.11404E-05
  18730   0.11353E-05
  18740   0.11446E-05
  18750   0.11390E-05
  18760   0.11300E-05
  18770   0.11208E-05
  18780   0.11085E-05
  18790   0.11194E-05
  18800   0.11107E-05
  18810   0.11104E-05
  18820   0.11143E-05
  18830   0.11063E-05
  18840   0.11045E-05
  18850   0.10781E-05
  18860   0.11035E-05
  18870   0.11001E-05
  18880   0.10939E-05
  18890   0.11075E-05
  18900   0.10808E-05
  18910   0.10669E-05
  18920   0.10781E-05
  18930   0.10801E-05
  18940   0.10657E-05
  18950   0.10541E-05
  18960   0.10614E-05
  18970   0.10595E-05
  18980   0.10497E-05
  18990   0.10609E-05
  19000   0.10331E-05
  19010   0.10517E-05
  19020   0.10315E-05
  19030   0.10231E-05
  19040   0.10324E-05
  19050   0.10340E-05
  19060   0.10197E-05
  19070   0.10179E-05
  19080   0.10345E-05
  19090   0.10264E-05
  19100   0.10446E-05
  19110   0.10427E-05
  19120   0.10406E-05
  19130   0.10199E-05
  19140   0.10479E-05
  19150   0.10384E-05
  19160   0.10449E-05
  19170   0.10470E-05
  19180   0.10424E-05
  19190   0.10533E-05
  19200   0.10274E-05
  19210   0.10290E-05
  19220   0.10202E-05
  19230   0.10128E-05
  19240   0.10131E-05
  19250   0.10195E-05
  19260   0.10175E-05
  19270   0.99015E-06
  19280   0.99381E-06
  19290   0.10137E-05
  19300   0.10219E-05
  19310   0.10195E-05
  19320   0.10127E-05
  19330   0.10273E-05
  19340   0.10190E-05
  19350   0.10180E-05
  19360   0.10030E-05
  19370   0.99223E-06
  19380   0.99691E-06
  19390   0.98499E-06
  19400   0.99015E-06
  19410   0.10083E-05
  19420   0.10115E-05
  19430   0.10053E-05
  19440   0.99734E-06
  19450   0.99759E-06
  19460   0.99300E-06
  19470   0.99820E-06
  19480   0.10054E-05
  19490   0.98470E-06
  19500   0.98586E-06
  19510   0.98518E-06
  19520   0.98962E-06
  19530   0.98927E-06
  19540   0.99106E-06
  19550   0.98949E-06
  19560   0.99034E-06
  19570   0.98233E-06
  19580   0.96425E-06
  19590   0.96519E-06
  19600   0.97891E-06
  19610   0.99271E-06
  19620   0.98362E-06
  19630   0.99261E-06
  19640   0.98487E-06
  19650   0.98313E-06
  19660   0.99068E-06
  19670   0.99002E-06
  19680   0.98046E-06
  19690   0.99750E-06
  19700   0.98057E-06
  19710   0.96678E-06
  19720   0.98062E-06
  19730   0.97642E-06
  19740   0.96708E-06
  19750   0.95817E-06
  19760   0.94031E-06
  19770   0.95664E-06
  19780   0.94267E-06
  19790   0.95010E-06
  19800   0.94712E-06
  19810   0.95154E-06
  19820   0.94552E-06
  19830   0.94241E-06
  19840   0.96618E-06
  19850   0.96182E-06
  19860   0.93375E-06
  19870   0.93772E-06
  19880   0.95201E-06
  19890   0.94824E-06
  19900   0.92793E-06
  19910   0.92434E-06
  19920   0.94159E-06
  19930   0.93522E-06
  19940   0.94169E-06
  19950   0.93382E-06
  19960   0.95037E-06
  19970   0.94207E-06
  19980   0.91507E-06
  19990   0.91427E-06
  20000   0.90310E-06
