     10   0.10795E-02
     20   0.92088E-03
     30   0.81539E-03
     40   0.73982E-03
     50   0.68250E-03
     60   0.63692E-03
     70   0.59866E-03
     80   0.56541E-03
     90   0.53600E-03
    100   0.50957E-03
    110   0.48479E-03
    120   0.46189E-03
    130   0.44068E-03
    140   0.42079E-03
    150   0.40204E-03
    160   0.38444E-03
    170   0.36789E-03
    180   0.35237E-03
    190   0.33773E-03
    200   0.32397E-03
    210   0.31088E-03
    220   0.29862E-03
    230   0.28718E-03
    240   0.27649E-03
    250   0.26656E-03
    260   0.25732E-03
    270   0.24874E-03
    280   0.24079E-03
    290   0.23343E-03
    300   0.22663E-03
    310   0.22042E-03
    320   0.21468E-03
    330   0.20941E-03
    340   0.20461E-03
    350   0.20025E-03
    360   0.19635E-03
    370   0.19291E-03
    380   0.18990E-03
    390   0.18733E-03
    400   0.18513E-03
    410   0.18335E-03
    420   0.18182E-03
    430   0.18051E-03
    440   0.17938E-03
    450   0.17834E-03
    460   0.17732E-03
    470   0.17629E-03
    480   0.17520E-03
    490   0.17404E-03
    500   0.17278E-03
    510   0.17146E-03
    520   0.17006E-03
    530   0.16859E-03
    540   0.16710E-03
    550   0.16561E-03
    560   0.16415E-03
    570   0.16277E-03
    580   0.16148E-03
    590   0.16034E-03
    600   0.15935E-03
    610   0.15854E-03
    620   0.15790E-03
    630   0.15746E-03
    640   0.15719E-03
    650   0.15709E-03
    660   0.15716E-03
    670   0.15736E-03
    680   0.15767E-03
    690   0.15809E-03
    700   0.15859E-03
    710   0.15914E-03
    720   0.15973E-03
    730   0.16032E-03
    740   0.16091E-03
    750   0.16147E-03
    760   0.16198E-03
    770   0.16243E-03
    780   0.16281E-03
    790   0.16310E-03
    800   0.16329E-03
    810   0.16339E-03
    820   0.16337E-03
    830   0.16326E-03
    840   0.16304E-03
    850   0.16272E-03
    860   0.16229E-03
    870   0.16178E-03
    880   0.16116E-03
    890   0.16047E-03
    900   0.15969E-03
    910   0.15885E-03
    920   0.15794E-03
    930   0.15698E-03
    940   0.15596E-03
    950   0.15490E-03
    960   0.15382E-03
    970   0.15271E-03
    980   0.15158E-03
    990   0.15046E-03
   1000   0.14935E-03
   1010   0.14827E-03
   1020   0.14722E-03
   1030   0.14621E-03
   1040   0.14528E-03
   1050   0.14439E-03
   1060   0.14359E-03
   1070   0.14288E-03
   1080   0.14224E-03
   1090   0.14169E-03
   1100   0.14123E-03
   1110   0.14088E-03
   1120   0.14061E-03
   1130   0.14039E-03
   1140   0.14025E-03
   1150   0.14020E-03
   1160   0.14016E-03
   1170   0.14018E-03
   1180   0.14025E-03
   1190   0.14030E-03
   1200   0.14039E-03
   1210   0.14046E-03
   1220   0.14053E-03
   1230   0.14055E-03
   1240   0.14056E-03
   1250   0.14051E-03
   1260   0.14043E-03
   1270   0.14030E-03
   1280   0.14009E-03
   1290   0.13985E-03
   1300   0.13955E-03
   1310   0.13918E-03
   1320   0.13876E-03
   1330   0.13832E-03
   1340   0.13781E-03
   1350   0.13727E-03
   1360   0.13668E-03
   1370   0.13608E-03
   1380   0.13549E-03
   1390   0.13487E-03
   1400   0.13426E-03
   1410   0.13364E-03
   1420   0.13307E-03
   1430   0.13250E-03
   1440   0.13198E-03
   1450   0.13150E-03
   1460   0.13105E-03
   1470   0.13064E-03
   1480   0.13027E-03
   1490   0.12996E-03
   1500   0.12966E-03
   1510   0.12942E-03
   1520   0.12918E-03
   1530   0.12897E-03
   1540   0.12877E-03
   1550   0.12858E-03
   1560   0.12839E-03
   1570   0.12818E-03
   1580   0.12795E-03
   1590   0.12771E-03
   1600   0.12742E-03
   1610   0.12711E-03
   1620   0.12676E-03
   1630   0.12633E-03
   1640   0.12589E-03
   1650   0.12540E-03
   1660   0.12484E-03
   1670   0.12423E-03
   1680   0.12358E-03
   1690   0.12288E-03
   1700   0.12215E-03
   1710   0.12138E-03
   1720   0.12058E-03
   1730   0.11975E-03
   1740   0.11890E-03
   1750   0.11806E-03
   1760   0.11722E-03
   1770   0.11638E-03
   1780   0.11557E-03
   1790   0.11478E-03
   1800   0.11404E-03
   1810   0.11334E-03
   1820   0.11270E-03
   1830   0.11213E-03
   1840   0.11165E-03
   1850   0.11123E-03
   1860   0.11092E-03
   1870   0.11070E-03
   1880   0.11057E-03
   1890   0.11056E-03
   1900   0.11066E-03
   1910   0.11087E-03
   1920   0.11119E-03
   1930   0.11162E-03
   1940   0.11215E-03
   1950   0.11276E-03
   1960   0.11350E-03
   1970   0.11430E-03
   1980   0.11519E-03
   1990   0.11615E-03
   2000   0.11717E-03
   2010   0.11827E-03
   2020   0.11940E-03
   2030   0.12059E-03
   2040   0.12179E-03
   2050   0.12303E-03
   2060   0.12427E-03
   2070   0.12554E-03
   2080   0.12681E-03
   2090   0.12811E-03
   2100   0.12937E-03
   2110   0.13064E-03
   2120   0.13188E-03
   2130   0.13311E-03
   2140   0.13434E-03
   2150   0.13552E-03
   2160   0.13670E-03
   2170   0.13783E-03
   2180   0.13893E-03
   2190   0.14002E-03
   2200   0.14107E-03
   2210   0.14209E-03
   2220   0.14305E-03
   2230   0.14398E-03
   2240   0.14488E-03
   2250   0.14574E-03
   2260   0.14655E-03
   2270   0.14729E-03
   2280   0.14801E-03
   2290   0.14867E-03
   2300   0.14929E-03
   2310   0.14983E-03
   2320   0.15035E-03
   2330   0.15078E-03
   2340   0.15116E-03
   2350   0.15149E-03
   2360   0.15175E-03
   2370   0.15199E-03
   2380   0.15213E-03
   2390   0.15223E-03
   2400   0.15229E-03
   2410   0.15225E-03
   2420   0.15216E-03
   2430   0.15204E-03
   2440   0.15184E-03
   2450   0.15160E-03
   2460   0.15131E-03
   2470   0.15095E-03
   2480   0.15055E-03
   2490   0.15011E-03
   2500   0.14963E-03
   2510   0.14909E-03
   2520   0.14853E-03
   2530   0.14789E-03
   2540   0.14725E-03
   2550   0.14654E-03
   2560   0.14580E-03
   2570   0.14506E-03
   2580   0.14424E-03
   2590   0.14340E-03
   2600   0.14256E-03
   2610   0.14166E-03
   2620   0.14077E-03
   2630   0.13984E-03
   2640   0.13887E-03
   2650   0.13791E-03
   2660   0.13689E-03
   2670   0.13588E-03
   2680   0.13485E-03
   2690   0.13379E-03
   2700   0.13273E-03
   2710   0.13161E-03
   2720   0.13052E-03
   2730   0.12942E-03
   2740   0.12830E-03
   2750   0.12715E-03
   2760   0.12602E-03
   2770   0.12487E-03
   2780   0.12372E-03
   2790   0.12254E-03
   2800   0.12137E-03
   2810   0.12021E-03
   2820   0.11903E-03
   2830   0.11784E-03
   2840   0.11667E-03
   2850   0.11549E-03
   2860   0.11431E-03
   2870   0.11311E-03
   2880   0.11196E-03
   2890   0.11079E-03
   2900   0.10963E-03
   2910   0.10848E-03
   2920   0.10732E-03
   2930   0.10617E-03
   2940   0.10505E-03
   2950   0.10392E-03
   2960   0.10282E-03
   2970   0.10172E-03
   2980   0.10063E-03
   2990   0.99584E-04
   3000   0.98507E-04
   3010   0.97467E-04
   3020   0.96451E-04
   3030   0.95435E-04
   3040   0.94450E-04
   3050   0.93505E-04
   3060   0.92530E-04
   3070   0.91590E-04
   3080   0.90666E-04
   3090   0.89767E-04
   3100   0.88871E-04
   3110   0.88022E-04
   3120   0.87175E-04
   3130   0.86371E-04
   3140   0.85556E-04
   3150   0.84780E-04
   3160   0.84014E-04
   3170   0.83268E-04
   3180   0.82523E-04
   3190   0.81825E-04
   3200   0.81131E-04
   3210   0.80467E-04
   3220   0.79813E-04
   3230   0.79151E-04
   3240   0.78539E-04
   3250   0.77934E-04
   3260   0.77325E-04
   3270   0.76769E-04
   3280   0.76193E-04
   3290   0.75637E-04
   3300   0.75115E-04
   3310   0.74604E-04
   3320   0.74089E-04
   3330   0.73591E-04
   3340   0.73103E-04
   3350   0.72646E-04
   3360   0.72170E-04
   3370   0.71716E-04
   3380   0.71288E-04
   3390   0.70858E-04
   3400   0.70443E-04
   3410   0.70035E-04
   3420   0.69644E-04
   3430   0.69249E-04
   3440   0.68859E-04
   3450   0.68492E-04
   3460   0.68130E-04
   3470   0.67797E-04
   3480   0.67447E-04
   3490   0.67102E-04
   3500   0.66799E-04
   3510   0.66465E-04
   3520   0.66152E-04
   3530   0.65848E-04
   3540   0.65561E-04
   3550   0.65293E-04
   3560   0.64988E-04
   3570   0.64722E-04
   3580   0.64470E-04
   3590   0.64217E-04
   3600   0.63959E-04
   3610   0.63727E-04
   3620   0.63502E-04
   3630   0.63271E-04
   3640   0.63057E-04
   3650   0.62865E-04
   3660   0.62644E-04
   3670   0.62453E-04
   3680   0.62272E-04
   3690   0.62090E-04
   3700   0.61927E-04
   3710   0.61768E-04
   3720   0.61601E-04
   3730   0.61448E-04
   3740   0.61321E-04
   3750   0.61161E-04
   3760   0.61036E-04
   3770   0.60901E-04
   3780   0.60800E-04
   3790   0.60691E-04
   3800   0.60588E-04
   3810   0.60482E-04
   3820   0.60381E-04
   3830   0.60281E-04
   3840   0.60214E-04
   3850   0.60126E-04
   3860   0.60057E-04
   3870   0.59977E-04
   3880   0.59923E-04
   3890   0.59865E-04
   3900   0.59810E-04
   3910   0.59765E-04
   3920   0.59708E-04
   3930   0.59669E-04
   3940   0.59644E-04
   3950   0.59612E-04
   3960   0.59597E-04
   3970   0.59576E-04
   3980   0.59522E-04
   3990   0.59562E-04
   4000   0.59549E-04
   4010   0.59528E-04
   4020   0.59536E-04
   4030   0.59551E-04
   4040   0.59556E-04
   4050   0.59568E-04
   4060   0.59596E-04
   4070   0.59607E-04
   4080   0.59637E-04
   4090   0.59678E-04
   4100   0.59699E-04
   4110   0.59740E-04
   4120   0.59790E-04
   4130   0.59826E-04
   4140   0.59874E-04
   4150   0.59935E-04
   4160   0.59986E-04
   4170   0.60041E-04
   4180   0.60106E-04
   4190   0.60164E-04
   4200   0.60243E-04
   4210   0.60306E-04
   4220   0.60384E-04
   4230   0.60449E-04
   4240   0.60520E-04
   4250   0.60608E-04
   4260   0.60685E-04
   4270   0.60767E-04
   4280   0.60857E-04
   4290   0.60932E-04
   4300   0.61010E-04
   4310   0.61103E-04
   4320   0.61172E-04
   4330   0.61272E-04
   4340   0.61371E-04
   4350   0.61444E-04
   4360   0.61535E-04
   4370   0.61635E-04
   4380   0.61713E-04
   4390   0.61802E-04
   4400   0.61890E-04
   4410   0.61969E-04
   4420   0.62060E-04
   4430   0.62137E-04
   4440   0.62220E-04
   4450   0.62301E-04
   4460   0.62374E-04
   4470   0.62457E-04
   4480   0.62534E-04
   4490   0.62589E-04
   4500   0.62667E-04
   4510   0.62728E-04
   4520   0.62799E-04
   4530   0.62862E-04
   4540   0.62907E-04
   4550   0.62963E-04
   4560   0.63021E-04
   4570   0.63055E-04
   4580   0.63119E-04
   4590   0.63149E-04
   4600   0.63195E-04
   4610   0.63229E-04
   4620   0.63253E-04
   4630   0.63278E-04
   4640   0.63309E-04
   4650   0.63324E-04
   4660   0.63351E-04
   4670   0.63349E-04
   4680   0.63382E-04
   4690   0.63377E-04
   4700   0.63375E-04
   4710   0.63365E-04
   4720   0.63353E-04
   4730   0.63361E-04
   4740   0.63334E-04
   4750   0.63326E-04
   4760   0.63313E-04
   4770   0.63270E-04
   4780   0.63243E-04
   4790   0.63207E-04
   4800   0.63177E-04
   4810   0.63142E-04
   4820   0.63094E-04
   4830   0.63030E-04
   4840   0.63012E-04
   4850   0.62950E-04
   4860   0.62897E-04
   4870   0.62838E-04
   4880   0.62775E-04
   4890   0.62725E-04
   4900   0.62660E-04
   4910   0.62592E-04
   4920   0.62516E-04
   4930   0.62440E-04
   4940   0.62388E-04
   4950   0.62306E-04
   4960   0.62236E-04
   4970   0.62141E-04
   4980   0.62069E-04
   4990   0.61993E-04
   5000   0.61908E-04
   5010   0.61819E-04
   5020   0.61732E-04
   5030   0.61648E-04
   5040   0.61569E-04
   5050   0.61487E-04
   5060   0.61401E-04
   5070   0.61316E-04
   5080   0.61233E-04
   5090   0.61154E-04
   5100   0.61054E-04
   5110   0.60962E-04
   5120   0.60886E-04
   5130   0.60810E-04
   5140   0.60714E-04
   5150   0.60643E-04
   5160   0.60561E-04
   5170   0.60471E-04
   5180   0.60374E-04
   5190   0.60301E-04
   5200   0.60219E-04
   5210   0.60154E-04
   5220   0.60070E-04
   5230   0.59980E-04
   5240   0.59921E-04
   5250   0.59847E-04
   5260   0.59764E-04
   5270   0.59704E-04
   5280   0.59624E-04
   5290   0.59545E-04
   5300   0.59474E-04
   5310   0.59417E-04
   5320   0.59360E-04
   5330   0.59290E-04
   5340   0.59240E-04
   5350   0.59184E-04
   5360   0.59121E-04
   5370   0.59054E-04
   5380   0.59011E-04
   5390   0.58953E-04
   5400   0.58898E-04
   5410   0.58867E-04
   5420   0.58825E-04
   5430   0.58771E-04
   5440   0.58718E-04
   5450   0.58698E-04
   5460   0.58646E-04
   5470   0.58613E-04
   5480   0.58579E-04
   5490   0.58543E-04
   5500   0.58503E-04
   5510   0.58483E-04
   5520   0.58436E-04
   5530   0.58424E-04
   5540   0.58386E-04
   5550   0.58357E-04
   5560   0.58342E-04
   5570   0.58317E-04
   5580   0.58293E-04
   5590   0.58266E-04
   5600   0.58256E-04
   5610   0.58248E-04
   5620   0.58219E-04
   5630   0.58211E-04
   5640   0.58178E-04
   5650   0.58181E-04
   5660   0.58166E-04
   5670   0.58146E-04
   5680   0.58133E-04
   5690   0.58116E-04
   5700   0.58103E-04
   5710   0.58102E-04
   5720   0.58092E-04
   5730   0.58085E-04
   5740   0.58073E-04
   5750   0.58061E-04
   5760   0.58052E-04
   5770   0.58053E-04
   5780   0.58033E-04
   5790   0.58021E-04
   5800   0.58034E-04
   5810   0.58021E-04
   5820   0.58016E-04
   5830   0.57998E-04
   5840   0.57999E-04
   5850   0.57987E-04
   5860   0.57991E-04
   5870   0.57970E-04
   5880   0.57982E-04
   5890   0.57969E-04
   5900   0.57977E-04
   5910   0.57956E-04
   5920   0.57958E-04
   5930   0.57939E-04
   5940   0.57937E-04
   5950   0.57926E-04
   5960   0.57912E-04
   5970   0.57917E-04
   5980   0.57909E-04
   5990   0.57900E-04
   6000   0.57896E-04
   6010   0.57895E-04
   6020   0.57887E-04
   6030   0.57863E-04
   6040   0.57859E-04
   6050   0.57852E-04
   6060   0.57844E-04
   6070   0.57850E-04
   6080   0.57826E-04
   6090   0.57809E-04
   6100   0.57798E-04
   6110   0.57796E-04
   6120   0.57771E-04
   6130   0.57758E-04
   6140   0.57751E-04
   6150   0.57731E-04
   6160   0.57729E-04
   6170   0.57708E-04
   6180   0.57698E-04
   6190   0.57681E-04
   6200   0.57660E-04
   6210   0.57644E-04
   6220   0.57636E-04
   6230   0.57607E-04
   6240   0.57586E-04
   6250   0.57552E-04
   6260   0.57546E-04
   6270   0.57516E-04
   6280   0.57494E-04
   6290   0.57466E-04
   6300   0.57438E-04
   6310   0.57412E-04
   6320   0.57390E-04
   6330   0.57348E-04
   6340   0.57321E-04
   6350   0.57278E-04
   6360   0.57249E-04
   6370   0.57203E-04
   6380   0.57177E-04
   6390   0.57140E-04
   6400   0.57089E-04
   6410   0.57048E-04
   6420   0.56995E-04
   6430   0.56954E-04
   6440   0.56897E-04
   6450   0.56851E-04
   6460   0.56791E-04
   6470   0.56738E-04
   6480   0.56675E-04
   6490   0.56613E-04
   6500   0.56553E-04
   6510   0.56480E-04
   6520   0.56422E-04
   6530   0.56358E-04
   6540   0.56280E-04
   6550   0.56214E-04
   6560   0.56129E-04
   6570   0.56062E-04
   6580   0.55967E-04
   6590   0.55883E-04
   6600   0.55810E-04
   6610   0.55704E-04
   6620   0.55617E-04
   6630   0.55521E-04
   6640   0.55418E-04
   6650   0.55329E-04
   6660   0.55222E-04
   6670   0.55109E-04
   6680   0.55001E-04
   6690   0.54890E-04
   6700   0.54777E-04
   6710   0.54681E-04
   6720   0.54561E-04
   6730   0.54436E-04
   6740   0.54322E-04
   6750   0.54204E-04
   6760   0.54071E-04
   6770   0.53950E-04
   6780   0.53820E-04
   6790   0.53692E-04
   6800   0.53561E-04
   6810   0.53432E-04
   6820   0.53304E-04
   6830   0.53164E-04
   6840   0.53018E-04
   6850   0.52892E-04
   6860   0.52752E-04
   6870   0.52611E-04
   6880   0.52477E-04
   6890   0.52338E-04
   6900   0.52202E-04
   6910   0.52054E-04
   6920   0.51918E-04
   6930   0.51770E-04
   6940   0.51628E-04
   6950   0.51497E-04
   6960   0.51348E-04
   6970   0.51206E-04
   6980   0.51081E-04
   6990   0.50936E-04
   7000   0.50806E-04
   7010   0.50669E-04
   7020   0.50534E-04
   7030   0.50403E-04
   7040   0.50279E-04
   7050   0.50134E-04
   7060   0.49993E-04
   7070   0.49878E-04
   7080   0.49756E-04
   7090   0.49615E-04
   7100   0.49500E-04
   7110   0.49376E-04
   7120   0.49255E-04
   7130   0.49120E-04
   7140   0.49001E-04
   7150   0.48897E-04
   7160   0.48771E-04
   7170   0.48670E-04
   7180   0.48561E-04
   7190   0.48451E-04
   7200   0.48326E-04
   7210   0.48224E-04
   7220   0.48119E-04
   7230   0.48016E-04
   7240   0.47913E-04
   7250   0.47800E-04
   7260   0.47700E-04
   7270   0.47609E-04
   7280   0.47497E-04
   7290   0.47412E-04
   7300   0.47307E-04
   7310   0.47209E-04
   7320   0.47122E-04
   7330   0.47019E-04
   7340   0.46930E-04
   7350   0.46834E-04
   7360   0.46749E-04
   7370   0.46664E-04
   7380   0.46562E-04
   7390   0.46484E-04
   7400   0.46386E-04
   7410   0.46303E-04
   7420   0.46223E-04
   7430   0.46134E-04
   7440   0.46045E-04
   7450   0.45978E-04
   7460   0.45883E-04
   7470   0.45802E-04
   7480   0.45704E-04
   7490   0.45640E-04
   7500   0.45546E-04
   7510   0.45474E-04
   7520   0.45372E-04
   7530   0.45293E-04
   7540   0.45206E-04
   7550   0.45115E-04
   7560   0.45053E-04
   7570   0.44978E-04
   7580   0.44894E-04
   7590   0.44796E-04
   7600   0.44721E-04
   7610   0.44632E-04
   7620   0.44541E-04
   7630   0.44462E-04
   7640   0.44388E-04
   7650   0.44305E-04
   7660   0.44218E-04
   7670   0.44140E-04
   7680   0.44035E-04
   7690   0.43957E-04
   7700   0.43885E-04
   7710   0.43804E-04
   7720   0.43724E-04
   7730   0.43634E-04
   7740   0.43555E-04
   7750   0.43454E-04
   7760   0.43379E-04
   7770   0.43286E-04
   7780   0.43193E-04
   7790   0.43128E-04
   7800   0.43049E-04
   7810   0.42936E-04
   7820   0.42852E-04
   7830   0.42749E-04
   7840   0.42660E-04
   7850   0.42583E-04
   7860   0.42506E-04
   7870   0.42410E-04
   7880   0.42318E-04
   7890   0.42208E-04
   7900   0.42132E-04
   7910   0.42032E-04
   7920   0.41934E-04
   7930   0.41848E-04
   7940   0.41750E-04
   7950   0.41680E-04
   7960   0.41564E-04
   7970   0.41464E-04
   7980   0.41378E-04
   7990   0.41269E-04
   8000   0.41173E-04
   8010   0.41082E-04
   8020   0.40975E-04
   8030   0.40876E-04
   8040   0.40790E-04
   8050   0.40683E-04
   8060   0.40571E-04
   8070   0.40475E-04
   8080   0.40377E-04
   8090   0.40266E-04
   8100   0.40161E-04
   8110   0.40064E-04
   8120   0.39947E-04
   8130   0.39842E-04
   8140   0.39747E-04
   8150   0.39643E-04
   8160   0.39544E-04
   8170   0.39428E-04
   8180   0.39318E-04
   8190   0.39206E-04
   8200   0.39100E-04
   8210   0.38987E-04
   8220   0.38882E-04
   8230   0.38782E-04
   8240   0.38652E-04
   8250   0.38546E-04
   8260   0.38449E-04
   8270   0.38318E-04
   8280   0.38203E-04
   8290   0.38111E-04
   8300   0.37997E-04
   8310   0.37889E-04
   8320   0.37766E-04
   8330   0.37653E-04
   8340   0.37527E-04
   8350   0.37415E-04
   8360   0.37308E-04
   8370   0.37212E-04
   8380   0.37087E-04
   8390   0.36963E-04
   8400   0.36856E-04
   8410   0.36751E-04
   8420   0.36616E-04
   8430   0.36526E-04
   8440   0.36405E-04
   8450   0.36293E-04
   8460   0.36181E-04
   8470   0.36067E-04
   8480   0.35959E-04
   8490   0.35857E-04
   8500   0.35745E-04
   8510   0.35633E-04
   8520   0.35527E-04
   8530   0.35416E-04
   8540   0.35290E-04
   8550   0.35187E-04
   8560   0.35069E-04
   8570   0.34974E-04
   8580   0.34876E-04
   8590   0.34740E-04
   8600   0.34653E-04
   8610   0.34523E-04
   8620   0.34434E-04
   8630   0.34339E-04
   8640   0.34204E-04
   8650   0.34105E-04
   8660   0.34002E-04
   8670   0.33901E-04
   8680   0.33793E-04
   8690   0.33690E-04
   8700   0.33596E-04
   8710   0.33491E-04
   8720   0.33383E-04
   8730   0.33278E-04
   8740   0.33168E-04
   8750   0.33073E-04
   8760   0.32957E-04
   8770   0.32865E-04
   8780   0.32763E-04
   8790   0.32662E-04
   8800   0.32554E-04
   8810   0.32456E-04
   8820   0.32352E-04
   8830   0.32265E-04
   8840   0.32157E-04
   8850   0.32057E-04
   8860   0.31970E-04
   8870   0.31860E-04
   8880   0.31752E-04
   8890   0.31664E-04
   8900   0.31564E-04
   8910   0.31475E-04
   8920   0.31362E-04
   8930   0.31250E-04
   8940   0.31181E-04
   8950   0.31086E-04
   8960   0.30976E-04
   8970   0.30912E-04
   8980   0.30790E-04
   8990   0.30682E-04
   9000   0.30582E-04
   9010   0.30505E-04
   9020   0.30392E-04
   9030   0.30309E-04
   9040   0.30204E-04
   9050   0.30101E-04
   9060   0.30026E-04
   9070   0.29897E-04
   9080   0.29818E-04
   9090   0.29715E-04
   9100   0.29613E-04
   9110   0.29535E-04
   9120   0.29419E-04
   9130   0.29317E-04
   9140   0.29224E-04
   9150   0.29121E-04
   9160   0.29024E-04
   9170   0.28912E-04
   9180   0.28814E-04
   9190   0.28699E-04
   9200   0.28620E-04
   9210   0.28507E-04
   9220   0.28405E-04
   9230   0.28309E-04
   9240   0.28196E-04
   9250   0.28101E-04
   9260   0.27981E-04
   9270   0.27863E-04
   9280   0.27797E-04
   9290   0.27688E-04
   9300   0.27565E-04
   9310   0.27454E-04
   9320   0.27347E-04
   9330   0.27248E-04
   9340   0.27127E-04
   9350   0.27035E-04
   9360   0.26937E-04
   9370   0.26819E-04
   9380   0.26714E-04
   9390   0.26618E-04
   9400   0.26488E-04
   9410   0.26392E-04
   9420   0.26272E-04
   9430   0.26181E-04
   9440   0.26085E-04
   9450   0.25958E-04
   9460   0.25859E-04
   9470   0.25759E-04
   9480   0.25654E-04
   9490   0.25523E-04
   9500   0.25428E-04
   9510   0.25318E-04
   9520   0.25221E-04
   9530   0.25130E-04
   9540   0.25019E-04
   9550   0.24892E-04
   9560   0.24804E-04
   9570   0.24684E-04
   9580   0.24595E-04
   9590   0.24491E-04
   9600   0.24370E-04
   9610   0.24287E-04
   9620   0.24171E-04
   9630   0.24071E-04
   9640   0.23968E-04
   9650   0.23864E-04
   9660   0.23781E-04
   9670   0.23658E-04
   9680   0.23565E-04
   9690   0.23478E-04
   9700   0.23365E-04
   9710   0.23292E-04
   9720   0.23188E-04
   9730   0.23073E-04
   9740   0.22988E-04
   9750   0.22897E-04
   9760   0.22795E-04
   9770   0.22713E-04
   9780   0.22629E-04
   9790   0.22528E-04
   9800   0.22428E-04
   9810   0.22335E-04
   9820   0.22268E-04
   9830   0.22165E-04
   9840   0.22086E-04
   9850   0.22008E-04
   9860   0.21902E-04
   9870   0.21843E-04
   9880   0.21750E-04
   9890   0.21654E-04
   9900   0.21573E-04
   9910   0.21489E-04
   9920   0.21415E-04
   9930   0.21317E-04
   9940   0.21261E-04
   9950   0.21171E-04
   9960   0.21102E-04
   9970   0.21024E-04
   9980   0.20945E-04
   9990   0.20872E-04
  10000   0.20793E-04
  10010   0.20712E-04
  10020   0.20658E-04
  10030   0.20558E-04
  10040   0.20489E-04
  10050   0.20423E-04
  10060   0.20356E-04
  10070   0.20277E-04
  10080   0.20208E-04
  10090   0.20130E-04
  10100   0.20064E-04
  10110   0.19983E-04
  10120   0.19916E-04
  10130   0.19846E-04
  10140   0.19771E-04
  10150   0.19707E-04
  10160   0.19620E-04
  10170   0.19556E-04
  10180   0.19466E-04
  10190   0.19396E-04
  10200   0.19322E-04
  10210   0.19267E-04
  10220   0.19176E-04
  10230   0.19102E-04
  10240   0.19013E-04
  10250   0.18930E-04
  10260   0.18870E-04
  10270   0.18740E-04
  10280   0.18682E-04
  10290   0.18607E-04
  10300   0.18503E-04
  10310   0.18447E-04
  10320   0.18326E-04
  10330   0.18249E-04
  10340   0.18138E-04
  10350   0.18057E-04
  10360   0.17951E-04
  10370   0.17840E-04
  10380   0.17756E-04
  10390   0.17642E-04
  10400   0.17554E-04
  10410   0.17437E-04
  10420   0.17353E-04
  10430   0.17244E-04
  10440   0.17124E-04
  10450   0.17021E-04
  10460   0.16892E-04
  10470   0.16798E-04
  10480   0.16677E-04
  10490   0.16550E-04
  10500   0.16440E-04
  10510   0.16322E-04
  10520   0.16216E-04
  10530   0.16082E-04
  10540   0.15978E-04
  10550   0.15851E-04
  10560   0.15731E-04
  10570   0.15610E-04
  10580   0.15500E-04
  10590   0.15375E-04
  10600   0.15256E-04
  10610   0.15142E-04
  10620   0.15014E-04
  10630   0.14910E-04
  10640   0.14776E-04
  10650   0.14662E-04
  10660   0.14553E-04
  10670   0.14423E-04
  10680   0.14324E-04
  10690   0.14203E-04
  10700   0.14096E-04
  10710   0.14001E-04
  10720   0.13879E-04
  10730   0.13786E-04
  10740   0.13683E-04
  10750   0.13564E-04
  10760   0.13466E-04
  10770   0.13371E-04
  10780   0.13282E-04
  10790   0.13196E-04
  10800   0.13102E-04
  10810   0.13007E-04
  10820   0.12940E-04
  10830   0.12856E-04
  10840   0.12779E-04
  10850   0.12705E-04
  10860   0.12632E-04
  10870   0.12552E-04
  10880   0.12479E-04
  10890   0.12429E-04
  10900   0.12374E-04
  10910   0.12301E-04
  10920   0.12236E-04
  10930   0.12200E-04
  10940   0.12150E-04
  10950   0.12099E-04
  10960   0.12052E-04
  10970   0.12016E-04
  10980   0.11978E-04
  10990   0.11947E-04
  11000   0.11916E-04
  11010   0.11885E-04
  11020   0.11862E-04
  11030   0.11844E-04
  11040   0.11825E-04
  11050   0.11802E-04
  11060   0.11774E-04
  11070   0.11759E-04
  11080   0.11764E-04
  11090   0.11747E-04
  11100   0.11745E-04
  11110   0.11724E-04
  11120   0.11724E-04
  11130   0.11732E-04
  11140   0.11737E-04
  11150   0.11750E-04
  11160   0.11741E-04
  11170   0.11758E-04
  11180   0.11773E-04
  11190   0.11771E-04
  11200   0.11792E-04
  11210   0.11811E-04
  11220   0.11836E-04
  11230   0.11845E-04
  11240   0.11862E-04
  11250   0.11878E-04
  11260   0.11901E-04
  11270   0.11930E-04
  11280   0.11957E-04
  11290   0.11983E-04
  11300   0.12026E-04
  11310   0.12044E-04
  11320   0.12083E-04
  11330   0.12106E-04
  11340   0.12143E-04
  11350   0.12182E-04
  11360   0.12209E-04
  11370   0.12234E-04
  11380   0.12274E-04
  11390   0.12310E-04
  11400   0.12334E-04
  11410   0.12385E-04
  11420   0.12422E-04
  11430   0.12445E-04
  11440   0.12484E-04
  11450   0.12519E-04
  11460   0.12562E-04
  11470   0.12587E-04
  11480   0.12640E-04
  11490   0.12668E-04
  11500   0.12711E-04
  11510   0.12744E-04
  11520   0.12771E-04
  11530   0.12813E-04
  11540   0.12854E-04
  11550   0.12877E-04
  11560   0.12924E-04
  11570   0.12955E-04
  11580   0.12990E-04
  11590   0.13026E-04
  11600   0.13069E-04
  11610   0.13110E-04
  11620   0.13132E-04
  11630   0.13151E-04
  11640   0.13190E-04
  11650   0.13236E-04
  11660   0.13269E-04
  11670   0.13283E-04
  11680   0.13324E-04
  11690   0.13342E-04
  11700   0.13365E-04
  11710   0.13394E-04
  11720   0.13417E-04
  11730   0.13451E-04
  11740   0.13471E-04
  11750   0.13495E-04
  11760   0.13526E-04
  11770   0.13536E-04
  11780   0.13569E-04
  11790   0.13591E-04
  11800   0.13595E-04
  11810   0.13617E-04
  11820   0.13632E-04
  11830   0.13652E-04
  11840   0.13667E-04
  11850   0.13684E-04
  11860   0.13699E-04
  11870   0.13710E-04
  11880   0.13728E-04
  11890   0.13742E-04
  11900   0.13735E-04
  11910   0.13752E-04
  11920   0.13758E-04
  11930   0.13777E-04
  11940   0.13788E-04
  11950   0.13773E-04
  11960   0.13786E-04
  11970   0.13787E-04
  11980   0.13804E-04
  11990   0.13815E-04
  12000   0.13791E-04
  12010   0.13816E-04
  12020   0.13798E-04
  12030   0.13810E-04
  12040   0.13821E-04
  12050   0.13815E-04
  12060   0.13816E-04
  12070   0.13829E-04
  12080   0.13816E-04
  12090   0.13828E-04
  12100   0.13804E-04
  12110   0.13810E-04
  12120   0.13817E-04
  12130   0.13828E-04
  12140   0.13816E-04
  12150   0.13826E-04
  12160   0.13825E-04
  12170   0.13831E-04
  12180   0.13839E-04
  12190   0.13845E-04
  12200   0.13845E-04
  12210   0.13834E-04
  12220   0.13860E-04
  12230   0.13860E-04
  12240   0.13857E-04
  12250   0.13867E-04
  12260   0.13870E-04
  12270   0.13880E-04
  12280   0.13885E-04
  12290   0.13899E-04
  12300   0.13910E-04
  12310   0.13928E-04
  12320   0.13928E-04
  12330   0.13921E-04
  12340   0.13950E-04
  12350   0.13952E-04
  12360   0.13981E-04
  12370   0.13987E-04
  12380   0.14011E-04
  12390   0.14018E-04
  12400   0.14039E-04
  12410   0.14043E-04
  12420   0.14059E-04
  12430   0.14089E-04
  12440   0.14095E-04
  12450   0.14122E-04
  12460   0.14144E-04
  12470   0.14147E-04
  12480   0.14171E-04
  12490   0.14203E-04
  12500   0.14217E-04
  12510   0.14235E-04
  12520   0.14263E-04
  12530   0.14278E-04
  12540   0.14315E-04
  12550   0.14341E-04
  12560   0.14366E-04
  12570   0.14386E-04
  12580   0.14435E-04
  12590   0.14468E-04
  12600   0.14497E-04
  12610   0.14531E-04
  12620   0.14572E-04
  12630   0.14612E-04
  12640   0.14649E-04
  12650   0.14692E-04
  12660   0.14742E-04
  12670   0.14794E-04
  12680   0.14840E-04
  12690   0.14905E-04
  12700   0.14956E-04
  12710   0.15031E-04
  12720   0.15091E-04
  12730   0.15174E-04
  12740   0.15239E-04
  12750   0.15329E-04
  12760   0.15406E-04
  12770   0.15498E-04
  12780   0.15590E-04
  12790   0.15700E-04
  12800   0.15804E-04
  12810   0.15904E-04
  12820   0.16018E-04
  12830   0.16132E-04
  12840   0.16250E-04
  12850   0.16372E-04
  12860   0.16506E-04
  12870   0.16634E-04
  12880   0.16778E-04
  12890   0.16918E-04
  12900   0.17053E-04
  12910   0.17210E-04
  12920   0.17361E-04
  12930   0.17508E-04
  12940   0.17664E-04
  12950   0.17810E-04
  12960   0.17957E-04
  12970   0.18114E-04
  12980   0.18258E-04
  12990   0.18407E-04
  13000   0.18542E-04
  13010   0.18678E-04
  13020   0.18814E-04
  13030   0.18936E-04
  13040   0.19053E-04
  13050   0.19160E-04
  13060   0.19268E-04
  13070   0.19373E-04
  13080   0.19476E-04
  13090   0.19583E-04
  13100   0.19692E-04
  13110   0.19812E-04
  13120   0.19932E-04
  13130   0.20059E-04
  13140   0.20227E-04
  13150   0.20396E-04
  13160   0.20565E-04
  13170   0.20757E-04
  13180   0.20943E-04
  13190   0.21134E-04
  13200   0.21355E-04
  13210   0.21562E-04
  13220   0.21782E-04
  13230   0.21994E-04
  13240   0.22211E-04
  13250   0.22416E-04
  13260   0.22639E-04
  13270   0.22844E-04
  13280   0.23039E-04
  13290   0.23247E-04
  13300   0.23437E-04
  13310   0.23605E-04
  13320   0.23772E-04
  13330   0.23931E-04
  13340   0.24084E-04
  13350   0.24214E-04
  13360   0.24359E-04
  13370   0.24486E-04
  13380   0.24622E-04
  13390   0.24754E-04
  13400   0.24877E-04
  13410   0.25000E-04
  13420   0.25129E-04
  13430   0.25254E-04
  13440   0.25392E-04
  13450   0.25505E-04
  13460   0.25628E-04
  13470   0.25738E-04
  13480   0.25854E-04
  13490   0.25967E-04
  13500   0.26075E-04
  13510   0.26188E-04
  13520   0.26299E-04
  13530   0.26400E-04
  13540   0.26523E-04
  13550   0.26656E-04
  13560   0.26769E-04
  13570   0.26900E-04
  13580   0.27029E-04
  13590   0.27187E-04
  13600   0.27332E-04
  13610   0.27492E-04
  13620   0.27649E-04
  13630   0.27814E-04
  13640   0.27988E-04
  13650   0.28168E-04
  13660   0.28348E-04
  13670   0.28530E-04
  13680   0.28724E-04
  13690   0.28914E-04
  13700   0.29106E-04
  13710   0.29299E-04
  13720   0.29494E-04
  13730   0.29691E-04
  13740   0.29893E-04
  13750   0.30077E-04
  13760   0.30274E-04
  13770   0.30466E-04
  13780   0.30660E-04
  13790   0.30856E-04
  13800   0.31035E-04
  13810   0.31217E-04
  13820   0.31405E-04
  13830   0.31576E-04
  13840   0.31761E-04
  13850   0.31931E-04
  13860   0.32115E-04
  13870   0.32287E-04
  13880   0.32462E-04
  13890   0.32645E-04
  13900   0.32818E-04
  13910   0.33016E-04
  13920   0.33190E-04
  13930   0.33375E-04
  13940   0.33587E-04
  13950   0.33773E-04
  13960   0.33987E-04
  13970   0.34196E-04
  13980   0.34411E-04
  13990   0.34628E-04
  14000   0.34851E-04
  14010   0.35083E-04
  14020   0.35312E-04
  14030   0.35560E-04
  14040   0.35807E-04
  14050   0.36057E-04
  14060   0.36315E-04
  14070   0.36566E-04
  14080   0.36828E-04
  14090   0.37103E-04
  14100   0.37369E-04
  14110   0.37640E-04
  14120   0.37921E-04
  14130   0.38196E-04
  14140   0.38467E-04
  14150   0.38751E-04
  14160   0.39025E-04
  14170   0.39313E-04
  14180   0.39582E-04
  14190   0.39864E-04
  14200   0.40134E-04
  14210   0.40401E-04
  14220   0.40676E-04
  14230   0.40952E-04
  14240   0.41219E-04
  14250   0.41482E-04
  14260   0.41763E-04
  14270   0.42031E-04
  14280   0.42303E-04
  14290   0.42582E-04
  14300   0.42868E-04
  14310   0.43143E-04
  14320   0.43429E-04
  14330   0.43714E-04
  14340   0.44012E-04
  14350   0.44309E-04
  14360   0.44624E-04
  14370   0.44928E-04
  14380   0.45245E-04
  14390   0.45572E-04
  14400   0.45899E-04
  14410   0.46226E-04
  14420   0.46564E-04
  14430   0.46899E-04
  14440   0.47242E-04
  14450   0.47582E-04
  14460   0.47924E-04
  14470   0.48277E-04
  14480   0.48624E-04
  14490   0.48976E-04
  14500   0.49331E-04
  14510   0.49683E-04
  14520   0.50048E-04
  14530   0.50408E-04
  14540   0.50769E-04
  14550   0.51138E-04
  14560   0.51506E-04
  14570   0.51875E-04
  14580   0.52256E-04
  14590   0.52632E-04
  14600   0.53011E-04
  14610   0.53389E-04
  14620   0.53773E-04
  14630   0.54155E-04
  14640   0.54543E-04
  14650   0.54925E-04
  14660   0.55308E-04
  14670   0.55697E-04
  14680   0.56086E-04
  14690   0.56469E-04
  14700   0.56849E-04
  14710   0.57235E-04
  14720   0.57614E-04
  14730   0.58005E-04
  14740   0.58385E-04
  14750   0.58761E-04
  14760   0.59147E-04
  14770   0.59527E-04
  14780   0.59907E-04
  14790   0.60289E-04
  14800   0.60667E-04
  14810   0.61046E-04
  14820   0.61428E-04
  14830   0.61805E-04
  14840   0.62190E-04
  14850   0.62578E-04
  14860   0.62956E-04
  14870   0.63342E-04
  14880   0.63725E-04
  14890   0.64113E-04
  14900   0.64503E-04
  14910   0.64894E-04
  14920   0.65285E-04
  14930   0.65669E-04
  14940   0.66065E-04
  14950   0.66454E-04
  14960   0.66840E-04
  14970   0.67231E-04
  14980   0.67616E-04
  14990   0.68004E-04
  15000   0.68388E-04
  15010   0.68767E-04
  15020   0.69139E-04
  15030   0.69511E-04
  15040   0.69879E-04
  15050   0.70241E-04
  15060   0.70595E-04
  15070   0.70944E-04
  15080   0.71287E-04
  15090   0.71624E-04
  15100   0.71946E-04
  15110   0.72267E-04
  15120   0.72576E-04
  15130   0.72874E-04
  15140   0.73158E-04
  15150   0.73437E-04
  15160   0.73704E-04
  15170   0.73953E-04
  15180   0.74193E-04
  15190   0.74423E-04
  15200   0.74630E-04
  15210   0.74830E-04
  15220   0.75012E-04
  15230   0.75175E-04
  15240   0.75327E-04
  15250   0.75463E-04
  15260   0.75580E-04
  15270   0.75675E-04
  15280   0.75758E-04
  15290   0.75827E-04
  15300   0.75876E-04
  15310   0.75910E-04
  15320   0.75920E-04
  15330   0.75918E-04
  15340   0.75901E-04
  15350   0.75873E-04
  15360   0.75828E-04
  15370   0.75768E-04
  15380   0.75694E-04
  15390   0.75611E-04
  15400   0.75521E-04
  15410   0.75422E-04
  15420   0.75320E-04
  15430   0.75209E-04
  15440   0.75097E-04
  15450   0.74997E-04
  15460   0.74889E-04
  15470   0.74783E-04
  15480   0.74687E-04
  15490   0.74598E-04
  15500   0.74526E-04
  15510   0.74466E-04
  15520   0.74418E-04
  15530   0.74397E-04
  15540   0.74391E-04
  15550   0.74411E-04
  15560   0.74454E-04
  15570   0.74529E-04
  15580   0.74633E-04
  15590   0.74755E-04
  15600   0.74914E-04
  15610   0.75108E-04
  15620   0.75328E-04
  15630   0.75583E-04
  15640   0.75872E-04
  15650   0.76191E-04
  15660   0.76545E-04
  15670   0.76933E-04
  15680   0.77350E-04
  15690   0.77801E-04
  15700   0.78279E-04
  15710   0.78785E-04
  15720   0.79320E-04
  15730   0.79883E-04
  15740   0.80472E-04
  15750   0.81087E-04
  15760   0.81724E-04
  15770   0.82384E-04
  15780   0.83063E-04
  15790   0.83761E-04
  15800   0.84475E-04
  15810   0.85210E-04
  15820   0.85955E-04
  15830   0.86718E-04
  15840   0.87492E-04
  15850   0.88270E-04
  15860   0.89060E-04
  15870   0.89853E-04
  15880   0.90653E-04
  15890   0.91450E-04
  15900   0.92251E-04
  15910   0.93049E-04
  15920   0.93845E-04
  15930   0.94637E-04
  15940   0.95428E-04
  15950   0.96205E-04
  15960   0.96974E-04
  15970   0.97735E-04
  15980   0.98494E-04
  15990   0.99234E-04
  16000   0.99966E-04
  16010   0.10069E-03
  16020   0.10139E-03
  16030   0.10209E-03
  16040   0.10277E-03
  16050   0.10343E-03
  16060   0.10408E-03
  16070   0.10471E-03
  16080   0.10532E-03
  16090   0.10592E-03
  16100   0.10650E-03
  16110   0.10705E-03
  16120   0.10758E-03
  16130   0.10810E-03
  16140   0.10859E-03
  16150   0.10906E-03
  16160   0.10951E-03
  16170   0.10994E-03
  16180   0.11035E-03
  16190   0.11074E-03
  16200   0.11111E-03
  16210   0.11146E-03
  16220   0.11179E-03
  16230   0.11211E-03
  16240   0.11240E-03
  16250   0.11266E-03
  16260   0.11293E-03
  16270   0.11316E-03
  16280   0.11338E-03
  16290   0.11357E-03
  16300   0.11375E-03
  16310   0.11391E-03
  16320   0.11404E-03
  16330   0.11416E-03
  16340   0.11425E-03
  16350   0.11433E-03
  16360   0.11437E-03
  16370   0.11441E-03
  16380   0.11442E-03
  16390   0.11441E-03
  16400   0.11438E-03
  16410   0.11434E-03
  16420   0.11427E-03
  16430   0.11419E-03
  16440   0.11409E-03
  16450   0.11397E-03
  16460   0.11384E-03
  16470   0.11369E-03
  16480   0.11351E-03
  16490   0.11333E-03
  16500   0.11313E-03
  16510   0.11291E-03
  16520   0.11267E-03
  16530   0.11242E-03
  16540   0.11215E-03
  16550   0.11187E-03
  16560   0.11156E-03
  16570   0.11124E-03
  16580   0.11092E-03
  16590   0.11056E-03
  16600   0.11021E-03
  16610   0.10983E-03
  16620   0.10944E-03
  16630   0.10905E-03
  16640   0.10862E-03
  16650   0.10820E-03
  16660   0.10777E-03
  16670   0.10732E-03
  16680   0.10687E-03
  16690   0.10640E-03
  16700   0.10592E-03
  16710   0.10543E-03
  16720   0.10494E-03
  16730   0.10444E-03
  16740   0.10393E-03
  16750   0.10342E-03
  16760   0.10289E-03
  16770   0.10238E-03
  16780   0.10184E-03
  16790   0.10129E-03
  16800   0.10075E-03
  16810   0.10020E-03
  16820   0.99652E-04
  16830   0.99094E-04
  16840   0.98526E-04
  16850   0.97953E-04
  16860   0.97391E-04
  16870   0.96823E-04
  16880   0.96250E-04
  16890   0.95674E-04
  16900   0.95102E-04
  16910   0.94522E-04
  16920   0.93945E-04
  16930   0.93374E-04
  16940   0.92800E-04
  16950   0.92227E-04
  16960   0.91655E-04
  16970   0.91092E-04
  16980   0.90526E-04
  16990   0.89967E-04
  17000   0.89409E-04
  17010   0.88851E-04
  17020   0.88310E-04
  17030   0.87768E-04
  17040   0.87229E-04
  17050   0.86696E-04
  17060   0.86174E-04
  17070   0.85659E-04
  17080   0.85151E-04
  17090   0.84645E-04
  17100   0.84161E-04
  17110   0.83676E-04
  17120   0.83209E-04
  17130   0.82751E-04
  17140   0.82295E-04
  17150   0.81845E-04
  17160   0.81422E-04
  17170   0.80998E-04
  17180   0.80581E-04
  17190   0.80202E-04
  17200   0.79820E-04
  17210   0.79436E-04
  17220   0.79090E-04
  17230   0.78752E-04
  17240   0.78415E-04
  17250   0.78104E-04
  17260   0.77794E-04
  17270   0.77499E-04
  17280   0.77213E-04
  17290   0.76967E-04
  17300   0.76713E-04
  17310   0.76487E-04
  17320   0.76258E-04
  17330   0.76040E-04
  17340   0.75857E-04
  17350   0.75677E-04
  17360   0.75504E-04
  17370   0.75347E-04
  17380   0.75186E-04
  17390   0.75053E-04
  17400   0.74944E-04
  17410   0.74845E-04
  17420   0.74743E-04
  17430   0.74642E-04
  17440   0.74566E-04
  17450   0.74500E-04
  17460   0.74429E-04
  17470   0.74368E-04
  17480   0.74335E-04
  17490   0.74281E-04
  17500   0.74255E-04
  17510   0.74227E-04
  17520   0.74215E-04
  17530   0.74182E-04
  17540   0.74180E-04
  17550   0.74158E-04
  17560   0.74156E-04
  17570   0.74150E-04
  17580   0.74148E-04
  17590   0.74157E-04
  17600   0.74165E-04
  17610   0.74166E-04
  17620   0.74170E-04
  17630   0.74174E-04
  17640   0.74189E-04
  17650   0.74190E-04
  17660   0.74209E-04
  17670   0.74211E-04
  17680   0.74202E-04
  17690   0.74212E-04
  17700   0.74211E-04
  17710   0.74232E-04
  17720   0.74224E-04
  17730   0.74215E-04
  17740   0.74228E-04
  17750   0.74221E-04
  17760   0.74208E-04
  17770   0.74211E-04
  17780   0.74199E-04
  17790   0.74210E-04
  17800   0.74191E-04
  17810   0.74175E-04
  17820   0.74160E-04
  17830   0.74170E-04
  17840   0.74151E-04
  17850   0.74112E-04
  17860   0.74090E-04
  17870   0.74092E-04
  17880   0.74072E-04
  17890   0.74048E-04
  17900   0.74041E-04
  17910   0.74018E-04
  17920   0.74014E-04
  17930   0.73963E-04
  17940   0.73946E-04
  17950   0.73921E-04
  17960   0.73907E-04
  17970   0.73879E-04
  17980   0.73850E-04
  17990   0.73825E-04
  18000   0.73767E-04
  18010   0.73738E-04
  18020   0.73703E-04
  18030   0.73675E-04
  18040   0.73627E-04
  18050   0.73595E-04
  18060   0.73544E-04
  18070   0.73534E-04
  18080   0.73449E-04
  18090   0.73382E-04
  18100   0.73335E-04
  18110   0.73284E-04
  18120   0.73219E-04
  18130   0.73141E-04
  18140   0.73065E-04
  18150   0.73003E-04
  18160   0.72929E-04
  18170   0.72819E-04
  18180   0.72720E-04
  18190   0.72642E-04
  18200   0.72513E-04
  18210   0.72383E-04
  18220   0.72281E-04
  18230   0.72173E-04
  18240   0.72035E-04
  18250   0.71917E-04
  18260   0.71779E-04
  18270   0.71617E-04
  18280   0.71430E-04
  18290   0.71300E-04
  18300   0.71113E-04
  18310   0.70933E-04
  18320   0.70742E-04
  18330   0.70561E-04
  18340   0.70385E-04
  18350   0.70177E-04
  18360   0.69969E-04
  18370   0.69757E-04
  18380   0.69543E-04
  18390   0.69327E-04
  18400   0.69103E-04
  18410   0.68874E-04
  18420   0.68648E-04
  18430   0.68414E-04
  18440   0.68185E-04
  18450   0.67931E-04
  18460   0.67710E-04
  18470   0.67455E-04
  18480   0.67236E-04
  18490   0.67002E-04
  18500   0.66755E-04
  18510   0.66521E-04
  18520   0.66299E-04
  18530   0.66064E-04
  18540   0.65869E-04
  18550   0.65643E-04
  18560   0.65431E-04
  18570   0.65208E-04
  18580   0.64998E-04
  18590   0.64812E-04
  18600   0.64624E-04
  18610   0.64464E-04
  18620   0.64278E-04
  18630   0.64136E-04
  18640   0.63983E-04
  18650   0.63832E-04
  18660   0.63692E-04
  18670   0.63584E-04
  18680   0.63463E-04
  18690   0.63373E-04
  18700   0.63286E-04
  18710   0.63220E-04
  18720   0.63134E-04
  18730   0.63076E-04
  18740   0.63027E-04
  18750   0.63007E-04
  18760   0.62970E-04
  18770   0.62941E-04
  18780   0.62945E-04
  18790   0.62949E-04
  18800   0.62955E-04
  18810   0.62975E-04
  18820   0.62994E-04
  18830   0.63042E-04
  18840   0.63084E-04
  18850   0.63121E-04
  18860   0.63184E-04
  18870   0.63221E-04
  18880   0.63292E-04
  18890   0.63358E-04
  18900   0.63422E-04
  18910   0.63496E-04
  18920   0.63557E-04
  18930   0.63636E-04
  18940   0.63705E-04
  18950   0.63784E-04
  18960   0.63823E-04
  18970   0.63902E-04
  18980   0.63947E-04
  18990   0.63999E-04
  19000   0.64069E-04
  19010   0.64098E-04
  19020   0.64131E-04
  19030   0.64180E-04
  19040   0.64205E-04
  19050   0.64245E-04
  19060   0.64221E-04
  19070   0.64220E-04
  19080   0.64231E-04
  19090   0.64186E-04
  19100   0.64177E-04
  19110   0.64105E-04
  19120   0.64061E-04
  19130   0.63990E-04
  19140   0.63891E-04
  19150   0.63803E-04
  19160   0.63712E-04
  19170   0.63583E-04
  19180   0.63456E-04
  19190   0.63322E-04
  19200   0.63153E-04
  19210   0.62989E-04
  19220   0.62784E-04
  19230   0.62579E-04
  19240   0.62357E-04
  19250   0.62158E-04
  19260   0.61907E-04
  19270   0.61651E-04
  19280   0.61389E-04
  19290   0.61070E-04
  19300   0.60790E-04
  19310   0.60475E-04
  19320   0.60166E-04
  19330   0.59823E-04
  19340   0.59466E-04
  19350   0.59124E-04
  19360   0.58738E-04
  19370   0.58345E-04
  19380   0.57986E-04
  19390   0.57559E-04
  19400   0.57165E-04
  19410   0.56740E-04
  19420   0.56317E-04
  19430   0.55869E-04
  19440   0.55442E-04
  19450   0.55001E-04
  19460   0.54514E-04
  19470   0.54073E-04
  19480   0.53605E-04
  19490   0.53143E-04
  19500   0.52665E-04
  19510   0.52208E-04
  19520   0.51710E-04
  19530   0.51229E-04
  19540   0.50782E-04
  19550   0.50331E-04
  19560   0.49860E-04
  19570   0.49394E-04
  19580   0.48938E-04
  19590   0.48488E-04
  19600   0.48026E-04
  19610   0.47577E-04
  19620   0.47158E-04
  19630   0.46749E-04
  19640   0.46323E-04
  19650   0.45929E-04
  19660   0.45532E-04
  19670   0.45131E-04
  19680   0.44762E-04
  19690   0.44397E-04
  19700   0.44073E-04
  19710   0.43714E-04
  19720   0.43432E-04
  19730   0.43098E-04
  19740   0.42823E-04
  19750   0.42543E-04
  19760   0.42283E-04
  19770   0.42054E-04
  19780   0.41816E-04
  19790   0.41598E-04
  19800   0.41416E-04
  19810   0.41239E-04
  19820   0.41068E-04
  19830   0.40920E-04
  19840   0.40777E-04
  19850   0.40675E-04
  19860   0.40600E-04
  19870   0.40527E-04
  19880   0.40462E-04
  19890   0.40392E-04
  19900   0.40368E-04
  19910   0.40367E-04
  19920   0.40340E-04
  19930   0.40361E-04
  19940   0.40355E-04
  19950   0.40381E-04
  19960   0.40434E-04
  19970   0.40478E-04
  19980   0.40552E-04
  19990   0.40630E-04
  20000   0.40708E-04
