   0.13663E+01   0.00000E+00   0.99537E+00   0.20165E+00  -0.13716E-02   0.20069E+00   0.71781E+00   0.13339E+00  -0.13339E+00
   0.13119E+01   0.00000E+00   0.10073E+01   0.21963E+00  -0.00000E+00   0.21952E+00   0.72018E+00   0.22294E+00  -0.22294E+00
   0.12647E+01   0.00000E+00   0.10073E+01   0.22071E+00  -0.00000E+00   0.22062E+00   0.72009E+00   0.21936E+00  -0.21936E+00
   0.12239E+01   0.00000E+00   0.10074E+01   0.21938E+00  -0.00000E+00   0.21928E+00   0.72025E+00   0.22552E+00  -0.22552E+00
   0.11885E+01   0.00000E+00   0.10071E+01   0.21897E+00  -0.00000E+00   0.21886E+00   0.72010E+00   0.21974E+00  -0.21974E+00
   0.11578E+01   0.00000E+00   0.10082E+01   0.21826E+00  -0.00000E+00   0.21815E+00   0.72088E+00   0.24917E+00  -0.24917E+00
   0.11312E+01   0.00000E+00   0.10070E+01   0.21738E+00  -0.00000E+00   0.21726E+00   0.72012E+00   0.22041E+00  -0.22041E+00
   0.11082E+01   0.00000E+00   0.10076E+01   0.21723E+00  -0.00000E+00   0.21711E+00   0.72054E+00   0.23638E+00  -0.23638E+00
   0.10883E+01   0.00000E+00   0.10069E+01   0.21695E+00  -0.00000E+00   0.21682E+00   0.72004E+00   0.21752E+00  -0.21752E+00
   0.10710E+01   0.00000E+00   0.10063E+01   0.21774E+00  -0.00000E+00   0.21762E+00   0.71960E+00   0.20083E+00  -0.20083E+00
   0.10560E+01   0.00000E+00   0.10058E+01   0.21877E+00  -0.00000E+00   0.21866E+00   0.71914E+00   0.18367E+00  -0.18367E+00
   0.10430E+01   0.00000E+00   0.10045E+01   0.22023E+00  -0.00000E+00   0.22013E+00   0.71814E+00   0.14590E+00  -0.14590E+00
   0.10318E+01   0.00000E+00   0.10045E+01   0.22252E+00  -0.00000E+00   0.22244E+00   0.71797E+00   0.13912E+00  -0.13912E+00
   0.10221E+01   0.00000E+00   0.10037E+01   0.22623E+00  -0.00000E+00   0.22619E+00   0.71716E+00   0.10848E+00  -0.10848E+00
   0.10136E+01   0.00000E+00   0.10049E+01   0.22795E+00  -0.00000E+00   0.22793E+00   0.71794E+00   0.13824E+00  -0.13824E+00
   0.10063E+01   0.00000E+00   0.99948E+00   0.23314E+00  -0.00000E+00   0.23318E+00   0.71370E+00  -0.22010E-01   0.22010E-01
   0.10000E+01   0.00000E+00   0.10002E+01   0.23516E+00  -0.37892E-01   0.23828E+00   0.71390E+00  -0.14630E-01   0.14630E-01
   0.99399E+00   0.19836E-02   0.10068E+01   0.22594E+00  -0.65561E-01   0.23532E+00   0.71876E+00   0.16925E+00  -0.16925E+00
   0.98627E+00   0.39840E-02   0.10054E+01   0.21784E+00  -0.55478E-01   0.22474E+00   0.71846E+00   0.15792E+00  -0.15792E+00
   0.97822E+00   0.59998E-02   0.10092E+01   0.20991E+00  -0.51202E-01   0.21593E+00   0.72177E+00   0.28280E+00  -0.28280E+00
   0.96973E+00   0.80185E-02   0.10103E+01   0.20310E+00  -0.46937E-01   0.20825E+00   0.72299E+00   0.32898E+00  -0.32898E+00
   0.96079E+00   0.10028E-01   0.10118E+01   0.19770E+00  -0.43077E-01   0.20210E+00   0.72444E+00   0.38406E+00  -0.38406E+00
   0.95137E+00   0.12019E-01   0.10129E+01   0.19296E+00  -0.39551E-01   0.19669E+00   0.72553E+00   0.42529E+00  -0.42529E+00
   0.94148E+00   0.13986E-01   0.10139E+01   0.18866E+00  -0.36356E-01   0.19183E+00   0.72652E+00   0.46265E+00  -0.46265E+00
   0.93109E+00   0.15927E-01   0.10147E+01   0.18493E+00  -0.33477E-01   0.18761E+00   0.72730E+00   0.49207E+00  -0.49207E+00
   0.92019E+00   0.17840E-01   0.10154E+01   0.18136E+00  -0.30832E-01   0.18361E+00   0.72808E+00   0.52151E+00  -0.52151E+00
   0.90879E+00   0.19718E-01   0.10161E+01   0.17800E+00  -0.28383E-01   0.17989E+00   0.72873E+00   0.54626E+00  -0.54626E+00
   0.89686E+00   0.21560E-01   0.10169E+01   0.17479E+00  -0.26075E-01   0.17634E+00   0.72949E+00   0.57476E+00  -0.57476E+00
   0.88441E+00   0.23355E-01   0.10176E+01   0.17090E+00  -0.23937E-01   0.17217E+00   0.73022E+00   0.60261E+00  -0.60261E+00
   0.87143E+00   0.25122E-01   0.10184E+01   0.16649E+00  -0.21922E-01   0.16752E+00   0.73103E+00   0.63314E+00  -0.63314E+00
   0.85792E+00   0.26843E-01   0.10189E+01   0.16208E+00  -0.19332E-01   0.16280E+00   0.73160E+00   0.65442E+00  -0.65442E+00
   0.84388E+00   0.28408E-01   0.10206E+01   0.15316E+00  -0.19634E-01   0.15396E+00   0.73325E+00   0.71683E+00  -0.71683E+00
   0.82930E+00   0.30512E-01   0.10225E+01   0.14483E+00  -0.10779E-01   0.14477E+00   0.73503E+00   0.78433E+00  -0.78433E+00
   0.81424E+00   0.30614E-01   0.10225E+01   0.14939E+00   0.14386E-01   0.14963E+00   0.73476E+00   0.77420E+00  -0.77420E+00
   0.79877E+00   0.27572E-01   0.10209E+01   0.15925E+00   0.29028E-01   0.16144E+00   0.73313E+00   0.71261E+00  -0.71261E+00
   0.78281E+00   0.24885E-01   0.10192E+01   0.16485E+00   0.28176E-01   0.16683E+00   0.73161E+00   0.65513E+00  -0.65513E+00
   0.76638E+00   0.22036E-01   0.10182E+01   0.16919E+00   0.30166E-01   0.17145E+00   0.73068E+00   0.61971E+00  -0.61971E+00
   0.74949E+00   0.18944E-01   0.10171E+01   0.17333E+00   0.31915E-01   0.17586E+00   0.72965E+00   0.58089E+00  -0.58089E+00
   0.73218E+00   0.15739E-01   0.10164E+01   0.17703E+00   0.33168E-01   0.17974E+00   0.72898E+00   0.55559E+00  -0.55559E+00
   0.71444E+00   0.12377E-01   0.10156E+01   0.18028E+00   0.34399E-01   0.18318E+00   0.72818E+00   0.52534E+00  -0.52534E+00
   0.69631E+00   0.88945E-02   0.10149E+01   0.18352E+00   0.35411E-01   0.18657E+00   0.72755E+00   0.50142E+00  -0.50142E+00
   0.67780E+00   0.53073E-02   0.10142E+01   0.18655E+00   0.36242E-01   0.18972E+00   0.72686E+00   0.47559E+00  -0.47559E+00
   0.65895E+00   0.16363E-02   0.10136E+01   0.18959E+00   0.36896E-01   0.19284E+00   0.72625E+00   0.45249E+00  -0.45249E+00
   0.63977E+00  -0.20937E-02   0.10130E+01   0.19259E+00   0.37352E-01   0.19590E+00   0.72565E+00   0.42980E+00  -0.42980E+00
   0.62031E+00  -0.58577E-02   0.10124E+01   0.19540E+00   0.37579E-01   0.19871E+00   0.72509E+00   0.40847E+00  -0.40847E+00
   0.60059E+00  -0.96289E-02   0.10118E+01   0.19804E+00   0.37557E-01   0.20132E+00   0.72448E+00   0.38544E+00  -0.38544E+00
   0.58065E+00  -0.13379E-01   0.10111E+01   0.20093E+00   0.37343E-01   0.20414E+00   0.72386E+00   0.36187E+00  -0.36187E+00
   0.56052E+00  -0.17076E-01   0.10107E+01   0.20392E+00   0.36868E-01   0.20702E+00   0.72335E+00   0.34288E+00  -0.34288E+00
   0.54025E+00  -0.20683E-01   0.10101E+01   0.20648E+00   0.35979E-01   0.20941E+00   0.72277E+00   0.32088E+00  -0.32088E+00
   0.51986E+00  -0.24161E-01   0.10095E+01   0.20917E+00   0.34729E-01   0.21187E+00   0.72221E+00   0.29969E+00  -0.29969E+00
   0.49939E+00  -0.27467E-01   0.10091E+01   0.21178E+00   0.33039E-01   0.21419E+00   0.72176E+00   0.28241E+00  -0.28241E+00
   0.47890E+00  -0.30551E-01   0.10086E+01   0.21397E+00   0.30809E-01   0.21604E+00   0.72129E+00   0.26498E+00  -0.26498E+00
   0.45840E+00  -0.33369E-01   0.10083E+01   0.21588E+00   0.28111E-01   0.21759E+00   0.72101E+00   0.25405E+00  -0.25405E+00
   0.43796E+00  -0.35882E-01   0.10080E+01   0.21711E+00   0.24974E-01   0.21843E+00   0.72077E+00   0.24522E+00  -0.24522E+00
   0.41761E+00  -0.38061E-01   0.10080E+01   0.21766E+00   0.21492E-01   0.21860E+00   0.72074E+00   0.24396E+00  -0.24396E+00
   0.39741E+00  -0.39886E-01   0.10081E+01   0.21731E+00   0.17772E-01   0.21792E+00   0.72082E+00   0.24723E+00  -0.24723E+00
   0.37738E+00  -0.41351E-01   0.10082E+01   0.21604E+00   0.13987E-01   0.21637E+00   0.72102E+00   0.25444E+00  -0.25444E+00
   0.35759E+00  -0.42464E-01   0.10086E+01   0.21419E+00   0.10344E-01   0.21429E+00   0.72140E+00   0.26914E+00  -0.26914E+00
   0.33808E+00  -0.43249E-01   0.10090E+01   0.21143E+00   0.69458E-02   0.21137E+00   0.72188E+00   0.28701E+00  -0.28701E+00
   0.31887E+00  -0.43736E-01   0.10095E+01   0.20830E+00   0.39350E-02   0.20814E+00   0.72244E+00   0.30815E+00  -0.30815E+00
   0.30002E+00  -0.43968E-01   0.10101E+01   0.20504E+00   0.13794E-02   0.20482E+00   0.72307E+00   0.33229E+00  -0.33229E+00
   0.28156E+00  -0.43987E-01   0.10107E+01   0.20151E+00  -0.78924E-03   0.20126E+00   0.72373E+00   0.35705E+00  -0.35705E+00
   0.26351E+00  -0.43825E-01   0.10115E+01   0.19801E+00  -0.26709E-02   0.19776E+00   0.72446E+00   0.38467E+00  -0.38467E+00
   0.24590E+00  -0.43506E-01   0.10120E+01   0.19414E+00  -0.43607E-02   0.19389E+00   0.72507E+00   0.40754E+00  -0.40754E+00
   0.22874E+00  -0.43044E-01   0.10128E+01   0.19056E+00  -0.59539E-02   0.19034E+00   0.72585E+00   0.43718E+00  -0.43718E+00
   0.21207E+00  -0.42449E-01   0.10134E+01   0.18626E+00  -0.74789E-02   0.18608E+00   0.72648E+00   0.46094E+00  -0.46094E+00
   0.19589E+00  -0.41725E-01   0.10142E+01   0.18211E+00  -0.89795E-02   0.18197E+00   0.72729E+00   0.49147E+00  -0.49147E+00
   0.18023E+00  -0.40879E-01   0.10148E+01   0.17739E+00  -0.10421E-01   0.17732E+00   0.72794E+00   0.51629E+00  -0.51629E+00
   0.16508E+00  -0.39915E-01   0.10157E+01   0.17352E+00  -0.11892E-01   0.17353E+00   0.72879E+00   0.54819E+00  -0.54819E+00
   0.15045E+00  -0.38838E-01   0.10167E+01   0.16971E+00  -0.13384E-01   0.16983E+00   0.72971E+00   0.58329E+00  -0.58329E+00
   0.13636E+00  -0.37650E-01   0.10181E+01   0.16653E+00  -0.14985E-01   0.16679E+00   0.73086E+00   0.62647E+00  -0.62647E+00
   0.12280E+00  -0.36350E-01   0.10201E+01   0.16395E+00  -0.16716E-01   0.16438E+00   0.73242E+00   0.68553E+00  -0.68553E+00
   0.10978E+00  -0.34940E-01   0.10227E+01   0.16062E+00  -0.18455E-01   0.16124E+00   0.73440E+00   0.76043E+00  -0.76043E+00
   0.97291E-01  -0.33419E-01   0.10258E+01   0.15502E+00  -0.20028E-01   0.15587E+00   0.73685E+00   0.85310E+00  -0.85310E+00
   0.85336E-01  -0.31782E-01   0.10289E+01   0.14422E+00  -0.20963E-01   0.14528E+00   0.73959E+00   0.95667E+00  -0.95667E+00
   0.73913E-01  -0.30021E-01   0.10315E+01   0.12465E+00  -0.20453E-01   0.12585E+00   0.74222E+00   0.10562E+01  -0.10562E+01
   0.63018E-01  -0.28120E-01   0.10327E+01   0.92689E-01  -0.17268E-01   0.93872E-01   0.74413E+00   0.11284E+01  -0.11284E+01
   0.52651E-01  -0.26060E-01   0.10319E+01   0.45487E-01  -0.97016E-02   0.46276E-01   0.74456E+00   0.11447E+01  -0.11447E+01
   0.42815E-01  -0.23811E-01   0.10289E+01  -0.17816E-01   0.44031E-02   0.18256E-01   0.74267E+00   0.10730E+01  -0.10730E+01
   0.33517E-01  -0.21331E-01   0.10239E+01  -0.94540E-01   0.27545E-01   0.98049E-01   0.73768E+00   0.88460E+00  -0.88460E+00
   0.24779E-01  -0.18556E-01   0.10180E+01  -0.17830E+00   0.63012E-01   0.18879E+00   0.72961E+00   0.57938E+00  -0.57938E+00
   0.16655E-01  -0.15372E-01   0.10105E+01  -0.25208E+00   0.11372E+00   0.27720E+00   0.71839E+00   0.15501E+00  -0.15501E+00
   0.92829E-02  -0.11565E-01   0.10028E+01  -0.28750E+00   0.18479E+00   0.34397E+00   0.70712E+00  -0.27081E+00   0.27081E+00
   0.31222E-02  -0.66738E-02   0.99537E+00  -0.22518E+00   0.28054E+00   0.36252E+00   0.70010E+00  -0.53638E+00   0.53638E+00
   0.00000E+00   0.00000E+00   0.98154E+00  -0.16148E-01   0.36941E+00   0.37290E+00   0.68935E+00  -0.94291E+00   0.94291E+00
   0.25242E-02   0.70062E-02   0.97515E+00   0.26475E+00   0.39672E+00   0.48550E+00   0.67222E+00  -0.15905E+01   0.15905E+01
   0.83145E-02   0.12459E-01   0.97727E+00   0.47915E+00   0.36663E+00   0.62302E+00   0.65462E+00  -0.22558E+01   0.22558E+01
   0.15439E-01   0.16888E-01   0.96908E+00   0.57167E+00   0.31429E+00   0.67813E+00   0.64061E+00  -0.27856E+01   0.27856E+01
   0.23377E-01   0.20740E-01   0.95079E+00   0.57973E+00   0.25842E+00   0.65817E+00   0.63160E+00  -0.31261E+01   0.31261E+01
   0.31957E-01   0.24251E-01   0.93012E+00   0.53966E+00   0.20709E+00   0.59501E+00   0.62701E+00  -0.32997E+01   0.32997E+01
   0.41113E-01   0.27546E-01   0.91440E+00   0.47728E+00   0.16309E+00   0.51486E+00   0.62682E+00  -0.33068E+01   0.33068E+01
   0.50818E-01   0.30696E-01   0.90633E+00   0.41131E+00   0.12772E+00   0.43652E+00   0.63021E+00  -0.31786E+01   0.31786E+01
   0.61063E-01   0.33741E-01   0.90581E+00   0.35372E+00   0.10101E+00   0.37093E+00   0.63634E+00  -0.29468E+01   0.29468E+01
   0.71847E-01   0.36701E-01   0.91098E+00   0.31021E+00   0.82080E-01   0.32250E+00   0.64418E+00  -0.26503E+01   0.26503E+01
   0.83172E-01   0.39591E-01   0.91933E+00   0.28179E+00   0.69497E-01   0.29115E+00   0.65255E+00  -0.23342E+01   0.23342E+01
   0.95040E-01   0.42421E-01   0.92843E+00   0.26654E+00   0.61536E-01   0.27416E+00   0.66025E+00  -0.20428E+01   0.20428E+01
   0.10745E+00   0.45196E-01   0.93678E+00   0.26095E+00   0.56529E-01   0.26749E+00   0.66667E+00  -0.18003E+01   0.18003E+01
   0.12042E+00   0.47919E-01   0.94312E+00   0.26068E+00   0.53110E-01   0.26651E+00   0.67125E+00  -0.16272E+01   0.16272E+01
   0.13393E+00   0.50591E-01   0.94738E+00   0.26195E+00   0.50272E-01   0.26722E+00   0.67423E+00  -0.15144E+01   0.15144E+01
   0.14799E+00   0.53210E-01   0.94996E+00   0.26297E+00   0.47538E-01   0.26772E+00   0.67603E+00  -0.14464E+01   0.14464E+01
   0.16259E+00   0.55772E-01   0.95214E+00   0.26355E+00   0.44844E-01   0.26784E+00   0.67757E+00  -0.13880E+01   0.13880E+01
   0.17774E+00   0.58272E-01   0.95321E+00   0.26288E+00   0.42105E-01   0.26671E+00   0.67841E+00  -0.13562E+01   0.13562E+01
   0.19342E+00   0.60710E-01   0.95430E+00   0.26132E+00   0.39411E-01   0.26472E+00   0.67933E+00  -0.13215E+01   0.13215E+01
   0.20962E+00   0.63080E-01   0.95551E+00   0.25976E+00   0.36837E-01   0.26278E+00   0.68033E+00  -0.12837E+01   0.12837E+01
   0.22633E+00   0.65377E-01   0.95635E+00   0.25792E+00   0.34346E-01   0.26058E+00   0.68109E+00  -0.12551E+01   0.12551E+01
   0.24354E+00   0.67597E-01   0.95757E+00   0.25653E+00   0.32027E-01   0.25888E+00   0.68207E+00  -0.12179E+01   0.12179E+01
   0.26122E+00   0.69733E-01   0.95859E+00   0.25530E+00   0.29800E-01   0.25738E+00   0.68290E+00  -0.11866E+01   0.11866E+01
   0.27936E+00   0.71778E-01   0.95962E+00   0.25445E+00   0.27690E-01   0.25627E+00   0.68372E+00  -0.11557E+01   0.11557E+01
   0.29793E+00   0.73728E-01   0.96046E+00   0.25352E+00   0.25642E-01   0.25512E+00   0.68440E+00  -0.11301E+01   0.11301E+01
   0.31690E+00   0.75575E-01   0.96148E+00   0.25306E+00   0.23648E-01   0.25446E+00   0.68517E+00  -0.11010E+01   0.11010E+01
   0.33625E+00   0.77309E-01   0.96222E+00   0.25262E+00   0.21670E-01   0.25384E+00   0.68574E+00  -0.10794E+01   0.10794E+01
   0.35593E+00   0.78923E-01   0.96289E+00   0.25202E+00   0.19700E-01   0.25306E+00   0.68626E+00  -0.10594E+01   0.10594E+01
   0.37592E+00   0.80410E-01   0.96382E+00   0.25197E+00   0.17766E-01   0.25287E+00   0.68694E+00  -0.10339E+01   0.10339E+01
   0.39618E+00   0.81761E-01   0.96444E+00   0.25186E+00   0.15845E-01   0.25263E+00   0.68740E+00  -0.10164E+01   0.10164E+01
   0.41666E+00   0.82973E-01   0.96510E+00   0.25170E+00   0.13922E-01   0.25235E+00   0.68789E+00  -0.99805E+00   0.99805E+00
   0.43733E+00   0.84037E-01   0.96571E+00   0.25164E+00   0.11936E-01   0.25219E+00   0.68834E+00  -0.98105E+00   0.98105E+00
   0.45813E+00   0.84940E-01   0.96635E+00   0.25175E+00   0.98562E-02   0.25221E+00   0.68879E+00  -0.96391E+00   0.96391E+00
   0.47904E+00   0.85670E-01   0.96688E+00   0.25187E+00   0.76536E-02   0.25225E+00   0.68916E+00  -0.94979E+00   0.94979E+00
   0.49999E+00   0.86212E-01   0.96749E+00   0.25186E+00   0.53184E-02   0.25218E+00   0.68961E+00  -0.93304E+00   0.93304E+00
   0.52095E+00   0.86555E-01   0.96808E+00   0.25158E+00   0.28722E-02   0.25186E+00   0.69005E+00  -0.91645E+00   0.91645E+00
   0.54186E+00   0.86690E-01   0.96870E+00   0.25126E+00   0.34314E-03   0.25151E+00   0.69051E+00  -0.89877E+00   0.89877E+00
   0.56269E+00   0.86612E-01   0.96932E+00   0.25053E+00  -0.22144E-02   0.25078E+00   0.69101E+00  -0.88017E+00   0.88017E+00
   0.58338E+00   0.86323E-01   0.97001E+00   0.24963E+00  -0.47018E-02   0.24991E+00   0.69156E+00  -0.85929E+00   0.85929E+00
   0.60389E+00   0.85836E-01   0.97073E+00   0.24838E+00  -0.70008E-02   0.24869E+00   0.69215E+00  -0.83685E+00   0.83685E+00
   0.62418E+00   0.85173E-01   0.97139E+00   0.24698E+00  -0.90719E-02   0.24735E+00   0.69271E+00  -0.81557E+00   0.81557E+00
   0.64421E+00   0.84355E-01   0.97213E+00   0.24575E+00  -0.10952E-01   0.24618E+00   0.69332E+00  -0.79268E+00   0.79268E+00
   0.66394E+00   0.83401E-01   0.97276E+00   0.24449E+00  -0.12687E-01   0.24499E+00   0.69385E+00  -0.77254E+00   0.77254E+00
   0.68333E+00   0.82325E-01   0.97339E+00   0.24344E+00  -0.14307E-01   0.24402E+00   0.69437E+00  -0.75308E+00   0.75308E+00
   0.70236E+00   0.81143E-01   0.97389E+00   0.24253E+00  -0.15804E-01   0.24319E+00   0.69478E+00  -0.73757E+00   0.73757E+00
   0.72099E+00   0.79871E-01   0.97424E+00   0.24158E+00  -0.17277E-01   0.24233E+00   0.69509E+00  -0.72583E+00   0.72583E+00
   0.73919E+00   0.78509E-01   0.97456E+00   0.24118E+00  -0.18691E-01   0.24204E+00   0.69533E+00  -0.71650E+00   0.71650E+00
   0.75694E+00   0.77085E-01   0.97471E+00   0.24134E+00  -0.19803E-01   0.24229E+00   0.69542E+00  -0.71327E+00   0.71327E+00
   0.77424E+00   0.75633E-01   0.97412E+00   0.24131E+00  -0.22225E-01   0.24248E+00   0.69499E+00  -0.72962E+00   0.72962E+00
   0.79100E+00   0.73948E-01   0.97312E+00   0.24196E+00  -0.19240E-01   0.24287E+00   0.69425E+00  -0.75757E+00   0.75757E+00
   0.80744E+00   0.72993E-01   0.97292E+00   0.24960E+00  -0.17406E-01   0.25045E+00   0.69359E+00  -0.78230E+00   0.78230E+00
   0.82328E+00   0.71697E-01   0.97385E+00   0.26246E+00  -0.48552E-01   0.26740E+00   0.69306E+00  -0.80259E+00   0.80259E+00
   0.83789E+00   0.67360E-01   0.97484E+00   0.25779E+00  -0.91217E-01   0.27405E+00   0.69327E+00  -0.79460E+00   0.79460E+00
   0.85164E+00   0.61662E-01   0.97737E+00   0.23201E+00  -0.92378E-01   0.24996E+00   0.69680E+00  -0.66099E+00   0.66099E+00
   0.86499E+00   0.56570E-01   0.98143E+00   0.20943E+00  -0.81162E-01   0.22455E+00   0.70136E+00  -0.48858E+00   0.48858E+00
   0.87780E+00   0.51524E-01   0.98448E+00   0.19507E+00  -0.77188E-01   0.20960E+00   0.70445E+00  -0.37171E+00   0.37171E+00
   0.89011E+00   0.46630E-01   0.98733E+00   0.18344E+00  -0.73194E-01   0.19723E+00   0.70720E+00  -0.26797E+00   0.26797E+00
   0.90192E+00   0.41900E-01   0.98956E+00   0.17363E+00  -0.69912E-01   0.18685E+00   0.70935E+00  -0.18659E+00   0.18659E+00
   0.91323E+00   0.37321E-01   0.99157E+00   0.16524E+00  -0.67200E-01   0.17801E+00   0.71125E+00  -0.11472E+00   0.11472E+00
   0.92405E+00   0.32900E-01   0.99328E+00   0.15776E+00  -0.64738E-01   0.17012E+00   0.71287E+00  -0.53646E-01   0.53646E-01
   0.93439E+00   0.28638E-01   0.99469E+00   0.15050E+00  -0.62314E-01   0.16246E+00   0.71424E+00  -0.17329E-02   0.17329E-02
   0.94426E+00   0.24532E-01   0.99615E+00   0.14396E+00  -0.60151E-01   0.15557E+00   0.71560E+00   0.49791E-01  -0.49791E-01
   0.95367E+00   0.20582E-01   0.99751E+00   0.13769E+00  -0.58044E-01   0.14897E+00   0.71686E+00   0.97402E-01  -0.97402E-01
   0.96263E+00   0.16788E-01   0.99878E+00   0.13129E+00  -0.55859E-01   0.14222E+00   0.71806E+00   0.14254E+00  -0.14254E+00
   0.97115E+00   0.13145E-01   0.99967E+00   0.12480E+00  -0.53606E-01   0.13536E+00   0.71897E+00   0.17716E+00  -0.17716E+00
   0.97925E+00   0.96492E-02   0.10023E+01   0.11933E+00  -0.51723E-01   0.12959E+00   0.72109E+00   0.25735E+00  -0.25735E+00
   0.98695E+00   0.62967E-02   0.10017E+01   0.11206E+00  -0.48795E-01   0.12176E+00   0.72097E+00   0.25263E+00  -0.25263E+00
   0.99433E+00   0.30826E-02   0.10025E+01   0.10396E+00  -0.50162E-01   0.11498E+00   0.72176E+00   0.28272E+00  -0.28272E+00
   0.10000E+01   0.00000E+00   0.10033E+01   0.10125E+00  -0.26075E-01   0.10412E+00   0.72264E+00   0.31596E+00  -0.31596E+00
   0.10063E+01   0.00000E+00   0.10034E+01   0.10545E+00   0.00000E+00   0.10501E+00   0.72271E+00   0.31856E+00  -0.31856E+00
   0.10136E+01   0.00000E+00   0.10029E+01   0.11171E+00   0.00000E+00   0.11126E+00   0.72215E+00   0.29742E+00  -0.29742E+00
   0.10221E+01   0.00000E+00   0.10023E+01   0.11702E+00   0.00000E+00   0.11656E+00   0.72154E+00   0.27436E+00  -0.27436E+00
   0.10318E+01   0.00000E+00   0.10017E+01   0.12150E+00   0.00000E+00   0.12104E+00   0.72095E+00   0.25209E+00  -0.25209E+00
   0.10430E+01   0.00000E+00   0.10003E+01   0.12594E+00   0.00000E+00   0.12548E+00   0.71982E+00   0.20906E+00  -0.20906E+00
   0.10560E+01   0.00000E+00   0.99992E+00   0.13012E+00   0.00000E+00   0.12966E+00   0.71936E+00   0.19199E+00  -0.19199E+00
   0.10710E+01   0.00000E+00   0.99938E+00   0.13381E+00   0.00000E+00   0.13334E+00   0.71884E+00   0.17218E+00  -0.17218E+00
   0.10883E+01   0.00000E+00   0.99883E+00   0.13743E+00   0.00000E+00   0.13697E+00   0.71830E+00   0.15180E+00  -0.15180E+00
   0.11082E+01   0.00000E+00   0.99858E+00   0.14082E+00   0.00000E+00   0.14035E+00   0.71799E+00   0.13990E+00  -0.13990E+00
   0.11312E+01   0.00000E+00   0.99769E+00   0.14410E+00   0.00000E+00   0.14364E+00   0.71722E+00   0.11087E+00  -0.11087E+00
   0.11578E+01   0.00000E+00   0.99790E+00   0.14724E+00   0.00000E+00   0.14679E+00   0.71724E+00   0.11156E+00  -0.11156E+00
   0.11885E+01   0.00000E+00   0.99708E+00   0.14976E+00   0.00000E+00   0.14930E+00   0.71654E+00   0.85128E-01  -0.85128E-01
   0.12239E+01   0.00000E+00   0.99654E+00   0.15061E+00   0.00000E+00   0.15016E+00   0.71611E+00   0.69099E-01  -0.69099E-01
   0.12647E+01   0.00000E+00   0.99630E+00   0.15276E+00   0.00000E+00   0.15231E+00   0.71585E+00   0.59215E-01  -0.59215E-01
   0.13119E+01   0.00000E+00   0.99604E+00   0.16041E+00   0.00000E+00   0.15997E+00   0.71532E+00   0.39283E-01  -0.39283E-01
   0.13663E+01   0.00000E+00   0.99537E+00   0.20165E+00  -0.13716E-02   0.20069E+00   0.71781E+00   0.13339E+00  -0.13339E+00
