     10   0.11064E-02
     20   0.94235E-03
     30   0.83256E-03
     40   0.75384E-03
     50   0.69415E-03
     60   0.64635E-03
     70   0.60633E-03
     80   0.57180E-03
     90   0.54122E-03
    100   0.51363E-03
    110   0.48911E-03
    120   0.46639E-03
    130   0.44527E-03
    140   0.42547E-03
    150   0.40670E-03
    160   0.38898E-03
    170   0.37220E-03
    180   0.35645E-03
    190   0.34151E-03
    200   0.32740E-03
    210   0.31396E-03
    220   0.30128E-03
    230   0.28931E-03
    240   0.27807E-03
    250   0.26745E-03
    260   0.25746E-03
    270   0.24808E-03
    280   0.23930E-03
    290   0.23106E-03
    300   0.22332E-03
    310   0.21606E-03
    320   0.20925E-03
    330   0.20286E-03
    340   0.19693E-03
    350   0.19135E-03
    360   0.18622E-03
    370   0.18150E-03
    380   0.17718E-03
    390   0.17330E-03
    400   0.16983E-03
    410   0.16672E-03
    420   0.16400E-03
    430   0.16162E-03
    440   0.15953E-03
    450   0.15766E-03
    460   0.15598E-03
    470   0.15438E-03
    480   0.15282E-03
    490   0.15128E-03
    500   0.14967E-03
    510   0.14796E-03
    520   0.14615E-03
    530   0.14424E-03
    540   0.14227E-03
    550   0.14021E-03
    560   0.13812E-03
    570   0.13605E-03
    580   0.13402E-03
    590   0.13208E-03
    600   0.13027E-03
    610   0.12863E-03
    620   0.12719E-03
    630   0.12598E-03
    640   0.12501E-03
    650   0.12429E-03
    660   0.12383E-03
    670   0.12360E-03
    680   0.12361E-03
    690   0.12383E-03
    700   0.12422E-03
    710   0.12476E-03
    720   0.12541E-03
    730   0.12615E-03
    740   0.12693E-03
    750   0.12773E-03
    760   0.12850E-03
    770   0.12921E-03
    780   0.12986E-03
    790   0.13040E-03
    800   0.13082E-03
    810   0.13111E-03
    820   0.13125E-03
    830   0.13123E-03
    840   0.13107E-03
    850   0.13075E-03
    860   0.13028E-03
    870   0.12968E-03
    880   0.12894E-03
    890   0.12807E-03
    900   0.12709E-03
    910   0.12601E-03
    920   0.12484E-03
    930   0.12359E-03
    940   0.12228E-03
    950   0.12089E-03
    960   0.11947E-03
    970   0.11803E-03
    980   0.11657E-03
    990   0.11510E-03
   1000   0.11366E-03
   1010   0.11224E-03
   1020   0.11089E-03
   1030   0.10961E-03
   1040   0.10843E-03
   1050   0.10735E-03
   1060   0.10640E-03
   1070   0.10560E-03
   1080   0.10495E-03
   1090   0.10446E-03
   1100   0.10415E-03
   1110   0.10399E-03
   1120   0.10399E-03
   1130   0.10416E-03
   1140   0.10447E-03
   1150   0.10491E-03
   1160   0.10546E-03
   1170   0.10610E-03
   1180   0.10684E-03
   1190   0.10762E-03
   1200   0.10843E-03
   1210   0.10928E-03
   1220   0.11011E-03
   1230   0.11094E-03
   1240   0.11173E-03
   1250   0.11249E-03
   1260   0.11319E-03
   1270   0.11381E-03
   1280   0.11437E-03
   1290   0.11487E-03
   1300   0.11529E-03
   1310   0.11565E-03
   1320   0.11593E-03
   1330   0.11615E-03
   1340   0.11632E-03
   1350   0.11645E-03
   1360   0.11654E-03
   1370   0.11661E-03
   1380   0.11664E-03
   1390   0.11671E-03
   1400   0.11676E-03
   1410   0.11680E-03
   1420   0.11691E-03
   1430   0.11703E-03
   1440   0.11718E-03
   1450   0.11738E-03
   1460   0.11761E-03
   1470   0.11788E-03
   1480   0.11819E-03
   1490   0.11853E-03
   1500   0.11889E-03
   1510   0.11927E-03
   1520   0.11966E-03
   1530   0.12005E-03
   1540   0.12043E-03
   1550   0.12077E-03
   1560   0.12110E-03
   1570   0.12137E-03
   1580   0.12162E-03
   1590   0.12178E-03
   1600   0.12189E-03
   1610   0.12193E-03
   1620   0.12190E-03
   1630   0.12179E-03
   1640   0.12160E-03
   1650   0.12133E-03
   1660   0.12099E-03
   1670   0.12057E-03
   1680   0.12008E-03
   1690   0.11954E-03
   1700   0.11892E-03
   1710   0.11827E-03
   1720   0.11756E-03
   1730   0.11682E-03
   1740   0.11606E-03
   1750   0.11530E-03
   1760   0.11453E-03
   1770   0.11379E-03
   1780   0.11306E-03
   1790   0.11238E-03
   1800   0.11176E-03
   1810   0.11119E-03
   1820   0.11068E-03
   1830   0.11029E-03
   1840   0.10997E-03
   1850   0.10977E-03
   1860   0.10969E-03
   1870   0.10971E-03
   1880   0.10985E-03
   1890   0.11012E-03
   1900   0.11052E-03
   1910   0.11104E-03
   1920   0.11167E-03
   1930   0.11243E-03
   1940   0.11329E-03
   1950   0.11426E-03
   1960   0.11533E-03
   1970   0.11647E-03
   1980   0.11768E-03
   1990   0.11897E-03
   2000   0.12030E-03
   2010   0.12168E-03
   2020   0.12310E-03
   2030   0.12455E-03
   2040   0.12600E-03
   2050   0.12747E-03
   2060   0.12896E-03
   2070   0.13041E-03
   2080   0.13185E-03
   2090   0.13327E-03
   2100   0.13467E-03
   2110   0.13605E-03
   2120   0.13739E-03
   2130   0.13868E-03
   2140   0.13994E-03
   2150   0.14113E-03
   2160   0.14229E-03
   2170   0.14339E-03
   2180   0.14444E-03
   2190   0.14544E-03
   2200   0.14637E-03
   2210   0.14725E-03
   2220   0.14808E-03
   2230   0.14882E-03
   2240   0.14952E-03
   2250   0.15016E-03
   2260   0.15075E-03
   2270   0.15127E-03
   2280   0.15171E-03
   2290   0.15210E-03
   2300   0.15242E-03
   2310   0.15270E-03
   2320   0.15290E-03
   2330   0.15304E-03
   2340   0.15313E-03
   2350   0.15315E-03
   2360   0.15313E-03
   2370   0.15305E-03
   2380   0.15289E-03
   2390   0.15271E-03
   2400   0.15246E-03
   2410   0.15217E-03
   2420   0.15182E-03
   2430   0.15142E-03
   2440   0.15097E-03
   2450   0.15049E-03
   2460   0.14993E-03
   2470   0.14938E-03
   2480   0.14874E-03
   2490   0.14807E-03
   2500   0.14739E-03
   2510   0.14666E-03
   2520   0.14589E-03
   2530   0.14508E-03
   2540   0.14426E-03
   2550   0.14341E-03
   2560   0.14252E-03
   2570   0.14160E-03
   2580   0.14065E-03
   2590   0.13970E-03
   2600   0.13870E-03
   2610   0.13768E-03
   2620   0.13665E-03
   2630   0.13561E-03
   2640   0.13452E-03
   2650   0.13340E-03
   2660   0.13230E-03
   2670   0.13117E-03
   2680   0.13000E-03
   2690   0.12884E-03
   2700   0.12761E-03
   2710   0.12641E-03
   2720   0.12518E-03
   2730   0.12395E-03
   2740   0.12270E-03
   2750   0.12142E-03
   2760   0.12016E-03
   2770   0.11886E-03
   2780   0.11757E-03
   2790   0.11625E-03
   2800   0.11494E-03
   2810   0.11363E-03
   2820   0.11230E-03
   2830   0.11099E-03
   2840   0.10969E-03
   2850   0.10836E-03
   2860   0.10708E-03
   2870   0.10578E-03
   2880   0.10447E-03
   2890   0.10321E-03
   2900   0.10195E-03
   2910   0.10071E-03
   2920   0.99446E-04
   2930   0.98270E-04
   2940   0.97083E-04
   2950   0.95913E-04
   2960   0.94756E-04
   2970   0.93639E-04
   2980   0.92548E-04
   2990   0.91477E-04
   3000   0.90428E-04
   3010   0.89418E-04
   3020   0.88435E-04
   3030   0.87462E-04
   3040   0.86514E-04
   3050   0.85601E-04
   3060   0.84735E-04
   3070   0.83854E-04
   3080   0.83029E-04
   3090   0.82221E-04
   3100   0.81439E-04
   3110   0.80681E-04
   3120   0.79934E-04
   3130   0.79212E-04
   3140   0.78520E-04
   3150   0.77845E-04
   3160   0.77211E-04
   3170   0.76563E-04
   3180   0.75951E-04
   3190   0.75346E-04
   3200   0.74753E-04
   3210   0.74175E-04
   3220   0.73625E-04
   3230   0.73082E-04
   3240   0.72565E-04
   3250   0.72045E-04
   3260   0.71539E-04
   3270   0.71049E-04
   3280   0.70553E-04
   3290   0.70092E-04
   3300   0.69659E-04
   3310   0.69197E-04
   3320   0.68766E-04
   3330   0.68346E-04
   3340   0.67908E-04
   3350   0.67518E-04
   3360   0.67122E-04
   3370   0.66747E-04
   3380   0.66369E-04
   3390   0.65996E-04
   3400   0.65657E-04
   3410   0.65304E-04
   3420   0.64992E-04
   3430   0.64663E-04
   3440   0.64348E-04
   3450   0.64066E-04
   3460   0.63775E-04
   3470   0.63490E-04
   3480   0.63218E-04
   3490   0.62964E-04
   3500   0.62735E-04
   3510   0.62511E-04
   3520   0.62284E-04
   3530   0.62072E-04
   3540   0.61884E-04
   3550   0.61697E-04
   3560   0.61512E-04
   3570   0.61339E-04
   3580   0.61204E-04
   3590   0.61043E-04
   3600   0.60899E-04
   3610   0.60784E-04
   3620   0.60655E-04
   3630   0.60557E-04
   3640   0.60461E-04
   3650   0.60378E-04
   3660   0.60281E-04
   3670   0.60212E-04
   3680   0.60145E-04
   3690   0.60095E-04
   3700   0.60050E-04
   3710   0.60000E-04
   3720   0.59966E-04
   3730   0.59932E-04
   3740   0.59910E-04
   3750   0.59878E-04
   3760   0.59882E-04
   3770   0.59862E-04
   3780   0.59846E-04
   3790   0.59861E-04
   3800   0.59860E-04
   3810   0.59860E-04
   3820   0.59886E-04
   3830   0.59898E-04
   3840   0.59918E-04
   3850   0.59927E-04
   3860   0.59947E-04
   3870   0.59987E-04
   3880   0.60020E-04
   3890   0.60054E-04
   3900   0.60085E-04
   3910   0.60131E-04
   3920   0.60168E-04
   3930   0.60225E-04
   3940   0.60261E-04
   3950   0.60316E-04
   3960   0.60352E-04
   3970   0.60400E-04
   3980   0.60469E-04
   3990   0.60531E-04
   4000   0.60569E-04
   4010   0.60641E-04
   4020   0.60699E-04
   4030   0.60775E-04
   4040   0.60831E-04
   4050   0.60894E-04
   4060   0.60964E-04
   4070   0.61027E-04
   4080   0.61092E-04
   4090   0.61165E-04
   4100   0.61236E-04
   4110   0.61308E-04
   4120   0.61393E-04
   4130   0.61461E-04
   4140   0.61542E-04
   4150   0.61605E-04
   4160   0.61681E-04
   4170   0.61763E-04
   4180   0.61840E-04
   4190   0.61923E-04
   4200   0.61996E-04
   4210   0.62075E-04
   4220   0.62141E-04
   4230   0.62220E-04
   4240   0.62296E-04
   4250   0.62371E-04
   4260   0.62442E-04
   4270   0.62518E-04
   4280   0.62609E-04
   4290   0.62670E-04
   4300   0.62738E-04
   4310   0.62808E-04
   4320   0.62870E-04
   4330   0.62940E-04
   4340   0.63002E-04
   4350   0.63073E-04
   4360   0.63137E-04
   4370   0.63205E-04
   4380   0.63237E-04
   4390   0.63280E-04
   4400   0.63346E-04
   4410   0.63395E-04
   4420   0.63429E-04
   4430   0.63480E-04
   4440   0.63506E-04
   4450   0.63537E-04
   4460   0.63573E-04
   4470   0.63607E-04
   4480   0.63621E-04
   4490   0.63638E-04
   4500   0.63646E-04
   4510   0.63655E-04
   4520   0.63672E-04
   4530   0.63666E-04
   4540   0.63655E-04
   4550   0.63657E-04
   4560   0.63637E-04
   4570   0.63628E-04
   4580   0.63600E-04
   4590   0.63584E-04
   4600   0.63549E-04
   4610   0.63516E-04
   4620   0.63472E-04
   4630   0.63428E-04
   4640   0.63386E-04
   4650   0.63335E-04
   4660   0.63276E-04
   4670   0.63221E-04
   4680   0.63162E-04
   4690   0.63097E-04
   4700   0.63020E-04
   4710   0.62940E-04
   4720   0.62872E-04
   4730   0.62795E-04
   4740   0.62710E-04
   4750   0.62620E-04
   4760   0.62550E-04
   4770   0.62443E-04
   4780   0.62357E-04
   4790   0.62262E-04
   4800   0.62159E-04
   4810   0.62064E-04
   4820   0.61970E-04
   4830   0.61867E-04
   4840   0.61767E-04
   4850   0.61666E-04
   4860   0.61556E-04
   4870   0.61453E-04
   4880   0.61364E-04
   4890   0.61260E-04
   4900   0.61152E-04
   4910   0.61055E-04
   4920   0.60950E-04
   4930   0.60844E-04
   4940   0.60749E-04
   4950   0.60642E-04
   4960   0.60565E-04
   4970   0.60449E-04
   4980   0.60345E-04
   4990   0.60257E-04
   5000   0.60169E-04
   5010   0.60070E-04
   5020   0.59974E-04
   5030   0.59888E-04
   5040   0.59807E-04
   5050   0.59717E-04
   5060   0.59650E-04
   5070   0.59573E-04
   5080   0.59491E-04
   5090   0.59404E-04
   5100   0.59337E-04
   5110   0.59268E-04
   5120   0.59206E-04
   5130   0.59134E-04
   5140   0.59069E-04
   5150   0.59011E-04
   5160   0.58954E-04
   5170   0.58901E-04
   5180   0.58843E-04
   5190   0.58799E-04
   5200   0.58758E-04
   5210   0.58712E-04
   5220   0.58664E-04
   5230   0.58629E-04
   5240   0.58586E-04
   5250   0.58545E-04
   5260   0.58519E-04
   5270   0.58489E-04
   5280   0.58468E-04
   5290   0.58439E-04
   5300   0.58408E-04
   5310   0.58383E-04
   5320   0.58362E-04
   5330   0.58342E-04
   5340   0.58322E-04
   5350   0.58301E-04
   5360   0.58285E-04
   5370   0.58270E-04
   5380   0.58261E-04
   5390   0.58260E-04
   5400   0.58236E-04
   5410   0.58229E-04
   5420   0.58228E-04
   5430   0.58209E-04
   5440   0.58214E-04
   5450   0.58203E-04
   5460   0.58191E-04
   5470   0.58186E-04
   5480   0.58171E-04
   5490   0.58177E-04
   5500   0.58164E-04
   5510   0.58166E-04
   5520   0.58165E-04
   5530   0.58155E-04
   5540   0.58166E-04
   5550   0.58147E-04
   5560   0.58152E-04
   5570   0.58146E-04
   5580   0.58141E-04
   5590   0.58126E-04
   5600   0.58121E-04
   5610   0.58114E-04
   5620   0.58103E-04
   5630   0.58110E-04
   5640   0.58090E-04
   5650   0.58083E-04
   5660   0.58090E-04
   5670   0.58079E-04
   5680   0.58085E-04
   5690   0.58080E-04
   5700   0.58058E-04
   5710   0.58039E-04
   5720   0.58033E-04
   5730   0.58024E-04
   5740   0.58015E-04
   5750   0.58002E-04
   5760   0.57981E-04
   5770   0.57962E-04
   5780   0.57938E-04
   5790   0.57931E-04
   5800   0.57904E-04
   5810   0.57887E-04
   5820   0.57867E-04
   5830   0.57845E-04
   5840   0.57835E-04
   5850   0.57809E-04
   5860   0.57771E-04
   5870   0.57752E-04
   5880   0.57722E-04
   5890   0.57684E-04
   5900   0.57667E-04
   5910   0.57637E-04
   5920   0.57608E-04
   5930   0.57571E-04
   5940   0.57534E-04
   5950   0.57491E-04
   5960   0.57458E-04
   5970   0.57430E-04
   5980   0.57395E-04
   5990   0.57357E-04
   6000   0.57299E-04
   6010   0.57269E-04
   6020   0.57224E-04
   6030   0.57186E-04
   6040   0.57134E-04
   6050   0.57077E-04
   6060   0.57028E-04
   6070   0.56981E-04
   6080   0.56942E-04
   6090   0.56886E-04
   6100   0.56827E-04
   6110   0.56772E-04
   6120   0.56706E-04
   6130   0.56645E-04
   6140   0.56591E-04
   6150   0.56528E-04
   6160   0.56475E-04
   6170   0.56395E-04
   6180   0.56333E-04
   6190   0.56251E-04
   6200   0.56191E-04
   6210   0.56103E-04
   6220   0.56046E-04
   6230   0.55967E-04
   6240   0.55883E-04
   6250   0.55802E-04
   6260   0.55718E-04
   6270   0.55628E-04
   6280   0.55537E-04
   6290   0.55448E-04
   6300   0.55360E-04
   6310   0.55266E-04
   6320   0.55166E-04
   6330   0.55064E-04
   6340   0.54964E-04
   6350   0.54854E-04
   6360   0.54744E-04
   6370   0.54632E-04
   6380   0.54521E-04
   6390   0.54410E-04
   6400   0.54292E-04
   6410   0.54171E-04
   6420   0.54034E-04
   6430   0.53908E-04
   6440   0.53772E-04
   6450   0.53641E-04
   6460   0.53502E-04
   6470   0.53374E-04
   6480   0.53239E-04
   6490   0.53107E-04
   6500   0.52950E-04
   6510   0.52795E-04
   6520   0.52659E-04
   6530   0.52524E-04
   6540   0.52359E-04
   6550   0.52203E-04
   6560   0.52041E-04
   6570   0.51883E-04
   6580   0.51729E-04
   6590   0.51564E-04
   6600   0.51391E-04
   6610   0.51239E-04
   6620   0.51068E-04
   6630   0.50905E-04
   6640   0.50749E-04
   6650   0.50567E-04
   6660   0.50405E-04
   6670   0.50250E-04
   6680   0.50075E-04
   6690   0.49903E-04
   6700   0.49729E-04
   6710   0.49557E-04
   6720   0.49379E-04
   6730   0.49216E-04
   6740   0.49053E-04
   6750   0.48883E-04
   6760   0.48717E-04
   6770   0.48565E-04
   6780   0.48393E-04
   6790   0.48242E-04
   6800   0.48066E-04
   6810   0.47892E-04
   6820   0.47727E-04
   6830   0.47588E-04
   6840   0.47418E-04
   6850   0.47269E-04
   6860   0.47107E-04
   6870   0.46953E-04
   6880   0.46785E-04
   6890   0.46649E-04
   6900   0.46496E-04
   6910   0.46340E-04
   6920   0.46208E-04
   6930   0.46060E-04
   6940   0.45922E-04
   6950   0.45771E-04
   6960   0.45630E-04
   6970   0.45491E-04
   6980   0.45356E-04
   6990   0.45218E-04
   7000   0.45094E-04
   7010   0.44963E-04
   7020   0.44828E-04
   7030   0.44689E-04
   7040   0.44565E-04
   7050   0.44435E-04
   7060   0.44311E-04
   7070   0.44179E-04
   7080   0.44062E-04
   7090   0.43936E-04
   7100   0.43804E-04
   7110   0.43674E-04
   7120   0.43557E-04
   7130   0.43444E-04
   7140   0.43321E-04
   7150   0.43204E-04
   7160   0.43088E-04
   7170   0.42967E-04
   7180   0.42855E-04
   7190   0.42738E-04
   7200   0.42628E-04
   7210   0.42522E-04
   7220   0.42386E-04
   7230   0.42280E-04
   7240   0.42168E-04
   7250   0.42041E-04
   7260   0.41941E-04
   7270   0.41819E-04
   7280   0.41709E-04
   7290   0.41597E-04
   7300   0.41493E-04
   7310   0.41389E-04
   7320   0.41260E-04
   7330   0.41165E-04
   7340   0.41053E-04
   7350   0.40935E-04
   7360   0.40836E-04
   7370   0.40724E-04
   7380   0.40604E-04
   7390   0.40502E-04
   7400   0.40410E-04
   7410   0.40277E-04
   7420   0.40184E-04
   7430   0.40078E-04
   7440   0.39980E-04
   7450   0.39855E-04
   7460   0.39744E-04
   7470   0.39644E-04
   7480   0.39531E-04
   7490   0.39424E-04
   7500   0.39329E-04
   7510   0.39208E-04
   7520   0.39092E-04
   7530   0.38996E-04
   7540   0.38880E-04
   7550   0.38785E-04
   7560   0.38673E-04
   7570   0.38542E-04
   7580   0.38451E-04
   7590   0.38329E-04
   7600   0.38218E-04
   7610   0.38109E-04
   7620   0.37993E-04
   7630   0.37895E-04
   7640   0.37774E-04
   7650   0.37661E-04
   7660   0.37549E-04
   7670   0.37449E-04
   7680   0.37329E-04
   7690   0.37201E-04
   7700   0.37105E-04
   7710   0.36982E-04
   7720   0.36871E-04
   7730   0.36760E-04
   7740   0.36653E-04
   7750   0.36528E-04
   7760   0.36420E-04
   7770   0.36284E-04
   7780   0.36176E-04
   7790   0.36058E-04
   7800   0.35954E-04
   7810   0.35830E-04
   7820   0.35690E-04
   7830   0.35584E-04
   7840   0.35462E-04
   7850   0.35330E-04
   7860   0.35205E-04
   7870   0.35095E-04
   7880   0.34980E-04
   7890   0.34880E-04
   7900   0.34739E-04
   7910   0.34629E-04
   7920   0.34488E-04
   7930   0.34377E-04
   7940   0.34255E-04
   7950   0.34126E-04
   7960   0.33998E-04
   7970   0.33875E-04
   7980   0.33773E-04
   7990   0.33631E-04
   8000   0.33524E-04
   8010   0.33394E-04
   8020   0.33271E-04
   8030   0.33155E-04
   8040   0.33021E-04
   8050   0.32917E-04
   8060   0.32792E-04
   8070   0.32665E-04
   8080   0.32551E-04
   8090   0.32415E-04
   8100   0.32279E-04
   8110   0.32173E-04
   8120   0.32051E-04
   8130   0.31920E-04
   8140   0.31808E-04
   8150   0.31688E-04
   8160   0.31561E-04
   8170   0.31426E-04
   8180   0.31322E-04
   8190   0.31208E-04
   8200   0.31078E-04
   8210   0.30956E-04
   8220   0.30835E-04
   8230   0.30712E-04
   8240   0.30609E-04
   8250   0.30483E-04
   8260   0.30358E-04
   8270   0.30237E-04
   8280   0.30125E-04
   8290   0.30002E-04
   8300   0.29869E-04
   8310   0.29766E-04
   8320   0.29639E-04
   8330   0.29539E-04
   8340   0.29407E-04
   8350   0.29304E-04
   8360   0.29171E-04
   8370   0.29069E-04
   8380   0.28959E-04
   8390   0.28828E-04
   8400   0.28713E-04
   8410   0.28583E-04
   8420   0.28487E-04
   8430   0.28396E-04
   8440   0.28258E-04
   8450   0.28135E-04
   8460   0.28040E-04
   8470   0.27926E-04
   8480   0.27800E-04
   8490   0.27710E-04
   8500   0.27581E-04
   8510   0.27473E-04
   8520   0.27357E-04
   8530   0.27241E-04
   8540   0.27149E-04
   8550   0.27032E-04
   8560   0.26904E-04
   8570   0.26791E-04
   8580   0.26703E-04
   8590   0.26585E-04
   8600   0.26471E-04
   8610   0.26379E-04
   8620   0.26263E-04
   8630   0.26161E-04
   8640   0.26046E-04
   8650   0.25929E-04
   8660   0.25813E-04
   8670   0.25726E-04
   8680   0.25581E-04
   8690   0.25499E-04
   8700   0.25365E-04
   8710   0.25275E-04
   8720   0.25160E-04
   8730   0.25058E-04
   8740   0.24962E-04
   8750   0.24829E-04
   8760   0.24732E-04
   8770   0.24622E-04
   8780   0.24499E-04
   8790   0.24420E-04
   8800   0.24288E-04
   8810   0.24196E-04
   8820   0.24085E-04
   8830   0.23977E-04
   8840   0.23886E-04
   8850   0.23790E-04
   8860   0.23666E-04
   8870   0.23569E-04
   8880   0.23444E-04
   8890   0.23367E-04
   8900   0.23261E-04
   8910   0.23136E-04
   8920   0.23040E-04
   8930   0.22936E-04
   8940   0.22829E-04
   8950   0.22727E-04
   8960   0.22625E-04
   8970   0.22526E-04
   8980   0.22403E-04
   8990   0.22304E-04
   9000   0.22201E-04
   9010   0.22099E-04
   9020   0.21993E-04
   9030   0.21884E-04
   9040   0.21795E-04
   9050   0.21684E-04
   9060   0.21570E-04
   9070   0.21458E-04
   9080   0.21347E-04
   9090   0.21267E-04
   9100   0.21151E-04
   9110   0.21067E-04
   9120   0.20944E-04
   9130   0.20845E-04
   9140   0.20751E-04
   9150   0.20637E-04
   9160   0.20538E-04
   9170   0.20426E-04
   9180   0.20341E-04
   9190   0.20228E-04
   9200   0.20124E-04
   9210   0.20027E-04
   9220   0.19912E-04
   9230   0.19818E-04
   9240   0.19706E-04
   9250   0.19612E-04
   9260   0.19509E-04
   9270   0.19422E-04
   9280   0.19305E-04
   9290   0.19199E-04
   9300   0.19085E-04
   9310   0.19013E-04
   9320   0.18896E-04
   9330   0.18807E-04
   9340   0.18678E-04
   9350   0.18594E-04
   9360   0.18482E-04
   9370   0.18399E-04
   9380   0.18307E-04
   9390   0.18203E-04
   9400   0.18099E-04
   9410   0.18004E-04
   9420   0.17886E-04
   9430   0.17799E-04
   9440   0.17704E-04
   9450   0.17596E-04
   9460   0.17508E-04
   9470   0.17407E-04
   9480   0.17303E-04
   9490   0.17225E-04
   9500   0.17122E-04
   9510   0.17027E-04
   9520   0.16921E-04
   9530   0.16838E-04
   9540   0.16770E-04
   9550   0.16661E-04
   9560   0.16577E-04
   9570   0.16469E-04
   9580   0.16382E-04
   9590   0.16286E-04
   9600   0.16212E-04
   9610   0.16094E-04
   9620   0.16031E-04
   9630   0.15924E-04
   9640   0.15849E-04
   9650   0.15751E-04
   9660   0.15671E-04
   9670   0.15572E-04
   9680   0.15484E-04
   9690   0.15408E-04
   9700   0.15315E-04
   9710   0.15227E-04
   9720   0.15147E-04
   9730   0.15063E-04
   9740   0.14973E-04
   9750   0.14888E-04
   9760   0.14804E-04
   9770   0.14715E-04
   9780   0.14631E-04
   9790   0.14567E-04
   9800   0.14465E-04
   9810   0.14386E-04
   9820   0.14302E-04
   9830   0.14221E-04
   9840   0.14140E-04
   9850   0.14063E-04
   9860   0.13982E-04
   9870   0.13893E-04
   9880   0.13818E-04
   9890   0.13743E-04
   9900   0.13664E-04
   9910   0.13589E-04
   9920   0.13502E-04
   9930   0.13430E-04
   9940   0.13365E-04
   9950   0.13278E-04
   9960   0.13193E-04
   9970   0.13109E-04
   9980   0.13034E-04
   9990   0.12969E-04
  10000   0.12881E-04
  10010   0.12815E-04
  10020   0.12736E-04
  10030   0.12664E-04
  10040   0.12580E-04
  10050   0.12503E-04
  10060   0.12431E-04
  10070   0.12365E-04
  10080   0.12291E-04
  10090   0.12212E-04
  10100   0.12138E-04
  10110   0.12045E-04
  10120   0.11990E-04
  10130   0.11914E-04
  10140   0.11851E-04
  10150   0.11770E-04
  10160   0.11700E-04
  10170   0.11630E-04
  10180   0.11560E-04
  10190   0.11481E-04
  10200   0.11417E-04
  10210   0.11331E-04
  10220   0.11274E-04
  10230   0.11201E-04
  10240   0.11128E-04
  10250   0.11055E-04
  10260   0.10985E-04
  10270   0.10918E-04
  10280   0.10855E-04
  10290   0.10791E-04
  10300   0.10714E-04
  10310   0.10640E-04
  10320   0.10563E-04
  10330   0.10501E-04
  10340   0.10432E-04
  10350   0.10357E-04
  10360   0.10291E-04
  10370   0.10234E-04
  10380   0.10167E-04
  10390   0.10085E-04
  10400   0.10021E-04
  10410   0.99543E-05
  10420   0.98921E-05
  10430   0.98203E-05
  10440   0.97595E-05
  10450   0.96911E-05
  10460   0.96270E-05
  10470   0.95492E-05
  10480   0.94681E-05
  10490   0.94095E-05
  10500   0.93349E-05
  10510   0.92595E-05
  10520   0.92055E-05
  10530   0.91273E-05
  10540   0.90587E-05
  10550   0.90032E-05
  10560   0.89258E-05
  10570   0.88638E-05
  10580   0.88121E-05
  10590   0.87463E-05
  10600   0.86690E-05
  10610   0.85979E-05
  10620   0.85470E-05
  10630   0.84834E-05
  10640   0.83935E-05
  10650   0.83282E-05
  10660   0.82857E-05
  10670   0.82098E-05
  10680   0.81341E-05
  10690   0.80839E-05
  10700   0.80061E-05
  10710   0.79433E-05
  10720   0.78907E-05
  10730   0.78357E-05
  10740   0.77573E-05
  10750   0.76926E-05
  10760   0.76287E-05
  10770   0.75660E-05
  10780   0.75012E-05
  10790   0.74482E-05
  10800   0.73833E-05
  10810   0.73265E-05
  10820   0.72684E-05
  10830   0.71980E-05
  10840   0.71306E-05
  10850   0.70895E-05
  10860   0.70169E-05
  10870   0.69634E-05
  10880   0.69034E-05
  10890   0.68464E-05
  10900   0.67897E-05
  10910   0.67162E-05
  10920   0.66700E-05
  10930   0.66168E-05
  10940   0.65488E-05
  10950   0.64792E-05
  10960   0.64348E-05
  10970   0.63830E-05
  10980   0.63238E-05
  10990   0.62829E-05
  11000   0.62222E-05
  11010   0.61685E-05
  11020   0.61085E-05
  11030   0.60639E-05
  11040   0.60056E-05
  11050   0.59687E-05
  11060   0.59162E-05
  11070   0.58642E-05
  11080   0.58147E-05
  11090   0.57562E-05
  11100   0.57016E-05
  11110   0.56487E-05
  11120   0.56135E-05
  11130   0.55654E-05
  11140   0.55246E-05
  11150   0.54610E-05
  11160   0.54201E-05
  11170   0.53680E-05
  11180   0.53257E-05
  11190   0.52842E-05
  11200   0.52336E-05
  11210   0.51799E-05
  11220   0.51422E-05
  11230   0.51002E-05
  11240   0.50651E-05
  11250   0.50196E-05
  11260   0.49819E-05
  11270   0.49178E-05
  11280   0.48851E-05
  11290   0.48346E-05
  11300   0.47974E-05
  11310   0.47439E-05
  11320   0.47149E-05
  11330   0.46593E-05
  11340   0.46260E-05
  11350   0.45879E-05
  11360   0.45604E-05
  11370   0.45156E-05
  11380   0.44536E-05
  11390   0.44127E-05
  11400   0.43873E-05
  11410   0.43371E-05
  11420   0.43095E-05
  11430   0.42749E-05
  11440   0.42390E-05
  11450   0.41880E-05
  11460   0.41629E-05
  11470   0.41178E-05
  11480   0.40884E-05
  11490   0.40536E-05
  11500   0.40071E-05
  11510   0.39707E-05
  11520   0.39392E-05
  11530   0.39182E-05
  11540   0.38687E-05
  11550   0.38545E-05
  11560   0.38132E-05
  11570   0.37775E-05
  11580   0.37328E-05
  11590   0.36975E-05
  11600   0.36766E-05
  11610   0.36447E-05
  11620   0.36097E-05
  11630   0.35795E-05
  11640   0.35408E-05
  11650   0.35190E-05
  11660   0.34954E-05
  11670   0.34717E-05
  11680   0.34216E-05
  11690   0.34017E-05
  11700   0.33727E-05
  11710   0.33345E-05
  11720   0.33050E-05
  11730   0.32898E-05
  11740   0.32560E-05
  11750   0.32276E-05
  11760   0.32158E-05
  11770   0.31846E-05
  11780   0.31498E-05
  11790   0.31312E-05
  11800   0.31055E-05
  11810   0.30708E-05
  11820   0.30652E-05
  11830   0.30334E-05
  11840   0.30062E-05
  11850   0.29843E-05
  11860   0.29606E-05
  11870   0.29424E-05
  11880   0.29365E-05
  11890   0.29100E-05
  11900   0.28810E-05
  11910   0.28715E-05
  11920   0.28539E-05
  11930   0.28253E-05
  11940   0.28161E-05
  11950   0.28038E-05
  11960   0.27761E-05
  11970   0.27658E-05
  11980   0.27458E-05
  11990   0.27275E-05
  12000   0.27111E-05
  12010   0.26811E-05
  12020   0.26825E-05
  12030   0.26740E-05
  12040   0.26502E-05
  12050   0.26347E-05
  12060   0.26124E-05
  12070   0.26005E-05
  12080   0.25841E-05
  12090   0.25806E-05
  12100   0.25639E-05
  12110   0.25545E-05
  12120   0.25472E-05
  12130   0.25276E-05
  12140   0.25074E-05
  12150   0.24934E-05
  12160   0.24808E-05
  12170   0.24769E-05
  12180   0.24586E-05
  12190   0.24427E-05
  12200   0.24205E-05
  12210   0.24180E-05
  12220   0.24105E-05
  12230   0.24080E-05
  12240   0.23923E-05
  12250   0.23861E-05
  12260   0.23769E-05
  12270   0.23566E-05
  12280   0.23581E-05
  12290   0.23341E-05
  12300   0.23353E-05
  12310   0.23231E-05
  12320   0.23159E-05
  12330   0.23000E-05
  12340   0.22901E-05
  12350   0.22726E-05
  12360   0.22784E-05
  12370   0.22737E-05
  12380   0.22556E-05
  12390   0.22473E-05
  12400   0.22234E-05
  12410   0.22235E-05
  12420   0.22150E-05
  12430   0.21968E-05
  12440   0.21908E-05
  12450   0.22010E-05
  12460   0.21882E-05
  12470   0.21742E-05
  12480   0.21706E-05
  12490   0.21521E-05
  12500   0.21443E-05
  12510   0.21269E-05
  12520   0.21304E-05
  12530   0.21200E-05
  12540   0.21109E-05
  12550   0.20956E-05
  12560   0.20874E-05
  12570   0.20795E-05
  12580   0.20873E-05
  12590   0.20767E-05
  12600   0.20735E-05
  12610   0.20692E-05
  12620   0.20557E-05
  12630   0.20455E-05
  12640   0.20355E-05
  12650   0.20303E-05
  12660   0.20221E-05
  12670   0.20189E-05
  12680   0.20172E-05
  12690   0.20104E-05
  12700   0.20186E-05
  12710   0.19973E-05
  12720   0.19814E-05
  12730   0.19961E-05
  12740   0.19903E-05
  12750   0.19603E-05
  12760   0.19614E-05
  12770   0.19570E-05
  12780   0.19359E-05
  12790   0.19331E-05
  12800   0.19332E-05
  12810   0.19105E-05
  12820   0.19231E-05
  12830   0.19027E-05
  12840   0.19008E-05
  12850   0.18780E-05
  12860   0.18793E-05
  12870   0.18684E-05
  12880   0.18577E-05
  12890   0.18610E-05
  12900   0.18729E-05
  12910   0.18591E-05
  12920   0.18514E-05
  12930   0.18443E-05
  12940   0.18501E-05
  12950   0.18423E-05
  12960   0.18254E-05
  12970   0.18165E-05
  12980   0.18143E-05
  12990   0.18193E-05
  13000   0.17988E-05
  13010   0.18090E-05
  13020   0.17901E-05
  13030   0.17845E-05
  13040   0.17745E-05
  13050   0.17669E-05
  13060   0.17624E-05
  13070   0.17584E-05
  13080   0.17471E-05
  13090   0.17487E-05
  13100   0.17351E-05
  13110   0.17319E-05
  13120   0.17308E-05
  13130   0.17256E-05
  13140   0.17128E-05
  13150   0.17045E-05
  13160   0.17005E-05
  13170   0.17098E-05
  13180   0.16985E-05
  13190   0.16785E-05
  13200   0.16900E-05
  13210   0.16760E-05
  13220   0.16693E-05
  13230   0.16795E-05
  13240   0.16707E-05
  13250   0.16725E-05
  13260   0.16645E-05
  13270   0.16641E-05
  13280   0.16569E-05
  13290   0.16479E-05
  13300   0.16530E-05
  13310   0.16407E-05
  13320   0.16421E-05
  13330   0.16285E-05
  13340   0.16288E-05
  13350   0.16308E-05
  13360   0.16265E-05
  13370   0.16199E-05
  13380   0.16172E-05
  13390   0.16121E-05
  13400   0.16159E-05
  13410   0.16192E-05
  13420   0.15923E-05
  13430   0.15909E-05
  13440   0.15876E-05
  13450   0.15929E-05
  13460   0.15862E-05
  13470   0.15879E-05
  13480   0.15822E-05
  13490   0.15825E-05
  13500   0.15808E-05
  13510   0.15680E-05
  13520   0.15611E-05
  13530   0.15560E-05
  13540   0.15475E-05
  13550   0.15468E-05
  13560   0.15440E-05
  13570   0.15527E-05
  13580   0.15467E-05
  13590   0.15457E-05
  13600   0.15521E-05
  13610   0.15399E-05
  13620   0.15370E-05
  13630   0.15311E-05
  13640   0.15211E-05
  13650   0.15131E-05
  13660   0.15208E-05
  13670   0.15129E-05
  13680   0.15159E-05
  13690   0.15115E-05
  13700   0.15047E-05
  13710   0.15244E-05
  13720   0.15015E-05
  13730   0.14829E-05
  13740   0.14876E-05
  13750   0.14792E-05
  13760   0.14771E-05
  13770   0.14619E-05
  13780   0.14650E-05
  13790   0.14630E-05
  13800   0.14603E-05
  13810   0.14676E-05
  13820   0.14711E-05
  13830   0.14492E-05
  13840   0.14673E-05
  13850   0.14648E-05
  13860   0.14457E-05
  13870   0.14445E-05
  13880   0.14549E-05
  13890   0.14542E-05
  13900   0.14400E-05
  13910   0.14392E-05
  13920   0.14531E-05
  13930   0.14245E-05
  13940   0.14198E-05
  13950   0.14209E-05
  13960   0.14244E-05
  13970   0.14091E-05
  13980   0.14209E-05
  13990   0.14328E-05
  14000   0.14249E-05
  14010   0.14275E-05
  14020   0.14287E-05
  14030   0.14145E-05
  14040   0.14151E-05
  14050   0.14162E-05
  14060   0.14125E-05
  14070   0.14052E-05
  14080   0.14036E-05
  14090   0.14058E-05
  14100   0.13883E-05
  14110   0.13901E-05
  14120   0.13975E-05
  14130   0.13856E-05
  14140   0.13819E-05
  14150   0.13797E-05
  14160   0.13882E-05
  14170   0.13804E-05
  14180   0.13809E-05
  14190   0.13744E-05
  14200   0.13731E-05
  14210   0.13656E-05
  14220   0.13612E-05
  14230   0.13741E-05
  14240   0.13666E-05
  14250   0.13711E-05
  14260   0.13693E-05
  14270   0.13615E-05
  14280   0.13393E-05
  14290   0.13385E-05
  14300   0.13485E-05
  14310   0.13395E-05
  14320   0.13341E-05
  14330   0.13255E-05
  14340   0.13202E-05
  14350   0.13175E-05
  14360   0.13201E-05
  14370   0.13244E-05
  14380   0.13403E-05
  14390   0.13294E-05
  14400   0.13239E-05
  14410   0.13141E-05
  14420   0.13342E-05
  14430   0.13161E-05
  14440   0.13179E-05
  14450   0.13179E-05
  14460   0.13017E-05
  14470   0.13072E-05
  14480   0.12841E-05
  14490   0.12787E-05
  14500   0.12932E-05
  14510   0.12886E-05
  14520   0.12889E-05
  14530   0.12787E-05
  14540   0.12790E-05
  14550   0.12875E-05
  14560   0.12722E-05
  14570   0.12718E-05
  14580   0.12579E-05
  14590   0.12492E-05
  14600   0.12649E-05
  14610   0.12612E-05
  14620   0.12592E-05
  14630   0.12553E-05
  14640   0.12516E-05
  14650   0.12472E-05
  14660   0.12190E-05
  14670   0.12241E-05
  14680   0.12235E-05
  14690   0.12291E-05
  14700   0.12169E-05
  14710   0.12240E-05
  14720   0.12165E-05
  14730   0.12028E-05
  14740   0.12136E-05
  14750   0.11925E-05
  14760   0.12069E-05
  14770   0.12040E-05
  14780   0.11958E-05
  14790   0.12119E-05
  14800   0.12088E-05
  14810   0.11978E-05
  14820   0.12084E-05
  14830   0.12080E-05
  14840   0.12054E-05
  14850   0.11915E-05
  14860   0.11997E-05
  14870   0.11874E-05
  14880   0.11918E-05
  14890   0.11798E-05
  14900   0.11762E-05
  14910   0.11704E-05
  14920   0.11861E-05
  14930   0.11584E-05
  14940   0.11538E-05
  14950   0.11509E-05
  14960   0.11560E-05
  14970   0.11490E-05
  14980   0.11586E-05
  14990   0.11361E-05
  15000   0.11554E-05
  15010   0.11604E-05
  15020   0.11500E-05
  15030   0.11553E-05
  15040   0.11505E-05
  15050   0.11399E-05
  15060   0.11242E-05
  15070   0.11212E-05
  15080   0.11160E-05
  15090   0.10991E-05
  15100   0.11051E-05
  15110   0.11074E-05
  15120   0.10995E-05
  15130   0.11002E-05
  15140   0.11160E-05
  15150   0.11010E-05
  15160   0.10976E-05
  15170   0.10908E-05
  15180   0.10633E-05
  15190   0.10788E-05
  15200   0.10842E-05
  15210   0.10697E-05
  15220   0.10631E-05
  15230   0.10580E-05
  15240   0.10611E-05
  15250   0.10669E-05
  15260   0.10651E-05
  15270   0.10541E-05
  15280   0.10530E-05
  15290   0.10388E-05
  15300   0.10260E-05
  15310   0.10370E-05
  15320   0.10352E-05
  15330   0.10177E-05
  15340   0.10210E-05
  15350   0.10135E-05
  15360   0.10116E-05
  15370   0.99965E-06
  15380   0.99673E-06
  15390   0.10087E-05
  15400   0.99140E-06
  15410   0.10102E-05
  15420   0.10108E-05
  15430   0.98936E-06
  15440   0.99295E-06
  15450   0.99119E-06
  15460   0.96338E-06
  15470   0.98062E-06
  15480   0.98171E-06
  15490   0.98909E-06
  15500   0.98566E-06
  15510   0.96079E-06
  15520   0.96935E-06
  15530   0.96424E-06
  15540   0.96469E-06
  15550   0.95987E-06
  15560   0.96126E-06
  15570   0.94358E-06
  15580   0.96095E-06
  15590   0.95311E-06
  15600   0.95441E-06
  15610   0.95469E-06
  15620   0.93926E-06
  15630   0.92580E-06
  15640   0.93212E-06
  15650   0.93230E-06
  15660   0.93711E-06
  15670   0.92180E-06
  15680   0.93104E-06
  15690   0.91690E-06
  15700   0.89944E-06
  15710   0.89922E-06
  15720   0.91055E-06
  15730   0.89704E-06
  15740   0.89686E-06
  15750   0.87616E-06
  15760   0.89527E-06
  15770   0.88504E-06
  15780   0.86541E-06
  15790   0.85452E-06
  15800   0.85620E-06
  15810   0.84695E-06
  15820   0.84580E-06
  15830   0.83219E-06
  15840   0.81315E-06
  15850   0.81159E-06
  15860   0.81630E-06
  15870   0.81918E-06
  15880   0.81128E-06
  15890   0.80629E-06
  15900   0.78381E-06
  15910   0.77824E-06
  15920   0.79349E-06
  15930   0.78245E-06
  15940   0.78331E-06
  15950   0.79077E-06
  15960   0.77661E-06
  15970   0.77892E-06
  15980   0.77320E-06
  15990   0.75504E-06
  16000   0.75876E-06
  16010   0.75188E-06
  16020   0.74471E-06
  16030   0.75188E-06
  16040   0.74044E-06
  16050   0.73698E-06
  16060   0.74393E-06
  16070   0.72775E-06
  16080   0.70882E-06
  16090   0.70559E-06
  16100   0.70741E-06
  16110   0.70420E-06
  16120   0.72047E-06
  16130   0.70370E-06
  16140   0.70507E-06
  16150   0.71028E-06
  16160   0.69824E-06
  16170   0.69528E-06
  16180   0.69247E-06
  16190   0.68473E-06
  16200   0.69594E-06
  16210   0.69668E-06
  16220   0.68441E-06
  16230   0.68366E-06
  16240   0.66967E-06
  16250   0.67281E-06
  16260   0.65390E-06
  16270   0.63161E-06
  16280   0.63933E-06
  16290   0.63324E-06
  16300   0.62945E-06
  16310   0.63452E-06
  16320   0.62913E-06
  16330   0.63571E-06
  16340   0.62406E-06
  16350   0.62751E-06
  16360   0.63856E-06
  16370   0.63269E-06
  16380   0.61108E-06
  16390   0.61647E-06
  16400   0.61785E-06
  16410   0.62182E-06
  16420   0.60835E-06
  16430   0.60803E-06
  16440   0.60116E-06
  16450   0.61434E-06
  16460   0.59714E-06
  16470   0.59655E-06
  16480   0.58741E-06
  16490   0.57354E-06
  16500   0.57694E-06
  16510   0.57425E-06
  16520   0.57156E-06
  16530   0.57033E-06
  16540   0.56175E-06
  16550   0.56474E-06
  16560   0.56335E-06
  16570   0.54777E-06
  16580   0.54125E-06
  16590   0.54115E-06
  16600   0.52975E-06
  16610   0.54086E-06
  16620   0.52823E-06
  16630   0.52511E-06
  16640   0.52006E-06
  16650   0.51736E-06
  16660   0.51246E-06
  16670   0.50455E-06
  16680   0.51364E-06
  16690   0.51003E-06
  16700   0.52349E-06
  16710   0.52923E-06
  16720   0.50350E-06
  16730   0.49993E-06
  16740   0.50033E-06
  16750   0.50384E-06
  16760   0.51241E-06
  16770   0.50748E-06
  16780   0.51722E-06
  16790   0.51341E-06
  16800   0.50706E-06
  16810   0.51119E-06
  16820   0.49318E-06
  16830   0.48404E-06
  16840   0.48555E-06
  16850   0.48471E-06
  16860   0.48703E-06
  16870   0.47704E-06
  16880   0.46458E-06
  16890   0.47960E-06
  16900   0.46589E-06
  16910   0.47274E-06
  16920   0.47664E-06
  16930   0.45461E-06
  16940   0.45089E-06
  16950   0.43785E-06
  16960   0.43445E-06
  16970   0.45236E-06
  16980   0.44856E-06
  16990   0.44982E-06
  17000   0.45437E-06
  17010   0.44496E-06
  17020   0.44347E-06
  17030   0.42948E-06
  17040   0.41692E-06
  17050   0.41627E-06
  17060   0.42650E-06
  17070   0.42273E-06
  17080   0.42341E-06
  17090   0.41685E-06
  17100   0.43279E-06
  17110   0.44323E-06
  17120   0.41952E-06
  17130   0.42706E-06
  17140   0.43608E-06
  17150   0.43786E-06
  17160   0.42643E-06
  17170   0.42645E-06
  17180   0.41814E-06
  17190   0.42639E-06
  17200   0.40825E-06
  17210   0.40449E-06
  17220   0.39470E-06
  17230   0.39429E-06
  17240   0.37515E-06
  17250   0.38150E-06
  17260   0.39342E-06
  17270   0.39506E-06
  17280   0.38121E-06
  17290   0.39697E-06
  17300   0.39602E-06
  17310   0.41149E-06
  17320   0.40462E-06
  17330   0.39909E-06
  17340   0.38918E-06
  17350   0.39255E-06
  17360   0.37903E-06
  17370   0.38089E-06
  17380   0.36944E-06
  17390   0.37185E-06
  17400   0.36199E-06
  17410   0.37820E-06
  17420   0.37762E-06
  17430   0.36783E-06
  17440   0.36749E-06
  17450   0.37037E-06
  17460   0.37046E-06
  17470   0.37253E-06
  17480   0.35459E-06
  17490   0.38417E-06
  17500   0.34452E-06
  17510   0.35769E-06
  17520   0.34952E-06
  17530   0.35115E-06
  17540   0.35610E-06
  17550   0.34931E-06
  17560   0.35257E-06
  17570   0.35228E-06
  17580   0.37126E-06
  17590   0.37787E-06
  17600   0.35978E-06
  17610   0.34230E-06
  17620   0.34659E-06
  17630   0.34735E-06
  17640   0.35232E-06
  17650   0.34919E-06
  17660   0.33537E-06
  17670   0.33035E-06
  17680   0.34552E-06
  17690   0.33915E-06
  17700   0.33979E-06
  17710   0.34261E-06
  17720   0.32778E-06
  17730   0.31942E-06
  17740   0.32678E-06
  17750   0.32661E-06
  17760   0.32379E-06
  17770   0.32517E-06
  17780   0.33712E-06
  17790   0.34320E-06
  17800   0.32077E-06
  17810   0.34940E-06
  17820   0.34176E-06
  17830   0.32930E-06
  17840   0.32997E-06
  17850   0.32066E-06
  17860   0.33939E-06
  17870   0.33786E-06
  17880   0.33905E-06
  17890   0.32548E-06
  17900   0.32020E-06
  17910   0.33539E-06
  17920   0.33044E-06
  17930   0.32964E-06
  17940   0.33351E-06
  17950   0.32624E-06
  17960   0.32126E-06
  17970   0.34894E-06
  17980   0.32253E-06
  17990   0.33876E-06
  18000   0.32751E-06
  18010   0.32339E-06
  18020   0.31123E-06
  18030   0.29528E-06
  18040   0.29271E-06
  18050   0.29941E-06
  18060   0.30298E-06
  18070   0.29341E-06
  18080   0.29722E-06
  18090   0.29238E-06
  18100   0.30309E-06
  18110   0.31155E-06
  18120   0.30340E-06
  18130   0.28613E-06
  18140   0.29219E-06
  18150   0.28850E-06
  18160   0.28436E-06
  18170   0.27591E-06
  18180   0.28162E-06
  18190   0.27163E-06
  18200   0.26698E-06
  18210   0.26328E-06
  18220   0.25926E-06
  18230   0.25486E-06
  18240   0.25166E-06
  18250   0.27340E-06
  18260   0.24589E-06
  18270   0.26274E-06
  18280   0.25083E-06
  18290   0.24753E-06
  18300   0.25986E-06
  18310   0.28276E-06
  18320   0.25590E-06
  18330   0.26296E-06
  18340   0.25268E-06
  18350   0.23862E-06
  18360   0.25233E-06
  18370   0.26261E-06
  18380   0.25148E-06
  18390   0.25865E-06
  18400   0.26275E-06
  18410   0.28913E-06
  18420   0.27859E-06
  18430   0.25988E-06
  18440   0.25401E-06
  18450   0.26920E-06
  18460   0.25593E-06
  18470   0.24931E-06
  18480   0.24495E-06
  18490   0.24316E-06
  18500   0.24812E-06
  18510   0.27347E-06
  18520   0.24862E-06
  18530   0.22790E-06
  18540   0.24347E-06
  18550   0.23875E-06
  18560   0.23794E-06
  18570   0.23322E-06
  18580   0.22992E-06
  18590   0.25170E-06
  18600   0.23575E-06
  18610   0.25381E-06
  18620   0.23709E-06
  18630   0.23879E-06
  18640   0.23958E-06
  18650   0.24760E-06
  18660   0.25732E-06
  18670   0.22791E-06
  18680   0.24449E-06
  18690   0.23764E-06
  18700   0.22839E-06
  18710   0.25576E-06
  18720   0.23548E-06
  18730   0.22656E-06
  18740   0.24020E-06
  18750   0.24392E-06
  18760   0.25023E-06
  18770   0.24943E-06
  18780   0.24302E-06
  18790   0.25319E-06
  18800   0.25090E-06
  18810   0.25012E-06
  18820   0.23657E-06
  18830   0.23997E-06
  18840   0.23199E-06
  18850   0.23666E-06
  18860   0.23378E-06
  18870   0.22666E-06
  18880   0.22208E-06
  18890   0.23334E-06
  18900   0.23053E-06
  18910   0.26713E-06
  18920   0.22986E-06
  18930   0.23927E-06
  18940   0.22902E-06
  18950   0.23463E-06
  18960   0.23101E-06
  18970   0.23535E-06
  18980   0.23813E-06
  18990   0.24550E-06
  19000   0.25580E-06
  19010   0.24836E-06
  19020   0.23845E-06
  19030   0.24145E-06
  19040   0.23205E-06
  19050   0.21958E-06
  19060   0.22243E-06
  19070   0.21584E-06
  19080   0.22956E-06
  19090   0.21159E-06
  19100   0.20028E-06
  19110   0.22974E-06
  19120   0.22668E-06
  19130   0.21813E-06
  19140   0.21604E-06
  19150   0.22897E-06
  19160   0.21417E-06
  19170   0.21196E-06
  19180   0.21271E-06
  19190   0.23285E-06
  19200   0.22139E-06
  19210   0.23667E-06
  19220   0.22992E-06
  19230   0.21105E-06
  19240   0.22440E-06
  19250   0.19747E-06
  19260   0.21596E-06
  19270   0.22093E-06
  19280   0.21839E-06
  19290   0.22151E-06
  19300   0.21263E-06
  19310   0.22949E-06
  19320   0.21395E-06
  19330   0.20259E-06
  19340   0.20932E-06
  19350   0.20673E-06
  19360   0.20836E-06
  19370   0.22309E-06
  19380   0.21912E-06
  19390   0.22562E-06
  19400   0.21239E-06
  19410   0.25144E-06
  19420   0.20592E-06
  19430   0.23243E-06
  19440   0.20288E-06
  19450   0.19491E-06
  19460   0.20142E-06
  19470   0.22173E-06
  19480   0.20959E-06
  19490   0.20336E-06
  19500   0.19408E-06
  19510   0.22473E-06
  19520   0.19030E-06
  19530   0.19889E-06
  19540   0.20917E-06
  19550   0.22964E-06
  19560   0.21356E-06
  19570   0.19932E-06
  19580   0.20802E-06
  19590   0.20985E-06
  19600   0.21329E-06
  19610   0.24170E-06
  19620   0.23630E-06
  19630   0.23915E-06
  19640   0.21403E-06
  19650   0.20955E-06
  19660   0.21124E-06
  19670   0.20734E-06
  19680   0.20475E-06
  19690   0.21565E-06
  19700   0.20574E-06
  19710   0.22530E-06
  19720   0.20181E-06
  19730   0.20447E-06
  19740   0.19874E-06
  19750   0.20849E-06
  19760   0.20720E-06
  19770   0.20291E-06
  19780   0.19355E-06
  19790   0.20293E-06
  19800   0.20675E-06
  19810   0.19856E-06
  19820   0.20179E-06
  19830   0.19020E-06
  19840   0.20778E-06
  19850   0.19929E-06
  19860   0.19425E-06
  19870   0.19711E-06
  19880   0.19662E-06
  19890   0.19960E-06
  19900   0.20312E-06
  19910   0.22037E-06
  19920   0.18665E-06
  19930   0.18363E-06
  19940   0.19968E-06
  19950   0.19153E-06
  19960   0.20481E-06
  19970   0.19231E-06
  19980   0.21780E-06
  19990   0.21898E-06
  20000   0.20494E-06
