     10   0.12448E-02
     20   0.11177E-02
     30   0.10188E-02
     40   0.94054E-03
     50   0.87734E-03
     60   0.82515E-03
     70   0.78120E-03
     80   0.74361E-03
     90   0.71081E-03
    100   0.68176E-03
    110   0.65561E-03
    120   0.63190E-03
    130   0.61015E-03
    140   0.59004E-03
    150   0.57114E-03
    160   0.55344E-03
    170   0.53676E-03
    180   0.52095E-03
    190   0.50590E-03
    200   0.49152E-03
    210   0.47755E-03
    220   0.46423E-03
    230   0.45140E-03
    240   0.43902E-03
    250   0.42696E-03
    260   0.41544E-03
    270   0.40428E-03
    280   0.39347E-03
    290   0.38307E-03
    300   0.37308E-03
    310   0.36350E-03
    320   0.35425E-03
    330   0.34532E-03
    340   0.33667E-03
    350   0.32828E-03
    360   0.32019E-03
    370   0.31240E-03
    380   0.30490E-03
    390   0.29764E-03
    400   0.29064E-03
    410   0.28403E-03
    420   0.27761E-03
    430   0.27147E-03
    440   0.26553E-03
    450   0.25980E-03
    460   0.25430E-03
    470   0.24897E-03
    480   0.24392E-03
    490   0.23902E-03
    500   0.23431E-03
    510   0.22980E-03
    520   0.22549E-03
    530   0.22135E-03
    540   0.21735E-03
    550   0.21348E-03
    560   0.20980E-03
    570   0.20625E-03
    580   0.20284E-03
    590   0.19956E-03
    600   0.19641E-03
    610   0.19342E-03
    620   0.19052E-03
    630   0.18780E-03
    640   0.18517E-03
    650   0.18268E-03
    660   0.18034E-03
    670   0.17814E-03
    680   0.17610E-03
    690   0.17416E-03
    700   0.17235E-03
    710   0.17065E-03
    720   0.16909E-03
    730   0.16762E-03
    740   0.16626E-03
    750   0.16501E-03
    760   0.16383E-03
    770   0.16271E-03
    780   0.16165E-03
    790   0.16065E-03
    800   0.15967E-03
    810   0.15872E-03
    820   0.15782E-03
    830   0.15687E-03
    840   0.15595E-03
    850   0.15500E-03
    860   0.15406E-03
    870   0.15309E-03
    880   0.15209E-03
    890   0.15107E-03
    900   0.15001E-03
    910   0.14894E-03
    920   0.14784E-03
    930   0.14670E-03
    940   0.14554E-03
    950   0.14438E-03
    960   0.14321E-03
    970   0.14203E-03
    980   0.14086E-03
    990   0.13969E-03
   1000   0.13854E-03
   1010   0.13741E-03
   1020   0.13633E-03
   1030   0.13528E-03
   1040   0.13429E-03
   1050   0.13333E-03
   1060   0.13244E-03
   1070   0.13160E-03
   1080   0.13085E-03
   1090   0.13015E-03
   1100   0.12953E-03
   1110   0.12900E-03
   1120   0.12854E-03
   1130   0.12816E-03
   1140   0.12786E-03
   1150   0.12764E-03
   1160   0.12748E-03
   1170   0.12741E-03
   1180   0.12740E-03
   1190   0.12746E-03
   1200   0.12758E-03
   1210   0.12775E-03
   1220   0.12796E-03
   1230   0.12822E-03
   1240   0.12853E-03
   1250   0.12885E-03
   1260   0.12921E-03
   1270   0.12959E-03
   1280   0.12997E-03
   1290   0.13036E-03
   1300   0.13076E-03
   1310   0.13114E-03
   1320   0.13151E-03
   1330   0.13185E-03
   1340   0.13220E-03
   1350   0.13251E-03
   1360   0.13277E-03
   1370   0.13301E-03
   1380   0.13321E-03
   1390   0.13337E-03
   1400   0.13348E-03
   1410   0.13356E-03
   1420   0.13359E-03
   1430   0.13357E-03
   1440   0.13350E-03
   1450   0.13339E-03
   1460   0.13324E-03
   1470   0.13304E-03
   1480   0.13280E-03
   1490   0.13251E-03
   1500   0.13219E-03
   1510   0.13183E-03
   1520   0.13143E-03
   1530   0.13099E-03
   1540   0.13052E-03
   1550   0.13002E-03
   1560   0.12947E-03
   1570   0.12891E-03
   1580   0.12833E-03
   1590   0.12773E-03
   1600   0.12709E-03
   1610   0.12644E-03
   1620   0.12575E-03
   1630   0.12504E-03
   1640   0.12433E-03
   1650   0.12359E-03
   1660   0.12285E-03
   1670   0.12209E-03
   1680   0.12131E-03
   1690   0.12054E-03
   1700   0.11975E-03
   1710   0.11896E-03
   1720   0.11815E-03
   1730   0.11738E-03
   1740   0.11659E-03
   1750   0.11580E-03
   1760   0.11504E-03
   1770   0.11427E-03
   1780   0.11351E-03
   1790   0.11279E-03
   1800   0.11209E-03
   1810   0.11141E-03
   1820   0.11077E-03
   1830   0.11016E-03
   1840   0.10959E-03
   1850   0.10906E-03
   1860   0.10857E-03
   1870   0.10813E-03
   1880   0.10774E-03
   1890   0.10739E-03
   1900   0.10709E-03
   1910   0.10685E-03
   1920   0.10666E-03
   1930   0.10652E-03
   1940   0.10643E-03
   1950   0.10642E-03
   1960   0.10644E-03
   1970   0.10649E-03
   1980   0.10661E-03
   1990   0.10679E-03
   2000   0.10699E-03
   2010   0.10724E-03
   2020   0.10753E-03
   2030   0.10785E-03
   2040   0.10818E-03
   2050   0.10857E-03
   2060   0.10896E-03
   2070   0.10938E-03
   2080   0.10977E-03
   2090   0.11023E-03
   2100   0.11064E-03
   2110   0.11111E-03
   2120   0.11156E-03
   2130   0.11198E-03
   2140   0.11241E-03
   2150   0.11285E-03
   2160   0.11325E-03
   2170   0.11364E-03
   2180   0.11402E-03
   2190   0.11438E-03
   2200   0.11470E-03
   2210   0.11503E-03
   2220   0.11533E-03
   2230   0.11559E-03
   2240   0.11585E-03
   2250   0.11606E-03
   2260   0.11627E-03
   2270   0.11646E-03
   2280   0.11659E-03
   2290   0.11674E-03
   2300   0.11683E-03
   2310   0.11692E-03
   2320   0.11701E-03
   2330   0.11705E-03
   2340   0.11709E-03
   2350   0.11710E-03
   2360   0.11712E-03
   2370   0.11710E-03
   2380   0.11710E-03
   2390   0.11709E-03
   2400   0.11706E-03
   2410   0.11704E-03
   2420   0.11701E-03
   2430   0.11699E-03
   2440   0.11695E-03
   2450   0.11696E-03
   2460   0.11694E-03
   2470   0.11696E-03
   2480   0.11695E-03
   2490   0.11699E-03
   2500   0.11703E-03
   2510   0.11707E-03
   2520   0.11717E-03
   2530   0.11724E-03
   2540   0.11734E-03
   2550   0.11742E-03
   2560   0.11755E-03
   2570   0.11769E-03
   2580   0.11784E-03
   2590   0.11800E-03
   2600   0.11816E-03
   2610   0.11835E-03
   2620   0.11853E-03
   2630   0.11873E-03
   2640   0.11894E-03
   2650   0.11915E-03
   2660   0.11936E-03
   2670   0.11958E-03
   2680   0.11978E-03
   2690   0.11999E-03
   2700   0.12020E-03
   2710   0.12038E-03
   2720   0.12059E-03
   2730   0.12076E-03
   2740   0.12092E-03
   2750   0.12106E-03
   2760   0.12122E-03
   2770   0.12134E-03
   2780   0.12144E-03
   2790   0.12154E-03
   2800   0.12158E-03
   2810   0.12163E-03
   2820   0.12163E-03
   2830   0.12165E-03
   2840   0.12162E-03
   2850   0.12158E-03
   2860   0.12150E-03
   2870   0.12139E-03
   2880   0.12127E-03
   2890   0.12112E-03
   2900   0.12096E-03
   2910   0.12076E-03
   2920   0.12054E-03
   2930   0.12031E-03
   2940   0.12004E-03
   2950   0.11979E-03
   2960   0.11947E-03
   2970   0.11915E-03
   2980   0.11883E-03
   2990   0.11849E-03
   3000   0.11813E-03
   3010   0.11776E-03
   3020   0.11738E-03
   3030   0.11700E-03
   3040   0.11660E-03
   3050   0.11620E-03
   3060   0.11582E-03
   3070   0.11543E-03
   3080   0.11502E-03
   3090   0.11465E-03
   3100   0.11424E-03
   3110   0.11387E-03
   3120   0.11353E-03
   3130   0.11317E-03
   3140   0.11283E-03
   3150   0.11251E-03
   3160   0.11224E-03
   3170   0.11196E-03
   3180   0.11172E-03
   3190   0.11148E-03
   3200   0.11131E-03
   3210   0.11115E-03
   3220   0.11102E-03
   3230   0.11094E-03
   3240   0.11087E-03
   3250   0.11085E-03
   3260   0.11086E-03
   3270   0.11092E-03
   3280   0.11101E-03
   3290   0.11114E-03
   3300   0.11132E-03
   3310   0.11152E-03
   3320   0.11178E-03
   3330   0.11205E-03
   3340   0.11238E-03
   3350   0.11276E-03
   3360   0.11315E-03
   3370   0.11359E-03
   3380   0.11408E-03
   3390   0.11458E-03
   3400   0.11515E-03
   3410   0.11571E-03
   3420   0.11632E-03
   3430   0.11694E-03
   3440   0.11762E-03
   3450   0.11829E-03
   3460   0.11900E-03
   3470   0.11972E-03
   3480   0.12050E-03
   3490   0.12126E-03
   3500   0.12202E-03
   3510   0.12284E-03
   3520   0.12366E-03
   3530   0.12448E-03
   3540   0.12530E-03
   3550   0.12614E-03
   3560   0.12699E-03
   3570   0.12781E-03
   3580   0.12868E-03
   3590   0.12953E-03
   3600   0.13039E-03
   3610   0.13123E-03
   3620   0.13206E-03
   3630   0.13290E-03
   3640   0.13373E-03
   3650   0.13457E-03
   3660   0.13539E-03
   3670   0.13620E-03
   3680   0.13698E-03
   3690   0.13779E-03
   3700   0.13857E-03
   3710   0.13935E-03
   3720   0.14009E-03
   3730   0.14082E-03
   3740   0.14157E-03
   3750   0.14226E-03
   3760   0.14299E-03
   3770   0.14368E-03
   3780   0.14431E-03
   3790   0.14496E-03
   3800   0.14559E-03
   3810   0.14622E-03
   3820   0.14683E-03
   3830   0.14740E-03
   3840   0.14794E-03
   3850   0.14852E-03
   3860   0.14905E-03
   3870   0.14953E-03
   3880   0.15001E-03
   3890   0.15049E-03
   3900   0.15096E-03
   3910   0.15141E-03
   3920   0.15179E-03
   3930   0.15222E-03
   3940   0.15255E-03
   3950   0.15292E-03
   3960   0.15327E-03
   3970   0.15358E-03
   3980   0.15385E-03
   3990   0.15413E-03
   4000   0.15438E-03
   4010   0.15462E-03
   4020   0.15482E-03
   4030   0.15502E-03
   4040   0.15520E-03
   4050   0.15532E-03
   4060   0.15544E-03
   4070   0.15555E-03
   4080   0.15567E-03
   4090   0.15574E-03
   4100   0.15581E-03
   4110   0.15578E-03
   4120   0.15583E-03
   4130   0.15581E-03
   4140   0.15579E-03
   4150   0.15575E-03
   4160   0.15570E-03
   4170   0.15560E-03
   4180   0.15551E-03
   4190   0.15535E-03
   4200   0.15524E-03
   4210   0.15510E-03
   4220   0.15491E-03
   4230   0.15470E-03
   4240   0.15448E-03
   4250   0.15429E-03
   4260   0.15403E-03
   4270   0.15379E-03
   4280   0.15351E-03
   4290   0.15323E-03
   4300   0.15292E-03
   4310   0.15261E-03
   4320   0.15229E-03
   4330   0.15195E-03
   4340   0.15158E-03
   4350   0.15121E-03
   4360   0.15083E-03
   4370   0.15044E-03
   4380   0.15007E-03
   4390   0.14962E-03
   4400   0.14921E-03
   4410   0.14877E-03
   4420   0.14834E-03
   4430   0.14790E-03
   4440   0.14741E-03
   4450   0.14695E-03
   4460   0.14648E-03
   4470   0.14600E-03
   4480   0.14548E-03
   4490   0.14501E-03
   4500   0.14446E-03
   4510   0.14398E-03
   4520   0.14343E-03
   4530   0.14291E-03
   4540   0.14241E-03
   4550   0.14185E-03
   4560   0.14129E-03
   4570   0.14075E-03
   4580   0.14019E-03
   4590   0.13958E-03
   4600   0.13904E-03
   4610   0.13849E-03
   4620   0.13790E-03
   4630   0.13730E-03
   4640   0.13670E-03
   4650   0.13611E-03
   4660   0.13552E-03
   4670   0.13489E-03
   4680   0.13432E-03
   4690   0.13371E-03
   4700   0.13306E-03
   4710   0.13248E-03
   4720   0.13181E-03
   4730   0.13119E-03
   4740   0.13055E-03
   4750   0.12990E-03
   4760   0.12926E-03
   4770   0.12860E-03
   4780   0.12792E-03
   4790   0.12727E-03
   4800   0.12659E-03
   4810   0.12590E-03
   4820   0.12521E-03
   4830   0.12455E-03
   4840   0.12384E-03
   4850   0.12314E-03
   4860   0.12246E-03
   4870   0.12173E-03
   4880   0.12104E-03
   4890   0.12033E-03
   4900   0.11961E-03
   4910   0.11887E-03
   4920   0.11814E-03
   4930   0.11741E-03
   4940   0.11668E-03
   4950   0.11598E-03
   4960   0.11523E-03
   4970   0.11444E-03
   4980   0.11369E-03
   4990   0.11296E-03
   5000   0.11224E-03
   5010   0.11147E-03
   5020   0.11076E-03
   5030   0.10999E-03
   5040   0.10923E-03
   5050   0.10849E-03
   5060   0.10772E-03
   5070   0.10699E-03
   5080   0.10622E-03
   5090   0.10551E-03
   5100   0.10475E-03
   5110   0.10401E-03
   5120   0.10327E-03
   5130   0.10253E-03
   5140   0.10178E-03
   5150   0.10108E-03
   5160   0.10031E-03
   5170   0.99595E-04
   5180   0.98874E-04
   5190   0.98180E-04
   5200   0.97483E-04
   5210   0.96766E-04
   5220   0.96077E-04
   5230   0.95371E-04
   5240   0.94697E-04
   5250   0.94000E-04
   5260   0.93328E-04
   5270   0.92676E-04
   5280   0.91985E-04
   5290   0.91372E-04
   5300   0.90741E-04
   5310   0.90112E-04
   5320   0.89461E-04
   5330   0.88843E-04
   5340   0.88284E-04
   5350   0.87665E-04
   5360   0.87066E-04
   5370   0.86503E-04
   5380   0.85906E-04
   5390   0.85323E-04
   5400   0.84791E-04
   5410   0.84227E-04
   5420   0.83716E-04
   5430   0.83184E-04
   5440   0.82679E-04
   5450   0.82159E-04
   5460   0.81674E-04
   5470   0.81185E-04
   5480   0.80708E-04
   5490   0.80222E-04
   5500   0.79756E-04
   5510   0.79292E-04
   5520   0.78846E-04
   5530   0.78428E-04
   5540   0.77981E-04
   5550   0.77590E-04
   5560   0.77157E-04
   5570   0.76755E-04
   5580   0.76381E-04
   5590   0.75961E-04
   5600   0.75544E-04
   5610   0.75221E-04
   5620   0.74868E-04
   5630   0.74500E-04
   5640   0.74161E-04
   5650   0.73815E-04
   5660   0.73484E-04
   5670   0.73154E-04
   5680   0.72801E-04
   5690   0.72504E-04
   5700   0.72169E-04
   5710   0.71869E-04
   5720   0.71568E-04
   5730   0.71260E-04
   5740   0.70992E-04
   5750   0.70692E-04
   5760   0.70422E-04
   5770   0.70142E-04
   5780   0.69874E-04
   5790   0.69629E-04
   5800   0.69354E-04
   5810   0.69123E-04
   5820   0.68816E-04
   5830   0.68626E-04
   5840   0.68357E-04
   5850   0.68135E-04
   5860   0.67926E-04
   5870   0.67677E-04
   5880   0.67450E-04
   5890   0.67244E-04
   5900   0.67017E-04
   5910   0.66791E-04
   5920   0.66591E-04
   5930   0.66383E-04
   5940   0.66200E-04
   5950   0.66013E-04
   5960   0.65817E-04
   5970   0.65615E-04
   5980   0.65455E-04
   5990   0.65262E-04
   6000   0.65106E-04
   6010   0.64890E-04
   6020   0.64745E-04
   6030   0.64561E-04
   6040   0.64384E-04
   6050   0.64239E-04
   6060   0.64066E-04
   6070   0.63925E-04
   6080   0.63758E-04
   6090   0.63637E-04
   6100   0.63475E-04
   6110   0.63354E-04
   6120   0.63181E-04
   6130   0.63061E-04
   6140   0.62916E-04
   6150   0.62816E-04
   6160   0.62695E-04
   6170   0.62536E-04
   6180   0.62408E-04
   6190   0.62287E-04
   6200   0.62169E-04
   6210   0.62037E-04
   6220   0.61934E-04
   6230   0.61813E-04
   6240   0.61733E-04
   6250   0.61623E-04
   6260   0.61533E-04
   6270   0.61412E-04
   6280   0.61332E-04
   6290   0.61227E-04
   6300   0.61117E-04
   6310   0.61050E-04
   6320   0.60940E-04
   6330   0.60862E-04
   6340   0.60782E-04
   6350   0.60705E-04
   6360   0.60628E-04
   6370   0.60528E-04
   6380   0.60435E-04
   6390   0.60355E-04
   6400   0.60297E-04
   6410   0.60238E-04
   6420   0.60183E-04
   6430   0.60081E-04
   6440   0.60051E-04
   6450   0.59954E-04
   6460   0.59932E-04
   6470   0.59838E-04
   6480   0.59783E-04
   6490   0.59738E-04
   6500   0.59663E-04
   6510   0.59630E-04
   6520   0.59561E-04
   6530   0.59504E-04
   6540   0.59475E-04
   6550   0.59405E-04
   6560   0.59363E-04
   6570   0.59338E-04
   6580   0.59320E-04
   6590   0.59278E-04
   6600   0.59230E-04
   6610   0.59178E-04
   6620   0.59123E-04
   6630   0.59113E-04
   6640   0.59082E-04
   6650   0.59054E-04
   6660   0.59039E-04
   6670   0.58954E-04
   6680   0.58952E-04
   6690   0.58938E-04
   6700   0.58903E-04
   6710   0.58906E-04
   6720   0.58875E-04
   6730   0.58860E-04
   6740   0.58803E-04
   6750   0.58817E-04
   6760   0.58799E-04
   6770   0.58746E-04
   6780   0.58748E-04
   6790   0.58754E-04
   6800   0.58739E-04
   6810   0.58755E-04
   6820   0.58718E-04
   6830   0.58719E-04
   6840   0.58708E-04
   6850   0.58713E-04
   6860   0.58705E-04
   6870   0.58682E-04
   6880   0.58674E-04
   6890   0.58694E-04
   6900   0.58709E-04
   6910   0.58731E-04
   6920   0.58727E-04
   6930   0.58707E-04
   6940   0.58746E-04
   6950   0.58770E-04
   6960   0.58753E-04
   6970   0.58746E-04
   6980   0.58767E-04
   6990   0.58757E-04
   7000   0.58817E-04
   7010   0.58820E-04
   7020   0.58848E-04
   7030   0.58866E-04
   7040   0.58865E-04
   7050   0.58897E-04
   7060   0.58923E-04
   7070   0.58938E-04
   7080   0.58975E-04
   7090   0.58975E-04
   7100   0.59018E-04
   7110   0.59043E-04
   7120   0.59079E-04
   7130   0.59115E-04
   7140   0.59116E-04
   7150   0.59181E-04
   7160   0.59221E-04
   7170   0.59228E-04
   7180   0.59259E-04
   7190   0.59307E-04
   7200   0.59334E-04
   7210   0.59396E-04
   7220   0.59402E-04
   7230   0.59456E-04
   7240   0.59519E-04
   7250   0.59540E-04
   7260   0.59580E-04
   7270   0.59618E-04
   7280   0.59674E-04
   7290   0.59717E-04
   7300   0.59734E-04
   7310   0.59804E-04
   7320   0.59844E-04
   7330   0.59863E-04
   7340   0.59943E-04
   7350   0.59996E-04
   7360   0.60031E-04
   7370   0.60076E-04
   7380   0.60134E-04
   7390   0.60169E-04
   7400   0.60191E-04
   7410   0.60247E-04
   7420   0.60320E-04
   7430   0.60367E-04
   7440   0.60409E-04
   7450   0.60448E-04
   7460   0.60508E-04
   7470   0.60556E-04
   7480   0.60624E-04
   7490   0.60655E-04
   7500   0.60672E-04
   7510   0.60746E-04
   7520   0.60781E-04
   7530   0.60842E-04
   7540   0.60890E-04
   7550   0.60922E-04
   7560   0.60980E-04
   7570   0.61034E-04
   7580   0.61082E-04
   7590   0.61127E-04
   7600   0.61141E-04
   7610   0.61214E-04
   7620   0.61257E-04
   7630   0.61296E-04
   7640   0.61341E-04
   7650   0.61408E-04
   7660   0.61447E-04
   7670   0.61497E-04
   7680   0.61521E-04
   7690   0.61536E-04
   7700   0.61583E-04
   7710   0.61628E-04
   7720   0.61674E-04
   7730   0.61708E-04
   7740   0.61732E-04
   7750   0.61777E-04
   7760   0.61802E-04
   7770   0.61819E-04
   7780   0.61875E-04
   7790   0.61885E-04
   7800   0.61910E-04
   7810   0.61945E-04
   7820   0.61959E-04
   7830   0.61982E-04
   7840   0.62021E-04
   7850   0.62041E-04
   7860   0.62085E-04
   7870   0.62104E-04
   7880   0.62127E-04
   7890   0.62133E-04
   7900   0.62139E-04
   7910   0.62148E-04
   7920   0.62154E-04
   7930   0.62147E-04
   7940   0.62174E-04
   7950   0.62192E-04
   7960   0.62191E-04
   7970   0.62190E-04
   7980   0.62219E-04
   7990   0.62219E-04
   8000   0.62217E-04
   8010   0.62223E-04
   8020   0.62217E-04
   8030   0.62191E-04
   8040   0.62197E-04
   8050   0.62200E-04
   8060   0.62169E-04
   8070   0.62192E-04
   8080   0.62173E-04
   8090   0.62132E-04
   8100   0.62134E-04
   8110   0.62119E-04
   8120   0.62117E-04
   8130   0.62087E-04
   8140   0.62074E-04
   8150   0.62042E-04
   8160   0.62019E-04
   8170   0.62007E-04
   8180   0.61995E-04
   8190   0.61965E-04
   8200   0.61928E-04
   8210   0.61886E-04
   8220   0.61893E-04
   8230   0.61836E-04
   8240   0.61789E-04
   8250   0.61756E-04
   8260   0.61713E-04
   8270   0.61673E-04
   8280   0.61659E-04
   8290   0.61619E-04
   8300   0.61571E-04
   8310   0.61545E-04
   8320   0.61484E-04
   8330   0.61462E-04
   8340   0.61404E-04
   8350   0.61374E-04
   8360   0.61294E-04
   8370   0.61274E-04
   8380   0.61224E-04
   8390   0.61174E-04
   8400   0.61115E-04
   8410   0.61076E-04
   8420   0.61031E-04
   8430   0.60992E-04
   8440   0.60942E-04
   8450   0.60873E-04
   8460   0.60829E-04
   8470   0.60778E-04
   8480   0.60724E-04
   8490   0.60676E-04
   8500   0.60610E-04
   8510   0.60556E-04
   8520   0.60493E-04
   8530   0.60433E-04
   8540   0.60397E-04
   8550   0.60339E-04
   8560   0.60271E-04
   8570   0.60213E-04
   8580   0.60133E-04
   8590   0.60103E-04
   8600   0.60059E-04
   8610   0.59995E-04
   8620   0.59930E-04
   8630   0.59900E-04
   8640   0.59842E-04
   8650   0.59792E-04
   8660   0.59717E-04
   8670   0.59651E-04
   8680   0.59614E-04
   8690   0.59547E-04
   8700   0.59496E-04
   8710   0.59427E-04
   8720   0.59374E-04
   8730   0.59316E-04
   8740   0.59282E-04
   8750   0.59236E-04
   8760   0.59178E-04
   8770   0.59125E-04
   8780   0.59061E-04
   8790   0.59018E-04
   8800   0.58966E-04
   8810   0.58893E-04
   8820   0.58861E-04
   8830   0.58806E-04
   8840   0.58767E-04
   8850   0.58702E-04
   8860   0.58648E-04
   8870   0.58610E-04
   8880   0.58564E-04
   8890   0.58525E-04
   8900   0.58481E-04
   8910   0.58429E-04
   8920   0.58389E-04
   8930   0.58361E-04
   8940   0.58304E-04
   8950   0.58280E-04
   8960   0.58243E-04
   8970   0.58188E-04
   8980   0.58149E-04
   8990   0.58103E-04
   9000   0.58072E-04
   9010   0.58030E-04
   9020   0.58013E-04
   9030   0.57975E-04
   9040   0.57937E-04
   9050   0.57905E-04
   9060   0.57875E-04
   9070   0.57832E-04
   9080   0.57817E-04
   9090   0.57776E-04
   9100   0.57769E-04
   9110   0.57716E-04
   9120   0.57708E-04
   9130   0.57659E-04
   9140   0.57659E-04
   9150   0.57641E-04
   9160   0.57610E-04
   9170   0.57599E-04
   9180   0.57569E-04
   9190   0.57532E-04
   9200   0.57540E-04
   9210   0.57497E-04
   9220   0.57479E-04
   9230   0.57464E-04
   9240   0.57438E-04
   9250   0.57445E-04
   9260   0.57414E-04
   9270   0.57411E-04
   9280   0.57404E-04
   9290   0.57389E-04
   9300   0.57384E-04
   9310   0.57390E-04
   9320   0.57358E-04
   9330   0.57348E-04
   9340   0.57344E-04
   9350   0.57314E-04
   9360   0.57285E-04
   9370   0.57308E-04
   9380   0.57280E-04
   9390   0.57290E-04
   9400   0.57307E-04
   9410   0.57289E-04
   9420   0.57267E-04
   9430   0.57283E-04
   9440   0.57274E-04
   9450   0.57254E-04
   9460   0.57256E-04
   9470   0.57270E-04
   9480   0.57275E-04
   9490   0.57275E-04
   9500   0.57256E-04
   9510   0.57274E-04
   9520   0.57276E-04
   9530   0.57256E-04
   9540   0.57286E-04
   9550   0.57285E-04
   9560   0.57279E-04
   9570   0.57287E-04
   9580   0.57304E-04
   9590   0.57309E-04
   9600   0.57304E-04
   9610   0.57295E-04
   9620   0.57300E-04
   9630   0.57337E-04
   9640   0.57349E-04
   9650   0.57341E-04
   9660   0.57337E-04
   9670   0.57339E-04
   9680   0.57361E-04
   9690   0.57351E-04
   9700   0.57369E-04
   9710   0.57369E-04
   9720   0.57389E-04
   9730   0.57380E-04
   9740   0.57365E-04
   9750   0.57387E-04
   9760   0.57422E-04
   9770   0.57397E-04
   9780   0.57434E-04
   9790   0.57435E-04
   9800   0.57450E-04
   9810   0.57463E-04
   9820   0.57472E-04
   9830   0.57473E-04
   9840   0.57490E-04
   9850   0.57493E-04
   9860   0.57515E-04
   9870   0.57521E-04
   9880   0.57519E-04
   9890   0.57549E-04
   9900   0.57542E-04
   9910   0.57534E-04
   9920   0.57554E-04
   9930   0.57577E-04
   9940   0.57584E-04
   9950   0.57578E-04
   9960   0.57573E-04
   9970   0.57594E-04
   9980   0.57603E-04
   9990   0.57611E-04
  10000   0.57608E-04
  10010   0.57630E-04
  10020   0.57620E-04
  10030   0.57633E-04
  10040   0.57660E-04
  10050   0.57653E-04
  10060   0.57655E-04
  10070   0.57670E-04
  10080   0.57675E-04
  10090   0.57678E-04
  10100   0.57659E-04
  10110   0.57669E-04
  10120   0.57686E-04
  10130   0.57687E-04
  10140   0.57694E-04
  10150   0.57699E-04
  10160   0.57733E-04
  10170   0.57698E-04
  10180   0.57707E-04
  10190   0.57712E-04
  10200   0.57713E-04
  10210   0.57703E-04
  10220   0.57733E-04
  10230   0.57722E-04
  10240   0.57709E-04
  10250   0.57730E-04
  10260   0.57724E-04
  10270   0.57721E-04
  10280   0.57739E-04
  10290   0.57703E-04
  10300   0.57712E-04
  10310   0.57713E-04
  10320   0.57690E-04
  10330   0.57700E-04
  10340   0.57710E-04
  10350   0.57711E-04
  10360   0.57695E-04
  10370   0.57678E-04
  10380   0.57681E-04
  10390   0.57680E-04
  10400   0.57690E-04
  10410   0.57683E-04
  10420   0.57681E-04
  10430   0.57666E-04
  10440   0.57647E-04
  10450   0.57646E-04
  10460   0.57632E-04
  10470   0.57633E-04
  10480   0.57591E-04
  10490   0.57575E-04
  10500   0.57581E-04
  10510   0.57567E-04
  10520   0.57555E-04
  10530   0.57545E-04
  10540   0.57534E-04
  10550   0.57513E-04
  10560   0.57504E-04
  10570   0.57496E-04
  10580   0.57466E-04
  10590   0.57459E-04
  10600   0.57462E-04
  10610   0.57414E-04
  10620   0.57432E-04
  10630   0.57384E-04
  10640   0.57374E-04
  10650   0.57345E-04
  10660   0.57293E-04
  10670   0.57276E-04
  10680   0.57265E-04
  10690   0.57225E-04
  10700   0.57207E-04
  10710   0.57207E-04
  10720   0.57181E-04
  10730   0.57132E-04
  10740   0.57069E-04
  10750   0.57057E-04
  10760   0.57017E-04
  10770   0.56992E-04
  10780   0.56949E-04
  10790   0.56936E-04
  10800   0.56920E-04
  10810   0.56876E-04
  10820   0.56831E-04
  10830   0.56776E-04
  10840   0.56779E-04
  10850   0.56714E-04
  10860   0.56685E-04
  10870   0.56615E-04
  10880   0.56559E-04
  10890   0.56555E-04
  10900   0.56484E-04
  10910   0.56450E-04
  10920   0.56402E-04
  10930   0.56358E-04
  10940   0.56306E-04
  10950   0.56242E-04
  10960   0.56213E-04
  10970   0.56144E-04
  10980   0.56088E-04
  10990   0.56036E-04
  11000   0.55999E-04
  11010   0.55937E-04
  11020   0.55869E-04
  11030   0.55803E-04
  11040   0.55745E-04
  11050   0.55690E-04
  11060   0.55635E-04
  11070   0.55573E-04
  11080   0.55513E-04
  11090   0.55455E-04
  11100   0.55374E-04
  11110   0.55307E-04
  11120   0.55246E-04
  11130   0.55160E-04
  11140   0.55115E-04
  11150   0.55041E-04
  11160   0.54962E-04
  11170   0.54891E-04
  11180   0.54797E-04
  11190   0.54755E-04
  11200   0.54646E-04
  11210   0.54590E-04
  11220   0.54542E-04
  11230   0.54449E-04
  11240   0.54373E-04
  11250   0.54279E-04
  11260   0.54196E-04
  11270   0.54126E-04
  11280   0.54045E-04
  11290   0.53947E-04
  11300   0.53880E-04
  11310   0.53799E-04
  11320   0.53732E-04
  11330   0.53640E-04
  11340   0.53562E-04
  11350   0.53468E-04
  11360   0.53398E-04
  11370   0.53311E-04
  11380   0.53215E-04
  11390   0.53151E-04
  11400   0.53046E-04
  11410   0.52968E-04
  11420   0.52890E-04
  11430   0.52804E-04
  11440   0.52714E-04
  11450   0.52617E-04
  11460   0.52542E-04
  11470   0.52456E-04
  11480   0.52368E-04
  11490   0.52276E-04
  11500   0.52213E-04
  11510   0.52130E-04
  11520   0.52017E-04
  11530   0.51961E-04
  11540   0.51862E-04
  11550   0.51783E-04
  11560   0.51698E-04
  11570   0.51632E-04
  11580   0.51548E-04
  11590   0.51449E-04
  11600   0.51374E-04
  11610   0.51305E-04
  11620   0.51224E-04
  11630   0.51129E-04
  11640   0.51065E-04
  11650   0.50973E-04
  11660   0.50897E-04
  11670   0.50807E-04
  11680   0.50736E-04
  11690   0.50664E-04
  11700   0.50585E-04
  11710   0.50507E-04
  11720   0.50432E-04
  11730   0.50379E-04
  11740   0.50285E-04
  11750   0.50181E-04
  11760   0.50104E-04
  11770   0.50052E-04
  11780   0.49946E-04
  11790   0.49874E-04
  11800   0.49835E-04
  11810   0.49737E-04
  11820   0.49682E-04
  11830   0.49624E-04
  11840   0.49546E-04
  11850   0.49464E-04
  11860   0.49402E-04
  11870   0.49322E-04
  11880   0.49257E-04
  11890   0.49183E-04
  11900   0.49130E-04
  11910   0.49092E-04
  11920   0.49020E-04
  11930   0.48960E-04
  11940   0.48873E-04
  11950   0.48828E-04
  11960   0.48785E-04
  11970   0.48716E-04
  11980   0.48643E-04
  11990   0.48570E-04
  12000   0.48512E-04
  12010   0.48462E-04
  12020   0.48389E-04
  12030   0.48337E-04
  12040   0.48295E-04
  12050   0.48211E-04
  12060   0.48159E-04
  12070   0.48114E-04
  12080   0.48036E-04
  12090   0.48003E-04
  12100   0.47959E-04
  12110   0.47893E-04
  12120   0.47836E-04
  12130   0.47781E-04
  12140   0.47733E-04
  12150   0.47668E-04
  12160   0.47616E-04
  12170   0.47562E-04
  12180   0.47524E-04
  12190   0.47471E-04
  12200   0.47419E-04
  12210   0.47359E-04
  12220   0.47309E-04
  12230   0.47266E-04
  12240   0.47219E-04
  12250   0.47163E-04
  12260   0.47106E-04
  12270   0.47032E-04
  12280   0.47022E-04
  12290   0.46984E-04
  12300   0.46927E-04
  12310   0.46870E-04
  12320   0.46827E-04
  12330   0.46801E-04
  12340   0.46748E-04
  12350   0.46694E-04
  12360   0.46654E-04
  12370   0.46597E-04
  12380   0.46572E-04
  12390   0.46528E-04
  12400   0.46477E-04
  12410   0.46410E-04
  12420   0.46371E-04
  12430   0.46299E-04
  12440   0.46293E-04
  12450   0.46241E-04
  12460   0.46190E-04
  12470   0.46139E-04
  12480   0.46108E-04
  12490   0.46080E-04
  12500   0.46018E-04
  12510   0.45953E-04
  12520   0.45924E-04
  12530   0.45904E-04
  12540   0.45853E-04
  12550   0.45820E-04
  12560   0.45789E-04
  12570   0.45730E-04
  12580   0.45693E-04
  12590   0.45643E-04
  12600   0.45581E-04
  12610   0.45552E-04
  12620   0.45493E-04
  12630   0.45459E-04
  12640   0.45455E-04
  12650   0.45410E-04
  12660   0.45373E-04
  12670   0.45322E-04
  12680   0.45278E-04
  12690   0.45212E-04
  12700   0.45195E-04
  12710   0.45150E-04
  12720   0.45091E-04
  12730   0.45059E-04
  12740   0.45033E-04
  12750   0.44988E-04
  12760   0.44937E-04
  12770   0.44898E-04
  12780   0.44844E-04
  12790   0.44813E-04
  12800   0.44767E-04
  12810   0.44732E-04
  12820   0.44682E-04
  12830   0.44646E-04
  12840   0.44566E-04
  12850   0.44555E-04
  12860   0.44527E-04
  12870   0.44473E-04
  12880   0.44442E-04
  12890   0.44385E-04
  12900   0.44351E-04
  12910   0.44334E-04
  12920   0.44275E-04
  12930   0.44217E-04
  12940   0.44188E-04
  12950   0.44123E-04
  12960   0.44070E-04
  12970   0.44041E-04
  12980   0.43987E-04
  12990   0.43949E-04
  13000   0.43928E-04
  13010   0.43884E-04
  13020   0.43862E-04
  13030   0.43783E-04
  13040   0.43737E-04
  13050   0.43707E-04
  13060   0.43658E-04
  13070   0.43593E-04
  13080   0.43537E-04
  13090   0.43509E-04
  13100   0.43456E-04
  13110   0.43412E-04
  13120   0.43355E-04
  13130   0.43310E-04
  13140   0.43284E-04
  13150   0.43240E-04
  13160   0.43187E-04
  13170   0.43118E-04
  13180   0.43099E-04
  13190   0.43054E-04
  13200   0.42976E-04
  13210   0.42942E-04
  13220   0.42902E-04
  13230   0.42861E-04
  13240   0.42796E-04
  13250   0.42732E-04
  13260   0.42705E-04
  13270   0.42646E-04
  13280   0.42597E-04
  13290   0.42535E-04
  13300   0.42487E-04
  13310   0.42437E-04
  13320   0.42366E-04
  13330   0.42317E-04
  13340   0.42273E-04
  13350   0.42201E-04
  13360   0.42183E-04
  13370   0.42133E-04
  13380   0.42077E-04
  13390   0.42027E-04
  13400   0.41947E-04
  13410   0.41899E-04
  13420   0.41843E-04
  13430   0.41788E-04
  13440   0.41745E-04
  13450   0.41717E-04
  13460   0.41649E-04
  13470   0.41617E-04
  13480   0.41534E-04
  13490   0.41458E-04
  13500   0.41418E-04
  13510   0.41382E-04
  13520   0.41337E-04
  13530   0.41276E-04
  13540   0.41226E-04
  13550   0.41154E-04
  13560   0.41088E-04
  13570   0.41021E-04
  13580   0.40965E-04
  13590   0.40920E-04
  13600   0.40846E-04
  13610   0.40823E-04
  13620   0.40777E-04
  13630   0.40681E-04
  13640   0.40641E-04
  13650   0.40563E-04
  13660   0.40503E-04
  13670   0.40432E-04
  13680   0.40408E-04
  13690   0.40337E-04
  13700   0.40271E-04
  13710   0.40220E-04
  13720   0.40151E-04
  13730   0.40060E-04
  13740   0.40043E-04
  13750   0.39974E-04
  13760   0.39910E-04
  13770   0.39831E-04
  13780   0.39761E-04
  13790   0.39696E-04
  13800   0.39643E-04
  13810   0.39605E-04
  13820   0.39512E-04
  13830   0.39492E-04
  13840   0.39399E-04
  13850   0.39326E-04
  13860   0.39263E-04
  13870   0.39198E-04
  13880   0.39142E-04
  13890   0.39099E-04
  13900   0.39037E-04
  13910   0.38966E-04
  13920   0.38878E-04
  13930   0.38835E-04
  13940   0.38749E-04
  13950   0.38682E-04
  13960   0.38615E-04
  13970   0.38548E-04
  13980   0.38497E-04
  13990   0.38435E-04
  14000   0.38337E-04
  14010   0.38307E-04
  14020   0.38258E-04
  14030   0.38156E-04
  14040   0.38115E-04
  14050   0.38056E-04
  14060   0.38012E-04
  14070   0.37920E-04
  14080   0.37835E-04
  14090   0.37775E-04
  14100   0.37696E-04
  14110   0.37645E-04
  14120   0.37565E-04
  14130   0.37506E-04
  14140   0.37467E-04
  14150   0.37415E-04
  14160   0.37344E-04
  14170   0.37279E-04
  14180   0.37169E-04
  14190   0.37135E-04
  14200   0.37090E-04
  14210   0.37010E-04
  14220   0.36950E-04
  14230   0.36876E-04
  14240   0.36801E-04
  14250   0.36725E-04
  14260   0.36649E-04
  14270   0.36597E-04
  14280   0.36538E-04
  14290   0.36462E-04
  14300   0.36400E-04
  14310   0.36319E-04
  14320   0.36266E-04
  14330   0.36198E-04
  14340   0.36135E-04
  14350   0.36070E-04
  14360   0.35989E-04
  14370   0.35919E-04
  14380   0.35855E-04
  14390   0.35813E-04
  14400   0.35757E-04
  14410   0.35679E-04
  14420   0.35597E-04
  14430   0.35518E-04
  14440   0.35438E-04
  14450   0.35378E-04
  14460   0.35316E-04
  14470   0.35279E-04
  14480   0.35204E-04
  14490   0.35130E-04
  14500   0.35051E-04
  14510   0.35008E-04
  14520   0.34961E-04
  14530   0.34875E-04
  14540   0.34816E-04
  14550   0.34749E-04
  14560   0.34679E-04
  14570   0.34642E-04
  14580   0.34547E-04
  14590   0.34488E-04
  14600   0.34402E-04
  14610   0.34351E-04
  14620   0.34300E-04
  14630   0.34226E-04
  14640   0.34177E-04
  14650   0.34121E-04
  14660   0.34035E-04
  14670   0.33950E-04
  14680   0.33897E-04
  14690   0.33836E-04
  14700   0.33777E-04
  14710   0.33709E-04
  14720   0.33664E-04
  14730   0.33602E-04
  14740   0.33517E-04
  14750   0.33470E-04
  14760   0.33400E-04
  14770   0.33330E-04
  14780   0.33248E-04
  14790   0.33201E-04
  14800   0.33117E-04
  14810   0.33058E-04
  14820   0.33002E-04
  14830   0.32923E-04
  14840   0.32857E-04
  14850   0.32793E-04
  14860   0.32716E-04
  14870   0.32677E-04
  14880   0.32623E-04
  14890   0.32575E-04
  14900   0.32532E-04
  14910   0.32438E-04
  14920   0.32400E-04
  14930   0.32308E-04
  14940   0.32247E-04
  14950   0.32174E-04
  14960   0.32120E-04
  14970   0.32029E-04
  14980   0.31986E-04
  14990   0.31921E-04
  15000   0.31869E-04
  15010   0.31812E-04
  15020   0.31735E-04
  15030   0.31688E-04
  15040   0.31604E-04
  15050   0.31507E-04
  15060   0.31457E-04
  15070   0.31429E-04
  15080   0.31359E-04
  15090   0.31292E-04
  15100   0.31238E-04
  15110   0.31162E-04
  15120   0.31086E-04
  15130   0.31013E-04
  15140   0.30943E-04
  15150   0.30897E-04
  15160   0.30838E-04
  15170   0.30810E-04
  15180   0.30735E-04
  15190   0.30669E-04
  15200   0.30620E-04
  15210   0.30547E-04
  15220   0.30519E-04
  15230   0.30420E-04
  15240   0.30350E-04
  15250   0.30285E-04
  15260   0.30223E-04
  15270   0.30152E-04
  15280   0.30097E-04
  15290   0.30061E-04
  15300   0.29988E-04
  15310   0.29915E-04
  15320   0.29862E-04
  15330   0.29787E-04
  15340   0.29721E-04
  15350   0.29657E-04
  15360   0.29581E-04
  15370   0.29539E-04
  15380   0.29461E-04
  15390   0.29404E-04
  15400   0.29356E-04
  15410   0.29280E-04
  15420   0.29213E-04
  15430   0.29150E-04
  15440   0.29111E-04
  15450   0.29084E-04
  15460   0.28971E-04
  15470   0.28900E-04
  15480   0.28858E-04
  15490   0.28780E-04
  15500   0.28722E-04
  15510   0.28670E-04
  15520   0.28573E-04
  15530   0.28533E-04
  15540   0.28492E-04
  15550   0.28405E-04
  15560   0.28337E-04
  15570   0.28279E-04
  15580   0.28247E-04
  15590   0.28174E-04
  15600   0.28096E-04
  15610   0.28026E-04
  15620   0.27955E-04
  15630   0.27908E-04
  15640   0.27863E-04
  15650   0.27778E-04
  15660   0.27719E-04
  15670   0.27633E-04
  15680   0.27589E-04
  15690   0.27502E-04
  15700   0.27442E-04
  15710   0.27393E-04
  15720   0.27333E-04
  15730   0.27289E-04
  15740   0.27226E-04
  15750   0.27194E-04
  15760   0.27132E-04
  15770   0.27053E-04
  15780   0.27001E-04
  15790   0.26923E-04
  15800   0.26866E-04
  15810   0.26799E-04
  15820   0.26728E-04
  15830   0.26685E-04
  15840   0.26633E-04
  15850   0.26606E-04
  15860   0.26500E-04
  15870   0.26424E-04
  15880   0.26361E-04
  15890   0.26317E-04
  15900   0.26274E-04
  15910   0.26210E-04
  15920   0.26170E-04
  15930   0.26069E-04
  15940   0.26024E-04
  15950   0.25946E-04
  15960   0.25893E-04
  15970   0.25802E-04
  15980   0.25754E-04
  15990   0.25682E-04
  16000   0.25660E-04
  16010   0.25616E-04
  16020   0.25527E-04
  16030   0.25465E-04
  16040   0.25421E-04
  16050   0.25328E-04
  16060   0.25289E-04
  16070   0.25195E-04
  16080   0.25142E-04
  16090   0.25109E-04
  16100   0.25002E-04
  16110   0.24959E-04
  16120   0.24892E-04
  16130   0.24860E-04
  16140   0.24797E-04
  16150   0.24759E-04
  16160   0.24708E-04
  16170   0.24612E-04
  16180   0.24542E-04
  16190   0.24492E-04
  16200   0.24433E-04
  16210   0.24352E-04
  16220   0.24302E-04
  16230   0.24293E-04
  16240   0.24220E-04
  16250   0.24151E-04
  16260   0.24085E-04
  16270   0.24060E-04
  16280   0.23987E-04
  16290   0.23934E-04
  16300   0.23887E-04
  16310   0.23850E-04
  16320   0.23785E-04
  16330   0.23714E-04
  16340   0.23637E-04
  16350   0.23611E-04
  16360   0.23552E-04
  16370   0.23496E-04
  16380   0.23444E-04
  16390   0.23399E-04
  16400   0.23335E-04
  16410   0.23306E-04
  16420   0.23244E-04
  16430   0.23168E-04
  16440   0.23109E-04
  16450   0.23039E-04
  16460   0.23005E-04
  16470   0.22945E-04
  16480   0.22910E-04
  16490   0.22855E-04
  16500   0.22769E-04
  16510   0.22732E-04
  16520   0.22673E-04
  16530   0.22639E-04
  16540   0.22586E-04
  16550   0.22540E-04
  16560   0.22478E-04
  16570   0.22464E-04
  16580   0.22410E-04
  16590   0.22327E-04
  16600   0.22294E-04
  16610   0.22250E-04
  16620   0.22182E-04
  16630   0.22121E-04
  16640   0.22040E-04
  16650   0.22015E-04
  16660   0.21969E-04
  16670   0.21878E-04
  16680   0.21883E-04
  16690   0.21839E-04
  16700   0.21787E-04
  16710   0.21705E-04
  16720   0.21655E-04
  16730   0.21619E-04
  16740   0.21538E-04
  16750   0.21487E-04
  16760   0.21452E-04
  16770   0.21381E-04
  16780   0.21355E-04
  16790   0.21309E-04
  16800   0.21250E-04
  16810   0.21170E-04
  16820   0.21123E-04
  16830   0.21088E-04
  16840   0.21003E-04
  16850   0.20956E-04
  16860   0.20923E-04
  16870   0.20875E-04
  16880   0.20833E-04
  16890   0.20796E-04
  16900   0.20768E-04
  16910   0.20725E-04
  16920   0.20650E-04
  16930   0.20598E-04
  16940   0.20554E-04
  16950   0.20517E-04
  16960   0.20460E-04
  16970   0.20398E-04
  16980   0.20350E-04
  16990   0.20285E-04
  17000   0.20234E-04
  17010   0.20186E-04
  17020   0.20141E-04
  17030   0.20080E-04
  17040   0.20038E-04
  17050   0.19990E-04
  17060   0.19935E-04
  17070   0.19903E-04
  17080   0.19858E-04
  17090   0.19821E-04
  17100   0.19792E-04
  17110   0.19736E-04
  17120   0.19661E-04
  17130   0.19588E-04
  17140   0.19548E-04
  17150   0.19519E-04
  17160   0.19487E-04
  17170   0.19446E-04
  17180   0.19365E-04
  17190   0.19292E-04
  17200   0.19272E-04
  17210   0.19244E-04
  17220   0.19219E-04
  17230   0.19150E-04
  17240   0.19115E-04
  17250   0.19018E-04
  17260   0.18995E-04
  17270   0.18966E-04
  17280   0.18922E-04
  17290   0.18863E-04
  17300   0.18819E-04
  17310   0.18777E-04
  17320   0.18760E-04
  17330   0.18672E-04
  17340   0.18617E-04
  17350   0.18590E-04
  17360   0.18548E-04
  17370   0.18513E-04
  17380   0.18450E-04
  17390   0.18378E-04
  17400   0.18346E-04
  17410   0.18321E-04
  17420   0.18286E-04
  17430   0.18213E-04
  17440   0.18139E-04
  17450   0.18089E-04
  17460   0.18037E-04
  17470   0.18032E-04
  17480   0.17977E-04
  17490   0.17962E-04
  17500   0.17899E-04
  17510   0.17835E-04
  17520   0.17763E-04
  17530   0.17731E-04
  17540   0.17652E-04
  17550   0.17619E-04
  17560   0.17590E-04
  17570   0.17538E-04
  17580   0.17493E-04
  17590   0.17422E-04
  17600   0.17373E-04
  17610   0.17356E-04
  17620   0.17315E-04
  17630   0.17234E-04
  17640   0.17182E-04
  17650   0.17124E-04
  17660   0.17070E-04
  17670   0.17038E-04
  17680   0.16975E-04
  17690   0.16916E-04
  17700   0.16916E-04
  17710   0.16832E-04
  17720   0.16786E-04
  17730   0.16737E-04
  17740   0.16698E-04
  17750   0.16608E-04
  17760   0.16572E-04
  17770   0.16535E-04
  17780   0.16478E-04
  17790   0.16448E-04
  17800   0.16392E-04
  17810   0.16345E-04
  17820   0.16285E-04
  17830   0.16243E-04
  17840   0.16180E-04
  17850   0.16121E-04
  17860   0.16079E-04
  17870   0.16028E-04
  17880   0.15982E-04
  17890   0.15919E-04
  17900   0.15866E-04
  17910   0.15827E-04
  17920   0.15759E-04
  17930   0.15724E-04
  17940   0.15671E-04
  17950   0.15615E-04
  17960   0.15569E-04
  17970   0.15513E-04
  17980   0.15448E-04
  17990   0.15408E-04
  18000   0.15351E-04
  18010   0.15298E-04
  18020   0.15235E-04
  18030   0.15167E-04
  18040   0.15125E-04
  18050   0.15086E-04
  18060   0.15031E-04
  18070   0.15001E-04
  18080   0.14908E-04
  18090   0.14917E-04
  18100   0.14850E-04
  18110   0.14778E-04
  18120   0.14728E-04
  18130   0.14694E-04
  18140   0.14647E-04
  18150   0.14607E-04
  18160   0.14539E-04
  18170   0.14478E-04
  18180   0.14419E-04
  18190   0.14361E-04
  18200   0.14323E-04
  18210   0.14266E-04
  18220   0.14231E-04
  18230   0.14184E-04
  18240   0.14135E-04
  18250   0.14095E-04
  18260   0.13993E-04
  18270   0.13957E-04
  18280   0.13888E-04
  18290   0.13841E-04
  18300   0.13809E-04
  18310   0.13764E-04
  18320   0.13730E-04
  18330   0.13669E-04
  18340   0.13630E-04
  18350   0.13578E-04
  18360   0.13527E-04
  18370   0.13468E-04
  18380   0.13410E-04
  18390   0.13366E-04
  18400   0.13323E-04
  18410   0.13259E-04
  18420   0.13187E-04
  18430   0.13136E-04
  18440   0.13108E-04
  18450   0.13062E-04
  18460   0.13006E-04
  18470   0.12930E-04
  18480   0.12901E-04
  18490   0.12862E-04
  18500   0.12817E-04
  18510   0.12779E-04
  18520   0.12715E-04
  18530   0.12697E-04
  18540   0.12622E-04
  18550   0.12551E-04
  18560   0.12532E-04
  18570   0.12470E-04
  18580   0.12434E-04
  18590   0.12404E-04
  18600   0.12334E-04
  18610   0.12280E-04
  18620   0.12240E-04
  18630   0.12205E-04
  18640   0.12166E-04
  18650   0.12114E-04
  18660   0.12062E-04
  18670   0.12002E-04
  18680   0.11937E-04
  18690   0.11881E-04
  18700   0.11856E-04
  18710   0.11806E-04
  18720   0.11755E-04
  18730   0.11715E-04
  18740   0.11650E-04
  18750   0.11630E-04
  18760   0.11588E-04
  18770   0.11549E-04
  18780   0.11489E-04
  18790   0.11443E-04
  18800   0.11407E-04
  18810   0.11338E-04
  18820   0.11327E-04
  18830   0.11255E-04
  18840   0.11205E-04
  18850   0.11198E-04
  18860   0.11139E-04
  18870   0.11113E-04
  18880   0.11058E-04
  18890   0.11016E-04
  18900   0.10942E-04
  18910   0.10894E-04
  18920   0.10872E-04
  18930   0.10839E-04
  18940   0.10796E-04
  18950   0.10758E-04
  18960   0.10714E-04
  18970   0.10673E-04
  18980   0.10622E-04
  18990   0.10596E-04
  19000   0.10508E-04
  19010   0.10486E-04
  19020   0.10440E-04
  19030   0.10408E-04
  19040   0.10398E-04
  19050   0.10318E-04
  19060   0.10276E-04
  19070   0.10231E-04
  19080   0.10194E-04
  19090   0.10139E-04
  19100   0.10104E-04
  19110   0.10046E-04
  19120   0.10011E-04
  19130   0.99660E-05
  19140   0.99445E-05
  19150   0.98820E-05
  19160   0.98754E-05
  19170   0.98137E-05
  19180   0.97948E-05
  19190   0.97219E-05
  19200   0.97008E-05
  19210   0.96379E-05
  19220   0.95744E-05
  19230   0.95377E-05
  19240   0.95171E-05
  19250   0.94793E-05
  19260   0.94431E-05
  19270   0.94000E-05
  19280   0.93617E-05
  19290   0.93009E-05
  19300   0.92601E-05
  19310   0.92214E-05
  19320   0.91877E-05
  19330   0.91551E-05
  19340   0.91240E-05
  19350   0.91016E-05
  19360   0.90373E-05
  19370   0.90150E-05
  19380   0.89490E-05
  19390   0.89049E-05
  19400   0.88877E-05
  19410   0.88334E-05
  19420   0.87974E-05
  19430   0.87547E-05
  19440   0.87476E-05
  19450   0.87267E-05
  19460   0.86623E-05
  19470   0.86303E-05
  19480   0.85689E-05
  19490   0.85247E-05
  19500   0.84958E-05
  19510   0.84526E-05
  19520   0.84204E-05
  19530   0.83753E-05
  19540   0.83635E-05
  19550   0.83109E-05
  19560   0.82617E-05
  19570   0.82073E-05
  19580   0.81764E-05
  19590   0.81571E-05
  19600   0.81206E-05
  19610   0.80947E-05
  19620   0.80627E-05
  19630   0.80168E-05
  19640   0.79779E-05
  19650   0.79412E-05
  19660   0.79223E-05
  19670   0.78825E-05
  19680   0.78560E-05
  19690   0.77981E-05
  19700   0.77674E-05
  19710   0.77546E-05
  19720   0.77207E-05
  19730   0.76548E-05
  19740   0.76212E-05
  19750   0.75925E-05
  19760   0.75625E-05
  19770   0.75152E-05
  19780   0.74942E-05
  19790   0.74752E-05
  19800   0.74352E-05
  19810   0.74185E-05
  19820   0.73763E-05
  19830   0.72915E-05
  19840   0.72724E-05
  19850   0.72228E-05
  19860   0.72071E-05
  19870   0.71720E-05
  19880   0.71298E-05
  19890   0.71073E-05
  19900   0.70786E-05
  19910   0.70582E-05
  19920   0.70024E-05
  19930   0.69960E-05
  19940   0.69571E-05
  19950   0.69285E-05
  19960   0.69146E-05
  19970   0.68620E-05
  19980   0.68221E-05
  19990   0.68063E-05
  20000   0.67583E-05
