     10   0.12450E-02
     20   0.11177E-02
     30   0.10189E-02
     40   0.94067E-03
     50   0.87759E-03
     60   0.82533E-03
     70   0.78150E-03
     80   0.74392E-03
     90   0.71115E-03
    100   0.68212E-03
    110   0.65603E-03
    120   0.63234E-03
    130   0.61061E-03
    140   0.59044E-03
    150   0.57163E-03
    160   0.55394E-03
    170   0.53725E-03
    180   0.52146E-03
    190   0.50644E-03
    200   0.49205E-03
    210   0.47813E-03
    220   0.46485E-03
    230   0.45209E-03
    240   0.43970E-03
    250   0.42767E-03
    260   0.41616E-03
    270   0.40506E-03
    280   0.39425E-03
    290   0.38391E-03
    300   0.37393E-03
    310   0.36439E-03
    320   0.35520E-03
    330   0.34633E-03
    340   0.33770E-03
    350   0.32937E-03
    360   0.32135E-03
    370   0.31365E-03
    380   0.30614E-03
    390   0.29895E-03
    400   0.29202E-03
    410   0.28542E-03
    420   0.27909E-03
    430   0.27304E-03
    440   0.26714E-03
    450   0.26147E-03
    460   0.25604E-03
    470   0.25081E-03
    480   0.24577E-03
    490   0.24098E-03
    500   0.23631E-03
    510   0.23189E-03
    520   0.22766E-03
    530   0.22358E-03
    540   0.21963E-03
    550   0.21588E-03
    560   0.21226E-03
    570   0.20875E-03
    580   0.20542E-03
    590   0.20223E-03
    600   0.19918E-03
    610   0.19624E-03
    620   0.19343E-03
    630   0.19074E-03
    640   0.18818E-03
    650   0.18579E-03
    660   0.18351E-03
    670   0.18140E-03
    680   0.17942E-03
    690   0.17754E-03
    700   0.17581E-03
    710   0.17415E-03
    720   0.17264E-03
    730   0.17126E-03
    740   0.16995E-03
    750   0.16874E-03
    760   0.16763E-03
    770   0.16655E-03
    780   0.16553E-03
    790   0.16459E-03
    800   0.16369E-03
    810   0.16278E-03
    820   0.16188E-03
    830   0.16101E-03
    840   0.16012E-03
    850   0.15923E-03
    860   0.15833E-03
    870   0.15739E-03
    880   0.15644E-03
    890   0.15548E-03
    900   0.15448E-03
    910   0.15343E-03
    920   0.15237E-03
    930   0.15128E-03
    940   0.15018E-03
    950   0.14907E-03
    960   0.14795E-03
    970   0.14681E-03
    980   0.14568E-03
    990   0.14455E-03
   1000   0.14347E-03
   1010   0.14240E-03
   1020   0.14136E-03
   1030   0.14035E-03
   1040   0.13939E-03
   1050   0.13847E-03
   1060   0.13762E-03
   1070   0.13683E-03
   1080   0.13610E-03
   1090   0.13545E-03
   1100   0.13486E-03
   1110   0.13435E-03
   1120   0.13390E-03
   1130   0.13353E-03
   1140   0.13325E-03
   1150   0.13304E-03
   1160   0.13289E-03
   1170   0.13281E-03
   1180   0.13279E-03
   1190   0.13284E-03
   1200   0.13295E-03
   1210   0.13310E-03
   1220   0.13331E-03
   1230   0.13355E-03
   1240   0.13383E-03
   1250   0.13415E-03
   1260   0.13447E-03
   1270   0.13482E-03
   1280   0.13518E-03
   1290   0.13554E-03
   1300   0.13590E-03
   1310   0.13626E-03
   1320   0.13661E-03
   1330   0.13692E-03
   1340   0.13723E-03
   1350   0.13751E-03
   1360   0.13775E-03
   1370   0.13796E-03
   1380   0.13814E-03
   1390   0.13828E-03
   1400   0.13838E-03
   1410   0.13843E-03
   1420   0.13845E-03
   1430   0.13841E-03
   1440   0.13836E-03
   1450   0.13823E-03
   1460   0.13807E-03
   1470   0.13787E-03
   1480   0.13764E-03
   1490   0.13734E-03
   1500   0.13703E-03
   1510   0.13668E-03
   1520   0.13628E-03
   1530   0.13586E-03
   1540   0.13539E-03
   1550   0.13491E-03
   1560   0.13441E-03
   1570   0.13385E-03
   1580   0.13329E-03
   1590   0.13271E-03
   1600   0.13209E-03
   1610   0.13147E-03
   1620   0.13082E-03
   1630   0.13014E-03
   1640   0.12946E-03
   1650   0.12877E-03
   1660   0.12804E-03
   1670   0.12732E-03
   1680   0.12658E-03
   1690   0.12584E-03
   1700   0.12510E-03
   1710   0.12435E-03
   1720   0.12356E-03
   1730   0.12282E-03
   1740   0.12206E-03
   1750   0.12129E-03
   1760   0.12057E-03
   1770   0.11983E-03
   1780   0.11910E-03
   1790   0.11841E-03
   1800   0.11773E-03
   1810   0.11706E-03
   1820   0.11643E-03
   1830   0.11585E-03
   1840   0.11526E-03
   1850   0.11474E-03
   1860   0.11426E-03
   1870   0.11380E-03
   1880   0.11342E-03
   1890   0.11303E-03
   1900   0.11271E-03
   1910   0.11246E-03
   1920   0.11224E-03
   1930   0.11208E-03
   1940   0.11195E-03
   1950   0.11188E-03
   1960   0.11186E-03
   1970   0.11188E-03
   1980   0.11194E-03
   1990   0.11204E-03
   2000   0.11220E-03
   2010   0.11240E-03
   2020   0.11262E-03
   2030   0.11287E-03
   2040   0.11313E-03
   2050   0.11345E-03
   2060   0.11376E-03
   2070   0.11410E-03
   2080   0.11445E-03
   2090   0.11481E-03
   2100   0.11519E-03
   2110   0.11555E-03
   2120   0.11591E-03
   2130   0.11627E-03
   2140   0.11664E-03
   2150   0.11698E-03
   2160   0.11732E-03
   2170   0.11765E-03
   2180   0.11794E-03
   2190   0.11826E-03
   2200   0.11853E-03
   2210   0.11877E-03
   2220   0.11901E-03
   2230   0.11921E-03
   2240   0.11940E-03
   2250   0.11951E-03
   2260   0.11968E-03
   2270   0.11978E-03
   2280   0.11988E-03
   2290   0.11995E-03
   2300   0.11998E-03
   2310   0.12002E-03
   2320   0.12003E-03
   2330   0.12002E-03
   2340   0.11998E-03
   2350   0.11995E-03
   2360   0.11989E-03
   2370   0.11983E-03
   2380   0.11978E-03
   2390   0.11971E-03
   2400   0.11961E-03
   2410   0.11951E-03
   2420   0.11944E-03
   2430   0.11934E-03
   2440   0.11929E-03
   2450   0.11923E-03
   2460   0.11915E-03
   2470   0.11911E-03
   2480   0.11905E-03
   2490   0.11899E-03
   2500   0.11899E-03
   2510   0.11897E-03
   2520   0.11901E-03
   2530   0.11901E-03
   2540   0.11904E-03
   2550   0.11909E-03
   2560   0.11915E-03
   2570   0.11924E-03
   2580   0.11933E-03
   2590   0.11945E-03
   2600   0.11956E-03
   2610   0.11969E-03
   2620   0.11984E-03
   2630   0.11997E-03
   2640   0.12012E-03
   2650   0.12029E-03
   2660   0.12047E-03
   2670   0.12061E-03
   2680   0.12079E-03
   2690   0.12096E-03
   2700   0.12111E-03
   2710   0.12125E-03
   2720   0.12141E-03
   2730   0.12155E-03
   2740   0.12169E-03
   2750   0.12179E-03
   2760   0.12188E-03
   2770   0.12199E-03
   2780   0.12206E-03
   2790   0.12211E-03
   2800   0.12212E-03
   2810   0.12216E-03
   2820   0.12215E-03
   2830   0.12212E-03
   2840   0.12207E-03
   2850   0.12199E-03
   2860   0.12191E-03
   2870   0.12177E-03
   2880   0.12164E-03
   2890   0.12147E-03
   2900   0.12130E-03
   2910   0.12109E-03
   2920   0.12085E-03
   2930   0.12059E-03
   2940   0.12033E-03
   2950   0.12004E-03
   2960   0.11971E-03
   2970   0.11940E-03
   2980   0.11908E-03
   2990   0.11874E-03
   3000   0.11835E-03
   3010   0.11798E-03
   3020   0.11759E-03
   3030   0.11719E-03
   3040   0.11680E-03
   3050   0.11640E-03
   3060   0.11598E-03
   3070   0.11558E-03
   3080   0.11518E-03
   3090   0.11479E-03
   3100   0.11441E-03
   3110   0.11404E-03
   3120   0.11367E-03
   3130   0.11331E-03
   3140   0.11297E-03
   3150   0.11266E-03
   3160   0.11238E-03
   3170   0.11209E-03
   3180   0.11185E-03
   3190   0.11163E-03
   3200   0.11144E-03
   3210   0.11128E-03
   3220   0.11115E-03
   3230   0.11105E-03
   3240   0.11099E-03
   3250   0.11095E-03
   3260   0.11098E-03
   3270   0.11102E-03
   3280   0.11110E-03
   3290   0.11123E-03
   3300   0.11139E-03
   3310   0.11159E-03
   3320   0.11184E-03
   3330   0.11211E-03
   3340   0.11246E-03
   3350   0.11280E-03
   3360   0.11320E-03
   3370   0.11364E-03
   3380   0.11410E-03
   3390   0.11461E-03
   3400   0.11514E-03
   3410   0.11573E-03
   3420   0.11631E-03
   3430   0.11695E-03
   3440   0.11760E-03
   3450   0.11828E-03
   3460   0.11897E-03
   3470   0.11970E-03
   3480   0.12047E-03
   3490   0.12120E-03
   3500   0.12195E-03
   3510   0.12276E-03
   3520   0.12356E-03
   3530   0.12438E-03
   3540   0.12520E-03
   3550   0.12604E-03
   3560   0.12687E-03
   3570   0.12771E-03
   3580   0.12855E-03
   3590   0.12939E-03
   3600   0.13022E-03
   3610   0.13107E-03
   3620   0.13190E-03
   3630   0.13273E-03
   3640   0.13355E-03
   3650   0.13438E-03
   3660   0.13521E-03
   3670   0.13598E-03
   3680   0.13680E-03
   3690   0.13758E-03
   3700   0.13836E-03
   3710   0.13913E-03
   3720   0.13989E-03
   3730   0.14064E-03
   3740   0.14134E-03
   3750   0.14206E-03
   3760   0.14278E-03
   3770   0.14342E-03
   3780   0.14412E-03
   3790   0.14477E-03
   3800   0.14541E-03
   3810   0.14600E-03
   3820   0.14661E-03
   3830   0.14721E-03
   3840   0.14780E-03
   3850   0.14833E-03
   3860   0.14887E-03
   3870   0.14940E-03
   3880   0.14987E-03
   3890   0.15034E-03
   3900   0.15078E-03
   3910   0.15123E-03
   3920   0.15167E-03
   3930   0.15210E-03
   3940   0.15248E-03
   3950   0.15281E-03
   3960   0.15317E-03
   3970   0.15348E-03
   3980   0.15377E-03
   3990   0.15409E-03
   4000   0.15436E-03
   4010   0.15458E-03
   4020   0.15480E-03
   4030   0.15502E-03
   4040   0.15520E-03
   4050   0.15535E-03
   4060   0.15551E-03
   4070   0.15561E-03
   4080   0.15574E-03
   4090   0.15579E-03
   4100   0.15588E-03
   4110   0.15587E-03
   4120   0.15591E-03
   4130   0.15592E-03
   4140   0.15588E-03
   4150   0.15584E-03
   4160   0.15578E-03
   4170   0.15571E-03
   4180   0.15560E-03
   4190   0.15552E-03
   4200   0.15540E-03
   4210   0.15517E-03
   4220   0.15500E-03
   4230   0.15485E-03
   4240   0.15464E-03
   4250   0.15441E-03
   4260   0.15417E-03
   4270   0.15389E-03
   4280   0.15366E-03
   4290   0.15337E-03
   4300   0.15308E-03
   4310   0.15272E-03
   4320   0.15243E-03
   4330   0.15207E-03
   4340   0.15172E-03
   4350   0.15136E-03
   4360   0.15097E-03
   4370   0.15055E-03
   4380   0.15016E-03
   4390   0.14974E-03
   4400   0.14932E-03
   4410   0.14888E-03
   4420   0.14844E-03
   4430   0.14800E-03
   4440   0.14753E-03
   4450   0.14703E-03
   4460   0.14657E-03
   4470   0.14604E-03
   4480   0.14555E-03
   4490   0.14504E-03
   4500   0.14453E-03
   4510   0.14400E-03
   4520   0.14353E-03
   4530   0.14295E-03
   4540   0.14242E-03
   4550   0.14186E-03
   4560   0.14135E-03
   4570   0.14076E-03
   4580   0.14017E-03
   4590   0.13964E-03
   4600   0.13905E-03
   4610   0.13848E-03
   4620   0.13789E-03
   4630   0.13727E-03
   4640   0.13670E-03
   4650   0.13613E-03
   4660   0.13550E-03
   4670   0.13487E-03
   4680   0.13427E-03
   4690   0.13366E-03
   4700   0.13301E-03
   4710   0.13238E-03
   4720   0.13178E-03
   4730   0.13111E-03
   4740   0.13045E-03
   4750   0.12980E-03
   4760   0.12917E-03
   4770   0.12848E-03
   4780   0.12786E-03
   4790   0.12717E-03
   4800   0.12646E-03
   4810   0.12580E-03
   4820   0.12512E-03
   4830   0.12443E-03
   4840   0.12370E-03
   4850   0.12301E-03
   4860   0.12231E-03
   4870   0.12162E-03
   4880   0.12091E-03
   4890   0.12019E-03
   4900   0.11950E-03
   4910   0.11875E-03
   4920   0.11801E-03
   4930   0.11730E-03
   4940   0.11656E-03
   4950   0.11587E-03
   4960   0.11511E-03
   4970   0.11434E-03
   4980   0.11365E-03
   4990   0.11287E-03
   5000   0.11214E-03
   5010   0.11139E-03
   5020   0.11065E-03
   5030   0.10988E-03
   5040   0.10918E-03
   5050   0.10840E-03
   5060   0.10767E-03
   5070   0.10691E-03
   5080   0.10617E-03
   5090   0.10545E-03
   5100   0.10469E-03
   5110   0.10393E-03
   5120   0.10318E-03
   5130   0.10249E-03
   5140   0.10179E-03
   5150   0.10103E-03
   5160   0.10029E-03
   5170   0.99566E-04
   5180   0.98846E-04
   5190   0.98140E-04
   5200   0.97450E-04
   5210   0.96748E-04
   5220   0.96052E-04
   5230   0.95383E-04
   5240   0.94675E-04
   5250   0.94000E-04
   5260   0.93361E-04
   5270   0.92682E-04
   5280   0.92016E-04
   5290   0.91393E-04
   5300   0.90738E-04
   5310   0.90100E-04
   5320   0.89497E-04
   5330   0.88862E-04
   5340   0.88265E-04
   5350   0.87665E-04
   5360   0.87077E-04
   5370   0.86510E-04
   5380   0.85928E-04
   5390   0.85372E-04
   5400   0.84820E-04
   5410   0.84254E-04
   5420   0.83716E-04
   5430   0.83191E-04
   5440   0.82690E-04
   5450   0.82187E-04
   5460   0.81676E-04
   5470   0.81193E-04
   5480   0.80708E-04
   5490   0.80220E-04
   5500   0.79761E-04
   5510   0.79294E-04
   5520   0.78871E-04
   5530   0.78429E-04
   5540   0.77995E-04
   5550   0.77570E-04
   5560   0.77158E-04
   5570   0.76761E-04
   5580   0.76366E-04
   5590   0.75967E-04
   5600   0.75584E-04
   5610   0.75215E-04
   5620   0.74858E-04
   5630   0.74492E-04
   5640   0.74140E-04
   5650   0.73776E-04
   5660   0.73456E-04
   5670   0.73123E-04
   5680   0.72796E-04
   5690   0.72511E-04
   5700   0.72165E-04
   5710   0.71875E-04
   5720   0.71590E-04
   5730   0.71284E-04
   5740   0.70998E-04
   5750   0.70734E-04
   5760   0.70442E-04
   5770   0.70173E-04
   5780   0.69908E-04
   5790   0.69664E-04
   5800   0.69388E-04
   5810   0.69149E-04
   5820   0.68923E-04
   5830   0.68626E-04
   5840   0.68419E-04
   5850   0.68196E-04
   5860   0.67948E-04
   5870   0.67739E-04
   5880   0.67506E-04
   5890   0.67299E-04
   5900   0.67100E-04
   5910   0.66873E-04
   5920   0.66682E-04
   5930   0.66470E-04
   5940   0.66288E-04
   5950   0.66098E-04
   5960   0.65877E-04
   5970   0.65727E-04
   5980   0.65543E-04
   5990   0.65335E-04
   6000   0.65179E-04
   6010   0.65004E-04
   6020   0.64839E-04
   6030   0.64668E-04
   6040   0.64508E-04
   6050   0.64338E-04
   6060   0.64194E-04
   6070   0.64069E-04
   6080   0.63914E-04
   6090   0.63739E-04
   6100   0.63600E-04
   6110   0.63426E-04
   6120   0.63324E-04
   6130   0.63177E-04
   6140   0.63070E-04
   6150   0.62919E-04
   6160   0.62782E-04
   6170   0.62661E-04
   6180   0.62551E-04
   6190   0.62405E-04
   6200   0.62285E-04
   6210   0.62158E-04
   6220   0.62074E-04
   6230   0.61953E-04
   6240   0.61842E-04
   6250   0.61731E-04
   6260   0.61623E-04
   6270   0.61549E-04
   6280   0.61431E-04
   6290   0.61359E-04
   6300   0.61233E-04
   6310   0.61146E-04
   6320   0.61027E-04
   6330   0.60950E-04
   6340   0.60877E-04
   6350   0.60803E-04
   6360   0.60668E-04
   6370   0.60642E-04
   6380   0.60534E-04
   6390   0.60440E-04
   6400   0.60374E-04
   6410   0.60320E-04
   6420   0.60226E-04
   6430   0.60147E-04
   6440   0.60090E-04
   6450   0.60059E-04
   6460   0.59955E-04
   6470   0.59880E-04
   6480   0.59838E-04
   6490   0.59785E-04
   6500   0.59722E-04
   6510   0.59673E-04
   6520   0.59596E-04
   6530   0.59531E-04
   6540   0.59475E-04
   6550   0.59463E-04
   6560   0.59386E-04
   6570   0.59324E-04
   6580   0.59300E-04
   6590   0.59274E-04
   6600   0.59212E-04
   6610   0.59176E-04
   6620   0.59122E-04
   6630   0.59085E-04
   6640   0.59033E-04
   6650   0.59026E-04
   6660   0.58970E-04
   6670   0.58948E-04
   6680   0.58911E-04
   6690   0.58874E-04
   6700   0.58848E-04
   6710   0.58815E-04
   6720   0.58821E-04
   6730   0.58788E-04
   6740   0.58770E-04
   6750   0.58727E-04
   6760   0.58726E-04
   6770   0.58707E-04
   6780   0.58688E-04
   6790   0.58632E-04
   6800   0.58658E-04
   6810   0.58635E-04
   6820   0.58615E-04
   6830   0.58617E-04
   6840   0.58620E-04
   6850   0.58625E-04
   6860   0.58604E-04
   6870   0.58593E-04
   6880   0.58603E-04
   6890   0.58593E-04
   6900   0.58588E-04
   6910   0.58607E-04
   6920   0.58598E-04
   6930   0.58628E-04
   6940   0.58611E-04
   6950   0.58637E-04
   6960   0.58660E-04
   6970   0.58630E-04
   6980   0.58684E-04
   6990   0.58681E-04
   7000   0.58688E-04
   7010   0.58723E-04
   7020   0.58727E-04
   7030   0.58721E-04
   7040   0.58726E-04
   7050   0.58766E-04
   7060   0.58797E-04
   7070   0.58836E-04
   7080   0.58846E-04
   7090   0.58853E-04
   7100   0.58873E-04
   7110   0.58932E-04
   7120   0.58949E-04
   7130   0.58989E-04
   7140   0.59007E-04
   7150   0.59023E-04
   7160   0.59081E-04
   7170   0.59119E-04
   7180   0.59195E-04
   7190   0.59189E-04
   7200   0.59235E-04
   7210   0.59265E-04
   7220   0.59272E-04
   7230   0.59338E-04
   7240   0.59372E-04
   7250   0.59414E-04
   7260   0.59458E-04
   7270   0.59497E-04
   7280   0.59547E-04
   7290   0.59585E-04
   7300   0.59623E-04
   7310   0.59672E-04
   7320   0.59736E-04
   7330   0.59781E-04
   7340   0.59821E-04
   7350   0.59836E-04
   7360   0.59897E-04
   7370   0.59978E-04
   7380   0.60010E-04
   7390   0.60062E-04
   7400   0.60130E-04
   7410   0.60136E-04
   7420   0.60185E-04
   7430   0.60256E-04
   7440   0.60298E-04
   7450   0.60346E-04
   7460   0.60394E-04
   7470   0.60444E-04
   7480   0.60497E-04
   7490   0.60532E-04
   7500   0.60577E-04
   7510   0.60660E-04
   7520   0.60682E-04
   7530   0.60726E-04
   7540   0.60776E-04
   7550   0.60802E-04
   7560   0.60887E-04
   7570   0.60921E-04
   7580   0.60988E-04
   7590   0.61020E-04
   7600   0.61076E-04
   7610   0.61103E-04
   7620   0.61145E-04
   7630   0.61193E-04
   7640   0.61215E-04
   7650   0.61277E-04
   7660   0.61324E-04
   7670   0.61363E-04
   7680   0.61400E-04
   7690   0.61426E-04
   7700   0.61477E-04
   7710   0.61509E-04
   7720   0.61536E-04
   7730   0.61581E-04
   7740   0.61627E-04
   7750   0.61653E-04
   7760   0.61691E-04
   7770   0.61726E-04
   7780   0.61748E-04
   7790   0.61763E-04
   7800   0.61811E-04
   7810   0.61826E-04
   7820   0.61853E-04
   7830   0.61873E-04
   7840   0.61905E-04
   7850   0.61923E-04
   7860   0.61913E-04
   7870   0.61961E-04
   7880   0.61963E-04
   7890   0.61998E-04
   7900   0.62002E-04
   7910   0.61999E-04
   7920   0.62031E-04
   7930   0.62034E-04
   7940   0.62040E-04
   7950   0.62025E-04
   7960   0.62039E-04
   7970   0.62066E-04
   7980   0.62065E-04
   7990   0.62056E-04
   8000   0.62076E-04
   8010   0.62087E-04
   8020   0.62049E-04
   8030   0.62070E-04
   8040   0.62074E-04
   8050   0.62049E-04
   8060   0.62044E-04
   8070   0.62014E-04
   8080   0.62015E-04
   8090   0.62009E-04
   8100   0.62006E-04
   8110   0.61996E-04
   8120   0.61967E-04
   8130   0.61958E-04
   8140   0.61923E-04
   8150   0.61904E-04
   8160   0.61895E-04
   8170   0.61873E-04
   8180   0.61834E-04
   8190   0.61814E-04
   8200   0.61756E-04
   8210   0.61758E-04
   8220   0.61729E-04
   8230   0.61709E-04
   8240   0.61665E-04
   8250   0.61624E-04
   8260   0.61583E-04
   8270   0.61550E-04
   8280   0.61501E-04
   8290   0.61474E-04
   8300   0.61458E-04
   8310   0.61416E-04
   8320   0.61365E-04
   8330   0.61322E-04
   8340   0.61274E-04
   8350   0.61233E-04
   8360   0.61195E-04
   8370   0.61151E-04
   8380   0.61126E-04
   8390   0.61060E-04
   8400   0.61022E-04
   8410   0.60976E-04
   8420   0.60929E-04
   8430   0.60885E-04
   8440   0.60832E-04
   8450   0.60777E-04
   8460   0.60717E-04
   8470   0.60634E-04
   8480   0.60607E-04
   8490   0.60565E-04
   8500   0.60520E-04
   8510   0.60436E-04
   8520   0.60414E-04
   8530   0.60341E-04
   8540   0.60294E-04
   8550   0.60266E-04
   8560   0.60195E-04
   8570   0.60148E-04
   8580   0.60079E-04
   8590   0.60024E-04
   8600   0.59959E-04
   8610   0.59936E-04
   8620   0.59851E-04
   8630   0.59779E-04
   8640   0.59758E-04
   8650   0.59697E-04
   8660   0.59662E-04
   8670   0.59577E-04
   8680   0.59547E-04
   8690   0.59474E-04
   8700   0.59418E-04
   8710   0.59379E-04
   8720   0.59332E-04
   8730   0.59282E-04
   8740   0.59214E-04
   8750   0.59158E-04
   8760   0.59121E-04
   8770   0.59071E-04
   8780   0.59016E-04
   8790   0.58960E-04
   8800   0.58929E-04
   8810   0.58860E-04
   8820   0.58811E-04
   8830   0.58768E-04
   8840   0.58705E-04
   8850   0.58656E-04
   8860   0.58626E-04
   8870   0.58561E-04
   8880   0.58532E-04
   8890   0.58471E-04
   8900   0.58441E-04
   8910   0.58394E-04
   8920   0.58377E-04
   8930   0.58327E-04
   8940   0.58269E-04
   8950   0.58216E-04
   8960   0.58176E-04
   8970   0.58141E-04
   8980   0.58132E-04
   8990   0.58081E-04
   9000   0.58047E-04
   9010   0.58007E-04
   9020   0.57965E-04
   9030   0.57933E-04
   9040   0.57904E-04
   9050   0.57871E-04
   9060   0.57831E-04
   9070   0.57806E-04
   9080   0.57775E-04
   9090   0.57750E-04
   9100   0.57713E-04
   9110   0.57698E-04
   9120   0.57660E-04
   9130   0.57660E-04
   9140   0.57605E-04
   9150   0.57595E-04
   9160   0.57569E-04
   9170   0.57561E-04
   9180   0.57522E-04
   9190   0.57509E-04
   9200   0.57465E-04
   9210   0.57424E-04
   9220   0.57449E-04
   9230   0.57435E-04
   9240   0.57418E-04
   9250   0.57394E-04
   9260   0.57387E-04
   9270   0.57367E-04
   9280   0.57350E-04
   9290   0.57327E-04
   9300   0.57331E-04
   9310   0.57315E-04
   9320   0.57293E-04
   9330   0.57251E-04
   9340   0.57270E-04
   9350   0.57262E-04
   9360   0.57237E-04
   9370   0.57231E-04
   9380   0.57253E-04
   9390   0.57232E-04
   9400   0.57223E-04
   9410   0.57233E-04
   9420   0.57232E-04
   9430   0.57221E-04
   9440   0.57220E-04
   9450   0.57209E-04
   9460   0.57209E-04
   9470   0.57208E-04
   9480   0.57206E-04
   9490   0.57197E-04
   9500   0.57200E-04
   9510   0.57199E-04
   9520   0.57222E-04
   9530   0.57191E-04
   9540   0.57191E-04
   9550   0.57203E-04
   9560   0.57217E-04
   9570   0.57200E-04
   9580   0.57212E-04
   9590   0.57224E-04
   9600   0.57241E-04
   9610   0.57246E-04
   9620   0.57243E-04
   9630   0.57228E-04
   9640   0.57250E-04
   9650   0.57250E-04
   9660   0.57279E-04
   9670   0.57265E-04
   9680   0.57261E-04
   9690   0.57274E-04
   9700   0.57293E-04
   9710   0.57301E-04
   9720   0.57306E-04
   9730   0.57309E-04
   9740   0.57317E-04
   9750   0.57333E-04
   9760   0.57342E-04
   9770   0.57343E-04
   9780   0.57342E-04
   9790   0.57351E-04
   9800   0.57365E-04
   9810   0.57368E-04
   9820   0.57400E-04
   9830   0.57415E-04
   9840   0.57407E-04
   9850   0.57397E-04
   9860   0.57398E-04
   9870   0.57434E-04
   9880   0.57436E-04
   9890   0.57453E-04
   9900   0.57448E-04
   9910   0.57458E-04
   9920   0.57460E-04
   9930   0.57488E-04
   9940   0.57491E-04
   9950   0.57476E-04
   9960   0.57511E-04
   9970   0.57519E-04
   9980   0.57522E-04
   9990   0.57518E-04
  10000   0.57546E-04
  10010   0.57563E-04
  10020   0.57554E-04
  10030   0.57551E-04
  10040   0.57536E-04
  10050   0.57586E-04
  10060   0.57583E-04
  10070   0.57577E-04
  10080   0.57589E-04
  10090   0.57607E-04
  10100   0.57591E-04
  10110   0.57626E-04
  10120   0.57642E-04
  10130   0.57637E-04
  10140   0.57656E-04
  10150   0.57652E-04
  10160   0.57637E-04
  10170   0.57642E-04
  10180   0.57648E-04
  10190   0.57645E-04
  10200   0.57669E-04
  10210   0.57661E-04
  10220   0.57673E-04
  10230   0.57670E-04
  10240   0.57670E-04
  10250   0.57667E-04
  10260   0.57665E-04
  10270   0.57676E-04
  10280   0.57682E-04
  10290   0.57672E-04
  10300   0.57690E-04
  10310   0.57666E-04
  10320   0.57673E-04
  10330   0.57677E-04
  10340   0.57663E-04
  10350   0.57679E-04
  10360   0.57672E-04
  10370   0.57659E-04
  10380   0.57656E-04
  10390   0.57653E-04
  10400   0.57647E-04
  10410   0.57637E-04
  10420   0.57637E-04
  10430   0.57645E-04
  10440   0.57627E-04
  10450   0.57621E-04
  10460   0.57613E-04
  10470   0.57590E-04
  10480   0.57614E-04
  10490   0.57597E-04
  10500   0.57591E-04
  10510   0.57572E-04
  10520   0.57556E-04
  10530   0.57556E-04
  10540   0.57541E-04
  10550   0.57504E-04
  10560   0.57498E-04
  10570   0.57477E-04
  10580   0.57466E-04
  10590   0.57443E-04
  10600   0.57453E-04
  10610   0.57435E-04
  10620   0.57424E-04
  10630   0.57409E-04
  10640   0.57385E-04
  10650   0.57355E-04
  10660   0.57319E-04
  10670   0.57317E-04
  10680   0.57278E-04
  10690   0.57269E-04
  10700   0.57234E-04
  10710   0.57198E-04
  10720   0.57182E-04
  10730   0.57158E-04
  10740   0.57135E-04
  10750   0.57090E-04
  10760   0.57052E-04
  10770   0.57038E-04
  10780   0.57005E-04
  10790   0.56959E-04
  10800   0.56914E-04
  10810   0.56908E-04
  10820   0.56843E-04
  10830   0.56819E-04
  10840   0.56799E-04
  10850   0.56750E-04
  10860   0.56701E-04
  10870   0.56658E-04
  10880   0.56633E-04
  10890   0.56585E-04
  10900   0.56539E-04
  10910   0.56482E-04
  10920   0.56429E-04
  10930   0.56371E-04
  10940   0.56347E-04
  10950   0.56294E-04
  10960   0.56246E-04
  10970   0.56194E-04
  10980   0.56138E-04
  10990   0.56104E-04
  11000   0.56038E-04
  11010   0.55993E-04
  11020   0.55915E-04
  11030   0.55867E-04
  11040   0.55804E-04
  11050   0.55746E-04
  11060   0.55661E-04
  11070   0.55613E-04
  11080   0.55566E-04
  11090   0.55462E-04
  11100   0.55407E-04
  11110   0.55366E-04
  11120   0.55291E-04
  11130   0.55221E-04
  11140   0.55150E-04
  11150   0.55070E-04
  11160   0.55001E-04
  11170   0.54952E-04
  11180   0.54857E-04
  11190   0.54791E-04
  11200   0.54731E-04
  11210   0.54643E-04
  11220   0.54571E-04
  11230   0.54509E-04
  11240   0.54420E-04
  11250   0.54358E-04
  11260   0.54248E-04
  11270   0.54185E-04
  11280   0.54121E-04
  11290   0.54019E-04
  11300   0.53959E-04
  11310   0.53860E-04
  11320   0.53792E-04
  11330   0.53737E-04
  11340   0.53647E-04
  11350   0.53582E-04
  11360   0.53458E-04
  11370   0.53386E-04
  11380   0.53305E-04
  11390   0.53212E-04
  11400   0.53150E-04
  11410   0.53061E-04
  11420   0.52971E-04
  11430   0.52897E-04
  11440   0.52811E-04
  11450   0.52722E-04
  11460   0.52633E-04
  11470   0.52549E-04
  11480   0.52482E-04
  11490   0.52391E-04
  11500   0.52285E-04
  11510   0.52216E-04
  11520   0.52146E-04
  11530   0.52054E-04
  11540   0.51974E-04
  11550   0.51894E-04
  11560   0.51823E-04
  11570   0.51749E-04
  11580   0.51656E-04
  11590   0.51582E-04
  11600   0.51511E-04
  11610   0.51414E-04
  11620   0.51340E-04
  11630   0.51255E-04
  11640   0.51192E-04
  11650   0.51117E-04
  11660   0.51031E-04
  11670   0.50968E-04
  11680   0.50884E-04
  11690   0.50806E-04
  11700   0.50734E-04
  11710   0.50641E-04
  11720   0.50549E-04
  11730   0.50469E-04
  11740   0.50416E-04
  11750   0.50349E-04
  11760   0.50303E-04
  11770   0.50210E-04
  11780   0.50137E-04
  11790   0.50079E-04
  11800   0.50010E-04
  11810   0.49934E-04
  11820   0.49869E-04
  11830   0.49790E-04
  11840   0.49727E-04
  11850   0.49644E-04
  11860   0.49610E-04
  11870   0.49524E-04
  11880   0.49449E-04
  11890   0.49398E-04
  11900   0.49349E-04
  11910   0.49288E-04
  11920   0.49223E-04
  11930   0.49172E-04
  11940   0.49110E-04
  11950   0.49030E-04
  11960   0.48975E-04
  11970   0.48926E-04
  11980   0.48872E-04
  11990   0.48805E-04
  12000   0.48744E-04
  12010   0.48679E-04
  12020   0.48642E-04
  12030   0.48595E-04
  12040   0.48534E-04
  12050   0.48465E-04
  12060   0.48400E-04
  12070   0.48351E-04
  12080   0.48291E-04
  12090   0.48248E-04
  12100   0.48186E-04
  12110   0.48158E-04
  12120   0.48114E-04
  12130   0.48055E-04
  12140   0.47996E-04
  12150   0.47984E-04
  12160   0.47933E-04
  12170   0.47870E-04
  12180   0.47816E-04
  12190   0.47757E-04
  12200   0.47719E-04
  12210   0.47671E-04
  12220   0.47624E-04
  12230   0.47554E-04
  12240   0.47519E-04
  12250   0.47485E-04
  12260   0.47440E-04
  12270   0.47398E-04
  12280   0.47344E-04
  12290   0.47292E-04
  12300   0.47245E-04
  12310   0.47200E-04
  12320   0.47144E-04
  12330   0.47091E-04
  12340   0.47066E-04
  12350   0.47036E-04
  12360   0.47004E-04
  12370   0.46944E-04
  12380   0.46900E-04
  12390   0.46848E-04
  12400   0.46798E-04
  12410   0.46788E-04
  12420   0.46746E-04
  12430   0.46694E-04
  12440   0.46650E-04
  12450   0.46618E-04
  12460   0.46590E-04
  12470   0.46554E-04
  12480   0.46509E-04
  12490   0.46456E-04
  12500   0.46407E-04
  12510   0.46372E-04
  12520   0.46324E-04
  12530   0.46301E-04
  12540   0.46275E-04
  12550   0.46228E-04
  12560   0.46167E-04
  12570   0.46143E-04
  12580   0.46083E-04
  12590   0.46055E-04
  12600   0.46000E-04
  12610   0.45959E-04
  12620   0.45934E-04
  12630   0.45915E-04
  12640   0.45845E-04
  12650   0.45801E-04
  12660   0.45755E-04
  12670   0.45712E-04
  12680   0.45669E-04
  12690   0.45666E-04
  12700   0.45606E-04
  12710   0.45571E-04
  12720   0.45526E-04
  12730   0.45498E-04
  12740   0.45448E-04
  12750   0.45416E-04
  12760   0.45365E-04
  12770   0.45326E-04
  12780   0.45301E-04
  12790   0.45268E-04
  12800   0.45235E-04
  12810   0.45178E-04
  12820   0.45118E-04
  12830   0.45071E-04
  12840   0.45047E-04
  12850   0.45000E-04
  12860   0.45008E-04
  12870   0.44946E-04
  12880   0.44916E-04
  12890   0.44862E-04
  12900   0.44834E-04
  12910   0.44786E-04
  12920   0.44736E-04
  12930   0.44685E-04
  12940   0.44675E-04
  12950   0.44617E-04
  12960   0.44574E-04
  12970   0.44512E-04
  12980   0.44485E-04
  12990   0.44438E-04
  13000   0.44412E-04
  13010   0.44373E-04
  13020   0.44333E-04
  13030   0.44289E-04
  13040   0.44245E-04
  13050   0.44177E-04
  13060   0.44144E-04
  13070   0.44092E-04
  13080   0.44050E-04
  13090   0.44021E-04
  13100   0.43971E-04
  13110   0.43931E-04
  13120   0.43875E-04
  13130   0.43842E-04
  13140   0.43826E-04
  13150   0.43782E-04
  13160   0.43738E-04
  13170   0.43668E-04
  13180   0.43627E-04
  13190   0.43610E-04
  13200   0.43533E-04
  13210   0.43470E-04
  13220   0.43432E-04
  13230   0.43374E-04
  13240   0.43330E-04
  13250   0.43301E-04
  13260   0.43231E-04
  13270   0.43206E-04
  13280   0.43150E-04
  13290   0.43084E-04
  13300   0.43043E-04
  13310   0.43004E-04
  13320   0.42955E-04
  13330   0.42903E-04
  13340   0.42819E-04
  13350   0.42777E-04
  13360   0.42744E-04
  13370   0.42701E-04
  13380   0.42654E-04
  13390   0.42575E-04
  13400   0.42531E-04
  13410   0.42500E-04
  13420   0.42432E-04
  13430   0.42372E-04
  13440   0.42302E-04
  13450   0.42258E-04
  13460   0.42195E-04
  13470   0.42144E-04
  13480   0.42093E-04
  13490   0.42041E-04
  13500   0.41981E-04
  13510   0.41940E-04
  13520   0.41893E-04
  13530   0.41807E-04
  13540   0.41759E-04
  13550   0.41690E-04
  13560   0.41650E-04
  13570   0.41609E-04
  13580   0.41517E-04
  13590   0.41472E-04
  13600   0.41406E-04
  13610   0.41395E-04
  13620   0.41324E-04
  13630   0.41269E-04
  13640   0.41211E-04
  13650   0.41130E-04
  13660   0.41079E-04
  13670   0.41011E-04
  13680   0.40939E-04
  13690   0.40887E-04
  13700   0.40816E-04
  13710   0.40758E-04
  13720   0.40706E-04
  13730   0.40657E-04
  13740   0.40600E-04
  13750   0.40547E-04
  13760   0.40473E-04
  13770   0.40407E-04
  13780   0.40342E-04
  13790   0.40270E-04
  13800   0.40215E-04
  13810   0.40148E-04
  13820   0.40111E-04
  13830   0.40033E-04
  13840   0.39977E-04
  13850   0.39932E-04
  13860   0.39858E-04
  13870   0.39764E-04
  13880   0.39715E-04
  13890   0.39646E-04
  13900   0.39611E-04
  13910   0.39545E-04
  13920   0.39480E-04
  13930   0.39434E-04
  13940   0.39374E-04
  13950   0.39312E-04
  13960   0.39245E-04
  13970   0.39179E-04
  13980   0.39116E-04
  13990   0.38992E-04
  14000   0.38968E-04
  14010   0.38907E-04
  14020   0.38839E-04
  14030   0.38772E-04
  14040   0.38702E-04
  14050   0.38652E-04
  14060   0.38589E-04
  14070   0.38517E-04
  14080   0.38448E-04
  14090   0.38393E-04
  14100   0.38315E-04
  14110   0.38243E-04
  14120   0.38206E-04
  14130   0.38114E-04
  14140   0.38041E-04
  14150   0.38002E-04
  14160   0.37927E-04
  14170   0.37889E-04
  14180   0.37836E-04
  14190   0.37741E-04
  14200   0.37700E-04
  14210   0.37651E-04
  14220   0.37555E-04
  14230   0.37470E-04
  14240   0.37406E-04
  14250   0.37348E-04
  14260   0.37278E-04
  14270   0.37242E-04
  14280   0.37183E-04
  14290   0.37110E-04
  14300   0.37058E-04
  14310   0.36997E-04
  14320   0.36948E-04
  14330   0.36867E-04
  14340   0.36788E-04
  14350   0.36716E-04
  14360   0.36662E-04
  14370   0.36579E-04
  14380   0.36513E-04
  14390   0.36468E-04
  14400   0.36361E-04
  14410   0.36320E-04
  14420   0.36241E-04
  14430   0.36169E-04
  14440   0.36111E-04
  14450   0.36046E-04
  14460   0.35971E-04
  14470   0.35910E-04
  14480   0.35839E-04
  14490   0.35763E-04
  14500   0.35722E-04
  14510   0.35669E-04
  14520   0.35617E-04
  14530   0.35528E-04
  14540   0.35450E-04
  14550   0.35409E-04
  14560   0.35331E-04
  14570   0.35259E-04
  14580   0.35194E-04
  14590   0.35129E-04
  14600   0.35058E-04
  14610   0.34982E-04
  14620   0.34925E-04
  14630   0.34833E-04
  14640   0.34797E-04
  14650   0.34725E-04
  14660   0.34662E-04
  14670   0.34625E-04
  14680   0.34544E-04
  14690   0.34465E-04
  14700   0.34408E-04
  14710   0.34356E-04
  14720   0.34304E-04
  14730   0.34222E-04
  14740   0.34168E-04
  14750   0.34085E-04
  14760   0.34022E-04
  14770   0.33955E-04
  14780   0.33866E-04
  14790   0.33789E-04
  14800   0.33714E-04
  14810   0.33655E-04
  14820   0.33621E-04
  14830   0.33539E-04
  14840   0.33493E-04
  14850   0.33440E-04
  14860   0.33412E-04
  14870   0.33357E-04
  14880   0.33250E-04
  14890   0.33176E-04
  14900   0.33139E-04
  14910   0.33070E-04
  14920   0.33011E-04
  14930   0.32971E-04
  14940   0.32877E-04
  14950   0.32802E-04
  14960   0.32741E-04
  14970   0.32664E-04
  14980   0.32618E-04
  14990   0.32549E-04
  15000   0.32482E-04
  15010   0.32437E-04
  15020   0.32359E-04
  15030   0.32310E-04
  15040   0.32249E-04
  15050   0.32165E-04
  15060   0.32113E-04
  15070   0.32046E-04
  15080   0.31975E-04
  15090   0.31947E-04
  15100   0.31864E-04
  15110   0.31815E-04
  15120   0.31729E-04
  15130   0.31675E-04
  15140   0.31617E-04
  15150   0.31549E-04
  15160   0.31513E-04
  15170   0.31442E-04
  15180   0.31376E-04
  15190   0.31294E-04
  15200   0.31230E-04
  15210   0.31151E-04
  15220   0.31119E-04
  15230   0.31049E-04
  15240   0.30956E-04
  15250   0.30923E-04
  15260   0.30837E-04
  15270   0.30789E-04
  15280   0.30706E-04
  15290   0.30661E-04
  15300   0.30579E-04
  15310   0.30505E-04
  15320   0.30456E-04
  15330   0.30402E-04
  15340   0.30363E-04
  15350   0.30278E-04
  15360   0.30204E-04
  15370   0.30159E-04
  15380   0.30078E-04
  15390   0.29984E-04
  15400   0.29945E-04
  15410   0.29861E-04
  15420   0.29817E-04
  15430   0.29785E-04
  15440   0.29714E-04
  15450   0.29676E-04
  15460   0.29598E-04
  15470   0.29494E-04
  15480   0.29432E-04
  15490   0.29372E-04
  15500   0.29315E-04
  15510   0.29278E-04
  15520   0.29186E-04
  15530   0.29134E-04
  15540   0.29031E-04
  15550   0.28999E-04
  15560   0.28943E-04
  15570   0.28876E-04
  15580   0.28816E-04
  15590   0.28741E-04
  15600   0.28703E-04
  15610   0.28633E-04
  15620   0.28577E-04
  15630   0.28516E-04
  15640   0.28425E-04
  15650   0.28369E-04
  15660   0.28285E-04
  15670   0.28247E-04
  15680   0.28167E-04
  15690   0.28111E-04
  15700   0.28056E-04
  15710   0.27985E-04
  15720   0.27927E-04
  15730   0.27869E-04
  15740   0.27785E-04
  15750   0.27702E-04
  15760   0.27632E-04
  15770   0.27569E-04
  15780   0.27542E-04
  15790   0.27494E-04
  15800   0.27447E-04
  15810   0.27348E-04
  15820   0.27296E-04
  15830   0.27240E-04
  15840   0.27187E-04
  15850   0.27111E-04
  15860   0.27052E-04
  15870   0.26988E-04
  15880   0.26896E-04
  15890   0.26853E-04
  15900   0.26816E-04
  15910   0.26756E-04
  15920   0.26688E-04
  15930   0.26599E-04
  15940   0.26551E-04
  15950   0.26525E-04
  15960   0.26463E-04
  15970   0.26400E-04
  15980   0.26338E-04
  15990   0.26279E-04
  16000   0.26215E-04
  16010   0.26156E-04
  16020   0.26067E-04
  16030   0.26004E-04
  16040   0.25936E-04
  16050   0.25889E-04
  16060   0.25830E-04
  16070   0.25766E-04
  16080   0.25687E-04
  16090   0.25638E-04
  16100   0.25580E-04
  16110   0.25538E-04
  16120   0.25458E-04
  16130   0.25372E-04
  16140   0.25324E-04
  16150   0.25267E-04
  16160   0.25242E-04
  16170   0.25179E-04
  16180   0.25132E-04
  16190   0.25071E-04
  16200   0.25011E-04
  16210   0.24924E-04
  16220   0.24866E-04
  16230   0.24819E-04
  16240   0.24716E-04
  16250   0.24660E-04
  16260   0.24616E-04
  16270   0.24568E-04
  16280   0.24494E-04
  16290   0.24450E-04
  16300   0.24379E-04
  16310   0.24334E-04
  16320   0.24275E-04
  16330   0.24277E-04
  16340   0.24218E-04
  16350   0.24130E-04
  16360   0.24051E-04
  16370   0.24031E-04
  16380   0.23956E-04
  16390   0.23872E-04
  16400   0.23829E-04
  16410   0.23792E-04
  16420   0.23731E-04
  16430   0.23684E-04
  16440   0.23617E-04
  16450   0.23604E-04
  16460   0.23533E-04
  16470   0.23444E-04
  16480   0.23397E-04
  16490   0.23322E-04
  16500   0.23265E-04
  16510   0.23234E-04
  16520   0.23178E-04
  16530   0.23141E-04
  16540   0.23056E-04
  16550   0.23047E-04
  16560   0.22973E-04
  16570   0.22902E-04
  16580   0.22850E-04
  16590   0.22824E-04
  16600   0.22767E-04
  16610   0.22742E-04
  16620   0.22670E-04
  16630   0.22586E-04
  16640   0.22555E-04
  16650   0.22478E-04
  16660   0.22441E-04
  16670   0.22385E-04
  16680   0.22337E-04
  16690   0.22280E-04
  16700   0.22203E-04
  16710   0.22160E-04
  16720   0.22107E-04
  16730   0.22033E-04
  16740   0.22015E-04
  16750   0.21952E-04
  16760   0.21910E-04
  16770   0.21882E-04
  16780   0.21807E-04
  16790   0.21779E-04
  16800   0.21712E-04
  16810   0.21658E-04
  16820   0.21567E-04
  16830   0.21530E-04
  16840   0.21515E-04
  16850   0.21466E-04
  16860   0.21422E-04
  16870   0.21338E-04
  16880   0.21271E-04
  16890   0.21226E-04
  16900   0.21186E-04
  16910   0.21161E-04
  16920   0.21090E-04
  16930   0.21047E-04
  16940   0.20984E-04
  16950   0.20938E-04
  16960   0.20904E-04
  16970   0.20856E-04
  16980   0.20795E-04
  16990   0.20753E-04
  17000   0.20696E-04
  17010   0.20631E-04
  17020   0.20585E-04
  17030   0.20577E-04
  17040   0.20536E-04
  17050   0.20447E-04
  17060   0.20375E-04
  17070   0.20338E-04
  17080   0.20297E-04
  17090   0.20259E-04
  17100   0.20203E-04
  17110   0.20152E-04
  17120   0.20112E-04
  17130   0.20089E-04
  17140   0.20002E-04
  17150   0.19950E-04
  17160   0.19884E-04
  17170   0.19876E-04
  17180   0.19817E-04
  17190   0.19752E-04
  17200   0.19732E-04
  17210   0.19668E-04
  17220   0.19601E-04
  17230   0.19569E-04
  17240   0.19513E-04
  17250   0.19460E-04
  17260   0.19420E-04
  17270   0.19377E-04
  17280   0.19335E-04
  17290   0.19270E-04
  17300   0.19205E-04
  17310   0.19179E-04
  17320   0.19129E-04
  17330   0.19089E-04
  17340   0.19038E-04
  17350   0.18989E-04
  17360   0.18921E-04
  17370   0.18865E-04
  17380   0.18828E-04
  17390   0.18800E-04
  17400   0.18753E-04
  17410   0.18689E-04
  17420   0.18681E-04
  17430   0.18621E-04
  17440   0.18551E-04
  17450   0.18484E-04
  17460   0.18436E-04
  17470   0.18404E-04
  17480   0.18365E-04
  17490   0.18300E-04
  17500   0.18235E-04
  17510   0.18181E-04
  17520   0.18132E-04
  17530   0.18093E-04
  17540   0.18042E-04
  17550   0.17985E-04
  17560   0.17940E-04
  17570   0.17883E-04
  17580   0.17821E-04
  17590   0.17766E-04
  17600   0.17738E-04
  17610   0.17667E-04
  17620   0.17630E-04
  17630   0.17585E-04
  17640   0.17554E-04
  17650   0.17490E-04
  17660   0.17412E-04
  17670   0.17373E-04
  17680   0.17329E-04
  17690   0.17278E-04
  17700   0.17241E-04
  17710   0.17180E-04
  17720   0.17117E-04
  17730   0.17062E-04
  17740   0.17019E-04
  17750   0.16936E-04
  17760   0.16918E-04
  17770   0.16890E-04
  17780   0.16825E-04
  17790   0.16753E-04
  17800   0.16681E-04
  17810   0.16633E-04
  17820   0.16610E-04
  17830   0.16550E-04
  17840   0.16492E-04
  17850   0.16440E-04
  17860   0.16399E-04
  17870   0.16351E-04
  17880   0.16313E-04
  17890   0.16240E-04
  17900   0.16201E-04
  17910   0.16142E-04
  17920   0.16072E-04
  17930   0.16033E-04
  17940   0.15974E-04
  17950   0.15890E-04
  17960   0.15837E-04
  17970   0.15795E-04
  17980   0.15746E-04
  17990   0.15706E-04
  18000   0.15676E-04
  18010   0.15598E-04
  18020   0.15520E-04
  18030   0.15482E-04
  18040   0.15456E-04
  18050   0.15388E-04
  18060   0.15314E-04
  18070   0.15289E-04
  18080   0.15216E-04
  18090   0.15181E-04
  18100   0.15120E-04
  18110   0.15068E-04
  18120   0.15044E-04
  18130   0.14936E-04
  18140   0.14898E-04
  18150   0.14865E-04
  18160   0.14817E-04
  18170   0.14773E-04
  18180   0.14703E-04
  18190   0.14665E-04
  18200   0.14598E-04
  18210   0.14543E-04
  18220   0.14478E-04
  18230   0.14404E-04
  18240   0.14344E-04
  18250   0.14308E-04
  18260   0.14278E-04
  18270   0.14225E-04
  18280   0.14177E-04
  18290   0.14102E-04
  18300   0.14046E-04
  18310   0.14019E-04
  18320   0.13965E-04
  18330   0.13917E-04
  18340   0.13850E-04
  18350   0.13811E-04
  18360   0.13722E-04
  18370   0.13667E-04
  18380   0.13642E-04
  18390   0.13606E-04
  18400   0.13555E-04
  18410   0.13503E-04
  18420   0.13442E-04
  18430   0.13404E-04
  18440   0.13338E-04
  18450   0.13301E-04
  18460   0.13232E-04
  18470   0.13174E-04
  18480   0.13143E-04
  18490   0.13088E-04
  18500   0.13010E-04
  18510   0.12982E-04
  18520   0.12963E-04
  18530   0.12922E-04
  18540   0.12843E-04
  18550   0.12782E-04
  18560   0.12732E-04
  18570   0.12714E-04
  18580   0.12658E-04
  18590   0.12595E-04
  18600   0.12550E-04
  18610   0.12482E-04
  18620   0.12438E-04
  18630   0.12390E-04
  18640   0.12363E-04
  18650   0.12327E-04
  18660   0.12264E-04
  18670   0.12209E-04
  18680   0.12167E-04
  18690   0.12122E-04
  18700   0.12092E-04
  18710   0.12031E-04
  18720   0.11995E-04
  18730   0.11925E-04
  18740   0.11891E-04
  18750   0.11843E-04
  18760   0.11797E-04
  18770   0.11747E-04
  18780   0.11718E-04
  18790   0.11690E-04
  18800   0.11643E-04
  18810   0.11570E-04
  18820   0.11499E-04
  18830   0.11435E-04
  18840   0.11386E-04
  18850   0.11377E-04
  18860   0.11325E-04
  18870   0.11278E-04
  18880   0.11255E-04
  18890   0.11199E-04
  18900   0.11156E-04
  18910   0.11088E-04
  18920   0.11043E-04
  18930   0.11012E-04
  18940   0.10927E-04
  18950   0.10879E-04
  18960   0.10865E-04
  18970   0.10817E-04
  18980   0.10768E-04
  18990   0.10734E-04
  19000   0.10682E-04
  19010   0.10629E-04
  19020   0.10594E-04
  19030   0.10550E-04
  19040   0.10532E-04
  19050   0.10483E-04
  19060   0.10443E-04
  19070   0.10380E-04
  19080   0.10342E-04
  19090   0.10303E-04
  19100   0.10253E-04
  19110   0.10195E-04
  19120   0.10183E-04
  19130   0.10122E-04
  19140   0.10084E-04
  19150   0.10033E-04
  19160   0.99995E-05
  19170   0.99739E-05
  19180   0.99157E-05
  19190   0.98798E-05
  19200   0.98451E-05
  19210   0.97935E-05
  19220   0.97457E-05
  19230   0.97073E-05
  19240   0.96791E-05
  19250   0.96545E-05
  19260   0.96169E-05
  19270   0.95656E-05
  19280   0.95267E-05
  19290   0.94869E-05
  19300   0.94685E-05
  19310   0.94014E-05
  19320   0.93434E-05
  19330   0.93026E-05
  19340   0.92963E-05
  19350   0.92245E-05
  19360   0.91938E-05
  19370   0.91439E-05
  19380   0.91309E-05
  19390   0.90867E-05
  19400   0.90559E-05
  19410   0.89926E-05
  19420   0.89775E-05
  19430   0.89384E-05
  19440   0.88844E-05
  19450   0.88539E-05
  19460   0.88293E-05
  19470   0.87415E-05
  19480   0.87067E-05
  19490   0.86798E-05
  19500   0.86331E-05
  19510   0.85992E-05
  19520   0.85628E-05
  19530   0.85237E-05
  19540   0.84825E-05
  19550   0.84517E-05
  19560   0.84159E-05
  19570   0.83626E-05
  19580   0.83286E-05
  19590   0.83009E-05
  19600   0.82589E-05
  19610   0.82315E-05
  19620   0.81870E-05
  19630   0.81354E-05
  19640   0.81016E-05
  19650   0.80718E-05
  19660   0.80389E-05
  19670   0.80116E-05
  19680   0.79580E-05
  19690   0.79147E-05
  19700   0.79022E-05
  19710   0.78568E-05
  19720   0.78127E-05
  19730   0.77780E-05
  19740   0.77432E-05
  19750   0.77198E-05
  19760   0.77052E-05
  19770   0.76535E-05
  19780   0.76012E-05
  19790   0.75709E-05
  19800   0.75676E-05
  19810   0.75317E-05
  19820   0.74846E-05
  19830   0.74435E-05
  19840   0.74306E-05
  19850   0.74120E-05
  19860   0.73656E-05
  19870   0.73009E-05
  19880   0.72785E-05
  19890   0.72507E-05
  19900   0.72205E-05
  19910   0.72044E-05
  19920   0.71768E-05
  19930   0.71199E-05
  19940   0.70979E-05
  19950   0.70594E-05
  19960   0.70113E-05
  19970   0.69751E-05
  19980   0.69498E-05
  19990   0.69184E-05
  20000   0.68783E-05
