     10   0.12475E-02
     20   0.11215E-02
     30   0.10232E-02
     40   0.94545E-03
     50   0.88259E-03
     60   0.83059E-03
     70   0.78673E-03
     80   0.74915E-03
     90   0.71650E-03
    100   0.68761E-03
    110   0.66162E-03
    120   0.63800E-03
    130   0.61644E-03
    140   0.59645E-03
    150   0.57781E-03
    160   0.56025E-03
    170   0.54370E-03
    180   0.52812E-03
    190   0.51324E-03
    200   0.49904E-03
    210   0.48528E-03
    220   0.47213E-03
    230   0.45954E-03
    240   0.44728E-03
    250   0.43539E-03
    260   0.42401E-03
    270   0.41302E-03
    280   0.40239E-03
    290   0.39214E-03
    300   0.38225E-03
    310   0.37290E-03
    320   0.36384E-03
    330   0.35506E-03
    340   0.34657E-03
    350   0.33839E-03
    360   0.33053E-03
    370   0.32287E-03
    380   0.31558E-03
    390   0.30851E-03
    400   0.30167E-03
    410   0.29528E-03
    420   0.28907E-03
    430   0.28309E-03
    440   0.27733E-03
    450   0.27179E-03
    460   0.26651E-03
    470   0.26142E-03
    480   0.25651E-03
    490   0.25183E-03
    500   0.24731E-03
    510   0.24303E-03
    520   0.23893E-03
    530   0.23495E-03
    540   0.23118E-03
    550   0.22755E-03
    560   0.22406E-03
    570   0.22069E-03
    580   0.21749E-03
    590   0.21439E-03
    600   0.21148E-03
    610   0.20862E-03
    620   0.20593E-03
    630   0.20337E-03
    640   0.20094E-03
    650   0.19862E-03
    660   0.19644E-03
    670   0.19436E-03
    680   0.19245E-03
    690   0.19063E-03
    700   0.18896E-03
    710   0.18742E-03
    720   0.18599E-03
    730   0.18463E-03
    740   0.18340E-03
    750   0.18226E-03
    760   0.18119E-03
    770   0.18021E-03
    780   0.17929E-03
    790   0.17844E-03
    800   0.17762E-03
    810   0.17681E-03
    820   0.17604E-03
    830   0.17531E-03
    840   0.17456E-03
    850   0.17380E-03
    860   0.17303E-03
    870   0.17227E-03
    880   0.17146E-03
    890   0.17063E-03
    900   0.16977E-03
    910   0.16889E-03
    920   0.16798E-03
    930   0.16703E-03
    940   0.16603E-03
    950   0.16504E-03
    960   0.16401E-03
    970   0.16297E-03
    980   0.16193E-03
    990   0.16088E-03
   1000   0.15983E-03
   1010   0.15877E-03
   1020   0.15774E-03
   1030   0.15673E-03
   1040   0.15575E-03
   1050   0.15479E-03
   1060   0.15389E-03
   1070   0.15302E-03
   1080   0.15223E-03
   1090   0.15146E-03
   1100   0.15076E-03
   1110   0.15012E-03
   1120   0.14955E-03
   1130   0.14905E-03
   1140   0.14861E-03
   1150   0.14825E-03
   1160   0.14795E-03
   1170   0.14773E-03
   1180   0.14756E-03
   1190   0.14746E-03
   1200   0.14742E-03
   1210   0.14744E-03
   1220   0.14752E-03
   1230   0.14762E-03
   1240   0.14779E-03
   1250   0.14799E-03
   1260   0.14822E-03
   1270   0.14849E-03
   1280   0.14875E-03
   1290   0.14906E-03
   1300   0.14937E-03
   1310   0.14968E-03
   1320   0.15000E-03
   1330   0.15030E-03
   1340   0.15059E-03
   1350   0.15087E-03
   1360   0.15114E-03
   1370   0.15138E-03
   1380   0.15158E-03
   1390   0.15177E-03
   1400   0.15191E-03
   1410   0.15201E-03
   1420   0.15209E-03
   1430   0.15213E-03
   1440   0.15213E-03
   1450   0.15207E-03
   1460   0.15199E-03
   1470   0.15187E-03
   1480   0.15170E-03
   1490   0.15149E-03
   1500   0.15124E-03
   1510   0.15097E-03
   1520   0.15066E-03
   1530   0.15030E-03
   1540   0.14991E-03
   1550   0.14950E-03
   1560   0.14906E-03
   1570   0.14859E-03
   1580   0.14809E-03
   1590   0.14758E-03
   1600   0.14702E-03
   1610   0.14647E-03
   1620   0.14587E-03
   1630   0.14526E-03
   1640   0.14465E-03
   1650   0.14400E-03
   1660   0.14335E-03
   1670   0.14268E-03
   1680   0.14200E-03
   1690   0.14131E-03
   1700   0.14061E-03
   1710   0.13989E-03
   1720   0.13917E-03
   1730   0.13844E-03
   1740   0.13770E-03
   1750   0.13698E-03
   1760   0.13622E-03
   1770   0.13550E-03
   1780   0.13475E-03
   1790   0.13402E-03
   1800   0.13333E-03
   1810   0.13262E-03
   1820   0.13192E-03
   1830   0.13125E-03
   1840   0.13060E-03
   1850   0.12995E-03
   1860   0.12933E-03
   1870   0.12877E-03
   1880   0.12822E-03
   1890   0.12769E-03
   1900   0.12720E-03
   1910   0.12676E-03
   1920   0.12636E-03
   1930   0.12598E-03
   1940   0.12565E-03
   1950   0.12536E-03
   1960   0.12512E-03
   1970   0.12493E-03
   1980   0.12477E-03
   1990   0.12465E-03
   2000   0.12457E-03
   2010   0.12453E-03
   2020   0.12451E-03
   2030   0.12459E-03
   2040   0.12463E-03
   2050   0.12472E-03
   2060   0.12487E-03
   2070   0.12504E-03
   2080   0.12522E-03
   2090   0.12542E-03
   2100   0.12563E-03
   2110   0.12585E-03
   2120   0.12613E-03
   2130   0.12636E-03
   2140   0.12663E-03
   2150   0.12688E-03
   2160   0.12714E-03
   2170   0.12738E-03
   2180   0.12765E-03
   2190   0.12789E-03
   2200   0.12813E-03
   2210   0.12833E-03
   2220   0.12854E-03
   2230   0.12874E-03
   2240   0.12889E-03
   2250   0.12904E-03
   2260   0.12916E-03
   2270   0.12929E-03
   2280   0.12938E-03
   2290   0.12942E-03
   2300   0.12946E-03
   2310   0.12949E-03
   2320   0.12948E-03
   2330   0.12945E-03
   2340   0.12944E-03
   2350   0.12935E-03
   2360   0.12930E-03
   2370   0.12918E-03
   2380   0.12906E-03
   2390   0.12895E-03
   2400   0.12880E-03
   2410   0.12864E-03
   2420   0.12849E-03
   2430   0.12833E-03
   2440   0.12817E-03
   2450   0.12800E-03
   2460   0.12783E-03
   2470   0.12767E-03
   2480   0.12752E-03
   2490   0.12732E-03
   2500   0.12717E-03
   2510   0.12702E-03
   2520   0.12687E-03
   2530   0.12677E-03
   2540   0.12663E-03
   2550   0.12650E-03
   2560   0.12644E-03
   2570   0.12635E-03
   2580   0.12628E-03
   2590   0.12624E-03
   2600   0.12618E-03
   2610   0.12617E-03
   2620   0.12615E-03
   2630   0.12613E-03
   2640   0.12618E-03
   2650   0.12618E-03
   2660   0.12619E-03
   2670   0.12625E-03
   2680   0.12628E-03
   2690   0.12631E-03
   2700   0.12637E-03
   2710   0.12644E-03
   2720   0.12650E-03
   2730   0.12656E-03
   2740   0.12659E-03
   2750   0.12665E-03
   2760   0.12667E-03
   2770   0.12672E-03
   2780   0.12674E-03
   2790   0.12675E-03
   2800   0.12675E-03
   2810   0.12674E-03
   2820   0.12672E-03
   2830   0.12667E-03
   2840   0.12660E-03
   2850   0.12652E-03
   2860   0.12643E-03
   2870   0.12631E-03
   2880   0.12618E-03
   2890   0.12603E-03
   2900   0.12583E-03
   2910   0.12565E-03
   2920   0.12542E-03
   2930   0.12517E-03
   2940   0.12493E-03
   2950   0.12464E-03
   2960   0.12435E-03
   2970   0.12402E-03
   2980   0.12369E-03
   2990   0.12332E-03
   3000   0.12296E-03
   3010   0.12257E-03
   3020   0.12216E-03
   3030   0.12173E-03
   3040   0.12131E-03
   3050   0.12087E-03
   3060   0.12041E-03
   3070   0.11995E-03
   3080   0.11949E-03
   3090   0.11904E-03
   3100   0.11855E-03
   3110   0.11808E-03
   3120   0.11760E-03
   3130   0.11712E-03
   3140   0.11667E-03
   3150   0.11623E-03
   3160   0.11578E-03
   3170   0.11533E-03
   3180   0.11491E-03
   3190   0.11452E-03
   3200   0.11412E-03
   3210   0.11377E-03
   3220   0.11341E-03
   3230   0.11309E-03
   3240   0.11281E-03
   3250   0.11253E-03
   3260   0.11230E-03
   3270   0.11210E-03
   3280   0.11192E-03
   3290   0.11178E-03
   3300   0.11166E-03
   3310   0.11160E-03
   3320   0.11157E-03
   3330   0.11157E-03
   3340   0.11161E-03
   3350   0.11170E-03
   3360   0.11184E-03
   3370   0.11199E-03
   3380   0.11218E-03
   3390   0.11241E-03
   3400   0.11268E-03
   3410   0.11299E-03
   3420   0.11333E-03
   3430   0.11374E-03
   3440   0.11415E-03
   3450   0.11461E-03
   3460   0.11508E-03
   3470   0.11560E-03
   3480   0.11615E-03
   3490   0.11673E-03
   3500   0.11733E-03
   3510   0.11795E-03
   3520   0.11860E-03
   3530   0.11928E-03
   3540   0.11996E-03
   3550   0.12070E-03
   3560   0.12141E-03
   3570   0.12215E-03
   3580   0.12291E-03
   3590   0.12366E-03
   3600   0.12442E-03
   3610   0.12521E-03
   3620   0.12601E-03
   3630   0.12681E-03
   3640   0.12763E-03
   3650   0.12843E-03
   3660   0.12924E-03
   3670   0.13006E-03
   3680   0.13086E-03
   3690   0.13167E-03
   3700   0.13249E-03
   3710   0.13327E-03
   3720   0.13407E-03
   3730   0.13487E-03
   3740   0.13566E-03
   3750   0.13647E-03
   3760   0.13723E-03
   3770   0.13800E-03
   3780   0.13876E-03
   3790   0.13949E-03
   3800   0.14025E-03
   3810   0.14097E-03
   3820   0.14168E-03
   3830   0.14242E-03
   3840   0.14309E-03
   3850   0.14376E-03
   3860   0.14443E-03
   3870   0.14508E-03
   3880   0.14574E-03
   3890   0.14636E-03
   3900   0.14696E-03
   3910   0.14754E-03
   3920   0.14814E-03
   3930   0.14869E-03
   3940   0.14924E-03
   3950   0.14977E-03
   3960   0.15027E-03
   3970   0.15077E-03
   3980   0.15124E-03
   3990   0.15170E-03
   4000   0.15214E-03
   4010   0.15254E-03
   4020   0.15293E-03
   4030   0.15332E-03
   4040   0.15368E-03
   4050   0.15400E-03
   4060   0.15434E-03
   4070   0.15463E-03
   4080   0.15493E-03
   4090   0.15517E-03
   4100   0.15541E-03
   4110   0.15560E-03
   4120   0.15579E-03
   4130   0.15596E-03
   4140   0.15612E-03
   4150   0.15625E-03
   4160   0.15636E-03
   4170   0.15647E-03
   4180   0.15648E-03
   4190   0.15654E-03
   4200   0.15655E-03
   4210   0.15653E-03
   4220   0.15653E-03
   4230   0.15650E-03
   4240   0.15641E-03
   4250   0.15632E-03
   4260   0.15625E-03
   4270   0.15611E-03
   4280   0.15597E-03
   4290   0.15582E-03
   4300   0.15562E-03
   4310   0.15543E-03
   4320   0.15519E-03
   4330   0.15498E-03
   4340   0.15474E-03
   4350   0.15446E-03
   4360   0.15416E-03
   4370   0.15387E-03
   4380   0.15355E-03
   4390   0.15324E-03
   4400   0.15287E-03
   4410   0.15252E-03
   4420   0.15214E-03
   4430   0.15176E-03
   4440   0.15134E-03
   4450   0.15093E-03
   4460   0.15052E-03
   4470   0.15009E-03
   4480   0.14964E-03
   4490   0.14919E-03
   4500   0.14872E-03
   4510   0.14822E-03
   4520   0.14774E-03
   4530   0.14723E-03
   4540   0.14671E-03
   4550   0.14617E-03
   4560   0.14565E-03
   4570   0.14513E-03
   4580   0.14462E-03
   4590   0.14406E-03
   4600   0.14348E-03
   4610   0.14289E-03
   4620   0.14234E-03
   4630   0.14176E-03
   4640   0.14115E-03
   4650   0.14057E-03
   4660   0.13995E-03
   4670   0.13932E-03
   4680   0.13871E-03
   4690   0.13811E-03
   4700   0.13746E-03
   4710   0.13684E-03
   4720   0.13617E-03
   4730   0.13552E-03
   4740   0.13486E-03
   4750   0.13423E-03
   4760   0.13353E-03
   4770   0.13285E-03
   4780   0.13218E-03
   4790   0.13154E-03
   4800   0.13086E-03
   4810   0.13012E-03
   4820   0.12943E-03
   4830   0.12879E-03
   4840   0.12807E-03
   4850   0.12733E-03
   4860   0.12666E-03
   4870   0.12593E-03
   4880   0.12521E-03
   4890   0.12446E-03
   4900   0.12374E-03
   4910   0.12302E-03
   4920   0.12228E-03
   4930   0.12153E-03
   4940   0.12076E-03
   4950   0.12005E-03
   4960   0.11933E-03
   4970   0.11857E-03
   4980   0.11783E-03
   4990   0.11707E-03
   5000   0.11633E-03
   5010   0.11558E-03
   5020   0.11482E-03
   5030   0.11405E-03
   5040   0.11331E-03
   5050   0.11260E-03
   5060   0.11180E-03
   5070   0.11104E-03
   5080   0.11030E-03
   5090   0.10954E-03
   5100   0.10880E-03
   5110   0.10802E-03
   5120   0.10730E-03
   5130   0.10656E-03
   5140   0.10582E-03
   5150   0.10508E-03
   5160   0.10433E-03
   5170   0.10359E-03
   5180   0.10288E-03
   5190   0.10216E-03
   5200   0.10144E-03
   5210   0.10071E-03
   5220   0.10001E-03
   5230   0.99312E-04
   5240   0.98592E-04
   5250   0.97898E-04
   5260   0.97215E-04
   5270   0.96544E-04
   5280   0.95843E-04
   5290   0.95152E-04
   5300   0.94496E-04
   5310   0.93858E-04
   5320   0.93205E-04
   5330   0.92558E-04
   5340   0.91927E-04
   5350   0.91292E-04
   5360   0.90664E-04
   5370   0.90041E-04
   5380   0.89433E-04
   5390   0.88866E-04
   5400   0.88263E-04
   5410   0.87678E-04
   5420   0.87122E-04
   5430   0.86557E-04
   5440   0.85992E-04
   5450   0.85427E-04
   5460   0.84903E-04
   5470   0.84373E-04
   5480   0.83851E-04
   5490   0.83327E-04
   5500   0.82867E-04
   5510   0.82348E-04
   5520   0.81852E-04
   5530   0.81346E-04
   5540   0.80900E-04
   5550   0.80425E-04
   5560   0.79991E-04
   5570   0.79516E-04
   5580   0.79082E-04
   5590   0.78658E-04
   5600   0.78265E-04
   5610   0.77845E-04
   5620   0.77429E-04
   5630   0.76998E-04
   5640   0.76665E-04
   5650   0.76266E-04
   5660   0.75907E-04
   5670   0.75510E-04
   5680   0.75173E-04
   5690   0.74840E-04
   5700   0.74500E-04
   5710   0.74137E-04
   5720   0.73806E-04
   5730   0.73483E-04
   5740   0.73192E-04
   5750   0.72855E-04
   5760   0.72541E-04
   5770   0.72246E-04
   5780   0.71957E-04
   5790   0.71673E-04
   5800   0.71388E-04
   5810   0.71082E-04
   5820   0.70844E-04
   5830   0.70541E-04
   5840   0.70337E-04
   5850   0.70039E-04
   5860   0.69803E-04
   5870   0.69545E-04
   5880   0.69322E-04
   5890   0.69067E-04
   5900   0.68848E-04
   5910   0.68620E-04
   5920   0.68389E-04
   5930   0.68151E-04
   5940   0.67938E-04
   5950   0.67755E-04
   5960   0.67540E-04
   5970   0.67350E-04
   5980   0.67118E-04
   5990   0.66930E-04
   6000   0.66709E-04
   6010   0.66541E-04
   6020   0.66370E-04
   6030   0.66174E-04
   6040   0.65986E-04
   6050   0.65803E-04
   6060   0.65670E-04
   6070   0.65488E-04
   6080   0.65320E-04
   6090   0.65139E-04
   6100   0.64998E-04
   6110   0.64837E-04
   6120   0.64677E-04
   6130   0.64530E-04
   6140   0.64395E-04
   6150   0.64258E-04
   6160   0.64125E-04
   6170   0.63960E-04
   6180   0.63844E-04
   6190   0.63710E-04
   6200   0.63582E-04
   6210   0.63467E-04
   6220   0.63337E-04
   6230   0.63212E-04
   6240   0.63070E-04
   6250   0.62997E-04
   6260   0.62863E-04
   6270   0.62742E-04
   6280   0.62630E-04
   6290   0.62563E-04
   6300   0.62448E-04
   6310   0.62366E-04
   6320   0.62265E-04
   6330   0.62157E-04
   6340   0.62111E-04
   6350   0.62009E-04
   6360   0.61877E-04
   6370   0.61794E-04
   6380   0.61735E-04
   6390   0.61641E-04
   6400   0.61551E-04
   6410   0.61523E-04
   6420   0.61443E-04
   6430   0.61349E-04
   6440   0.61299E-04
   6450   0.61240E-04
   6460   0.61146E-04
   6470   0.61101E-04
   6480   0.61042E-04
   6490   0.60997E-04
   6500   0.60923E-04
   6510   0.60885E-04
   6520   0.60825E-04
   6530   0.60806E-04
   6540   0.60731E-04
   6550   0.60661E-04
   6560   0.60643E-04
   6570   0.60604E-04
   6580   0.60558E-04
   6590   0.60497E-04
   6600   0.60477E-04
   6610   0.60439E-04
   6620   0.60416E-04
   6630   0.60387E-04
   6640   0.60340E-04
   6650   0.60322E-04
   6660   0.60294E-04
   6670   0.60289E-04
   6680   0.60254E-04
   6690   0.60213E-04
   6700   0.60193E-04
   6710   0.60182E-04
   6720   0.60133E-04
   6730   0.60148E-04
   6740   0.60128E-04
   6750   0.60132E-04
   6760   0.60086E-04
   6770   0.60093E-04
   6780   0.60090E-04
   6790   0.60077E-04
   6800   0.60064E-04
   6810   0.60043E-04
   6820   0.60062E-04
   6830   0.60046E-04
   6840   0.60058E-04
   6850   0.60027E-04
   6860   0.60034E-04
   6870   0.60059E-04
   6880   0.60075E-04
   6890   0.60061E-04
   6900   0.60073E-04
   6910   0.60063E-04
   6920   0.60086E-04
   6930   0.60109E-04
   6940   0.60124E-04
   6950   0.60129E-04
   6960   0.60123E-04
   6970   0.60148E-04
   6980   0.60157E-04
   6990   0.60176E-04
   7000   0.60194E-04
   7010   0.60222E-04
   7020   0.60251E-04
   7030   0.60280E-04
   7040   0.60291E-04
   7050   0.60327E-04
   7060   0.60320E-04
   7070   0.60357E-04
   7080   0.60364E-04
   7090   0.60416E-04
   7100   0.60415E-04
   7110   0.60457E-04
   7120   0.60468E-04
   7130   0.60501E-04
   7140   0.60546E-04
   7150   0.60585E-04
   7160   0.60637E-04
   7170   0.60622E-04
   7180   0.60680E-04
   7190   0.60729E-04
   7200   0.60732E-04
   7210   0.60788E-04
   7220   0.60836E-04
   7230   0.60849E-04
   7240   0.60898E-04
   7250   0.60923E-04
   7260   0.60991E-04
   7270   0.61013E-04
   7280   0.61065E-04
   7290   0.61106E-04
   7300   0.61145E-04
   7310   0.61181E-04
   7320   0.61219E-04
   7330   0.61279E-04
   7340   0.61304E-04
   7350   0.61355E-04
   7360   0.61429E-04
   7370   0.61457E-04
   7380   0.61473E-04
   7390   0.61529E-04
   7400   0.61580E-04
   7410   0.61612E-04
   7420   0.61671E-04
   7430   0.61705E-04
   7440   0.61764E-04
   7450   0.61806E-04
   7460   0.61836E-04
   7470   0.61882E-04
   7480   0.61894E-04
   7490   0.61974E-04
   7500   0.62027E-04
   7510   0.62072E-04
   7520   0.62108E-04
   7530   0.62161E-04
   7540   0.62185E-04
   7550   0.62242E-04
   7560   0.62279E-04
   7570   0.62323E-04
   7580   0.62376E-04
   7590   0.62400E-04
   7600   0.62426E-04
   7610   0.62469E-04
   7620   0.62520E-04
   7630   0.62567E-04
   7640   0.62612E-04
   7650   0.62641E-04
   7660   0.62696E-04
   7670   0.62718E-04
   7680   0.62743E-04
   7690   0.62785E-04
   7700   0.62816E-04
   7710   0.62863E-04
   7720   0.62896E-04
   7730   0.62932E-04
   7740   0.62954E-04
   7750   0.62982E-04
   7760   0.63033E-04
   7770   0.63068E-04
   7780   0.63085E-04
   7790   0.63095E-04
   7800   0.63114E-04
   7810   0.63139E-04
   7820   0.63179E-04
   7830   0.63183E-04
   7840   0.63210E-04
   7850   0.63230E-04
   7860   0.63245E-04
   7870   0.63276E-04
   7880   0.63303E-04
   7890   0.63314E-04
   7900   0.63337E-04
   7910   0.63327E-04
   7920   0.63359E-04
   7930   0.63344E-04
   7940   0.63401E-04
   7950   0.63392E-04
   7960   0.63388E-04
   7970   0.63389E-04
   7980   0.63427E-04
   7990   0.63409E-04
   8000   0.63411E-04
   8010   0.63395E-04
   8020   0.63391E-04
   8030   0.63392E-04
   8040   0.63394E-04
   8050   0.63402E-04
   8060   0.63428E-04
   8070   0.63399E-04
   8080   0.63376E-04
   8090   0.63381E-04
   8100   0.63361E-04
   8110   0.63368E-04
   8120   0.63353E-04
   8130   0.63335E-04
   8140   0.63325E-04
   8150   0.63309E-04
   8160   0.63315E-04
   8170   0.63270E-04
   8180   0.63260E-04
   8190   0.63233E-04
   8200   0.63232E-04
   8210   0.63216E-04
   8220   0.63166E-04
   8230   0.63141E-04
   8240   0.63135E-04
   8250   0.63131E-04
   8260   0.63074E-04
   8270   0.63051E-04
   8280   0.63032E-04
   8290   0.62983E-04
   8300   0.62979E-04
   8310   0.62929E-04
   8320   0.62883E-04
   8330   0.62874E-04
   8340   0.62841E-04
   8350   0.62801E-04
   8360   0.62776E-04
   8370   0.62734E-04
   8380   0.62703E-04
   8390   0.62681E-04
   8400   0.62615E-04
   8410   0.62588E-04
   8420   0.62527E-04
   8430   0.62514E-04
   8440   0.62477E-04
   8450   0.62448E-04
   8460   0.62394E-04
   8470   0.62338E-04
   8480   0.62310E-04
   8490   0.62259E-04
   8500   0.62203E-04
   8510   0.62162E-04
   8520   0.62111E-04
   8530   0.62093E-04
   8540   0.62041E-04
   8550   0.61983E-04
   8560   0.61950E-04
   8570   0.61870E-04
   8580   0.61821E-04
   8590   0.61787E-04
   8600   0.61740E-04
   8610   0.61717E-04
   8620   0.61665E-04
   8630   0.61625E-04
   8640   0.61569E-04
   8650   0.61522E-04
   8660   0.61461E-04
   8670   0.61413E-04
   8680   0.61363E-04
   8690   0.61325E-04
   8700   0.61289E-04
   8710   0.61223E-04
   8720   0.61212E-04
   8730   0.61134E-04
   8740   0.61088E-04
   8750   0.61048E-04
   8760   0.61008E-04
   8770   0.60938E-04
   8780   0.60903E-04
   8790   0.60871E-04
   8800   0.60813E-04
   8810   0.60766E-04
   8820   0.60732E-04
   8830   0.60694E-04
   8840   0.60647E-04
   8850   0.60593E-04
   8860   0.60565E-04
   8870   0.60515E-04
   8880   0.60467E-04
   8890   0.60419E-04
   8900   0.60373E-04
   8910   0.60318E-04
   8920   0.60290E-04
   8930   0.60258E-04
   8940   0.60213E-04
   8950   0.60142E-04
   8960   0.60129E-04
   8970   0.60062E-04
   8980   0.60047E-04
   8990   0.60008E-04
   9000   0.59979E-04
   9010   0.59928E-04
   9020   0.59889E-04
   9030   0.59834E-04
   9040   0.59827E-04
   9050   0.59771E-04
   9060   0.59737E-04
   9070   0.59703E-04
   9080   0.59696E-04
   9090   0.59644E-04
   9100   0.59612E-04
   9110   0.59569E-04
   9120   0.59554E-04
   9130   0.59501E-04
   9140   0.59494E-04
   9150   0.59457E-04
   9160   0.59425E-04
   9170   0.59387E-04
   9180   0.59352E-04
   9190   0.59314E-04
   9200   0.59331E-04
   9210   0.59279E-04
   9220   0.59234E-04
   9230   0.59230E-04
   9240   0.59181E-04
   9250   0.59170E-04
   9260   0.59161E-04
   9270   0.59125E-04
   9280   0.59120E-04
   9290   0.59099E-04
   9300   0.59084E-04
   9310   0.59062E-04
   9320   0.59011E-04
   9330   0.59010E-04
   9340   0.58989E-04
   9350   0.58959E-04
   9360   0.58947E-04
   9370   0.58944E-04
   9380   0.58935E-04
   9390   0.58900E-04
   9400   0.58858E-04
   9410   0.58871E-04
   9420   0.58847E-04
   9430   0.58830E-04
   9440   0.58816E-04
   9450   0.58806E-04
   9460   0.58800E-04
   9470   0.58782E-04
   9480   0.58785E-04
   9490   0.58769E-04
   9500   0.58745E-04
   9510   0.58743E-04
   9520   0.58735E-04
   9530   0.58691E-04
   9540   0.58711E-04
   9550   0.58699E-04
   9560   0.58685E-04
   9570   0.58683E-04
   9580   0.58675E-04
   9590   0.58677E-04
   9600   0.58669E-04
   9610   0.58663E-04
   9620   0.58654E-04
   9630   0.58651E-04
   9640   0.58624E-04
   9650   0.58645E-04
   9660   0.58626E-04
   9670   0.58619E-04
   9680   0.58614E-04
   9690   0.58612E-04
   9700   0.58595E-04
   9710   0.58612E-04
   9720   0.58614E-04
   9730   0.58619E-04
   9740   0.58587E-04
   9750   0.58584E-04
   9760   0.58600E-04
   9770   0.58572E-04
   9780   0.58575E-04
   9790   0.58584E-04
   9800   0.58589E-04
   9810   0.58568E-04
   9820   0.58562E-04
   9830   0.58562E-04
   9840   0.58590E-04
   9850   0.58551E-04
   9860   0.58565E-04
   9870   0.58581E-04
   9880   0.58563E-04
   9890   0.58552E-04
   9900   0.58558E-04
   9910   0.58574E-04
   9920   0.58565E-04
   9930   0.58563E-04
   9940   0.58556E-04
   9950   0.58545E-04
   9960   0.58565E-04
   9970   0.58548E-04
   9980   0.58558E-04
   9990   0.58553E-04
  10000   0.58570E-04
  10010   0.58550E-04
  10020   0.58560E-04
  10030   0.58542E-04
  10040   0.58559E-04
  10050   0.58565E-04
  10060   0.58555E-04
  10070   0.58536E-04
  10080   0.58555E-04
  10090   0.58540E-04
  10100   0.58536E-04
  10110   0.58531E-04
  10120   0.58528E-04
  10130   0.58550E-04
  10140   0.58552E-04
  10150   0.58511E-04
  10160   0.58527E-04
  10170   0.58522E-04
  10180   0.58532E-04
  10190   0.58532E-04
  10200   0.58532E-04
  10210   0.58548E-04
  10220   0.58509E-04
  10230   0.58523E-04
  10240   0.58529E-04
  10250   0.58512E-04
  10260   0.58497E-04
  10270   0.58500E-04
  10280   0.58466E-04
  10290   0.58490E-04
  10300   0.58497E-04
  10310   0.58489E-04
  10320   0.58458E-04
  10330   0.58463E-04
  10340   0.58470E-04
  10350   0.58447E-04
  10360   0.58450E-04
  10370   0.58463E-04
  10380   0.58427E-04
  10390   0.58437E-04
  10400   0.58413E-04
  10410   0.58425E-04
  10420   0.58404E-04
  10430   0.58397E-04
  10440   0.58405E-04
  10450   0.58384E-04
  10460   0.58391E-04
  10470   0.58378E-04
  10480   0.58352E-04
  10490   0.58354E-04
  10500   0.58340E-04
  10510   0.58329E-04
  10520   0.58321E-04
  10530   0.58296E-04
  10540   0.58317E-04
  10550   0.58281E-04
  10560   0.58271E-04
  10570   0.58255E-04
  10580   0.58252E-04
  10590   0.58244E-04
  10600   0.58231E-04
  10610   0.58215E-04
  10620   0.58189E-04
  10630   0.58185E-04
  10640   0.58139E-04
  10650   0.58139E-04
  10660   0.58149E-04
  10670   0.58128E-04
  10680   0.58084E-04
  10690   0.58071E-04
  10700   0.58056E-04
  10710   0.58018E-04
  10720   0.58029E-04
  10730   0.58026E-04
  10740   0.57968E-04
  10750   0.57946E-04
  10760   0.57921E-04
  10770   0.57921E-04
  10780   0.57883E-04
  10790   0.57866E-04
  10800   0.57837E-04
  10810   0.57813E-04
  10820   0.57796E-04
  10830   0.57759E-04
  10840   0.57749E-04
  10850   0.57724E-04
  10860   0.57665E-04
  10870   0.57647E-04
  10880   0.57612E-04
  10890   0.57595E-04
  10900   0.57556E-04
  10910   0.57538E-04
  10920   0.57492E-04
  10930   0.57477E-04
  10940   0.57431E-04
  10950   0.57397E-04
  10960   0.57353E-04
  10970   0.57311E-04
  10980   0.57259E-04
  10990   0.57230E-04
  11000   0.57201E-04
  11010   0.57151E-04
  11020   0.57130E-04
  11030   0.57078E-04
  11040   0.57041E-04
  11050   0.57002E-04
  11060   0.56960E-04
  11070   0.56909E-04
  11080   0.56836E-04
  11090   0.56816E-04
  11100   0.56766E-04
  11110   0.56708E-04
  11120   0.56656E-04
  11130   0.56624E-04
  11140   0.56588E-04
  11150   0.56519E-04
  11160   0.56465E-04
  11170   0.56414E-04
  11180   0.56321E-04
  11190   0.56291E-04
  11200   0.56203E-04
  11210   0.56176E-04
  11220   0.56103E-04
  11230   0.56050E-04
  11240   0.55979E-04
  11250   0.55923E-04
  11260   0.55851E-04
  11270   0.55798E-04
  11280   0.55749E-04
  11290   0.55655E-04
  11300   0.55597E-04
  11310   0.55516E-04
  11320   0.55456E-04
  11330   0.55381E-04
  11340   0.55313E-04
  11350   0.55222E-04
  11360   0.55134E-04
  11370   0.55085E-04
  11380   0.54976E-04
  11390   0.54954E-04
  11400   0.54866E-04
  11410   0.54768E-04
  11420   0.54692E-04
  11430   0.54599E-04
  11440   0.54538E-04
  11450   0.54476E-04
  11460   0.54394E-04
  11470   0.54327E-04
  11480   0.54241E-04
  11490   0.54132E-04
  11500   0.54062E-04
  11510   0.53990E-04
  11520   0.53896E-04
  11530   0.53798E-04
  11540   0.53711E-04
  11550   0.53642E-04
  11560   0.53568E-04
  11570   0.53455E-04
  11580   0.53372E-04
  11590   0.53264E-04
  11600   0.53182E-04
  11610   0.53111E-04
  11620   0.53029E-04
  11630   0.52940E-04
  11640   0.52832E-04
  11650   0.52749E-04
  11660   0.52657E-04
  11670   0.52559E-04
  11680   0.52482E-04
  11690   0.52378E-04
  11700   0.52272E-04
  11710   0.52175E-04
  11720   0.52112E-04
  11730   0.51986E-04
  11740   0.51921E-04
  11750   0.51819E-04
  11760   0.51741E-04
  11770   0.51646E-04
  11780   0.51528E-04
  11790   0.51414E-04
  11800   0.51366E-04
  11810   0.51284E-04
  11820   0.51169E-04
  11830   0.51088E-04
  11840   0.51015E-04
  11850   0.50926E-04
  11860   0.50850E-04
  11870   0.50726E-04
  11880   0.50655E-04
  11890   0.50582E-04
  11900   0.50480E-04
  11910   0.50369E-04
  11920   0.50296E-04
  11930   0.50221E-04
  11940   0.50115E-04
  11950   0.50021E-04
  11960   0.49931E-04
  11970   0.49835E-04
  11980   0.49752E-04
  11990   0.49656E-04
  12000   0.49568E-04
  12010   0.49485E-04
  12020   0.49395E-04
  12030   0.49318E-04
  12040   0.49257E-04
  12050   0.49168E-04
  12060   0.49075E-04
  12070   0.49001E-04
  12080   0.48899E-04
  12090   0.48848E-04
  12100   0.48749E-04
  12110   0.48649E-04
  12120   0.48587E-04
  12130   0.48529E-04
  12140   0.48467E-04
  12150   0.48393E-04
  12160   0.48306E-04
  12170   0.48216E-04
  12180   0.48134E-04
  12190   0.48079E-04
  12200   0.48006E-04
  12210   0.47912E-04
  12220   0.47861E-04
  12230   0.47759E-04
  12240   0.47706E-04
  12250   0.47613E-04
  12260   0.47534E-04
  12270   0.47456E-04
  12280   0.47419E-04
  12290   0.47330E-04
  12300   0.47244E-04
  12310   0.47168E-04
  12320   0.47091E-04
  12330   0.47041E-04
  12340   0.46996E-04
  12350   0.46918E-04
  12360   0.46828E-04
  12370   0.46774E-04
  12380   0.46706E-04
  12390   0.46648E-04
  12400   0.46588E-04
  12410   0.46509E-04
  12420   0.46459E-04
  12430   0.46375E-04
  12440   0.46284E-04
  12450   0.46246E-04
  12460   0.46181E-04
  12470   0.46108E-04
  12480   0.46013E-04
  12490   0.45982E-04
  12500   0.45896E-04
  12510   0.45842E-04
  12520   0.45790E-04
  12530   0.45727E-04
  12540   0.45673E-04
  12550   0.45587E-04
  12560   0.45535E-04
  12570   0.45479E-04
  12580   0.45403E-04
  12590   0.45319E-04
  12600   0.45291E-04
  12610   0.45238E-04
  12620   0.45179E-04
  12630   0.45116E-04
  12640   0.45037E-04
  12650   0.44993E-04
  12660   0.44931E-04
  12670   0.44857E-04
  12680   0.44806E-04
  12690   0.44751E-04
  12700   0.44695E-04
  12710   0.44635E-04
  12720   0.44574E-04
  12730   0.44544E-04
  12740   0.44483E-04
  12750   0.44381E-04
  12760   0.44311E-04
  12770   0.44276E-04
  12780   0.44230E-04
  12790   0.44153E-04
  12800   0.44095E-04
  12810   0.44056E-04
  12820   0.44007E-04
  12830   0.43941E-04
  12840   0.43873E-04
  12850   0.43815E-04
  12860   0.43776E-04
  12870   0.43718E-04
  12880   0.43676E-04
  12890   0.43610E-04
  12900   0.43530E-04
  12910   0.43490E-04
  12920   0.43424E-04
  12930   0.43399E-04
  12940   0.43342E-04
  12950   0.43249E-04
  12960   0.43201E-04
  12970   0.43136E-04
  12980   0.43090E-04
  12990   0.43063E-04
  13000   0.42975E-04
  13010   0.42939E-04
  13020   0.42874E-04
  13030   0.42818E-04
  13040   0.42795E-04
  13050   0.42729E-04
  13060   0.42648E-04
  13070   0.42600E-04
  13080   0.42546E-04
  13090   0.42504E-04
  13100   0.42475E-04
  13110   0.42417E-04
  13120   0.42366E-04
  13130   0.42321E-04
  13140   0.42255E-04
  13150   0.42192E-04
  13160   0.42159E-04
  13170   0.42101E-04
  13180   0.42067E-04
  13190   0.42005E-04
  13200   0.41970E-04
  13210   0.41891E-04
  13220   0.41830E-04
  13230   0.41801E-04
  13240   0.41716E-04
  13250   0.41685E-04
  13260   0.41624E-04
  13270   0.41579E-04
  13280   0.41527E-04
  13290   0.41470E-04
  13300   0.41425E-04
  13310   0.41380E-04
  13320   0.41353E-04
  13330   0.41329E-04
  13340   0.41273E-04
  13350   0.41238E-04
  13360   0.41192E-04
  13370   0.41148E-04
  13380   0.41124E-04
  13390   0.41065E-04
  13400   0.41027E-04
  13410   0.41010E-04
  13420   0.40938E-04
  13430   0.40935E-04
  13440   0.40889E-04
  13450   0.40884E-04
  13460   0.40867E-04
  13470   0.40815E-04
  13480   0.40775E-04
  13490   0.40733E-04
  13500   0.40712E-04
  13510   0.40700E-04
  13520   0.40676E-04
  13530   0.40657E-04
  13540   0.40629E-04
  13550   0.40622E-04
  13560   0.40605E-04
  13570   0.40606E-04
  13580   0.40646E-04
  13590   0.40630E-04
  13600   0.40640E-04
  13610   0.40622E-04
  13620   0.40643E-04
  13630   0.40647E-04
  13640   0.40619E-04
  13650   0.40641E-04
  13660   0.40620E-04
  13670   0.40696E-04
  13680   0.40740E-04
  13690   0.40774E-04
  13700   0.40788E-04
  13710   0.40838E-04
  13720   0.40876E-04
  13730   0.40961E-04
  13740   0.41036E-04
  13750   0.41079E-04
  13760   0.41145E-04
  13770   0.41216E-04
  13780   0.41301E-04
  13790   0.41403E-04
  13800   0.41466E-04
  13810   0.41581E-04
  13820   0.41696E-04
  13830   0.41817E-04
  13840   0.41968E-04
  13850   0.42087E-04
  13860   0.42231E-04
  13870   0.42410E-04
  13880   0.42611E-04
  13890   0.42772E-04
  13900   0.42953E-04
  13910   0.43142E-04
  13920   0.43390E-04
  13930   0.43615E-04
  13940   0.43833E-04
  13950   0.44093E-04
  13960   0.44376E-04
  13970   0.44675E-04
  13980   0.44952E-04
  13990   0.45275E-04
  14000   0.45584E-04
  14010   0.45956E-04
  14020   0.46323E-04
  14030   0.46700E-04
  14040   0.47112E-04
  14050   0.47568E-04
  14060   0.48002E-04
  14070   0.48472E-04
  14080   0.48961E-04
  14090   0.49475E-04
  14100   0.50042E-04
  14110   0.50587E-04
  14120   0.51125E-04
  14130   0.51765E-04
  14140   0.52379E-04
  14150   0.53053E-04
  14160   0.53728E-04
  14170   0.54433E-04
  14180   0.55201E-04
  14190   0.55978E-04
  14200   0.56782E-04
  14210   0.57636E-04
  14220   0.58534E-04
  14230   0.59445E-04
  14240   0.60421E-04
  14250   0.61410E-04
  14260   0.62406E-04
  14270   0.63507E-04
  14280   0.64551E-04
  14290   0.65640E-04
  14300   0.66863E-04
  14310   0.67956E-04
  14320   0.69287E-04
  14330   0.70551E-04
  14340   0.71872E-04
  14350   0.73345E-04
  14360   0.74768E-04
  14370   0.76315E-04
  14380   0.77855E-04
  14390   0.79517E-04
  14400   0.81127E-04
  14410   0.82909E-04
  14420   0.84617E-04
  14430   0.86320E-04
  14440   0.88326E-04
  14450   0.89972E-04
  14460   0.92077E-04
  14470   0.93994E-04
  14480   0.96002E-04
  14490   0.98294E-04
  14500   0.10036E-03
  14510   0.10283E-03
  14520   0.10506E-03
  14530   0.10765E-03
  14540   0.10989E-03
  14550   0.11259E-03
  14560   0.11490E-03
  14570   0.11745E-03
  14580   0.12014E-03
  14590   0.12234E-03
  14600   0.12544E-03
  14610   0.12761E-03
  14620   0.13084E-03
  14630   0.13322E-03
  14640   0.13644E-03
  14650   0.13896E-03
  14660   0.14202E-03
  14670   0.14460E-03
  14680   0.14724E-03
  14690   0.15004E-03
  14700   0.15217E-03
  14710   0.15524E-03
  14720   0.15705E-03
  14730   0.16033E-03
  14740   0.16190E-03
  14750   0.16529E-03
  14760   0.16650E-03
  14770   0.16977E-03
  14780   0.17060E-03
  14790   0.17346E-03
  14800   0.17418E-03
  14810   0.17672E-03
  14820   0.17744E-03
  14830   0.17987E-03
  14840   0.18067E-03
  14850   0.18270E-03
  14860   0.18344E-03
  14870   0.18497E-03
  14880   0.18563E-03
  14890   0.18708E-03
  14900   0.18805E-03
  14910   0.18784E-03
  14920   0.18967E-03
  14930   0.19059E-03
  14940   0.19148E-03
  14950   0.19028E-03
  14960   0.19071E-03
  14970   0.19084E-03
  14980   0.19195E-03
  14990   0.19080E-03
  15000   0.19171E-03
  15010   0.19369E-03
  15020   0.19532E-03
  15030   0.19908E-03
  15040   0.19911E-03
  15050   0.20221E-03
  15060   0.19751E-03
  15070   0.19370E-03
  15080   0.19314E-03
  15090   0.19078E-03
  15100   0.19416E-03
  15110   0.19837E-03
  15120   0.20668E-03
  15130   0.14280E-02
  15140   0.82698E-03
  15150           NaN
  15160           NaN
  15170           NaN
  15180           NaN
  15190           NaN
  15200           NaN
  15210           NaN
  15220           NaN
  15230           NaN
  15240           NaN
  15250           NaN
  15260           NaN
  15270           NaN
  15280           NaN
  15290           NaN
  15300           NaN
  15310           NaN
  15320           NaN
  15330           NaN
  15340           NaN
  15350           NaN
  15360           NaN
  15370           NaN
  15380           NaN
  15390           NaN
  15400           NaN
  15410           NaN
  15420           NaN
  15430           NaN
  15440           NaN
  15450           NaN
  15460           NaN
  15470           NaN
  15480           NaN
  15490           NaN
  15500           NaN
  15510           NaN
  15520           NaN
  15530           NaN
  15540           NaN
  15550           NaN
  15560           NaN
  15570           NaN
  15580           NaN
  15590           NaN
  15600           NaN
  15610           NaN
  15620           NaN
  15630           NaN
  15640           NaN
  15650           NaN
  15660           NaN
  15670           NaN
  15680           NaN
  15690           NaN
  15700           NaN
  15710           NaN
  15720           NaN
  15730           NaN
  15740           NaN
  15750           NaN
  15760           NaN
  15770           NaN
  15780           NaN
  15790           NaN
  15800           NaN
  15810           NaN
  15820           NaN
  15830           NaN
  15840           NaN
  15850           NaN
  15860           NaN
  15870           NaN
  15880           NaN
  15890           NaN
  15900           NaN
  15910           NaN
  15920           NaN
  15930           NaN
  15940           NaN
  15950           NaN
  15960           NaN
  15970           NaN
  15980           NaN
  15990           NaN
  16000           NaN
  16010           NaN
  16020           NaN
  16030           NaN
  16040           NaN
  16050           NaN
  16060           NaN
  16070           NaN
  16080           NaN
  16090           NaN
  16100           NaN
  16110           NaN
  16120           NaN
  16130           NaN
  16140           NaN
  16150           NaN
  16160           NaN
  16170           NaN
  16180           NaN
  16190           NaN
  16200           NaN
  16210           NaN
  16220           NaN
  16230           NaN
  16240           NaN
  16250           NaN
  16260           NaN
  16270           NaN
  16280           NaN
  16290           NaN
  16300           NaN
  16310           NaN
  16320           NaN
  16330           NaN
  16340           NaN
  16350           NaN
  16360           NaN
  16370           NaN
  16380           NaN
  16390           NaN
  16400           NaN
  16410           NaN
  16420           NaN
  16430           NaN
  16440           NaN
  16450           NaN
  16460           NaN
  16470           NaN
  16480           NaN
  16490           NaN
  16500           NaN
  16510           NaN
  16520           NaN
  16530           NaN
  16540           NaN
  16550           NaN
  16560           NaN
  16570           NaN
  16580           NaN
  16590           NaN
  16600           NaN
  16610           NaN
  16620           NaN
  16630           NaN
  16640           NaN
  16650           NaN
  16660           NaN
  16670           NaN
  16680           NaN
  16690           NaN
  16700           NaN
  16710           NaN
  16720           NaN
  16730           NaN
  16740           NaN
  16750           NaN
  16760           NaN
  16770           NaN
  16780           NaN
  16790           NaN
  16800           NaN
  16810           NaN
  16820           NaN
  16830           NaN
  16840           NaN
  16850           NaN
  16860           NaN
  16870           NaN
  16880           NaN
  16890           NaN
  16900           NaN
  16910           NaN
  16920           NaN
  16930           NaN
  16940           NaN
  16950           NaN
  16960           NaN
  16970           NaN
  16980           NaN
  16990           NaN
  17000           NaN
  17010           NaN
  17020           NaN
  17030           NaN
  17040           NaN
  17050           NaN
  17060           NaN
  17070           NaN
  17080           NaN
  17090           NaN
  17100           NaN
  17110           NaN
  17120           NaN
  17130           NaN
  17140           NaN
  17150           NaN
  17160           NaN
  17170           NaN
  17180           NaN
  17190           NaN
  17200           NaN
  17210           NaN
  17220           NaN
  17230           NaN
  17240           NaN
  17250           NaN
  17260           NaN
  17270           NaN
  17280           NaN
  17290           NaN
  17300           NaN
  17310           NaN
  17320           NaN
  17330           NaN
  17340           NaN
  17350           NaN
  17360           NaN
  17370           NaN
  17380           NaN
  17390           NaN
  17400           NaN
  17410           NaN
  17420           NaN
  17430           NaN
  17440           NaN
  17450           NaN
  17460           NaN
  17470           NaN
  17480           NaN
  17490           NaN
  17500           NaN
  17510           NaN
  17520           NaN
  17530           NaN
  17540           NaN
  17550           NaN
  17560           NaN
  17570           NaN
  17580           NaN
  17590           NaN
  17600           NaN
  17610           NaN
  17620           NaN
  17630           NaN
  17640           NaN
  17650           NaN
  17660           NaN
  17670           NaN
  17680           NaN
  17690           NaN
  17700           NaN
  17710           NaN
  17720           NaN
  17730           NaN
  17740           NaN
  17750           NaN
  17760           NaN
  17770           NaN
  17780           NaN
  17790           NaN
  17800           NaN
  17810           NaN
  17820           NaN
  17830           NaN
  17840           NaN
  17850           NaN
  17860           NaN
  17870           NaN
  17880           NaN
  17890           NaN
  17900           NaN
  17910           NaN
  17920           NaN
  17930           NaN
  17940           NaN
  17950           NaN
  17960           NaN
  17970           NaN
  17980           NaN
  17990           NaN
  18000           NaN
  18010           NaN
  18020           NaN
  18030           NaN
  18040           NaN
  18050           NaN
  18060           NaN
  18070           NaN
  18080           NaN
  18090           NaN
  18100           NaN
  18110           NaN
  18120           NaN
  18130           NaN
  18140           NaN
  18150           NaN
  18160           NaN
  18170           NaN
  18180           NaN
  18190           NaN
  18200           NaN
  18210           NaN
  18220           NaN
  18230           NaN
  18240           NaN
  18250           NaN
  18260           NaN
  18270           NaN
  18280           NaN
  18290           NaN
  18300           NaN
  18310           NaN
  18320           NaN
  18330           NaN
  18340           NaN
  18350           NaN
  18360           NaN
  18370           NaN
  18380           NaN
  18390           NaN
  18400           NaN
  18410           NaN
  18420           NaN
  18430           NaN
  18440           NaN
  18450           NaN
  18460           NaN
  18470           NaN
  18480           NaN
  18490           NaN
  18500           NaN
  18510           NaN
  18520           NaN
  18530           NaN
  18540           NaN
  18550           NaN
  18560           NaN
  18570           NaN
  18580           NaN
  18590           NaN
  18600           NaN
  18610           NaN
  18620           NaN
  18630           NaN
  18640           NaN
  18650           NaN
  18660           NaN
  18670           NaN
  18680           NaN
  18690           NaN
  18700           NaN
  18710           NaN
  18720           NaN
  18730           NaN
  18740           NaN
  18750           NaN
  18760           NaN
  18770           NaN
  18780           NaN
  18790           NaN
  18800           NaN
  18810           NaN
  18820           NaN
  18830           NaN
  18840           NaN
  18850           NaN
  18860           NaN
  18870           NaN
  18880           NaN
  18890           NaN
  18900           NaN
  18910           NaN
  18920           NaN
  18930           NaN
  18940           NaN
  18950           NaN
  18960           NaN
  18970           NaN
  18980           NaN
  18990           NaN
  19000           NaN
  19010           NaN
  19020           NaN
  19030           NaN
  19040           NaN
  19050           NaN
  19060           NaN
  19070           NaN
  19080           NaN
  19090           NaN
  19100           NaN
  19110           NaN
  19120           NaN
  19130           NaN
  19140           NaN
  19150           NaN
  19160           NaN
  19170           NaN
  19180           NaN
  19190           NaN
  19200           NaN
  19210           NaN
  19220           NaN
  19230           NaN
  19240           NaN
  19250           NaN
  19260           NaN
  19270           NaN
  19280           NaN
  19290           NaN
  19300           NaN
  19310           NaN
  19320           NaN
  19330           NaN
  19340           NaN
  19350           NaN
  19360           NaN
  19370           NaN
  19380           NaN
  19390           NaN
  19400           NaN
  19410           NaN
  19420           NaN
  19430           NaN
  19440           NaN
  19450           NaN
  19460           NaN
  19470           NaN
  19480           NaN
  19490           NaN
  19500           NaN
  19510           NaN
  19520           NaN
  19530           NaN
  19540           NaN
  19550           NaN
  19560           NaN
  19570           NaN
  19580           NaN
  19590           NaN
  19600           NaN
  19610           NaN
  19620           NaN
  19630           NaN
  19640           NaN
  19650           NaN
  19660           NaN
  19670           NaN
  19680           NaN
  19690           NaN
  19700           NaN
  19710           NaN
  19720           NaN
  19730           NaN
  19740           NaN
  19750           NaN
  19760           NaN
  19770           NaN
  19780           NaN
  19790           NaN
  19800           NaN
  19810           NaN
  19820           NaN
  19830           NaN
  19840           NaN
  19850           NaN
  19860           NaN
  19870           NaN
  19880           NaN
  19890           NaN
  19900           NaN
  19910           NaN
  19920           NaN
  19930           NaN
  19940           NaN
  19950           NaN
  19960           NaN
  19970           NaN
  19980           NaN
  19990           NaN
  20000           NaN
