     10   0.10548E-02
     20   0.89614E-03
     30   0.79205E-03
     40   0.71797E-03
     50   0.66201E-03
     60   0.61738E-03
     70   0.57978E-03
     80   0.54704E-03
     90   0.51799E-03
    100   0.49173E-03
    110   0.46772E-03
    120   0.44550E-03
    130   0.42483E-03
    140   0.40538E-03
    150   0.38710E-03
    160   0.36988E-03
    170   0.35367E-03
    180   0.33845E-03
    190   0.32406E-03
    200   0.31050E-03
    210   0.29802E-03
    220   0.28628E-03
    230   0.27525E-03
    240   0.26494E-03
    250   0.25526E-03
    260   0.24620E-03
    270   0.23775E-03
    280   0.22988E-03
    290   0.22252E-03
    300   0.21566E-03
    310   0.20936E-03
    320   0.20351E-03
    330   0.19809E-03
    340   0.19311E-03
    350   0.18856E-03
    360   0.18445E-03
    370   0.18080E-03
    380   0.17759E-03
    390   0.17479E-03
    400   0.17240E-03
    410   0.17039E-03
    420   0.16865E-03
    430   0.16715E-03
    440   0.16582E-03
    450   0.16458E-03
    460   0.16339E-03
    470   0.16218E-03
    480   0.16094E-03
    490   0.15961E-03
    500   0.15820E-03
    510   0.15673E-03
    520   0.15518E-03
    530   0.15358E-03
    540   0.15195E-03
    550   0.15031E-03
    560   0.14872E-03
    570   0.14721E-03
    580   0.14580E-03
    590   0.14454E-03
    600   0.14345E-03
    610   0.14255E-03
    620   0.14185E-03
    630   0.14135E-03
    640   0.14105E-03
    650   0.14093E-03
    660   0.14100E-03
    670   0.14122E-03
    680   0.14159E-03
    690   0.14206E-03
    700   0.14263E-03
    710   0.14328E-03
    720   0.14397E-03
    730   0.14469E-03
    740   0.14541E-03
    750   0.14610E-03
    760   0.14676E-03
    770   0.14738E-03
    780   0.14792E-03
    790   0.14838E-03
    800   0.14875E-03
    810   0.14903E-03
    820   0.14918E-03
    830   0.14923E-03
    840   0.14916E-03
    850   0.14899E-03
    860   0.14869E-03
    870   0.14829E-03
    880   0.14779E-03
    890   0.14718E-03
    900   0.14648E-03
    910   0.14570E-03
    920   0.14483E-03
    930   0.14389E-03
    940   0.14288E-03
    950   0.14183E-03
    960   0.14074E-03
    970   0.13960E-03
    980   0.13847E-03
    990   0.13731E-03
   1000   0.13615E-03
   1010   0.13504E-03
   1020   0.13394E-03
   1030   0.13290E-03
   1040   0.13193E-03
   1050   0.13101E-03
   1060   0.13019E-03
   1070   0.12944E-03
   1080   0.12880E-03
   1090   0.12826E-03
   1100   0.12783E-03
   1110   0.12752E-03
   1120   0.12727E-03
   1130   0.12714E-03
   1140   0.12711E-03
   1150   0.12714E-03
   1160   0.12726E-03
   1170   0.12744E-03
   1180   0.12766E-03
   1190   0.12792E-03
   1200   0.12821E-03
   1210   0.12852E-03
   1220   0.12882E-03
   1230   0.12910E-03
   1240   0.12938E-03
   1250   0.12962E-03
   1260   0.12982E-03
   1270   0.12999E-03
   1280   0.13010E-03
   1290   0.13017E-03
   1300   0.13016E-03
   1310   0.13013E-03
   1320   0.13002E-03
   1330   0.12986E-03
   1340   0.12965E-03
   1350   0.12941E-03
   1360   0.12911E-03
   1370   0.12878E-03
   1380   0.12843E-03
   1390   0.12805E-03
   1400   0.12767E-03
   1410   0.12729E-03
   1420   0.12691E-03
   1430   0.12653E-03
   1440   0.12618E-03
   1450   0.12587E-03
   1460   0.12558E-03
   1470   0.12532E-03
   1480   0.12510E-03
   1490   0.12494E-03
   1500   0.12479E-03
   1510   0.12469E-03
   1520   0.12462E-03
   1530   0.12457E-03
   1540   0.12456E-03
   1550   0.12455E-03
   1560   0.12455E-03
   1570   0.12453E-03
   1580   0.12453E-03
   1590   0.12449E-03
   1600   0.12443E-03
   1610   0.12436E-03
   1620   0.12424E-03
   1630   0.12407E-03
   1640   0.12385E-03
   1650   0.12358E-03
   1660   0.12326E-03
   1670   0.12289E-03
   1680   0.12245E-03
   1690   0.12197E-03
   1700   0.12142E-03
   1710   0.12084E-03
   1720   0.12020E-03
   1730   0.11952E-03
   1740   0.11881E-03
   1750   0.11807E-03
   1760   0.11730E-03
   1770   0.11652E-03
   1780   0.11575E-03
   1790   0.11500E-03
   1800   0.11423E-03
   1810   0.11350E-03
   1820   0.11281E-03
   1830   0.11216E-03
   1840   0.11156E-03
   1850   0.11103E-03
   1860   0.11057E-03
   1870   0.11018E-03
   1880   0.10989E-03
   1890   0.10969E-03
   1900   0.10959E-03
   1910   0.10959E-03
   1920   0.10971E-03
   1930   0.10991E-03
   1940   0.11022E-03
   1950   0.11066E-03
   1960   0.11117E-03
   1970   0.11179E-03
   1980   0.11251E-03
   1990   0.11331E-03
   2000   0.11420E-03
   2010   0.11516E-03
   2020   0.11617E-03
   2030   0.11726E-03
   2040   0.11839E-03
   2050   0.11956E-03
   2060   0.12076E-03
   2070   0.12201E-03
   2080   0.12326E-03
   2090   0.12453E-03
   2100   0.12579E-03
   2110   0.12707E-03
   2120   0.12834E-03
   2130   0.12960E-03
   2140   0.13086E-03
   2150   0.13207E-03
   2160   0.13328E-03
   2170   0.13446E-03
   2180   0.13562E-03
   2190   0.13674E-03
   2200   0.13783E-03
   2210   0.13889E-03
   2220   0.13991E-03
   2230   0.14091E-03
   2240   0.14185E-03
   2250   0.14275E-03
   2260   0.14362E-03
   2270   0.14443E-03
   2280   0.14523E-03
   2290   0.14594E-03
   2300   0.14662E-03
   2310   0.14727E-03
   2320   0.14786E-03
   2330   0.14839E-03
   2340   0.14888E-03
   2350   0.14931E-03
   2360   0.14969E-03
   2370   0.15001E-03
   2380   0.15030E-03
   2390   0.15052E-03
   2400   0.15070E-03
   2410   0.15082E-03
   2420   0.15086E-03
   2430   0.15087E-03
   2440   0.15083E-03
   2450   0.15076E-03
   2460   0.15061E-03
   2470   0.15043E-03
   2480   0.15018E-03
   2490   0.14989E-03
   2500   0.14954E-03
   2510   0.14915E-03
   2520   0.14874E-03
   2530   0.14826E-03
   2540   0.14776E-03
   2550   0.14722E-03
   2560   0.14663E-03
   2570   0.14602E-03
   2580   0.14535E-03
   2590   0.14465E-03
   2600   0.14393E-03
   2610   0.14317E-03
   2620   0.14236E-03
   2630   0.14156E-03
   2640   0.14072E-03
   2650   0.13983E-03
   2660   0.13893E-03
   2670   0.13801E-03
   2680   0.13706E-03
   2690   0.13611E-03
   2700   0.13511E-03
   2710   0.13412E-03
   2720   0.13309E-03
   2730   0.13206E-03
   2740   0.13102E-03
   2750   0.12993E-03
   2760   0.12884E-03
   2770   0.12775E-03
   2780   0.12667E-03
   2790   0.12555E-03
   2800   0.12443E-03
   2810   0.12331E-03
   2820   0.12215E-03
   2830   0.12101E-03
   2840   0.11986E-03
   2850   0.11871E-03
   2860   0.11756E-03
   2870   0.11641E-03
   2880   0.11526E-03
   2890   0.11408E-03
   2900   0.11294E-03
   2910   0.11178E-03
   2920   0.11065E-03
   2930   0.10952E-03
   2940   0.10837E-03
   2950   0.10726E-03
   2960   0.10613E-03
   2970   0.10501E-03
   2980   0.10392E-03
   2990   0.10283E-03
   3000   0.10177E-03
   3010   0.10072E-03
   3020   0.99662E-04
   3030   0.98636E-04
   3040   0.97643E-04
   3050   0.96624E-04
   3060   0.95636E-04
   3070   0.94685E-04
   3080   0.93730E-04
   3090   0.92812E-04
   3100   0.91900E-04
   3110   0.91015E-04
   3120   0.90130E-04
   3130   0.89300E-04
   3140   0.88456E-04
   3150   0.87639E-04
   3160   0.86853E-04
   3170   0.86060E-04
   3180   0.85321E-04
   3190   0.84564E-04
   3200   0.83856E-04
   3210   0.83129E-04
   3220   0.82433E-04
   3230   0.81773E-04
   3240   0.81099E-04
   3250   0.80458E-04
   3260   0.79826E-04
   3270   0.79210E-04
   3280   0.78592E-04
   3290   0.78022E-04
   3300   0.77442E-04
   3310   0.76898E-04
   3320   0.76326E-04
   3330   0.75774E-04
   3340   0.75251E-04
   3350   0.74758E-04
   3360   0.74253E-04
   3370   0.73749E-04
   3380   0.73266E-04
   3390   0.72794E-04
   3400   0.72332E-04
   3410   0.71869E-04
   3420   0.71414E-04
   3430   0.70989E-04
   3440   0.70559E-04
   3450   0.70137E-04
   3460   0.69717E-04
   3470   0.69310E-04
   3480   0.68928E-04
   3490   0.68539E-04
   3500   0.68177E-04
   3510   0.67807E-04
   3520   0.67432E-04
   3530   0.67082E-04
   3540   0.66728E-04
   3550   0.66398E-04
   3560   0.66080E-04
   3570   0.65753E-04
   3580   0.65443E-04
   3590   0.65145E-04
   3600   0.64855E-04
   3610   0.64580E-04
   3620   0.64305E-04
   3630   0.64044E-04
   3640   0.63777E-04
   3650   0.63529E-04
   3660   0.63293E-04
   3670   0.63047E-04
   3680   0.62819E-04
   3690   0.62612E-04
   3700   0.62394E-04
   3710   0.62219E-04
   3720   0.62046E-04
   3730   0.61846E-04
   3740   0.61671E-04
   3750   0.61506E-04
   3760   0.61349E-04
   3770   0.61214E-04
   3780   0.61057E-04
   3790   0.60928E-04
   3800   0.60798E-04
   3810   0.60711E-04
   3820   0.60587E-04
   3830   0.60481E-04
   3840   0.60360E-04
   3850   0.60289E-04
   3860   0.60216E-04
   3870   0.60110E-04
   3880   0.60053E-04
   3890   0.59982E-04
   3900   0.59932E-04
   3910   0.59877E-04
   3920   0.59825E-04
   3930   0.59767E-04
   3940   0.59720E-04
   3950   0.59708E-04
   3960   0.59656E-04
   3970   0.59634E-04
   3980   0.59622E-04
   3990   0.59610E-04
   4000   0.59596E-04
   4010   0.59588E-04
   4020   0.59591E-04
   4030   0.59589E-04
   4040   0.59584E-04
   4050   0.59599E-04
   4060   0.59601E-04
   4070   0.59618E-04
   4080   0.59640E-04
   4090   0.59657E-04
   4100   0.59695E-04
   4110   0.59719E-04
   4120   0.59737E-04
   4130   0.59800E-04
   4140   0.59818E-04
   4150   0.59885E-04
   4160   0.59926E-04
   4170   0.59956E-04
   4180   0.60025E-04
   4190   0.60066E-04
   4200   0.60122E-04
   4210   0.60178E-04
   4220   0.60235E-04
   4230   0.60296E-04
   4240   0.60364E-04
   4250   0.60417E-04
   4260   0.60509E-04
   4270   0.60571E-04
   4280   0.60650E-04
   4290   0.60720E-04
   4300   0.60790E-04
   4310   0.60860E-04
   4320   0.60955E-04
   4330   0.61013E-04
   4340   0.61102E-04
   4350   0.61181E-04
   4360   0.61257E-04
   4370   0.61356E-04
   4380   0.61437E-04
   4390   0.61503E-04
   4400   0.61600E-04
   4410   0.61671E-04
   4420   0.61756E-04
   4430   0.61847E-04
   4440   0.61920E-04
   4450   0.62012E-04
   4460   0.62086E-04
   4470   0.62170E-04
   4480   0.62254E-04
   4490   0.62319E-04
   4500   0.62400E-04
   4510   0.62477E-04
   4520   0.62549E-04
   4530   0.62618E-04
   4540   0.62700E-04
   4550   0.62758E-04
   4560   0.62834E-04
   4570   0.62891E-04
   4580   0.62953E-04
   4590   0.63019E-04
   4600   0.63070E-04
   4610   0.63130E-04
   4620   0.63168E-04
   4630   0.63214E-04
   4640   0.63274E-04
   4650   0.63294E-04
   4660   0.63345E-04
   4670   0.63376E-04
   4680   0.63401E-04
   4690   0.63441E-04
   4700   0.63451E-04
   4710   0.63474E-04
   4720   0.63504E-04
   4730   0.63506E-04
   4740   0.63504E-04
   4750   0.63519E-04
   4760   0.63512E-04
   4770   0.63511E-04
   4780   0.63510E-04
   4790   0.63492E-04
   4800   0.63479E-04
   4810   0.63462E-04
   4820   0.63435E-04
   4830   0.63397E-04
   4840   0.63373E-04
   4850   0.63338E-04
   4860   0.63315E-04
   4870   0.63270E-04
   4880   0.63208E-04
   4890   0.63168E-04
   4900   0.63128E-04
   4910   0.63068E-04
   4920   0.63010E-04
   4930   0.62947E-04
   4940   0.62898E-04
   4950   0.62818E-04
   4960   0.62757E-04
   4970   0.62668E-04
   4980   0.62610E-04
   4990   0.62532E-04
   5000   0.62451E-04
   5010   0.62360E-04
   5020   0.62278E-04
   5030   0.62189E-04
   5040   0.62110E-04
   5050   0.62027E-04
   5060   0.61933E-04
   5070   0.61845E-04
   5080   0.61772E-04
   5090   0.61672E-04
   5100   0.61562E-04
   5110   0.61479E-04
   5120   0.61387E-04
   5130   0.61301E-04
   5140   0.61201E-04
   5150   0.61118E-04
   5160   0.61028E-04
   5170   0.60922E-04
   5180   0.60828E-04
   5190   0.60740E-04
   5200   0.60643E-04
   5210   0.60556E-04
   5220   0.60449E-04
   5230   0.60374E-04
   5240   0.60294E-04
   5250   0.60197E-04
   5260   0.60127E-04
   5270   0.60041E-04
   5280   0.59937E-04
   5290   0.59865E-04
   5300   0.59783E-04
   5310   0.59700E-04
   5320   0.59633E-04
   5330   0.59552E-04
   5340   0.59487E-04
   5350   0.59414E-04
   5360   0.59333E-04
   5370   0.59275E-04
   5380   0.59213E-04
   5390   0.59146E-04
   5400   0.59083E-04
   5410   0.59009E-04
   5420   0.58947E-04
   5430   0.58893E-04
   5440   0.58849E-04
   5450   0.58782E-04
   5460   0.58755E-04
   5470   0.58694E-04
   5480   0.58643E-04
   5490   0.58590E-04
   5500   0.58558E-04
   5510   0.58524E-04
   5520   0.58473E-04
   5530   0.58446E-04
   5540   0.58415E-04
   5550   0.58380E-04
   5560   0.58337E-04
   5570   0.58312E-04
   5580   0.58270E-04
   5590   0.58237E-04
   5600   0.58221E-04
   5610   0.58182E-04
   5620   0.58173E-04
   5630   0.58153E-04
   5640   0.58124E-04
   5650   0.58094E-04
   5660   0.58084E-04
   5670   0.58070E-04
   5680   0.58057E-04
   5690   0.58027E-04
   5700   0.58005E-04
   5710   0.58004E-04
   5720   0.57984E-04
   5730   0.57976E-04
   5740   0.57972E-04
   5750   0.57953E-04
   5760   0.57950E-04
   5770   0.57938E-04
   5780   0.57935E-04
   5790   0.57916E-04
   5800   0.57897E-04
   5810   0.57894E-04
   5820   0.57872E-04
   5830   0.57889E-04
   5840   0.57867E-04
   5850   0.57861E-04
   5860   0.57855E-04
   5870   0.57847E-04
   5880   0.57836E-04
   5890   0.57826E-04
   5900   0.57827E-04
   5910   0.57812E-04
   5920   0.57810E-04
   5930   0.57792E-04
   5940   0.57797E-04
   5950   0.57769E-04
   5960   0.57783E-04
   5970   0.57773E-04
   5980   0.57745E-04
   5990   0.57748E-04
   6000   0.57740E-04
   6010   0.57725E-04
   6020   0.57723E-04
   6030   0.57707E-04
   6040   0.57709E-04
   6050   0.57684E-04
   6060   0.57681E-04
   6070   0.57652E-04
   6080   0.57649E-04
   6090   0.57634E-04
   6100   0.57624E-04
   6110   0.57617E-04
   6120   0.57613E-04
   6130   0.57575E-04
   6140   0.57563E-04
   6150   0.57549E-04
   6160   0.57536E-04
   6170   0.57521E-04
   6180   0.57505E-04
   6190   0.57481E-04
   6200   0.57470E-04
   6210   0.57446E-04
   6220   0.57416E-04
   6230   0.57401E-04
   6240   0.57381E-04
   6250   0.57354E-04
   6260   0.57337E-04
   6270   0.57310E-04
   6280   0.57280E-04
   6290   0.57264E-04
   6300   0.57227E-04
   6310   0.57214E-04
   6320   0.57170E-04
   6330   0.57147E-04
   6340   0.57110E-04
   6350   0.57084E-04
   6360   0.57056E-04
   6370   0.57028E-04
   6380   0.56973E-04
   6390   0.56959E-04
   6400   0.56913E-04
   6410   0.56877E-04
   6420   0.56830E-04
   6430   0.56792E-04
   6440   0.56757E-04
   6450   0.56713E-04
   6460   0.56656E-04
   6470   0.56615E-04
   6480   0.56564E-04
   6490   0.56524E-04
   6500   0.56462E-04
   6510   0.56415E-04
   6520   0.56353E-04
   6530   0.56299E-04
   6540   0.56243E-04
   6550   0.56192E-04
   6560   0.56120E-04
   6570   0.56052E-04
   6580   0.55979E-04
   6590   0.55930E-04
   6600   0.55859E-04
   6610   0.55772E-04
   6620   0.55713E-04
   6630   0.55619E-04
   6640   0.55537E-04
   6650   0.55474E-04
   6660   0.55395E-04
   6670   0.55309E-04
   6680   0.55209E-04
   6690   0.55130E-04
   6700   0.55036E-04
   6710   0.54940E-04
   6720   0.54839E-04
   6730   0.54733E-04
   6740   0.54634E-04
   6750   0.54524E-04
   6760   0.54422E-04
   6770   0.54319E-04
   6780   0.54208E-04
   6790   0.54092E-04
   6800   0.53978E-04
   6810   0.53864E-04
   6820   0.53739E-04
   6830   0.53607E-04
   6840   0.53488E-04
   6850   0.53365E-04
   6860   0.53229E-04
   6870   0.53113E-04
   6880   0.52974E-04
   6890   0.52839E-04
   6900   0.52702E-04
   6910   0.52559E-04
   6920   0.52425E-04
   6930   0.52288E-04
   6940   0.52150E-04
   6950   0.52004E-04
   6960   0.51862E-04
   6970   0.51733E-04
   6980   0.51583E-04
   6990   0.51422E-04
   7000   0.51288E-04
   7010   0.51144E-04
   7020   0.50994E-04
   7030   0.50862E-04
   7040   0.50701E-04
   7050   0.50558E-04
   7060   0.50410E-04
   7070   0.50264E-04
   7080   0.50106E-04
   7090   0.49980E-04
   7100   0.49848E-04
   7110   0.49699E-04
   7120   0.49552E-04
   7130   0.49409E-04
   7140   0.49269E-04
   7150   0.49124E-04
   7160   0.48971E-04
   7170   0.48854E-04
   7180   0.48710E-04
   7190   0.48573E-04
   7200   0.48445E-04
   7210   0.48318E-04
   7220   0.48196E-04
   7230   0.48057E-04
   7240   0.47924E-04
   7250   0.47804E-04
   7260   0.47678E-04
   7270   0.47562E-04
   7280   0.47444E-04
   7290   0.47310E-04
   7300   0.47203E-04
   7310   0.47083E-04
   7320   0.46976E-04
   7330   0.46846E-04
   7340   0.46743E-04
   7350   0.46629E-04
   7360   0.46513E-04
   7370   0.46413E-04
   7380   0.46313E-04
   7390   0.46205E-04
   7400   0.46100E-04
   7410   0.45982E-04
   7420   0.45895E-04
   7430   0.45767E-04
   7440   0.45673E-04
   7450   0.45597E-04
   7460   0.45484E-04
   7470   0.45390E-04
   7480   0.45285E-04
   7490   0.45189E-04
   7500   0.45092E-04
   7510   0.44985E-04
   7520   0.44897E-04
   7530   0.44821E-04
   7540   0.44711E-04
   7550   0.44604E-04
   7560   0.44520E-04
   7570   0.44427E-04
   7580   0.44351E-04
   7590   0.44238E-04
   7600   0.44145E-04
   7610   0.44061E-04
   7620   0.43967E-04
   7630   0.43882E-04
   7640   0.43787E-04
   7650   0.43694E-04
   7660   0.43583E-04
   7670   0.43516E-04
   7680   0.43432E-04
   7690   0.43333E-04
   7700   0.43238E-04
   7710   0.43152E-04
   7720   0.43059E-04
   7730   0.42968E-04
   7740   0.42891E-04
   7750   0.42790E-04
   7760   0.42708E-04
   7770   0.42622E-04
   7780   0.42543E-04
   7790   0.42430E-04
   7800   0.42342E-04
   7810   0.42273E-04
   7820   0.42176E-04
   7830   0.42095E-04
   7840   0.42005E-04
   7850   0.41918E-04
   7860   0.41823E-04
   7870   0.41727E-04
   7880   0.41627E-04
   7890   0.41550E-04
   7900   0.41452E-04
   7910   0.41348E-04
   7920   0.41272E-04
   7930   0.41185E-04
   7940   0.41084E-04
   7950   0.40989E-04
   7960   0.40903E-04
   7970   0.40791E-04
   7980   0.40707E-04
   7990   0.40619E-04
   8000   0.40508E-04
   8010   0.40418E-04
   8020   0.40337E-04
   8030   0.40237E-04
   8040   0.40129E-04
   8050   0.40045E-04
   8060   0.39930E-04
   8070   0.39820E-04
   8080   0.39734E-04
   8090   0.39639E-04
   8100   0.39539E-04
   8110   0.39450E-04
   8120   0.39336E-04
   8130   0.39241E-04
   8140   0.39131E-04
   8150   0.39034E-04
   8160   0.38928E-04
   8170   0.38810E-04
   8180   0.38722E-04
   8190   0.38622E-04
   8200   0.38516E-04
   8210   0.38396E-04
   8220   0.38307E-04
   8230   0.38180E-04
   8240   0.38084E-04
   8250   0.37967E-04
   8260   0.37849E-04
   8270   0.37766E-04
   8280   0.37658E-04
   8290   0.37539E-04
   8300   0.37420E-04
   8310   0.37316E-04
   8320   0.37223E-04
   8330   0.37092E-04
   8340   0.36989E-04
   8350   0.36872E-04
   8360   0.36758E-04
   8370   0.36652E-04
   8380   0.36533E-04
   8390   0.36417E-04
   8400   0.36307E-04
   8410   0.36193E-04
   8420   0.36061E-04
   8430   0.35974E-04
   8440   0.35870E-04
   8450   0.35729E-04
   8460   0.35624E-04
   8470   0.35508E-04
   8480   0.35408E-04
   8490   0.35286E-04
   8500   0.35177E-04
   8510   0.35053E-04
   8520   0.34931E-04
   8530   0.34832E-04
   8540   0.34703E-04
   8550   0.34606E-04
   8560   0.34479E-04
   8570   0.34367E-04
   8580   0.34230E-04
   8590   0.34133E-04
   8600   0.34019E-04
   8610   0.33902E-04
   8620   0.33777E-04
   8630   0.33659E-04
   8640   0.33556E-04
   8650   0.33445E-04
   8660   0.33316E-04
   8670   0.33205E-04
   8680   0.33083E-04
   8690   0.32980E-04
   8700   0.32851E-04
   8710   0.32752E-04
   8720   0.32626E-04
   8730   0.32497E-04
   8740   0.32399E-04
   8750   0.32268E-04
   8760   0.32178E-04
   8770   0.32051E-04
   8780   0.31927E-04
   8790   0.31823E-04
   8800   0.31703E-04
   8810   0.31590E-04
   8820   0.31486E-04
   8830   0.31372E-04
   8840   0.31248E-04
   8850   0.31126E-04
   8860   0.31019E-04
   8870   0.30899E-04
   8880   0.30791E-04
   8890   0.30696E-04
   8900   0.30577E-04
   8910   0.30445E-04
   8920   0.30337E-04
   8930   0.30211E-04
   8940   0.30146E-04
   8950   0.30017E-04
   8960   0.29914E-04
   8970   0.29795E-04
   8980   0.29696E-04
   8990   0.29556E-04
   9000   0.29461E-04
   9010   0.29351E-04
   9020   0.29227E-04
   9030   0.29141E-04
   9040   0.29032E-04
   9050   0.28916E-04
   9060   0.28808E-04
   9070   0.28687E-04
   9080   0.28580E-04
   9090   0.28474E-04
   9100   0.28387E-04
   9110   0.28286E-04
   9120   0.28161E-04
   9130   0.28043E-04
   9140   0.27948E-04
   9150   0.27843E-04
   9160   0.27714E-04
   9170   0.27627E-04
   9180   0.27528E-04
   9190   0.27403E-04
   9200   0.27318E-04
   9210   0.27196E-04
   9220   0.27087E-04
   9230   0.26986E-04
   9240   0.26880E-04
   9250   0.26774E-04
   9260   0.26664E-04
   9270   0.26556E-04
   9280   0.26446E-04
   9290   0.26324E-04
   9300   0.26231E-04
   9310   0.26131E-04
   9320   0.26003E-04
   9330   0.25924E-04
   9340   0.25807E-04
   9350   0.25689E-04
   9360   0.25577E-04
   9370   0.25484E-04
   9380   0.25376E-04
   9390   0.25281E-04
   9400   0.25148E-04
   9410   0.25054E-04
   9420   0.24944E-04
   9430   0.24828E-04
   9440   0.24725E-04
   9450   0.24613E-04
   9460   0.24510E-04
   9470   0.24401E-04
   9480   0.24290E-04
   9490   0.24182E-04
   9500   0.24081E-04
   9510   0.23948E-04
   9520   0.23847E-04
   9530   0.23758E-04
   9540   0.23637E-04
   9550   0.23518E-04
   9560   0.23417E-04
   9570   0.23320E-04
   9580   0.23203E-04
   9590   0.23110E-04
   9600   0.22992E-04
   9610   0.22877E-04
   9620   0.22788E-04
   9630   0.22684E-04
   9640   0.22555E-04
   9650   0.22446E-04
   9660   0.22352E-04
   9670   0.22244E-04
   9680   0.22141E-04
   9690   0.22009E-04
   9700   0.21910E-04
   9710   0.21804E-04
   9720   0.21696E-04
   9730   0.21566E-04
   9740   0.21476E-04
   9750   0.21391E-04
   9760   0.21273E-04
   9770   0.21157E-04
   9780   0.21046E-04
   9790   0.20926E-04
   9800   0.20845E-04
   9810   0.20736E-04
   9820   0.20615E-04
   9830   0.20520E-04
   9840   0.20408E-04
   9850   0.20307E-04
   9860   0.20188E-04
   9870   0.20101E-04
   9880   0.19995E-04
   9890   0.19884E-04
   9900   0.19782E-04
   9910   0.19676E-04
   9920   0.19566E-04
   9930   0.19470E-04
   9940   0.19373E-04
   9950   0.19265E-04
   9960   0.19156E-04
   9970   0.19057E-04
   9980   0.18952E-04
   9990   0.18853E-04
  10000   0.18762E-04
  10010   0.18668E-04
  10020   0.18556E-04
  10030   0.18465E-04
  10040   0.18372E-04
  10050   0.18255E-04
  10060   0.18174E-04
  10070   0.18073E-04
  10080   0.17987E-04
  10090   0.17873E-04
  10100   0.17796E-04
  10110   0.17674E-04
  10120   0.17610E-04
  10130   0.17485E-04
  10140   0.17407E-04
  10150   0.17315E-04
  10160   0.17205E-04
  10170   0.17120E-04
  10180   0.17033E-04
  10190   0.16921E-04
  10200   0.16857E-04
  10210   0.16774E-04
  10220   0.16662E-04
  10230   0.16576E-04
  10240   0.16486E-04
  10250   0.16399E-04
  10260   0.16291E-04
  10270   0.16206E-04
  10280   0.16111E-04
  10290   0.16037E-04
  10300   0.15955E-04
  10310   0.15862E-04
  10320   0.15778E-04
  10330   0.15692E-04
  10340   0.15601E-04
  10350   0.15524E-04
  10360   0.15424E-04
  10370   0.15360E-04
  10380   0.15268E-04
  10390   0.15182E-04
  10400   0.15101E-04
  10410   0.15015E-04
  10420   0.14933E-04
  10430   0.14851E-04
  10440   0.14765E-04
  10450   0.14695E-04
  10460   0.14614E-04
  10470   0.14540E-04
  10480   0.14438E-04
  10490   0.14355E-04
  10500   0.14282E-04
  10510   0.14191E-04
  10520   0.14120E-04
  10530   0.14030E-04
  10540   0.13966E-04
  10550   0.13872E-04
  10560   0.13816E-04
  10570   0.13734E-04
  10580   0.13648E-04
  10590   0.13580E-04
  10600   0.13492E-04
  10610   0.13421E-04
  10620   0.13344E-04
  10630   0.13277E-04
  10640   0.13189E-04
  10650   0.13118E-04
  10660   0.13058E-04
  10670   0.12985E-04
  10680   0.12898E-04
  10690   0.12807E-04
  10700   0.12749E-04
  10710   0.12676E-04
  10720   0.12612E-04
  10730   0.12525E-04
  10740   0.12452E-04
  10750   0.12380E-04
  10760   0.12306E-04
  10770   0.12240E-04
  10780   0.12147E-04
  10790   0.12094E-04
  10800   0.12035E-04
  10810   0.11959E-04
  10820   0.11869E-04
  10830   0.11807E-04
  10840   0.11741E-04
  10850   0.11661E-04
  10860   0.11590E-04
  10870   0.11518E-04
  10880   0.11437E-04
  10890   0.11366E-04
  10900   0.11292E-04
  10910   0.11222E-04
  10920   0.11167E-04
  10930   0.11104E-04
  10940   0.11040E-04
  10950   0.10965E-04
  10960   0.10902E-04
  10970   0.10810E-04
  10980   0.10761E-04
  10990   0.10697E-04
  11000   0.10626E-04
  11010   0.10563E-04
  11020   0.10493E-04
  11030   0.10433E-04
  11040   0.10359E-04
  11050   0.10305E-04
  11060   0.10229E-04
  11070   0.10173E-04
  11080   0.10124E-04
  11090   0.10049E-04
  11100   0.99756E-05
  11110   0.98968E-05
  11120   0.98491E-05
  11130   0.97798E-05
  11140   0.97135E-05
  11150   0.96532E-05
  11160   0.95937E-05
  11170   0.95299E-05
  11180   0.94774E-05
  11190   0.94257E-05
  11200   0.93627E-05
  11210   0.92983E-05
  11220   0.92575E-05
  11230   0.91981E-05
  11240   0.91431E-05
  11250   0.90852E-05
  11260   0.90272E-05
  11270   0.89904E-05
  11280   0.89318E-05
  11290   0.88748E-05
  11300   0.88162E-05
  11310   0.87690E-05
  11320   0.87310E-05
  11330   0.86778E-05
  11340   0.86390E-05
  11350   0.85747E-05
  11360   0.85279E-05
  11370   0.84812E-05
  11380   0.84342E-05
  11390   0.83929E-05
  11400   0.83480E-05
  11410   0.83048E-05
  11420   0.82527E-05
  11430   0.82262E-05
  11440   0.81752E-05
  11450   0.81365E-05
  11460   0.81013E-05
  11470   0.80584E-05
  11480   0.80409E-05
  11490   0.79849E-05
  11500   0.79428E-05
  11510   0.79086E-05
  11520   0.78823E-05
  11530   0.78578E-05
  11540   0.78365E-05
  11550   0.77993E-05
  11560   0.77636E-05
  11570   0.77212E-05
  11580   0.77247E-05
  11590   0.76883E-05
  11600   0.76521E-05
  11610   0.76302E-05
  11620   0.76102E-05
  11630   0.75944E-05
  11640   0.75764E-05
  11650   0.75622E-05
  11660   0.75482E-05
  11670   0.75139E-05
  11680   0.74995E-05
  11690   0.74916E-05
  11700   0.74723E-05
  11710   0.74516E-05
  11720   0.74476E-05
  11730   0.74298E-05
  11740   0.74137E-05
  11750   0.73990E-05
  11760   0.74050E-05
  11770   0.74019E-05
  11780   0.73982E-05
  11790   0.73843E-05
  11800   0.73784E-05
  11810   0.73698E-05
  11820   0.73653E-05
  11830   0.73592E-05
  11840   0.73726E-05
  11850   0.73578E-05
  11860   0.73477E-05
  11870   0.73397E-05
  11880   0.73303E-05
  11890   0.73468E-05
  11900   0.73503E-05
  11910   0.73599E-05
  11920   0.73652E-05
  11930   0.73620E-05
  11940   0.73565E-05
  11950   0.73664E-05
  11960   0.73836E-05
  11970   0.73747E-05
  11980   0.73886E-05
  11990   0.73876E-05
  12000   0.73902E-05
  12010   0.74044E-05
  12020   0.74087E-05
  12030   0.74157E-05
  12040   0.74282E-05
  12050   0.74514E-05
  12060   0.74536E-05
  12070   0.74509E-05
  12080   0.74602E-05
  12090   0.74731E-05
  12100   0.74925E-05
  12110   0.75200E-05
  12120   0.75201E-05
  12130   0.75296E-05
  12140   0.75573E-05
  12150   0.75728E-05
  12160   0.75884E-05
  12170   0.76129E-05
  12180   0.76046E-05
  12190   0.76338E-05
  12200   0.76516E-05
  12210   0.76630E-05
  12220   0.76866E-05
  12230   0.76974E-05
  12240   0.77115E-05
  12250   0.77153E-05
  12260   0.77513E-05
  12270   0.77683E-05
  12280   0.77695E-05
  12290   0.77943E-05
  12300   0.78084E-05
  12310   0.78306E-05
  12320   0.78289E-05
  12330   0.78604E-05
  12340   0.78858E-05
  12350   0.79040E-05
  12360   0.79222E-05
  12370   0.79256E-05
  12380   0.79753E-05
  12390   0.79813E-05
  12400   0.80010E-05
  12410   0.80121E-05
  12420   0.80351E-05
  12430   0.80557E-05
  12440   0.80778E-05
  12450   0.80959E-05
  12460   0.81127E-05
  12470   0.81265E-05
  12480   0.81555E-05
  12490   0.81731E-05
  12500   0.81835E-05
  12510   0.82010E-05
  12520   0.82205E-05
  12530   0.82371E-05
  12540   0.82629E-05
  12550   0.82836E-05
  12560   0.82903E-05
  12570   0.83050E-05
  12580   0.83554E-05
  12590   0.83720E-05
  12600   0.83882E-05
  12610   0.84137E-05
  12620   0.84229E-05
  12630   0.84324E-05
  12640   0.84638E-05
  12650   0.84772E-05
  12660   0.85072E-05
  12670   0.85264E-05
  12680   0.85365E-05
  12690   0.85519E-05
  12700   0.85839E-05
  12710   0.86043E-05
  12720   0.85932E-05
  12730   0.86298E-05
  12740   0.86370E-05
  12750   0.86689E-05
  12760   0.86894E-05
  12770   0.87206E-05
  12780   0.87301E-05
  12790   0.87344E-05
  12800   0.87672E-05
  12810   0.87764E-05
  12820   0.87973E-05
  12830   0.88171E-05
  12840   0.88294E-05
  12850   0.88684E-05
  12860   0.88514E-05
  12870   0.88746E-05
  12880   0.88892E-05
  12890   0.89092E-05
  12900   0.89171E-05
  12910   0.89364E-05
  12920   0.89709E-05
  12930   0.89714E-05
  12940   0.90128E-05
  12950   0.90084E-05
  12960   0.90215E-05
  12970   0.90449E-05
  12980   0.90666E-05
  12990   0.90802E-05
  13000   0.90851E-05
  13010   0.91140E-05
  13020   0.91376E-05
  13030   0.91363E-05
  13040   0.91710E-05
  13050   0.91723E-05
  13060   0.91834E-05
  13070   0.91939E-05
  13080   0.91946E-05
  13090   0.92069E-05
  13100   0.92239E-05
  13110   0.92414E-05
  13120   0.92431E-05
  13130   0.92711E-05
  13140   0.92672E-05
  13150   0.92860E-05
  13160   0.92992E-05
  13170   0.93068E-05
  13180   0.93378E-05
  13190   0.93371E-05
  13200   0.93428E-05
  13210   0.93399E-05
  13220   0.93635E-05
  13230   0.93733E-05
  13240   0.93799E-05
  13250   0.93950E-05
  13260   0.94123E-05
  13270   0.94013E-05
  13280   0.94205E-05
  13290   0.94477E-05
  13300   0.94284E-05
  13310   0.94476E-05
  13320   0.94671E-05
  13330   0.94655E-05
  13340   0.94632E-05
  13350   0.94690E-05
  13360   0.94758E-05
  13370   0.94936E-05
  13380   0.94822E-05
  13390   0.94982E-05
  13400   0.95006E-05
  13410   0.95053E-05
  13420   0.95041E-05
  13430   0.95123E-05
  13440   0.95144E-05
  13450   0.95024E-05
  13460   0.95165E-05
  13470   0.95271E-05
  13480   0.95192E-05
  13490   0.95193E-05
  13500   0.95145E-05
  13510   0.95410E-05
  13520   0.95174E-05
  13530   0.95202E-05
  13540   0.95426E-05
  13550   0.95390E-05
  13560   0.95273E-05
  13570   0.95284E-05
  13580   0.95190E-05
  13590   0.95059E-05
  13600   0.95324E-05
  13610   0.95156E-05
  13620   0.95102E-05
  13630   0.95072E-05
  13640   0.95177E-05
  13650   0.94986E-05
  13660   0.95052E-05
  13670   0.95048E-05
  13680   0.94928E-05
  13690   0.94904E-05
  13700   0.94829E-05
  13710   0.94793E-05
  13720   0.94914E-05
  13730   0.94761E-05
  13740   0.94612E-05
  13750   0.94535E-05
  13760   0.94499E-05
  13770   0.94501E-05
  13780   0.94397E-05
  13790   0.94454E-05
  13800   0.94290E-05
  13810   0.94380E-05
  13820   0.94296E-05
  13830   0.94218E-05
  13840   0.94126E-05
  13850   0.94219E-05
  13860   0.93968E-05
  13870   0.93892E-05
  13880   0.93899E-05
  13890   0.93978E-05
  13900   0.93933E-05
  13910   0.93839E-05
  13920   0.93737E-05
  13930   0.93806E-05
  13940   0.93638E-05
  13950   0.93770E-05
  13960   0.93623E-05
  13970   0.93518E-05
  13980   0.93710E-05
  13990   0.93502E-05
  14000   0.93586E-05
  14010   0.93599E-05
  14020   0.93664E-05
  14030   0.93575E-05
  14040   0.93633E-05
  14050   0.93749E-05
  14060   0.93737E-05
  14070   0.93962E-05
  14080   0.93886E-05
  14090   0.94121E-05
  14100   0.94174E-05
  14110   0.94229E-05
  14120   0.94319E-05
  14130   0.94357E-05
  14140   0.94621E-05
  14150   0.94641E-05
  14160   0.94897E-05
  14170   0.94914E-05
  14180   0.95179E-05
  14190   0.95324E-05
  14200   0.95369E-05
  14210   0.95610E-05
  14220   0.95772E-05
  14230   0.96070E-05
  14240   0.96248E-05
  14250   0.96596E-05
  14260   0.96722E-05
  14270   0.97047E-05
  14280   0.97225E-05
  14290   0.97366E-05
  14300   0.97492E-05
  14310   0.97825E-05
  14320   0.98172E-05
  14330   0.98475E-05
  14340   0.98899E-05
  14350   0.98987E-05
  14360   0.99322E-05
  14370   0.99714E-05
  14380   0.99978E-05
  14390   0.10009E-04
  14400   0.10061E-04
  14410   0.10097E-04
  14420   0.10111E-04
  14430   0.10162E-04
  14440   0.10195E-04
  14450   0.10226E-04
  14460   0.10275E-04
  14470   0.10317E-04
  14480   0.10360E-04
  14490   0.10370E-04
  14500   0.10445E-04
  14510   0.10478E-04
  14520   0.10513E-04
  14530   0.10550E-04
  14540   0.10585E-04
  14550   0.10624E-04
  14560   0.10658E-04
  14570   0.10694E-04
  14580   0.10728E-04
  14590   0.10781E-04
  14600   0.10811E-04
  14610   0.10857E-04
  14620   0.10890E-04
  14630   0.10937E-04
  14640   0.10976E-04
  14650   0.11010E-04
  14660   0.11037E-04
  14670   0.11073E-04
  14680   0.11124E-04
  14690   0.11168E-04
  14700   0.11183E-04
  14710   0.11242E-04
  14720   0.11266E-04
  14730   0.11302E-04
  14740   0.11332E-04
  14750   0.11386E-04
  14760   0.11405E-04
  14770   0.11435E-04
  14780   0.11482E-04
  14790   0.11514E-04
  14800   0.11557E-04
  14810   0.11593E-04
  14820   0.11613E-04
  14830   0.11648E-04
  14840   0.11681E-04
  14850   0.11710E-04
  14860   0.11734E-04
  14870   0.11777E-04
  14880   0.11803E-04
  14890   0.11828E-04
  14900   0.11831E-04
  14910   0.11881E-04
  14920   0.11897E-04
  14930   0.11924E-04
  14940   0.11966E-04
  14950   0.11987E-04
  14960   0.11994E-04
  14970   0.12024E-04
  14980   0.12035E-04
  14990   0.12058E-04
  15000   0.12092E-04
  15010   0.12100E-04
  15020   0.12126E-04
  15030   0.12137E-04
  15040   0.12158E-04
  15050   0.12184E-04
  15060   0.12184E-04
  15070   0.12195E-04
  15080   0.12217E-04
  15090   0.12232E-04
  15100   0.12226E-04
  15110   0.12246E-04
  15120   0.12262E-04
  15130   0.12266E-04
  15140   0.12273E-04
  15150   0.12280E-04
  15160   0.12283E-04
  15170   0.12312E-04
  15180   0.12300E-04
  15190   0.12313E-04
  15200   0.12325E-04
  15210   0.12309E-04
  15220   0.12313E-04
  15230   0.12337E-04
  15240   0.12326E-04
  15250   0.12331E-04
  15260   0.12338E-04
  15270   0.12323E-04
  15280   0.12331E-04
  15290   0.12329E-04
  15300   0.12337E-04
  15310   0.12346E-04
  15320   0.12326E-04
  15330   0.12311E-04
  15340   0.12319E-04
  15350   0.12328E-04
  15360   0.12316E-04
  15370   0.12324E-04
  15380   0.12327E-04
  15390   0.12304E-04
  15400   0.12302E-04
  15410   0.12323E-04
  15420   0.12294E-04
  15430   0.12314E-04
  15440   0.12299E-04
  15450   0.12302E-04
  15460   0.12313E-04
  15470   0.12292E-04
  15480   0.12284E-04
  15490   0.12277E-04
  15500   0.12265E-04
  15510   0.12286E-04
  15520   0.12253E-04
  15530   0.12287E-04
  15540   0.12259E-04
  15550   0.12260E-04
  15560   0.12247E-04
  15570   0.12251E-04
  15580   0.12268E-04
  15590   0.12266E-04
  15600   0.12262E-04
  15610   0.12267E-04
  15620   0.12273E-04
  15630   0.12273E-04
  15640   0.12278E-04
  15650   0.12275E-04
  15660   0.12283E-04
  15670   0.12288E-04
  15680   0.12288E-04
  15690   0.12292E-04
  15700   0.12304E-04
  15710   0.12332E-04
  15720   0.12317E-04
  15730   0.12323E-04
  15740   0.12347E-04
  15750   0.12345E-04
  15760   0.12365E-04
  15770   0.12380E-04
  15780   0.12408E-04
  15790   0.12396E-04
  15800   0.12417E-04
  15810   0.12430E-04
  15820   0.12447E-04
  15830   0.12473E-04
  15840   0.12489E-04
  15850   0.12499E-04
  15860   0.12526E-04
  15870   0.12541E-04
  15880   0.12578E-04
  15890   0.12597E-04
  15900   0.12608E-04
  15910   0.12652E-04
  15920   0.12670E-04
  15930   0.12707E-04
  15940   0.12730E-04
  15950   0.12762E-04
  15960   0.12793E-04
  15970   0.12832E-04
  15980   0.12853E-04
  15990   0.12894E-04
  16000   0.12931E-04
  16010   0.12973E-04
  16020   0.13007E-04
  16030   0.13034E-04
  16040   0.13084E-04
  16050   0.13116E-04
  16060   0.13162E-04
  16070   0.13176E-04
  16080   0.13232E-04
  16090   0.13290E-04
  16100   0.13331E-04
  16110   0.13367E-04
  16120   0.13426E-04
  16130   0.13463E-04
  16140   0.13518E-04
  16150   0.13576E-04
  16160   0.13611E-04
  16170   0.13655E-04
  16180   0.13713E-04
  16190   0.13762E-04
  16200   0.13813E-04
  16210   0.13865E-04
  16220   0.13940E-04
  16230   0.13976E-04
  16240   0.14048E-04
  16250   0.14097E-04
  16260   0.14150E-04
  16270   0.14210E-04
  16280   0.14272E-04
  16290   0.14340E-04
  16300   0.14395E-04
  16310   0.14457E-04
  16320   0.14526E-04
  16330   0.14596E-04
  16340   0.14672E-04
  16350   0.14735E-04
  16360   0.14798E-04
  16370   0.14878E-04
  16380   0.14963E-04
  16390   0.15041E-04
  16400   0.15113E-04
  16410   0.15193E-04
  16420   0.15274E-04
  16430   0.15381E-04
  16440   0.15455E-04
  16450   0.15555E-04
  16460   0.15652E-04
  16470   0.15728E-04
  16480   0.15842E-04
  16490   0.15952E-04
  16500   0.16043E-04
  16510   0.16148E-04
  16520   0.16250E-04
  16530   0.16374E-04
  16540   0.16486E-04
  16550   0.16598E-04
  16560   0.16706E-04
  16570   0.16816E-04
  16580   0.16928E-04
  16590   0.17036E-04
  16600   0.17149E-04
  16610   0.17269E-04
  16620   0.17366E-04
  16630   0.17474E-04
  16640   0.17576E-04
  16650   0.17673E-04
  16660   0.17780E-04
  16670   0.17871E-04
  16680   0.17980E-04
  16690   0.18066E-04
  16700   0.18168E-04
  16710   0.18262E-04
  16720   0.18370E-04
  16730   0.18448E-04
  16740   0.18569E-04
  16750   0.18678E-04
  16760   0.18802E-04
  16770   0.18931E-04
  16780   0.19057E-04
  16790   0.19200E-04
  16800   0.19321E-04
  16810   0.19473E-04
  16820   0.19599E-04
  16830   0.19734E-04
  16840   0.19883E-04
  16850   0.20003E-04
  16860   0.20136E-04
  16870   0.20277E-04
  16880   0.20395E-04
  16890   0.20514E-04
  16900   0.20622E-04
  16910   0.20754E-04
  16920   0.20860E-04
  16930   0.20974E-04
  16940   0.21090E-04
  16950   0.21201E-04
  16960   0.21319E-04
  16970   0.21431E-04
  16980   0.21546E-04
  16990   0.21634E-04
  17000   0.21743E-04
  17010   0.21837E-04
  17020   0.21933E-04
  17030   0.22036E-04
  17040   0.22118E-04
  17050   0.22226E-04
  17060   0.22318E-04
  17070   0.22400E-04
  17080   0.22491E-04
  17090   0.22590E-04
  17100   0.22670E-04
  17110   0.22763E-04
  17120   0.22841E-04
  17130   0.22927E-04
  17140   0.23009E-04
  17150   0.23100E-04
  17160   0.23187E-04
  17170   0.23275E-04
  17180   0.23369E-04
  17190   0.23449E-04
  17200   0.23533E-04
  17210   0.23623E-04
  17220   0.23710E-04
  17230   0.23796E-04
  17240   0.23884E-04
  17250   0.23962E-04
  17260   0.24034E-04
  17270   0.24136E-04
  17280   0.24213E-04
  17290   0.24292E-04
  17300   0.24370E-04
  17310   0.24459E-04
  17320   0.24535E-04
  17330   0.24609E-04
  17340   0.24697E-04
  17350   0.24785E-04
  17360   0.24859E-04
  17370   0.24948E-04
  17380   0.25039E-04
  17390   0.25150E-04
  17400   0.25232E-04
  17410   0.25320E-04
  17420   0.25425E-04
  17430   0.25520E-04
  17440   0.25615E-04
  17450   0.25727E-04
  17460   0.25823E-04
  17470   0.25915E-04
  17480   0.26021E-04
  17490   0.26127E-04
  17500   0.26227E-04
  17510   0.26331E-04
  17520   0.26443E-04
  17530   0.26564E-04
  17540   0.26662E-04
  17550   0.26792E-04
  17560   0.26903E-04
  17570   0.27022E-04
  17580   0.27151E-04
  17590   0.27278E-04
  17600   0.27403E-04
  17610   0.27538E-04
  17620   0.27676E-04
  17630   0.27818E-04
  17640   0.27974E-04
  17650   0.28128E-04
  17660   0.28290E-04
  17670   0.28447E-04
  17680   0.28625E-04
  17690   0.28798E-04
  17700   0.28971E-04
  17710   0.29152E-04
  17720   0.29341E-04
  17730   0.29522E-04
  17740   0.29725E-04
  17750   0.29911E-04
  17760   0.30118E-04
  17770   0.30327E-04
  17780   0.30527E-04
  17790   0.30737E-04
  17800   0.30934E-04
  17810   0.31154E-04
  17820   0.31356E-04
  17830   0.31569E-04
  17840   0.31769E-04
  17850   0.31982E-04
  17860   0.32194E-04
  17870   0.32396E-04
  17880   0.32602E-04
  17890   0.32809E-04
  17900   0.33010E-04
  17910   0.33211E-04
  17920   0.33416E-04
  17930   0.33617E-04
  17940   0.33815E-04
  17950   0.34019E-04
  17960   0.34218E-04
  17970   0.34431E-04
  17980   0.34629E-04
  17990   0.34839E-04
  18000   0.35049E-04
  18010   0.35256E-04
  18020   0.35475E-04
  18030   0.35698E-04
  18040   0.35921E-04
  18050   0.36146E-04
  18060   0.36382E-04
  18070   0.36625E-04
  18080   0.36873E-04
  18090   0.37122E-04
  18100   0.37377E-04
  18110   0.37640E-04
  18120   0.37897E-04
  18130   0.38178E-04
  18140   0.38446E-04
  18150   0.38725E-04
  18160   0.39006E-04
  18170   0.39295E-04
  18180   0.39582E-04
  18190   0.39869E-04
  18200   0.40163E-04
  18210   0.40455E-04
  18220   0.40757E-04
  18230   0.41047E-04
  18240   0.41344E-04
  18250   0.41643E-04
  18260   0.41931E-04
  18270   0.42228E-04
  18280   0.42525E-04
  18290   0.42813E-04
  18300   0.43105E-04
  18310   0.43390E-04
  18320   0.43680E-04
  18330   0.43956E-04
  18340   0.44236E-04
  18350   0.44514E-04
  18360   0.44782E-04
  18370   0.45056E-04
  18380   0.45323E-04
  18390   0.45586E-04
  18400   0.45846E-04
  18410   0.46098E-04
  18420   0.46348E-04
  18430   0.46601E-04
  18440   0.46844E-04
  18450   0.47088E-04
  18460   0.47330E-04
  18470   0.47567E-04
  18480   0.47801E-04
  18490   0.48036E-04
  18500   0.48267E-04
  18510   0.48491E-04
  18520   0.48718E-04
  18530   0.48940E-04
  18540   0.49165E-04
  18550   0.49383E-04
  18560   0.49605E-04
  18570   0.49817E-04
  18580   0.50031E-04
  18590   0.50248E-04
  18600   0.50456E-04
  18610   0.50669E-04
  18620   0.50881E-04
  18630   0.51088E-04
  18640   0.51292E-04
  18650   0.51498E-04
  18660   0.51701E-04
  18670   0.51907E-04
  18680   0.52104E-04
  18690   0.52299E-04
  18700   0.52493E-04
  18710   0.52688E-04
  18720   0.52879E-04
  18730   0.53066E-04
  18740   0.53250E-04
  18750   0.53433E-04
  18760   0.53613E-04
  18770   0.53788E-04
  18780   0.53961E-04
  18790   0.54133E-04
  18800   0.54299E-04
  18810   0.54454E-04
  18820   0.54608E-04
  18830   0.54764E-04
  18840   0.54908E-04
  18850   0.55047E-04
  18860   0.55183E-04
  18870   0.55311E-04
  18880   0.55437E-04
  18890   0.55555E-04
  18900   0.55670E-04
  18910   0.55778E-04
  18920   0.55881E-04
  18930   0.55978E-04
  18940   0.56066E-04
  18950   0.56156E-04
  18960   0.56236E-04
  18970   0.56310E-04
  18980   0.56380E-04
  18990   0.56446E-04
  19000   0.56506E-04
  19010   0.56568E-04
  19020   0.56622E-04
  19030   0.56671E-04
  19040   0.56719E-04
  19050   0.56760E-04
  19060   0.56805E-04
  19070   0.56842E-04
  19080   0.56879E-04
  19090   0.56919E-04
  19100   0.56955E-04
  19110   0.56990E-04
  19120   0.57029E-04
  19130   0.57068E-04
  19140   0.57103E-04
  19150   0.57144E-04
  19160   0.57188E-04
  19170   0.57241E-04
  19180   0.57289E-04
  19190   0.57351E-04
  19200   0.57413E-04
  19210   0.57484E-04
  19220   0.57555E-04
  19230   0.57638E-04
  19240   0.57729E-04
  19250   0.57832E-04
  19260   0.57939E-04
  19270   0.58064E-04
  19280   0.58189E-04
  19290   0.58337E-04
  19300   0.58487E-04
  19310   0.58655E-04
  19320   0.58833E-04
  19330   0.59024E-04
  19340   0.59229E-04
  19350   0.59448E-04
  19360   0.59683E-04
  19370   0.59935E-04
  19380   0.60194E-04
  19390   0.60477E-04
  19400   0.60767E-04
  19410   0.61081E-04
  19420   0.61406E-04
  19430   0.61748E-04
  19440   0.62104E-04
  19450   0.62481E-04
  19460   0.62865E-04
  19470   0.63269E-04
  19480   0.63690E-04
  19490   0.64123E-04
  19500   0.64570E-04
  19510   0.65030E-04
  19520   0.65510E-04
  19530   0.65998E-04
  19540   0.66503E-04
  19550   0.67019E-04
  19560   0.67550E-04
  19570   0.68090E-04
  19580   0.68638E-04
  19590   0.69201E-04
  19600   0.69775E-04
  19610   0.70358E-04
  19620   0.70944E-04
  19630   0.71544E-04
  19640   0.72144E-04
  19650   0.72754E-04
  19660   0.73373E-04
  19670   0.73995E-04
  19680   0.74616E-04
  19690   0.75250E-04
  19700   0.75878E-04
  19710   0.76512E-04
  19720   0.77151E-04
  19730   0.77785E-04
  19740   0.78419E-04
  19750   0.79053E-04
  19760   0.79689E-04
  19770   0.80323E-04
  19780   0.80946E-04
  19790   0.81575E-04
  19800   0.82196E-04
  19810   0.82818E-04
  19820   0.83430E-04
  19830   0.84039E-04
  19840   0.84644E-04
  19850   0.85239E-04
  19860   0.85824E-04
  19870   0.86409E-04
  19880   0.86988E-04
  19890   0.87553E-04
  19900   0.88115E-04
  19910   0.88668E-04
  19920   0.89208E-04
  19930   0.89745E-04
  19940   0.90271E-04
  19950   0.90784E-04
  19960   0.91293E-04
  19970   0.91789E-04
  19980   0.92270E-04
  19990   0.92750E-04
  20000   0.93211E-04
