     10   0.10507E-02
     20   0.89062E-03
     30   0.78587E-03
     40   0.71163E-03
     50   0.65556E-03
     60   0.61069E-03
     70   0.57286E-03
     80   0.53992E-03
     90   0.51070E-03
    100   0.48423E-03
    110   0.46049E-03
    120   0.43846E-03
    130   0.41792E-03
    140   0.39856E-03
    150   0.38034E-03
    160   0.36316E-03
    170   0.34695E-03
    180   0.33165E-03
    190   0.31715E-03
    200   0.30349E-03
    210   0.29052E-03
    220   0.27830E-03
    230   0.26679E-03
    240   0.25597E-03
    250   0.24583E-03
    260   0.23630E-03
    270   0.22735E-03
    280   0.21897E-03
    290   0.21113E-03
    300   0.20376E-03
    310   0.19698E-03
    320   0.19060E-03
    330   0.18469E-03
    340   0.17923E-03
    350   0.17424E-03
    360   0.16971E-03
    370   0.16567E-03
    380   0.16210E-03
    390   0.15899E-03
    400   0.15630E-03
    410   0.15398E-03
    420   0.15196E-03
    430   0.15015E-03
    440   0.14847E-03
    450   0.14688E-03
    460   0.14529E-03
    470   0.14369E-03
    480   0.14200E-03
    490   0.14022E-03
    500   0.13835E-03
    510   0.13644E-03
    520   0.13445E-03
    530   0.13244E-03
    540   0.13044E-03
    550   0.12850E-03
    560   0.12665E-03
    570   0.12495E-03
    580   0.12343E-03
    590   0.12212E-03
    600   0.12105E-03
    610   0.12023E-03
    620   0.11967E-03
    630   0.11935E-03
    640   0.11926E-03
    650   0.11939E-03
    660   0.11971E-03
    670   0.12020E-03
    680   0.12083E-03
    690   0.12157E-03
    700   0.12238E-03
    710   0.12325E-03
    720   0.12413E-03
    730   0.12501E-03
    740   0.12586E-03
    750   0.12664E-03
    760   0.12735E-03
    770   0.12796E-03
    780   0.12847E-03
    790   0.12884E-03
    800   0.12909E-03
    810   0.12919E-03
    820   0.12915E-03
    830   0.12897E-03
    840   0.12864E-03
    850   0.12817E-03
    860   0.12757E-03
    870   0.12684E-03
    880   0.12601E-03
    890   0.12505E-03
    900   0.12400E-03
    910   0.12286E-03
    920   0.12165E-03
    930   0.12038E-03
    940   0.11907E-03
    950   0.11772E-03
    960   0.11638E-03
    970   0.11503E-03
    980   0.11371E-03
    990   0.11242E-03
   1000   0.11121E-03
   1010   0.11007E-03
   1020   0.10902E-03
   1030   0.10810E-03
   1040   0.10728E-03
   1050   0.10661E-03
   1060   0.10608E-03
   1070   0.10571E-03
   1080   0.10547E-03
   1090   0.10539E-03
   1100   0.10545E-03
   1110   0.10562E-03
   1120   0.10594E-03
   1130   0.10634E-03
   1140   0.10686E-03
   1150   0.10744E-03
   1160   0.10809E-03
   1170   0.10875E-03
   1180   0.10948E-03
   1190   0.11020E-03
   1200   0.11091E-03
   1210   0.11161E-03
   1220   0.11228E-03
   1230   0.11291E-03
   1240   0.11349E-03
   1250   0.11402E-03
   1260   0.11447E-03
   1270   0.11488E-03
   1280   0.11520E-03
   1290   0.11549E-03
   1300   0.11571E-03
   1310   0.11587E-03
   1320   0.11597E-03
   1330   0.11605E-03
   1340   0.11608E-03
   1350   0.11608E-03
   1360   0.11607E-03
   1370   0.11606E-03
   1380   0.11604E-03
   1390   0.11603E-03
   1400   0.11604E-03
   1410   0.11609E-03
   1420   0.11614E-03
   1430   0.11625E-03
   1440   0.11638E-03
   1450   0.11657E-03
   1460   0.11679E-03
   1470   0.11704E-03
   1480   0.11732E-03
   1490   0.11763E-03
   1500   0.11795E-03
   1510   0.11828E-03
   1520   0.11859E-03
   1530   0.11891E-03
   1540   0.11921E-03
   1550   0.11947E-03
   1560   0.11970E-03
   1570   0.11988E-03
   1580   0.12000E-03
   1590   0.12006E-03
   1600   0.12008E-03
   1610   0.12001E-03
   1620   0.11988E-03
   1630   0.11967E-03
   1640   0.11939E-03
   1650   0.11904E-03
   1660   0.11863E-03
   1670   0.11815E-03
   1680   0.11761E-03
   1690   0.11702E-03
   1700   0.11639E-03
   1710   0.11573E-03
   1720   0.11504E-03
   1730   0.11433E-03
   1740   0.11361E-03
   1750   0.11291E-03
   1760   0.11219E-03
   1770   0.11153E-03
   1780   0.11089E-03
   1790   0.11031E-03
   1800   0.10979E-03
   1810   0.10933E-03
   1820   0.10895E-03
   1830   0.10867E-03
   1840   0.10849E-03
   1850   0.10840E-03
   1860   0.10842E-03
   1870   0.10855E-03
   1880   0.10879E-03
   1890   0.10916E-03
   1900   0.10962E-03
   1910   0.11020E-03
   1920   0.11089E-03
   1930   0.11167E-03
   1940   0.11255E-03
   1950   0.11352E-03
   1960   0.11456E-03
   1970   0.11569E-03
   1980   0.11687E-03
   1990   0.11810E-03
   2000   0.11937E-03
   2010   0.12069E-03
   2020   0.12202E-03
   2030   0.12339E-03
   2040   0.12475E-03
   2050   0.12611E-03
   2060   0.12750E-03
   2070   0.12885E-03
   2080   0.13018E-03
   2090   0.13150E-03
   2100   0.13279E-03
   2110   0.13405E-03
   2120   0.13530E-03
   2130   0.13646E-03
   2140   0.13763E-03
   2150   0.13875E-03
   2160   0.13980E-03
   2170   0.14082E-03
   2180   0.14180E-03
   2190   0.14271E-03
   2200   0.14358E-03
   2210   0.14441E-03
   2220   0.14515E-03
   2230   0.14587E-03
   2240   0.14652E-03
   2250   0.14715E-03
   2260   0.14769E-03
   2270   0.14819E-03
   2280   0.14863E-03
   2290   0.14901E-03
   2300   0.14935E-03
   2310   0.14964E-03
   2320   0.14986E-03
   2330   0.15005E-03
   2340   0.15017E-03
   2350   0.15024E-03
   2360   0.15026E-03
   2370   0.15024E-03
   2380   0.15017E-03
   2390   0.15001E-03
   2400   0.14985E-03
   2410   0.14963E-03
   2420   0.14935E-03
   2430   0.14904E-03
   2440   0.14868E-03
   2450   0.14828E-03
   2460   0.14784E-03
   2470   0.14737E-03
   2480   0.14681E-03
   2490   0.14625E-03
   2500   0.14564E-03
   2510   0.14499E-03
   2520   0.14432E-03
   2530   0.14361E-03
   2540   0.14285E-03
   2550   0.14207E-03
   2560   0.14128E-03
   2570   0.14042E-03
   2580   0.13955E-03
   2590   0.13867E-03
   2600   0.13775E-03
   2610   0.13679E-03
   2620   0.13582E-03
   2630   0.13485E-03
   2640   0.13384E-03
   2650   0.13278E-03
   2660   0.13175E-03
   2670   0.13067E-03
   2680   0.12959E-03
   2690   0.12849E-03
   2700   0.12736E-03
   2710   0.12624E-03
   2720   0.12510E-03
   2730   0.12394E-03
   2740   0.12278E-03
   2750   0.12160E-03
   2760   0.12041E-03
   2770   0.11921E-03
   2780   0.11802E-03
   2790   0.11681E-03
   2800   0.11561E-03
   2810   0.11439E-03
   2820   0.11320E-03
   2830   0.11201E-03
   2840   0.11077E-03
   2850   0.10960E-03
   2860   0.10840E-03
   2870   0.10721E-03
   2880   0.10605E-03
   2890   0.10487E-03
   2900   0.10371E-03
   2910   0.10258E-03
   2920   0.10146E-03
   2930   0.10036E-03
   2940   0.99254E-04
   2950   0.98179E-04
   2960   0.97128E-04
   2970   0.96084E-04
   2980   0.95040E-04
   2990   0.94074E-04
   3000   0.93099E-04
   3010   0.92138E-04
   3020   0.91197E-04
   3030   0.90279E-04
   3040   0.89415E-04
   3050   0.88537E-04
   3060   0.87684E-04
   3070   0.86852E-04
   3080   0.86057E-04
   3090   0.85265E-04
   3100   0.84478E-04
   3110   0.83746E-04
   3120   0.83006E-04
   3130   0.82283E-04
   3140   0.81601E-04
   3150   0.80949E-04
   3160   0.80269E-04
   3170   0.79623E-04
   3180   0.78990E-04
   3190   0.78352E-04
   3200   0.77767E-04
   3210   0.77147E-04
   3220   0.76590E-04
   3230   0.76009E-04
   3240   0.75464E-04
   3250   0.74912E-04
   3260   0.74401E-04
   3270   0.73872E-04
   3280   0.73360E-04
   3290   0.72854E-04
   3300   0.72366E-04
   3310   0.71855E-04
   3320   0.71393E-04
   3330   0.70934E-04
   3340   0.70466E-04
   3350   0.70028E-04
   3360   0.69577E-04
   3370   0.69144E-04
   3380   0.68715E-04
   3390   0.68302E-04
   3400   0.67900E-04
   3410   0.67503E-04
   3420   0.67108E-04
   3430   0.66739E-04
   3440   0.66350E-04
   3450   0.65992E-04
   3460   0.65670E-04
   3470   0.65308E-04
   3480   0.64978E-04
   3490   0.64658E-04
   3500   0.64346E-04
   3510   0.64056E-04
   3520   0.63758E-04
   3530   0.63470E-04
   3540   0.63204E-04
   3550   0.62938E-04
   3560   0.62697E-04
   3570   0.62441E-04
   3580   0.62239E-04
   3590   0.62029E-04
   3600   0.61827E-04
   3610   0.61611E-04
   3620   0.61436E-04
   3630   0.61257E-04
   3640   0.61102E-04
   3650   0.60943E-04
   3660   0.60802E-04
   3670   0.60658E-04
   3680   0.60525E-04
   3690   0.60429E-04
   3700   0.60320E-04
   3710   0.60218E-04
   3720   0.60121E-04
   3730   0.60030E-04
   3740   0.59974E-04
   3750   0.59891E-04
   3760   0.59853E-04
   3770   0.59795E-04
   3780   0.59745E-04
   3790   0.59692E-04
   3800   0.59667E-04
   3810   0.59624E-04
   3820   0.59604E-04
   3830   0.59609E-04
   3840   0.59586E-04
   3850   0.59583E-04
   3860   0.59584E-04
   3870   0.59596E-04
   3880   0.59595E-04
   3890   0.59596E-04
   3900   0.59623E-04
   3910   0.59639E-04
   3920   0.59660E-04
   3930   0.59686E-04
   3940   0.59722E-04
   3950   0.59742E-04
   3960   0.59783E-04
   3970   0.59819E-04
   3980   0.59865E-04
   3990   0.59905E-04
   4000   0.59946E-04
   4010   0.60001E-04
   4020   0.60052E-04
   4030   0.60106E-04
   4040   0.60164E-04
   4050   0.60217E-04
   4060   0.60264E-04
   4070   0.60333E-04
   4080   0.60400E-04
   4090   0.60467E-04
   4100   0.60530E-04
   4110   0.60582E-04
   4120   0.60667E-04
   4130   0.60734E-04
   4140   0.60796E-04
   4150   0.60881E-04
   4160   0.60950E-04
   4170   0.61027E-04
   4180   0.61100E-04
   4190   0.61190E-04
   4200   0.61263E-04
   4210   0.61329E-04
   4220   0.61404E-04
   4230   0.61480E-04
   4240   0.61551E-04
   4250   0.61635E-04
   4260   0.61725E-04
   4270   0.61782E-04
   4280   0.61886E-04
   4290   0.61960E-04
   4300   0.62034E-04
   4310   0.62116E-04
   4320   0.62184E-04
   4330   0.62274E-04
   4340   0.62347E-04
   4350   0.62433E-04
   4360   0.62491E-04
   4370   0.62573E-04
   4380   0.62651E-04
   4390   0.62721E-04
   4400   0.62791E-04
   4410   0.62853E-04
   4420   0.62932E-04
   4430   0.62982E-04
   4440   0.63054E-04
   4450   0.63119E-04
   4460   0.63169E-04
   4470   0.63227E-04
   4480   0.63275E-04
   4490   0.63319E-04
   4500   0.63377E-04
   4510   0.63416E-04
   4520   0.63460E-04
   4530   0.63492E-04
   4540   0.63531E-04
   4550   0.63551E-04
   4560   0.63580E-04
   4570   0.63607E-04
   4580   0.63625E-04
   4590   0.63645E-04
   4600   0.63658E-04
   4610   0.63661E-04
   4620   0.63660E-04
   4630   0.63655E-04
   4640   0.63643E-04
   4650   0.63623E-04
   4660   0.63626E-04
   4670   0.63599E-04
   4680   0.63582E-04
   4690   0.63556E-04
   4700   0.63521E-04
   4710   0.63486E-04
   4720   0.63447E-04
   4730   0.63399E-04
   4740   0.63362E-04
   4750   0.63299E-04
   4760   0.63238E-04
   4770   0.63179E-04
   4780   0.63115E-04
   4790   0.63042E-04
   4800   0.62982E-04
   4810   0.62892E-04
   4820   0.62818E-04
   4830   0.62744E-04
   4840   0.62657E-04
   4850   0.62575E-04
   4860   0.62485E-04
   4870   0.62385E-04
   4880   0.62300E-04
   4890   0.62219E-04
   4900   0.62104E-04
   4910   0.62009E-04
   4920   0.61913E-04
   4930   0.61813E-04
   4940   0.61709E-04
   4950   0.61591E-04
   4960   0.61504E-04
   4970   0.61397E-04
   4980   0.61274E-04
   4990   0.61185E-04
   5000   0.61074E-04
   5010   0.60963E-04
   5020   0.60867E-04
   5030   0.60763E-04
   5040   0.60663E-04
   5050   0.60561E-04
   5060   0.60457E-04
   5070   0.60353E-04
   5080   0.60257E-04
   5090   0.60168E-04
   5100   0.60058E-04
   5110   0.59974E-04
   5120   0.59872E-04
   5130   0.59777E-04
   5140   0.59688E-04
   5150   0.59612E-04
   5160   0.59523E-04
   5170   0.59450E-04
   5180   0.59367E-04
   5190   0.59282E-04
   5200   0.59202E-04
   5210   0.59134E-04
   5220   0.59059E-04
   5230   0.58983E-04
   5240   0.58918E-04
   5250   0.58858E-04
   5260   0.58794E-04
   5270   0.58744E-04
   5280   0.58682E-04
   5290   0.58632E-04
   5300   0.58590E-04
   5310   0.58528E-04
   5320   0.58481E-04
   5330   0.58452E-04
   5340   0.58398E-04
   5350   0.58361E-04
   5360   0.58313E-04
   5370   0.58283E-04
   5380   0.58253E-04
   5390   0.58226E-04
   5400   0.58200E-04
   5410   0.58165E-04
   5420   0.58142E-04
   5430   0.58122E-04
   5440   0.58096E-04
   5450   0.58055E-04
   5460   0.58055E-04
   5470   0.58035E-04
   5480   0.57999E-04
   5490   0.57996E-04
   5500   0.57983E-04
   5510   0.57973E-04
   5520   0.57942E-04
   5530   0.57943E-04
   5540   0.57933E-04
   5550   0.57925E-04
   5560   0.57910E-04
   5570   0.57897E-04
   5580   0.57911E-04
   5590   0.57885E-04
   5600   0.57876E-04
   5610   0.57872E-04
   5620   0.57862E-04
   5630   0.57856E-04
   5640   0.57854E-04
   5650   0.57853E-04
   5660   0.57832E-04
   5670   0.57839E-04
   5680   0.57829E-04
   5690   0.57815E-04
   5700   0.57823E-04
   5710   0.57807E-04
   5720   0.57804E-04
   5730   0.57793E-04
   5740   0.57785E-04
   5750   0.57770E-04
   5760   0.57775E-04
   5770   0.57751E-04
   5780   0.57756E-04
   5790   0.57743E-04
   5800   0.57735E-04
   5810   0.57725E-04
   5820   0.57723E-04
   5830   0.57703E-04
   5840   0.57682E-04
   5850   0.57679E-04
   5860   0.57664E-04
   5870   0.57648E-04
   5880   0.57636E-04
   5890   0.57613E-04
   5900   0.57599E-04
   5910   0.57580E-04
   5920   0.57556E-04
   5930   0.57546E-04
   5940   0.57520E-04
   5950   0.57501E-04
   5960   0.57483E-04
   5970   0.57455E-04
   5980   0.57432E-04
   5990   0.57404E-04
   6000   0.57374E-04
   6010   0.57375E-04
   6020   0.57325E-04
   6030   0.57305E-04
   6040   0.57270E-04
   6050   0.57227E-04
   6060   0.57209E-04
   6070   0.57169E-04
   6080   0.57136E-04
   6090   0.57113E-04
   6100   0.57074E-04
   6110   0.57032E-04
   6120   0.56992E-04
   6130   0.56932E-04
   6140   0.56908E-04
   6150   0.56857E-04
   6160   0.56823E-04
   6170   0.56780E-04
   6180   0.56727E-04
   6190   0.56670E-04
   6200   0.56640E-04
   6210   0.56598E-04
   6220   0.56531E-04
   6230   0.56484E-04
   6240   0.56437E-04
   6250   0.56388E-04
   6260   0.56330E-04
   6270   0.56254E-04
   6280   0.56202E-04
   6290   0.56137E-04
   6300   0.56084E-04
   6310   0.56014E-04
   6320   0.55958E-04
   6330   0.55882E-04
   6340   0.55817E-04
   6350   0.55753E-04
   6360   0.55676E-04
   6370   0.55601E-04
   6380   0.55524E-04
   6390   0.55454E-04
   6400   0.55385E-04
   6410   0.55292E-04
   6420   0.55214E-04
   6430   0.55122E-04
   6440   0.55022E-04
   6450   0.54947E-04
   6460   0.54861E-04
   6470   0.54775E-04
   6480   0.54667E-04
   6490   0.54565E-04
   6500   0.54459E-04
   6510   0.54364E-04
   6520   0.54256E-04
   6530   0.54147E-04
   6540   0.54038E-04
   6550   0.53927E-04
   6560   0.53827E-04
   6570   0.53691E-04
   6580   0.53580E-04
   6590   0.53467E-04
   6600   0.53344E-04
   6610   0.53208E-04
   6620   0.53095E-04
   6630   0.52948E-04
   6640   0.52832E-04
   6650   0.52691E-04
   6660   0.52543E-04
   6670   0.52419E-04
   6680   0.52281E-04
   6690   0.52130E-04
   6700   0.51983E-04
   6710   0.51831E-04
   6720   0.51685E-04
   6730   0.51552E-04
   6740   0.51386E-04
   6750   0.51236E-04
   6760   0.51087E-04
   6770   0.50923E-04
   6780   0.50775E-04
   6790   0.50618E-04
   6800   0.50450E-04
   6810   0.50310E-04
   6820   0.50149E-04
   6830   0.49977E-04
   6840   0.49818E-04
   6850   0.49668E-04
   6860   0.49512E-04
   6870   0.49338E-04
   6880   0.49172E-04
   6890   0.49031E-04
   6900   0.48856E-04
   6910   0.48707E-04
   6920   0.48527E-04
   6930   0.48388E-04
   6940   0.48229E-04
   6950   0.48068E-04
   6960   0.47927E-04
   6970   0.47760E-04
   6980   0.47606E-04
   6990   0.47456E-04
   7000   0.47320E-04
   7010   0.47160E-04
   7020   0.47018E-04
   7030   0.46870E-04
   7040   0.46721E-04
   7050   0.46584E-04
   7060   0.46437E-04
   7070   0.46301E-04
   7080   0.46180E-04
   7090   0.46041E-04
   7100   0.45888E-04
   7110   0.45764E-04
   7120   0.45629E-04
   7130   0.45503E-04
   7140   0.45364E-04
   7150   0.45242E-04
   7160   0.45118E-04
   7170   0.44993E-04
   7180   0.44863E-04
   7190   0.44738E-04
   7200   0.44610E-04
   7210   0.44493E-04
   7220   0.44371E-04
   7230   0.44254E-04
   7240   0.44148E-04
   7250   0.44031E-04
   7260   0.43929E-04
   7270   0.43778E-04
   7280   0.43671E-04
   7290   0.43559E-04
   7300   0.43456E-04
   7310   0.43343E-04
   7320   0.43229E-04
   7330   0.43117E-04
   7340   0.43001E-04
   7350   0.42911E-04
   7360   0.42785E-04
   7370   0.42668E-04
   7380   0.42581E-04
   7390   0.42463E-04
   7400   0.42370E-04
   7410   0.42260E-04
   7420   0.42146E-04
   7430   0.42047E-04
   7440   0.41948E-04
   7450   0.41841E-04
   7460   0.41731E-04
   7470   0.41632E-04
   7480   0.41515E-04
   7490   0.41423E-04
   7500   0.41322E-04
   7510   0.41225E-04
   7520   0.41109E-04
   7530   0.41014E-04
   7540   0.40909E-04
   7550   0.40815E-04
   7560   0.40707E-04
   7570   0.40607E-04
   7580   0.40493E-04
   7590   0.40400E-04
   7600   0.40290E-04
   7610   0.40191E-04
   7620   0.40107E-04
   7630   0.39999E-04
   7640   0.39888E-04
   7650   0.39806E-04
   7660   0.39696E-04
   7670   0.39588E-04
   7680   0.39488E-04
   7690   0.39404E-04
   7700   0.39302E-04
   7710   0.39194E-04
   7720   0.39092E-04
   7730   0.38984E-04
   7740   0.38897E-04
   7750   0.38774E-04
   7760   0.38663E-04
   7770   0.38570E-04
   7780   0.38481E-04
   7790   0.38375E-04
   7800   0.38270E-04
   7810   0.38161E-04
   7820   0.38054E-04
   7830   0.37948E-04
   7840   0.37858E-04
   7850   0.37743E-04
   7860   0.37637E-04
   7870   0.37511E-04
   7880   0.37420E-04
   7890   0.37302E-04
   7900   0.37195E-04
   7910   0.37085E-04
   7920   0.36980E-04
   7930   0.36871E-04
   7940   0.36756E-04
   7950   0.36639E-04
   7960   0.36549E-04
   7970   0.36435E-04
   7980   0.36308E-04
   7990   0.36211E-04
   8000   0.36082E-04
   8010   0.35978E-04
   8020   0.35859E-04
   8030   0.35752E-04
   8040   0.35643E-04
   8050   0.35518E-04
   8060   0.35408E-04
   8070   0.35286E-04
   8080   0.35181E-04
   8090   0.35073E-04
   8100   0.34939E-04
   8110   0.34816E-04
   8120   0.34714E-04
   8130   0.34587E-04
   8140   0.34490E-04
   8150   0.34373E-04
   8160   0.34252E-04
   8170   0.34134E-04
   8180   0.34019E-04
   8190   0.33893E-04
   8200   0.33766E-04
   8210   0.33645E-04
   8220   0.33497E-04
   8230   0.33415E-04
   8240   0.33296E-04
   8250   0.33172E-04
   8260   0.33057E-04
   8270   0.32938E-04
   8280   0.32821E-04
   8290   0.32691E-04
   8300   0.32568E-04
   8310   0.32450E-04
   8320   0.32332E-04
   8330   0.32220E-04
   8340   0.32092E-04
   8350   0.31973E-04
   8360   0.31879E-04
   8370   0.31748E-04
   8380   0.31617E-04
   8390   0.31514E-04
   8400   0.31388E-04
   8410   0.31285E-04
   8420   0.31163E-04
   8430   0.31045E-04
   8440   0.30925E-04
   8450   0.30794E-04
   8460   0.30682E-04
   8470   0.30575E-04
   8480   0.30440E-04
   8490   0.30328E-04
   8500   0.30217E-04
   8510   0.30116E-04
   8520   0.29982E-04
   8530   0.29862E-04
   8540   0.29754E-04
   8550   0.29663E-04
   8560   0.29527E-04
   8570   0.29417E-04
   8580   0.29300E-04
   8590   0.29184E-04
   8600   0.29072E-04
   8610   0.28945E-04
   8620   0.28843E-04
   8630   0.28739E-04
   8640   0.28614E-04
   8650   0.28500E-04
   8660   0.28390E-04
   8670   0.28272E-04
   8680   0.28170E-04
   8690   0.28076E-04
   8700   0.27940E-04
   8710   0.27834E-04
   8720   0.27717E-04
   8730   0.27601E-04
   8740   0.27503E-04
   8750   0.27388E-04
   8760   0.27274E-04
   8770   0.27180E-04
   8780   0.27070E-04
   8790   0.26947E-04
   8800   0.26859E-04
   8810   0.26731E-04
   8820   0.26632E-04
   8830   0.26514E-04
   8840   0.26417E-04
   8850   0.26311E-04
   8860   0.26204E-04
   8870   0.26088E-04
   8880   0.25994E-04
   8890   0.25864E-04
   8900   0.25789E-04
   8910   0.25667E-04
   8920   0.25549E-04
   8930   0.25447E-04
   8940   0.25343E-04
   8950   0.25250E-04
   8960   0.25142E-04
   8970   0.25020E-04
   8980   0.24935E-04
   8990   0.24826E-04
   9000   0.24722E-04
   9010   0.24622E-04
   9020   0.24519E-04
   9030   0.24412E-04
   9040   0.24310E-04
   9050   0.24210E-04
   9060   0.24104E-04
   9070   0.23995E-04
   9080   0.23898E-04
   9090   0.23783E-04
   9100   0.23690E-04
   9110   0.23569E-04
   9120   0.23490E-04
   9130   0.23365E-04
   9140   0.23267E-04
   9150   0.23137E-04
   9160   0.23064E-04
   9170   0.22967E-04
   9180   0.22844E-04
   9190   0.22744E-04
   9200   0.22647E-04
   9210   0.22546E-04
   9220   0.22438E-04
   9230   0.22339E-04
   9240   0.22238E-04
   9250   0.22135E-04
   9260   0.22022E-04
   9270   0.21902E-04
   9280   0.21822E-04
   9290   0.21714E-04
   9300   0.21614E-04
   9310   0.21502E-04
   9320   0.21399E-04
   9330   0.21309E-04
   9340   0.21182E-04
   9350   0.21091E-04
   9360   0.20989E-04
   9370   0.20895E-04
   9380   0.20775E-04
   9390   0.20687E-04
   9400   0.20585E-04
   9410   0.20470E-04
   9420   0.20386E-04
   9430   0.20267E-04
   9440   0.20178E-04
   9450   0.20061E-04
   9460   0.19970E-04
   9470   0.19859E-04
   9480   0.19762E-04
   9490   0.19657E-04
   9500   0.19548E-04
   9510   0.19464E-04
   9520   0.19351E-04
   9530   0.19267E-04
   9540   0.19158E-04
   9550   0.19072E-04
   9560   0.18962E-04
   9570   0.18865E-04
   9580   0.18767E-04
   9590   0.18647E-04
   9600   0.18570E-04
   9610   0.18453E-04
   9620   0.18367E-04
   9630   0.18261E-04
   9640   0.18167E-04
   9650   0.18057E-04
   9660   0.17971E-04
   9670   0.17863E-04
   9680   0.17774E-04
   9690   0.17689E-04
   9700   0.17577E-04
   9710   0.17479E-04
   9720   0.17389E-04
   9730   0.17284E-04
   9740   0.17211E-04
   9750   0.17095E-04
   9760   0.16999E-04
   9770   0.16914E-04
   9780   0.16811E-04
   9790   0.16740E-04
   9800   0.16637E-04
   9810   0.16540E-04
   9820   0.16445E-04
   9830   0.16351E-04
   9840   0.16287E-04
   9850   0.16188E-04
   9860   0.16109E-04
   9870   0.16006E-04
   9880   0.15912E-04
   9890   0.15818E-04
   9900   0.15727E-04
   9910   0.15655E-04
   9920   0.15555E-04
   9930   0.15478E-04
   9940   0.15376E-04
   9950   0.15303E-04
   9960   0.15203E-04
   9970   0.15129E-04
   9980   0.15030E-04
   9990   0.14952E-04
  10000   0.14872E-04
  10010   0.14787E-04
  10020   0.14704E-04
  10030   0.14624E-04
  10040   0.14533E-04
  10050   0.14446E-04
  10060   0.14357E-04
  10070   0.14281E-04
  10080   0.14193E-04
  10090   0.14127E-04
  10100   0.14031E-04
  10110   0.13945E-04
  10120   0.13859E-04
  10130   0.13794E-04
  10140   0.13715E-04
  10150   0.13620E-04
  10160   0.13543E-04
  10170   0.13466E-04
  10180   0.13380E-04
  10190   0.13301E-04
  10200   0.13240E-04
  10210   0.13146E-04
  10220   0.13087E-04
  10230   0.12987E-04
  10240   0.12906E-04
  10250   0.12840E-04
  10260   0.12759E-04
  10270   0.12684E-04
  10280   0.12613E-04
  10290   0.12520E-04
  10300   0.12449E-04
  10310   0.12374E-04
  10320   0.12309E-04
  10330   0.12235E-04
  10340   0.12142E-04
  10350   0.12073E-04
  10360   0.12008E-04
  10370   0.11940E-04
  10380   0.11873E-04
  10390   0.11785E-04
  10400   0.11725E-04
  10410   0.11637E-04
  10420   0.11570E-04
  10430   0.11491E-04
  10440   0.11412E-04
  10450   0.11346E-04
  10460   0.11276E-04
  10470   0.11217E-04
  10480   0.11130E-04
  10490   0.11051E-04
  10500   0.10995E-04
  10510   0.10918E-04
  10520   0.10851E-04
  10530   0.10761E-04
  10540   0.10704E-04
  10550   0.10641E-04
  10560   0.10561E-04
  10570   0.10497E-04
  10580   0.10429E-04
  10590   0.10338E-04
  10600   0.10279E-04
  10610   0.10222E-04
  10620   0.10158E-04
  10630   0.10060E-04
  10640   0.10013E-04
  10650   0.99463E-05
  10660   0.98694E-05
  10670   0.98033E-05
  10680   0.97423E-05
  10690   0.96729E-05
  10700   0.96072E-05
  10710   0.95313E-05
  10720   0.94524E-05
  10730   0.93799E-05
  10740   0.93353E-05
  10750   0.92555E-05
  10760   0.91913E-05
  10770   0.91151E-05
  10780   0.90574E-05
  10790   0.89846E-05
  10800   0.89076E-05
  10810   0.88382E-05
  10820   0.87947E-05
  10830   0.87241E-05
  10840   0.86437E-05
  10850   0.85961E-05
  10860   0.85197E-05
  10870   0.84425E-05
  10880   0.83756E-05
  10890   0.83214E-05
  10900   0.82506E-05
  10910   0.81821E-05
  10920   0.81004E-05
  10930   0.80515E-05
  10940   0.79976E-05
  10950   0.79201E-05
  10960   0.78765E-05
  10970   0.78083E-05
  10980   0.77432E-05
  10990   0.76554E-05
  11000   0.76077E-05
  11010   0.75436E-05
  11020   0.74703E-05
  11030   0.74060E-05
  11040   0.73548E-05
  11050   0.72936E-05
  11060   0.72176E-05
  11070   0.71559E-05
  11080   0.70964E-05
  11090   0.70510E-05
  11100   0.69809E-05
  11110   0.69272E-05
  11120   0.68683E-05
  11130   0.68095E-05
  11140   0.67432E-05
  11150   0.66885E-05
  11160   0.66239E-05
  11170   0.65716E-05
  11180   0.65247E-05
  11190   0.64603E-05
  11200   0.64194E-05
  11210   0.63520E-05
  11220   0.62949E-05
  11230   0.62415E-05
  11240   0.61865E-05
  11250   0.61232E-05
  11260   0.60787E-05
  11270   0.60230E-05
  11280   0.59708E-05
  11290   0.59208E-05
  11300   0.58823E-05
  11310   0.58249E-05
  11320   0.57678E-05
  11330   0.57174E-05
  11340   0.56609E-05
  11350   0.56156E-05
  11360   0.55597E-05
  11370   0.55188E-05
  11380   0.54581E-05
  11390   0.54124E-05
  11400   0.53757E-05
  11410   0.53293E-05
  11420   0.52677E-05
  11430   0.52262E-05
  11440   0.51819E-05
  11450   0.51384E-05
  11460   0.50932E-05
  11470   0.50425E-05
  11480   0.50058E-05
  11490   0.49660E-05
  11500   0.49135E-05
  11510   0.48737E-05
  11520   0.48353E-05
  11530   0.47692E-05
  11540   0.47243E-05
  11550   0.46862E-05
  11560   0.46415E-05
  11570   0.46121E-05
  11580   0.45670E-05
  11590   0.45290E-05
  11600   0.44721E-05
  11610   0.44347E-05
  11620   0.43898E-05
  11630   0.43448E-05
  11640   0.43142E-05
  11650   0.42742E-05
  11660   0.42472E-05
  11670   0.42047E-05
  11680   0.41598E-05
  11690   0.41279E-05
  11700   0.40857E-05
  11710   0.40458E-05
  11720   0.40096E-05
  11730   0.39769E-05
  11740   0.39381E-05
  11750   0.38962E-05
  11760   0.38536E-05
  11770   0.38282E-05
  11780   0.38090E-05
  11790   0.37692E-05
  11800   0.37305E-05
  11810   0.36794E-05
  11820   0.36580E-05
  11830   0.36262E-05
  11840   0.35853E-05
  11850   0.35560E-05
  11860   0.35322E-05
  11870   0.34932E-05
  11880   0.34604E-05
  11890   0.34279E-05
  11900   0.34144E-05
  11910   0.33835E-05
  11920   0.33435E-05
  11930   0.33061E-05
  11940   0.32638E-05
  11950   0.32496E-05
  11960   0.32198E-05
  11970   0.31800E-05
  11980   0.31566E-05
  11990   0.31369E-05
  12000   0.31058E-05
  12010   0.30769E-05
  12020   0.30592E-05
  12030   0.30353E-05
  12040   0.30017E-05
  12050   0.29750E-05
  12060   0.29448E-05
  12070   0.29408E-05
  12080   0.29033E-05
  12090   0.28752E-05
  12100   0.28615E-05
  12110   0.28403E-05
  12120   0.28123E-05
  12130   0.27884E-05
  12140   0.27771E-05
  12150   0.27500E-05
  12160   0.27217E-05
  12170   0.27038E-05
  12180   0.26810E-05
  12190   0.26782E-05
  12200   0.26571E-05
  12210   0.26387E-05
  12220   0.26341E-05
  12230   0.26123E-05
  12240   0.25951E-05
  12250   0.25593E-05
  12260   0.25538E-05
  12270   0.25501E-05
  12280   0.25249E-05
  12290   0.25134E-05
  12300   0.24842E-05
  12310   0.24766E-05
  12320   0.24589E-05
  12330   0.24555E-05
  12340   0.24235E-05
  12350   0.24153E-05
  12360   0.24012E-05
  12370   0.23842E-05
  12380   0.23595E-05
  12390   0.23661E-05
  12400   0.23441E-05
  12410   0.23421E-05
  12420   0.23411E-05
  12430   0.23106E-05
  12440   0.23036E-05
  12450   0.22927E-05
  12460   0.22844E-05
  12470   0.22740E-05
  12480   0.22601E-05
  12490   0.22501E-05
  12500   0.22447E-05
  12510   0.22334E-05
  12520   0.22238E-05
  12530   0.22110E-05
  12540   0.21940E-05
  12550   0.21751E-05
  12560   0.21664E-05
  12570   0.21672E-05
  12580   0.21606E-05
  12590   0.21403E-05
  12600   0.21320E-05
  12610   0.21380E-05
  12620   0.21361E-05
  12630   0.21213E-05
  12640   0.21296E-05
  12650   0.21122E-05
  12660   0.20964E-05
  12670   0.20771E-05
  12680   0.20796E-05
  12690   0.20776E-05
  12700   0.20701E-05
  12710   0.20529E-05
  12720   0.20462E-05
  12730   0.20466E-05
  12740   0.20338E-05
  12750   0.20296E-05
  12760   0.20134E-05
  12770   0.20031E-05
  12780   0.19928E-05
  12790   0.20010E-05
  12800   0.19909E-05
  12810   0.19891E-05
  12820   0.19852E-05
  12830   0.19858E-05
  12840   0.19726E-05
  12850   0.19667E-05
  12860   0.19687E-05
  12870   0.19633E-05
  12880   0.19484E-05
  12890   0.19367E-05
  12900   0.19478E-05
  12910   0.19279E-05
  12920   0.19158E-05
  12930   0.19138E-05
  12940   0.19025E-05
  12950   0.18929E-05
  12960   0.18860E-05
  12970   0.18880E-05
  12980   0.19036E-05
  12990   0.19012E-05
  13000   0.18910E-05
  13010   0.18799E-05
  13020   0.18822E-05
  13030   0.18798E-05
  13040   0.18667E-05
  13050   0.18595E-05
  13060   0.18508E-05
  13070   0.18443E-05
  13080   0.18274E-05
  13090   0.18279E-05
  13100   0.18262E-05
  13110   0.18257E-05
  13120   0.18148E-05
  13130   0.18170E-05
  13140   0.18166E-05
  13150   0.18181E-05
  13160   0.18116E-05
  13170   0.17985E-05
  13180   0.17934E-05
  13190   0.17913E-05
  13200   0.17923E-05
  13210   0.17988E-05
  13220   0.17850E-05
  13230   0.17727E-05
  13240   0.17635E-05
  13250   0.17654E-05
  13260   0.17627E-05
  13270   0.17463E-05
  13280   0.17504E-05
  13290   0.17309E-05
  13300   0.17291E-05
  13310   0.17224E-05
  13320   0.17253E-05
  13330   0.17244E-05
  13340   0.17103E-05
  13350   0.17190E-05
  13360   0.17103E-05
  13370   0.16924E-05
  13380   0.16877E-05
  13390   0.16858E-05
  13400   0.16830E-05
  13410   0.16779E-05
  13420   0.16742E-05
  13430   0.16759E-05
  13440   0.16679E-05
  13450   0.16648E-05
  13460   0.16524E-05
  13470   0.16486E-05
  13480   0.16561E-05
  13490   0.16670E-05
  13500   0.16523E-05
  13510   0.16335E-05
  13520   0.16300E-05
  13530   0.16327E-05
  13540   0.16320E-05
  13550   0.16346E-05
  13560   0.16315E-05
  13570   0.16256E-05
  13580   0.16338E-05
  13590   0.16337E-05
  13600   0.16228E-05
  13610   0.16139E-05
  13620   0.16132E-05
  13630   0.15941E-05
  13640   0.15910E-05
  13650   0.15840E-05
  13660   0.15848E-05
  13670   0.15656E-05
  13680   0.15721E-05
  13690   0.15695E-05
  13700   0.15666E-05
  13710   0.15652E-05
  13720   0.15673E-05
  13730   0.15678E-05
  13740   0.15646E-05
  13750   0.15772E-05
  13760   0.15696E-05
  13770   0.15568E-05
  13780   0.15484E-05
  13790   0.15447E-05
  13800   0.15570E-05
  13810   0.15490E-05
  13820   0.15480E-05
  13830   0.15291E-05
  13840   0.15396E-05
  13850   0.15339E-05
  13860   0.15446E-05
  13870   0.15388E-05
  13880   0.15438E-05
  13890   0.15317E-05
  13900   0.15246E-05
  13910   0.15334E-05
  13920   0.15271E-05
  13930   0.15152E-05
  13940   0.15132E-05
  13950   0.15114E-05
  13960   0.15100E-05
  13970   0.15118E-05
  13980   0.15089E-05
  13990   0.14931E-05
  14000   0.15009E-05
  14010   0.14945E-05
  14020   0.14888E-05
  14030   0.14976E-05
  14040   0.14878E-05
  14050   0.14945E-05
  14060   0.14851E-05
  14070   0.14950E-05
  14080   0.14940E-05
  14090   0.14868E-05
  14100   0.14931E-05
  14110   0.14841E-05
  14120   0.14878E-05
  14130   0.14820E-05
  14140   0.14871E-05
  14150   0.14785E-05
  14160   0.14758E-05
  14170   0.14764E-05
  14180   0.14785E-05
  14190   0.14716E-05
  14200   0.14550E-05
  14210   0.14639E-05
  14220   0.14488E-05
  14230   0.14413E-05
  14240   0.14402E-05
  14250   0.14326E-05
  14260   0.14228E-05
  14270   0.14174E-05
  14280   0.14080E-05
  14290   0.14170E-05
  14300   0.14173E-05
  14310   0.14232E-05
  14320   0.14125E-05
  14330   0.14072E-05
  14340   0.14011E-05
  14350   0.13964E-05
  14360   0.14023E-05
  14370   0.13944E-05
  14380   0.13962E-05
  14390   0.14015E-05
  14400   0.14046E-05
  14410   0.14096E-05
  14420   0.13973E-05
  14430   0.13983E-05
  14440   0.14081E-05
  14450   0.14021E-05
  14460   0.13964E-05
  14470   0.13884E-05
  14480   0.13996E-05
  14490   0.13840E-05
  14500   0.13876E-05
  14510   0.13791E-05
  14520   0.13768E-05
  14530   0.13667E-05
  14540   0.13656E-05
  14550   0.13674E-05
  14560   0.13896E-05
  14570   0.13693E-05
  14580   0.13746E-05
  14590   0.13604E-05
  14600   0.13617E-05
  14610   0.13686E-05
  14620   0.13700E-05
  14630   0.13710E-05
  14640   0.13581E-05
  14650   0.13491E-05
  14660   0.13438E-05
  14670   0.13366E-05
  14680   0.13264E-05
  14690   0.13300E-05
  14700   0.13387E-05
  14710   0.13187E-05
  14720   0.13230E-05
  14730   0.13301E-05
  14740   0.13192E-05
  14750   0.13314E-05
  14760   0.13170E-05
  14770   0.13224E-05
  14780   0.13087E-05
  14790   0.13059E-05
  14800   0.13141E-05
  14810   0.13068E-05
  14820   0.13048E-05
  14830   0.12879E-05
  14840   0.12882E-05
  14850   0.12985E-05
  14860   0.12942E-05
  14870   0.12900E-05
  14880   0.12916E-05
  14890   0.12795E-05
  14900   0.12846E-05
  14910   0.12842E-05
  14920   0.12675E-05
  14930   0.12659E-05
  14940   0.12694E-05
  14950   0.12662E-05
  14960   0.12673E-05
  14970   0.12746E-05
  14980   0.12647E-05
  14990   0.12648E-05
  15000   0.12647E-05
  15010   0.12411E-05
  15020   0.12412E-05
  15030   0.12406E-05
  15040   0.12407E-05
  15050   0.12535E-05
  15060   0.12565E-05
  15070   0.12581E-05
  15080   0.12518E-05
  15090   0.12414E-05
  15100   0.12259E-05
  15110   0.12443E-05
  15120   0.12316E-05
  15130   0.12091E-05
  15140   0.12243E-05
  15150   0.12083E-05
  15160   0.11956E-05
  15170   0.11874E-05
  15180   0.11970E-05
  15190   0.11921E-05
  15200   0.11791E-05
  15210   0.11898E-05
  15220   0.11743E-05
  15230   0.11744E-05
  15240   0.11854E-05
  15250   0.11898E-05
  15260   0.11836E-05
  15270   0.11759E-05
  15280   0.11876E-05
  15290   0.11736E-05
  15300   0.11617E-05
  15310   0.11742E-05
  15320   0.11598E-05
  15330   0.11666E-05
  15340   0.11625E-05
  15350   0.11588E-05
  15360   0.11624E-05
  15370   0.11681E-05
  15380   0.11589E-05
  15390   0.11454E-05
  15400   0.11315E-05
  15410   0.11239E-05
  15420   0.11452E-05
  15430   0.11255E-05
  15440   0.11266E-05
  15450   0.11122E-05
  15460   0.11062E-05
  15470   0.11111E-05
  15480   0.11016E-05
  15490   0.10884E-05
  15500   0.10705E-05
  15510   0.10711E-05
  15520   0.10761E-05
  15530   0.10791E-05
  15540   0.10760E-05
  15550   0.10703E-05
  15560   0.10796E-05
  15570   0.10739E-05
  15580   0.10760E-05
  15590   0.10657E-05
  15600   0.10458E-05
  15610   0.10687E-05
  15620   0.10675E-05
  15630   0.10628E-05
  15640   0.10476E-05
  15650   0.10570E-05
  15660   0.10498E-05
  15670   0.10619E-05
  15680   0.10410E-05
  15690   0.10359E-05
  15700   0.10265E-05
  15710   0.10312E-05
  15720   0.10098E-05
  15730   0.10116E-05
  15740   0.10166E-05
  15750   0.10049E-05
  15760   0.99462E-06
  15770   0.99769E-06
  15780   0.99417E-06
  15790   0.98758E-06
  15800   0.99266E-06
  15810   0.98843E-06
  15820   0.98702E-06
  15830   0.99323E-06
  15840   0.97290E-06
  15850   0.97942E-06
  15860   0.98535E-06
  15870   0.97384E-06
  15880   0.96995E-06
  15890   0.96488E-06
  15900   0.95847E-06
  15910   0.95737E-06
  15920   0.95421E-06
  15930   0.95296E-06
  15940   0.94894E-06
  15950   0.95095E-06
  15960   0.95351E-06
  15970   0.95567E-06
  15980   0.93538E-06
  15990   0.92230E-06
  16000   0.92586E-06
  16010   0.92990E-06
  16020   0.92053E-06
  16030   0.91677E-06
  16040   0.89642E-06
  16050   0.88388E-06
  16060   0.89566E-06
  16070   0.89533E-06
  16080   0.87099E-06
  16090   0.87047E-06
  16100   0.86523E-06
  16110   0.86347E-06
  16120   0.86112E-06
  16130   0.86932E-06
  16140   0.85766E-06
  16150   0.85050E-06
  16160   0.84821E-06
  16170   0.85444E-06
  16180   0.85584E-06
  16190   0.85457E-06
  16200   0.86544E-06
  16210   0.85074E-06
  16220   0.84983E-06
  16230   0.83767E-06
  16240   0.82884E-06
  16250   0.83643E-06
  16260   0.81813E-06
  16270   0.80497E-06
  16280   0.79714E-06
  16290   0.78988E-06
  16300   0.78065E-06
  16310   0.76408E-06
  16320   0.76231E-06
  16330   0.76446E-06
  16340   0.73963E-06
  16350   0.74582E-06
  16360   0.74109E-06
  16370   0.72791E-06
  16380   0.73443E-06
  16390   0.72363E-06
  16400   0.71831E-06
  16410   0.71763E-06
  16420   0.70611E-06
  16430   0.69146E-06
  16440   0.70703E-06
  16450   0.70635E-06
  16460   0.71264E-06
  16470   0.69758E-06
  16480   0.68406E-06
  16490   0.68650E-06
  16500   0.70201E-06
  16510   0.67356E-06
  16520   0.66992E-06
  16530   0.67571E-06
  16540   0.68529E-06
  16550   0.66913E-06
  16560   0.66289E-06
  16570   0.66877E-06
  16580   0.64946E-06
  16590   0.65475E-06
  16600   0.64370E-06
  16610   0.64354E-06
  16620   0.63552E-06
  16630   0.62238E-06
  16640   0.61901E-06
  16650   0.62474E-06
  16660   0.62166E-06
  16670   0.63567E-06
  16680   0.61787E-06
  16690   0.61386E-06
  16700   0.62499E-06
  16710   0.62159E-06
  16720   0.63267E-06
  16730   0.63245E-06
  16740   0.62016E-06
  16750   0.62516E-06
  16760   0.60873E-06
  16770   0.62557E-06
  16780   0.60039E-06
  16790   0.61598E-06
  16800   0.60721E-06
  16810   0.59945E-06
  16820   0.59540E-06
  16830   0.57876E-06
  16840   0.57659E-06
  16850   0.56184E-06
  16860   0.55386E-06
  16870   0.53256E-06
  16880   0.53812E-06
  16890   0.54282E-06
  16900   0.55056E-06
  16910   0.52582E-06
  16920   0.54070E-06
  16930   0.52948E-06
  16940   0.54591E-06
  16950   0.55424E-06
  16960   0.53411E-06
  16970   0.53161E-06
  16980   0.54411E-06
  16990   0.53863E-06
  17000   0.53289E-06
  17010   0.52766E-06
  17020   0.51801E-06
  17030   0.51324E-06
  17040   0.49383E-06
  17050   0.49969E-06
  17060   0.48529E-06
  17070   0.47313E-06
  17080   0.48817E-06
  17090   0.49084E-06
  17100   0.47503E-06
  17110   0.48758E-06
  17120   0.46830E-06
  17130   0.46959E-06
  17140   0.47948E-06
  17150   0.48650E-06
  17160   0.48073E-06
  17170   0.48604E-06
  17180   0.47381E-06
  17190   0.46677E-06
  17200   0.47805E-06
  17210   0.47949E-06
  17220   0.46907E-06
  17230   0.45502E-06
  17240   0.43928E-06
  17250   0.43652E-06
  17260   0.45368E-06
  17270   0.44433E-06
  17280   0.44535E-06
  17290   0.44525E-06
  17300   0.43794E-06
  17310   0.46004E-06
  17320   0.44095E-06
  17330   0.43120E-06
  17340   0.42220E-06
  17350   0.42102E-06
  17360   0.41116E-06
  17370   0.43669E-06
  17380   0.43303E-06
  17390   0.44043E-06
  17400   0.44054E-06
  17410   0.44866E-06
  17420   0.44421E-06
  17430   0.42792E-06
  17440   0.42487E-06
  17450   0.41925E-06
  17460   0.39369E-06
  17470   0.40751E-06
  17480   0.40329E-06
  17490   0.38582E-06
  17500   0.40227E-06
  17510   0.41240E-06
  17520   0.40862E-06
  17530   0.41846E-06
  17540   0.39571E-06
  17550   0.40500E-06
  17560   0.40961E-06
  17570   0.40232E-06
  17580   0.39699E-06
  17590   0.38878E-06
  17600   0.38509E-06
  17610   0.38524E-06
  17620   0.38443E-06
  17630   0.37885E-06
  17640   0.39125E-06
  17650   0.40155E-06
  17660   0.40196E-06
  17670   0.40376E-06
  17680   0.38188E-06
  17690   0.38117E-06
  17700   0.36715E-06
  17710   0.35869E-06
  17720   0.37908E-06
  17730   0.38550E-06
  17740   0.40026E-06
  17750   0.38545E-06
  17760   0.37962E-06
  17770   0.37431E-06
  17780   0.37878E-06
  17790   0.37356E-06
  17800   0.38587E-06
  17810   0.37113E-06
  17820   0.36707E-06
  17830   0.35370E-06
  17840   0.38324E-06
  17850   0.37631E-06
  17860   0.36832E-06
  17870   0.35892E-06
  17880   0.35658E-06
  17890   0.35337E-06
  17900   0.34811E-06
  17910   0.36133E-06
  17920   0.34213E-06
  17930   0.34490E-06
  17940   0.33868E-06
  17950   0.34592E-06
  17960   0.34947E-06
  17970   0.33154E-06
  17980   0.32164E-06
  17990   0.32649E-06
  18000   0.32714E-06
  18010   0.31670E-06
  18020   0.30782E-06
  18030   0.30547E-06
  18040   0.30664E-06
  18050   0.31483E-06
  18060   0.33198E-06
  18070   0.32276E-06
  18080   0.33985E-06
  18090   0.33844E-06
  18100   0.32242E-06
  18110   0.33707E-06
  18120   0.31887E-06
  18130   0.34197E-06
  18140   0.34021E-06
  18150   0.33124E-06
  18160   0.34457E-06
  18170   0.32526E-06
  18180   0.30686E-06
  18190   0.30931E-06
  18200   0.31734E-06
  18210   0.31696E-06
  18220   0.31826E-06
  18230   0.29098E-06
  18240   0.31676E-06
  18250   0.30562E-06
  18260   0.30039E-06
  18270   0.31728E-06
  18280   0.29937E-06
  18290   0.30577E-06
  18300   0.30587E-06
  18310   0.30119E-06
  18320   0.29090E-06
  18330   0.30160E-06
  18340   0.30765E-06
  18350   0.29008E-06
  18360   0.30774E-06
  18370   0.33104E-06
  18380   0.31777E-06
  18390   0.31601E-06
  18400   0.31153E-06
  18410   0.31846E-06
  18420   0.30279E-06
  18430   0.30576E-06
  18440   0.28672E-06
  18450   0.29002E-06
  18460   0.29687E-06
  18470   0.30686E-06
  18480   0.29317E-06
  18490   0.28788E-06
  18500   0.30202E-06
  18510   0.29001E-06
  18520   0.30352E-06
  18530   0.28293E-06
  18540   0.27910E-06
  18550   0.28289E-06
  18560   0.27744E-06
  18570   0.25450E-06
  18580   0.27709E-06
  18590   0.26609E-06
  18600   0.26765E-06
  18610   0.27338E-06
  18620   0.26940E-06
  18630   0.26184E-06
  18640   0.26863E-06
  18650   0.27118E-06
  18660   0.27141E-06
  18670   0.29358E-06
  18680   0.28637E-06
  18690   0.28390E-06
  18700   0.27606E-06
  18710   0.27879E-06
  18720   0.26143E-06
  18730   0.27349E-06
  18740   0.29306E-06
  18750   0.28817E-06
  18760   0.29185E-06
  18770   0.27733E-06
  18780   0.28135E-06
  18790   0.28880E-06
  18800   0.28093E-06
  18810   0.27251E-06
  18820   0.26289E-06
  18830   0.26147E-06
  18840   0.25979E-06
  18850   0.25955E-06
  18860   0.26490E-06
  18870   0.26454E-06
  18880   0.27066E-06
  18890   0.26770E-06
  18900   0.25877E-06
  18910   0.29068E-06
  18920   0.27567E-06
  18930   0.25609E-06
  18940   0.27301E-06
  18950   0.25249E-06
  18960   0.26183E-06
  18970   0.26267E-06
  18980   0.28014E-06
  18990   0.26481E-06
  19000   0.26319E-06
  19010   0.26116E-06
  19020   0.25383E-06
  19030   0.24895E-06
  19040   0.25148E-06
  19050   0.27081E-06
  19060   0.27873E-06
  19070   0.27199E-06
  19080   0.27151E-06
  19090   0.27060E-06
  19100   0.26404E-06
  19110   0.27513E-06
  19120   0.26579E-06
  19130   0.25584E-06
  19140   0.26215E-06
  19150   0.25605E-06
  19160   0.26345E-06
  19170   0.26412E-06
  19180   0.25033E-06
  19190   0.24993E-06
  19200   0.24915E-06
  19210   0.25129E-06
  19220   0.23257E-06
  19230   0.23700E-06
  19240   0.22897E-06
  19250   0.21343E-06
  19260   0.22495E-06
  19270   0.22900E-06
  19280   0.21693E-06
  19290   0.21863E-06
  19300   0.21561E-06
  19310   0.22136E-06
  19320   0.21235E-06
  19330   0.22685E-06
  19340   0.22636E-06
  19350   0.20602E-06
  19360   0.20236E-06
  19370   0.21934E-06
  19380   0.22540E-06
  19390   0.21616E-06
  19400   0.22088E-06
  19410   0.21874E-06
  19420   0.19572E-06
  19430   0.19054E-06
  19440   0.19138E-06
  19450   0.17540E-06
  19460   0.18904E-06
  19470   0.19611E-06
  19480   0.18259E-06
  19490   0.18375E-06
  19500   0.19177E-06
  19510   0.20273E-06
  19520   0.21226E-06
  19530   0.19201E-06
  19540   0.20583E-06
  19550   0.20692E-06
  19560   0.20741E-06
  19570   0.22154E-06
  19580   0.19600E-06
  19590   0.20399E-06
  19600   0.21213E-06
  19610   0.22056E-06
  19620   0.20098E-06
  19630   0.22272E-06
  19640   0.21209E-06
  19650   0.19755E-06
  19660   0.20205E-06
  19670   0.20485E-06
  19680   0.20892E-06
  19690   0.19635E-06
  19700   0.19264E-06
  19710   0.21524E-06
  19720   0.20177E-06
  19730   0.21255E-06
  19740   0.18511E-06
  19750   0.21083E-06
  19760   0.20578E-06
  19770   0.21238E-06
  19780   0.19828E-06
  19790   0.20315E-06
  19800   0.20473E-06
  19810   0.22216E-06
  19820   0.20939E-06
  19830   0.21041E-06
  19840   0.19830E-06
  19850   0.21406E-06
  19860   0.19592E-06
  19870   0.21770E-06
  19880   0.20959E-06
  19890   0.21021E-06
  19900   0.22140E-06
  19910   0.21865E-06
  19920   0.20226E-06
  19930   0.20509E-06
  19940   0.21003E-06
  19950   0.20960E-06
  19960   0.20412E-06
  19970   0.20913E-06
  19980   0.20921E-06
  19990   0.21998E-06
  20000   0.21193E-06
