     10   0.10484E-02
     20   0.88815E-03
     30   0.78381E-03
     40   0.70989E-03
     50   0.65409E-03
     60   0.60955E-03
     70   0.57185E-03
     80   0.53900E-03
     90   0.50985E-03
    100   0.48344E-03
    110   0.46069E-03
    120   0.43958E-03
    130   0.41984E-03
    140   0.40123E-03
    150   0.38368E-03
    160   0.36714E-03
    170   0.35151E-03
    180   0.33680E-03
    190   0.32286E-03
    200   0.30972E-03
    210   0.29760E-03
    220   0.28613E-03
    230   0.27535E-03
    240   0.26520E-03
    250   0.25568E-03
    260   0.24671E-03
    270   0.23833E-03
    280   0.23049E-03
    290   0.22312E-03
    300   0.21624E-03
    310   0.20988E-03
    320   0.20397E-03
    330   0.19845E-03
    340   0.19334E-03
    350   0.18863E-03
    360   0.18436E-03
    370   0.18048E-03
    380   0.17704E-03
    390   0.17401E-03
    400   0.17138E-03
    410   0.16912E-03
    420   0.16720E-03
    430   0.16552E-03
    440   0.16407E-03
    450   0.16276E-03
    460   0.16154E-03
    470   0.16037E-03
    480   0.15919E-03
    490   0.15794E-03
    500   0.15664E-03
    510   0.15527E-03
    520   0.15382E-03
    530   0.15229E-03
    540   0.15070E-03
    550   0.14908E-03
    560   0.14745E-03
    570   0.14586E-03
    580   0.14432E-03
    590   0.14290E-03
    600   0.14161E-03
    610   0.14049E-03
    620   0.13954E-03
    630   0.13878E-03
    640   0.13822E-03
    650   0.13786E-03
    660   0.13770E-03
    670   0.13772E-03
    680   0.13791E-03
    690   0.13824E-03
    700   0.13871E-03
    710   0.13928E-03
    720   0.13993E-03
    730   0.14064E-03
    740   0.14139E-03
    750   0.14217E-03
    760   0.14294E-03
    770   0.14369E-03
    780   0.14441E-03
    790   0.14508E-03
    800   0.14567E-03
    810   0.14619E-03
    820   0.14662E-03
    830   0.14696E-03
    840   0.14719E-03
    850   0.14732E-03
    860   0.14733E-03
    870   0.14724E-03
    880   0.14704E-03
    890   0.14674E-03
    900   0.14633E-03
    910   0.14581E-03
    920   0.14520E-03
    930   0.14450E-03
    940   0.14372E-03
    950   0.14286E-03
    960   0.14195E-03
    970   0.14096E-03
    980   0.13992E-03
    990   0.13886E-03
   1000   0.13776E-03
   1010   0.13665E-03
   1020   0.13554E-03
   1030   0.13443E-03
   1040   0.13334E-03
   1050   0.13231E-03
   1060   0.13129E-03
   1070   0.13036E-03
   1080   0.12950E-03
   1090   0.12871E-03
   1100   0.12801E-03
   1110   0.12740E-03
   1120   0.12690E-03
   1130   0.12650E-03
   1140   0.12620E-03
   1150   0.12598E-03
   1160   0.12589E-03
   1170   0.12585E-03
   1180   0.12591E-03
   1190   0.12604E-03
   1200   0.12624E-03
   1210   0.12648E-03
   1220   0.12676E-03
   1230   0.12706E-03
   1240   0.12738E-03
   1250   0.12770E-03
   1260   0.12803E-03
   1270   0.12832E-03
   1280   0.12859E-03
   1290   0.12883E-03
   1300   0.12904E-03
   1310   0.12919E-03
   1320   0.12930E-03
   1330   0.12936E-03
   1340   0.12936E-03
   1350   0.12931E-03
   1360   0.12921E-03
   1370   0.12905E-03
   1380   0.12884E-03
   1390   0.12860E-03
   1400   0.12833E-03
   1410   0.12802E-03
   1420   0.12768E-03
   1430   0.12735E-03
   1440   0.12697E-03
   1450   0.12663E-03
   1460   0.12626E-03
   1470   0.12594E-03
   1480   0.12562E-03
   1490   0.12531E-03
   1500   0.12506E-03
   1510   0.12482E-03
   1520   0.12464E-03
   1530   0.12446E-03
   1540   0.12435E-03
   1550   0.12426E-03
   1560   0.12422E-03
   1570   0.12418E-03
   1580   0.12417E-03
   1590   0.12419E-03
   1600   0.12421E-03
   1610   0.12422E-03
   1620   0.12424E-03
   1630   0.12425E-03
   1640   0.12422E-03
   1650   0.12417E-03
   1660   0.12409E-03
   1670   0.12397E-03
   1680   0.12382E-03
   1690   0.12362E-03
   1700   0.12334E-03
   1710   0.12304E-03
   1720   0.12266E-03
   1730   0.12225E-03
   1740   0.12177E-03
   1750   0.12124E-03
   1760   0.12067E-03
   1770   0.12005E-03
   1780   0.11940E-03
   1790   0.11870E-03
   1800   0.11799E-03
   1810   0.11724E-03
   1820   0.11649E-03
   1830   0.11574E-03
   1840   0.11500E-03
   1850   0.11425E-03
   1860   0.11354E-03
   1870   0.11285E-03
   1880   0.11221E-03
   1890   0.11161E-03
   1900   0.11108E-03
   1910   0.11061E-03
   1920   0.11022E-03
   1930   0.10991E-03
   1940   0.10969E-03
   1950   0.10954E-03
   1960   0.10950E-03
   1970   0.10956E-03
   1980   0.10972E-03
   1990   0.10998E-03
   2000   0.11034E-03
   2010   0.11079E-03
   2020   0.11135E-03
   2030   0.11199E-03
   2040   0.11270E-03
   2050   0.11353E-03
   2060   0.11441E-03
   2070   0.11536E-03
   2080   0.11637E-03
   2090   0.11742E-03
   2100   0.11854E-03
   2110   0.11968E-03
   2120   0.12087E-03
   2130   0.12206E-03
   2140   0.12327E-03
   2150   0.12451E-03
   2160   0.12575E-03
   2170   0.12698E-03
   2180   0.12821E-03
   2190   0.12943E-03
   2200   0.13065E-03
   2210   0.13183E-03
   2220   0.13301E-03
   2230   0.13415E-03
   2240   0.13528E-03
   2250   0.13638E-03
   2260   0.13743E-03
   2270   0.13848E-03
   2280   0.13948E-03
   2290   0.14043E-03
   2300   0.14137E-03
   2310   0.14227E-03
   2320   0.14312E-03
   2330   0.14395E-03
   2340   0.14471E-03
   2350   0.14544E-03
   2360   0.14610E-03
   2370   0.14675E-03
   2380   0.14735E-03
   2390   0.14790E-03
   2400   0.14840E-03
   2410   0.14887E-03
   2420   0.14926E-03
   2430   0.14964E-03
   2440   0.14991E-03
   2450   0.15019E-03
   2460   0.15041E-03
   2470   0.15056E-03
   2480   0.15068E-03
   2490   0.15073E-03
   2500   0.15073E-03
   2510   0.15069E-03
   2520   0.15061E-03
   2530   0.15049E-03
   2540   0.15030E-03
   2550   0.15007E-03
   2560   0.14980E-03
   2570   0.14948E-03
   2580   0.14911E-03
   2590   0.14871E-03
   2600   0.14828E-03
   2610   0.14778E-03
   2620   0.14728E-03
   2630   0.14672E-03
   2640   0.14614E-03
   2650   0.14550E-03
   2660   0.14484E-03
   2670   0.14413E-03
   2680   0.14342E-03
   2690   0.14267E-03
   2700   0.14190E-03
   2710   0.14110E-03
   2720   0.14027E-03
   2730   0.13938E-03
   2740   0.13853E-03
   2750   0.13761E-03
   2760   0.13670E-03
   2770   0.13576E-03
   2780   0.13482E-03
   2790   0.13383E-03
   2800   0.13283E-03
   2810   0.13181E-03
   2820   0.13080E-03
   2830   0.12976E-03
   2840   0.12870E-03
   2850   0.12765E-03
   2860   0.12656E-03
   2870   0.12550E-03
   2880   0.12440E-03
   2890   0.12331E-03
   2900   0.12220E-03
   2910   0.12110E-03
   2920   0.11999E-03
   2930   0.11887E-03
   2940   0.11773E-03
   2950   0.11663E-03
   2960   0.11551E-03
   2970   0.11437E-03
   2980   0.11327E-03
   2990   0.11212E-03
   3000   0.11103E-03
   3010   0.10993E-03
   3020   0.10879E-03
   3030   0.10771E-03
   3040   0.10663E-03
   3050   0.10555E-03
   3060   0.10450E-03
   3070   0.10345E-03
   3080   0.10238E-03
   3090   0.10137E-03
   3100   0.10034E-03
   3110   0.99324E-04
   3120   0.98345E-04
   3130   0.97368E-04
   3140   0.96402E-04
   3150   0.95444E-04
   3160   0.94530E-04
   3170   0.93612E-04
   3180   0.92720E-04
   3190   0.91850E-04
   3200   0.90981E-04
   3210   0.90133E-04
   3220   0.89316E-04
   3230   0.88516E-04
   3240   0.87717E-04
   3250   0.86960E-04
   3260   0.86202E-04
   3270   0.85459E-04
   3280   0.84739E-04
   3290   0.84033E-04
   3300   0.83340E-04
   3310   0.82674E-04
   3320   0.82029E-04
   3330   0.81356E-04
   3340   0.80747E-04
   3350   0.80136E-04
   3360   0.79541E-04
   3370   0.78939E-04
   3380   0.78388E-04
   3390   0.77826E-04
   3400   0.77250E-04
   3410   0.76721E-04
   3420   0.76191E-04
   3430   0.75676E-04
   3440   0.75159E-04
   3450   0.74667E-04
   3460   0.74186E-04
   3470   0.73717E-04
   3480   0.73236E-04
   3490   0.72788E-04
   3500   0.72328E-04
   3510   0.71890E-04
   3520   0.71439E-04
   3530   0.71026E-04
   3540   0.70613E-04
   3550   0.70214E-04
   3560   0.69806E-04
   3570   0.69406E-04
   3580   0.69054E-04
   3590   0.68656E-04
   3600   0.68282E-04
   3610   0.67916E-04
   3620   0.67571E-04
   3630   0.67226E-04
   3640   0.66888E-04
   3650   0.66565E-04
   3660   0.66230E-04
   3670   0.65933E-04
   3680   0.65630E-04
   3690   0.65306E-04
   3700   0.65027E-04
   3710   0.64743E-04
   3720   0.64494E-04
   3730   0.64211E-04
   3740   0.63965E-04
   3750   0.63713E-04
   3760   0.63480E-04
   3770   0.63239E-04
   3780   0.63006E-04
   3790   0.62804E-04
   3800   0.62598E-04
   3810   0.62390E-04
   3820   0.62218E-04
   3830   0.62027E-04
   3840   0.61844E-04
   3850   0.61683E-04
   3860   0.61515E-04
   3870   0.61363E-04
   3880   0.61225E-04
   3890   0.61087E-04
   3900   0.60950E-04
   3910   0.60842E-04
   3920   0.60722E-04
   3930   0.60610E-04
   3940   0.60511E-04
   3950   0.60407E-04
   3960   0.60342E-04
   3970   0.60234E-04
   3980   0.60156E-04
   3990   0.60093E-04
   4000   0.60032E-04
   4010   0.59970E-04
   4020   0.59900E-04
   4030   0.59856E-04
   4040   0.59795E-04
   4050   0.59768E-04
   4060   0.59735E-04
   4070   0.59688E-04
   4080   0.59665E-04
   4090   0.59645E-04
   4100   0.59652E-04
   4110   0.59618E-04
   4120   0.59597E-04
   4130   0.59598E-04
   4140   0.59597E-04
   4150   0.59601E-04
   4160   0.59606E-04
   4170   0.59618E-04
   4180   0.59630E-04
   4190   0.59651E-04
   4200   0.59663E-04
   4210   0.59675E-04
   4220   0.59717E-04
   4230   0.59746E-04
   4240   0.59772E-04
   4250   0.59803E-04
   4260   0.59850E-04
   4270   0.59893E-04
   4280   0.59937E-04
   4290   0.59982E-04
   4300   0.60031E-04
   4310   0.60075E-04
   4320   0.60139E-04
   4330   0.60197E-04
   4340   0.60253E-04
   4350   0.60313E-04
   4360   0.60382E-04
   4370   0.60437E-04
   4380   0.60516E-04
   4390   0.60573E-04
   4400   0.60639E-04
   4410   0.60724E-04
   4420   0.60802E-04
   4430   0.60871E-04
   4440   0.60936E-04
   4450   0.61017E-04
   4460   0.61097E-04
   4470   0.61172E-04
   4480   0.61264E-04
   4490   0.61335E-04
   4500   0.61428E-04
   4510   0.61496E-04
   4520   0.61574E-04
   4530   0.61658E-04
   4540   0.61741E-04
   4550   0.61827E-04
   4560   0.61909E-04
   4570   0.61983E-04
   4580   0.62067E-04
   4590   0.62150E-04
   4600   0.62226E-04
   4610   0.62301E-04
   4620   0.62377E-04
   4630   0.62445E-04
   4640   0.62545E-04
   4650   0.62612E-04
   4660   0.62685E-04
   4670   0.62732E-04
   4680   0.62814E-04
   4690   0.62880E-04
   4700   0.62935E-04
   4710   0.62992E-04
   4720   0.63062E-04
   4730   0.63114E-04
   4740   0.63166E-04
   4750   0.63210E-04
   4760   0.63274E-04
   4770   0.63304E-04
   4780   0.63345E-04
   4790   0.63388E-04
   4800   0.63419E-04
   4810   0.63452E-04
   4820   0.63484E-04
   4830   0.63518E-04
   4840   0.63514E-04
   4850   0.63534E-04
   4860   0.63557E-04
   4870   0.63553E-04
   4880   0.63567E-04
   4890   0.63578E-04
   4900   0.63564E-04
   4910   0.63554E-04
   4920   0.63566E-04
   4930   0.63541E-04
   4940   0.63542E-04
   4950   0.63507E-04
   4960   0.63494E-04
   4970   0.63473E-04
   4980   0.63423E-04
   4990   0.63399E-04
   5000   0.63370E-04
   5010   0.63314E-04
   5020   0.63286E-04
   5030   0.63232E-04
   5040   0.63171E-04
   5050   0.63127E-04
   5060   0.63076E-04
   5070   0.63011E-04
   5080   0.62953E-04
   5090   0.62884E-04
   5100   0.62818E-04
   5110   0.62746E-04
   5120   0.62680E-04
   5130   0.62603E-04
   5140   0.62524E-04
   5150   0.62449E-04
   5160   0.62372E-04
   5170   0.62288E-04
   5180   0.62213E-04
   5190   0.62121E-04
   5200   0.62030E-04
   5210   0.61954E-04
   5220   0.61869E-04
   5230   0.61777E-04
   5240   0.61680E-04
   5250   0.61592E-04
   5260   0.61506E-04
   5270   0.61413E-04
   5280   0.61329E-04
   5290   0.61228E-04
   5300   0.61133E-04
   5310   0.61043E-04
   5320   0.60949E-04
   5330   0.60861E-04
   5340   0.60768E-04
   5350   0.60673E-04
   5360   0.60599E-04
   5370   0.60500E-04
   5380   0.60425E-04
   5390   0.60337E-04
   5400   0.60232E-04
   5410   0.60160E-04
   5420   0.60075E-04
   5430   0.59996E-04
   5440   0.59913E-04
   5450   0.59832E-04
   5460   0.59760E-04
   5470   0.59681E-04
   5480   0.59629E-04
   5490   0.59531E-04
   5500   0.59464E-04
   5510   0.59396E-04
   5520   0.59327E-04
   5530   0.59259E-04
   5540   0.59196E-04
   5550   0.59139E-04
   5560   0.59072E-04
   5570   0.59022E-04
   5580   0.58952E-04
   5590   0.58906E-04
   5600   0.58858E-04
   5610   0.58801E-04
   5620   0.58751E-04
   5630   0.58707E-04
   5640   0.58664E-04
   5650   0.58624E-04
   5660   0.58585E-04
   5670   0.58533E-04
   5680   0.58493E-04
   5690   0.58465E-04
   5700   0.58431E-04
   5710   0.58394E-04
   5720   0.58363E-04
   5730   0.58344E-04
   5740   0.58309E-04
   5750   0.58279E-04
   5760   0.58240E-04
   5770   0.58222E-04
   5780   0.58206E-04
   5790   0.58188E-04
   5800   0.58154E-04
   5810   0.58136E-04
   5820   0.58127E-04
   5830   0.58104E-04
   5840   0.58086E-04
   5850   0.58069E-04
   5860   0.58042E-04
   5870   0.58033E-04
   5880   0.58028E-04
   5890   0.58012E-04
   5900   0.57992E-04
   5910   0.57996E-04
   5920   0.57990E-04
   5930   0.57977E-04
   5940   0.57960E-04
   5950   0.57950E-04
   5960   0.57943E-04
   5970   0.57933E-04
   5980   0.57918E-04
   5990   0.57914E-04
   6000   0.57909E-04
   6010   0.57897E-04
   6020   0.57893E-04
   6030   0.57886E-04
   6040   0.57890E-04
   6050   0.57875E-04
   6060   0.57865E-04
   6070   0.57855E-04
   6080   0.57854E-04
   6090   0.57838E-04
   6100   0.57822E-04
   6110   0.57824E-04
   6120   0.57821E-04
   6130   0.57817E-04
   6140   0.57811E-04
   6150   0.57796E-04
   6160   0.57791E-04
   6170   0.57771E-04
   6180   0.57765E-04
   6190   0.57766E-04
   6200   0.57743E-04
   6210   0.57740E-04
   6220   0.57729E-04
   6230   0.57712E-04
   6240   0.57706E-04
   6250   0.57696E-04
   6260   0.57683E-04
   6270   0.57681E-04
   6280   0.57661E-04
   6290   0.57647E-04
   6300   0.57631E-04
   6310   0.57623E-04
   6320   0.57596E-04
   6330   0.57591E-04
   6340   0.57571E-04
   6350   0.57542E-04
   6360   0.57533E-04
   6370   0.57514E-04
   6380   0.57491E-04
   6390   0.57479E-04
   6400   0.57467E-04
   6410   0.57460E-04
   6420   0.57426E-04
   6430   0.57409E-04
   6440   0.57375E-04
   6450   0.57344E-04
   6460   0.57331E-04
   6470   0.57313E-04
   6480   0.57269E-04
   6490   0.57261E-04
   6500   0.57223E-04
   6510   0.57196E-04
   6520   0.57171E-04
   6530   0.57138E-04
   6540   0.57106E-04
   6550   0.57076E-04
   6560   0.57045E-04
   6570   0.57010E-04
   6580   0.56980E-04
   6590   0.56926E-04
   6600   0.56907E-04
   6610   0.56865E-04
   6620   0.56817E-04
   6630   0.56772E-04
   6640   0.56720E-04
   6650   0.56683E-04
   6660   0.56632E-04
   6670   0.56586E-04
   6680   0.56545E-04
   6690   0.56500E-04
   6700   0.56431E-04
   6710   0.56387E-04
   6720   0.56329E-04
   6730   0.56276E-04
   6740   0.56219E-04
   6750   0.56150E-04
   6760   0.56075E-04
   6770   0.56009E-04
   6780   0.55957E-04
   6790   0.55896E-04
   6800   0.55812E-04
   6810   0.55744E-04
   6820   0.55666E-04
   6830   0.55595E-04
   6840   0.55510E-04
   6850   0.55427E-04
   6860   0.55350E-04
   6870   0.55256E-04
   6880   0.55168E-04
   6890   0.55080E-04
   6900   0.54992E-04
   6910   0.54887E-04
   6920   0.54806E-04
   6930   0.54693E-04
   6940   0.54593E-04
   6950   0.54487E-04
   6960   0.54384E-04
   6970   0.54280E-04
   6980   0.54166E-04
   6990   0.54054E-04
   7000   0.53938E-04
   7010   0.53820E-04
   7020   0.53710E-04
   7030   0.53596E-04
   7040   0.53463E-04
   7050   0.53344E-04
   7060   0.53218E-04
   7070   0.53096E-04
   7080   0.52951E-04
   7090   0.52846E-04
   7100   0.52714E-04
   7110   0.52559E-04
   7120   0.52438E-04
   7130   0.52298E-04
   7140   0.52158E-04
   7150   0.52025E-04
   7160   0.51891E-04
   7170   0.51760E-04
   7180   0.51620E-04
   7190   0.51470E-04
   7200   0.51316E-04
   7210   0.51187E-04
   7220   0.51040E-04
   7230   0.50908E-04
   7240   0.50763E-04
   7250   0.50612E-04
   7260   0.50476E-04
   7270   0.50340E-04
   7280   0.50188E-04
   7290   0.50054E-04
   7300   0.49916E-04
   7310   0.49771E-04
   7320   0.49641E-04
   7330   0.49494E-04
   7340   0.49350E-04
   7350   0.49231E-04
   7360   0.49093E-04
   7370   0.48955E-04
   7380   0.48825E-04
   7390   0.48697E-04
   7400   0.48571E-04
   7410   0.48431E-04
   7420   0.48318E-04
   7430   0.48179E-04
   7440   0.48050E-04
   7450   0.47935E-04
   7460   0.47818E-04
   7470   0.47688E-04
   7480   0.47569E-04
   7490   0.47471E-04
   7500   0.47351E-04
   7510   0.47235E-04
   7520   0.47121E-04
   7530   0.47008E-04
   7540   0.46895E-04
   7550   0.46788E-04
   7560   0.46682E-04
   7570   0.46588E-04
   7580   0.46459E-04
   7590   0.46360E-04
   7600   0.46272E-04
   7610   0.46147E-04
   7620   0.46050E-04
   7630   0.45950E-04
   7640   0.45849E-04
   7650   0.45768E-04
   7660   0.45661E-04
   7670   0.45564E-04
   7680   0.45486E-04
   7690   0.45369E-04
   7700   0.45276E-04
   7710   0.45172E-04
   7720   0.45087E-04
   7730   0.44995E-04
   7740   0.44903E-04
   7750   0.44812E-04
   7760   0.44731E-04
   7770   0.44619E-04
   7780   0.44525E-04
   7790   0.44460E-04
   7800   0.44351E-04
   7810   0.44252E-04
   7820   0.44163E-04
   7830   0.44089E-04
   7840   0.44006E-04
   7850   0.43908E-04
   7860   0.43822E-04
   7870   0.43749E-04
   7880   0.43650E-04
   7890   0.43562E-04
   7900   0.43468E-04
   7910   0.43378E-04
   7920   0.43290E-04
   7930   0.43202E-04
   7940   0.43124E-04
   7950   0.43019E-04
   7960   0.42932E-04
   7970   0.42860E-04
   7980   0.42794E-04
   7990   0.42705E-04
   8000   0.42604E-04
   8010   0.42503E-04
   8020   0.42410E-04
   8030   0.42345E-04
   8040   0.42252E-04
   8050   0.42173E-04
   8060   0.42076E-04
   8070   0.41975E-04
   8080   0.41903E-04
   8090   0.41806E-04
   8100   0.41727E-04
   8110   0.41628E-04
   8120   0.41552E-04
   8130   0.41452E-04
   8140   0.41368E-04
   8150   0.41261E-04
   8160   0.41190E-04
   8170   0.41094E-04
   8180   0.41011E-04
   8190   0.40918E-04
   8200   0.40821E-04
   8210   0.40758E-04
   8220   0.40637E-04
   8230   0.40538E-04
   8240   0.40453E-04
   8250   0.40348E-04
   8260   0.40257E-04
   8270   0.40176E-04
   8280   0.40072E-04
   8290   0.39975E-04
   8300   0.39878E-04
   8310   0.39780E-04
   8320   0.39672E-04
   8330   0.39576E-04
   8340   0.39487E-04
   8350   0.39386E-04
   8360   0.39288E-04
   8370   0.39206E-04
   8380   0.39102E-04
   8390   0.38970E-04
   8400   0.38884E-04
   8410   0.38789E-04
   8420   0.38699E-04
   8430   0.38587E-04
   8440   0.38483E-04
   8450   0.38377E-04
   8460   0.38266E-04
   8470   0.38155E-04
   8480   0.38058E-04
   8490   0.37952E-04
   8500   0.37858E-04
   8510   0.37747E-04
   8520   0.37636E-04
   8530   0.37540E-04
   8540   0.37405E-04
   8550   0.37302E-04
   8560   0.37199E-04
   8570   0.37087E-04
   8580   0.36994E-04
   8590   0.36857E-04
   8600   0.36758E-04
   8610   0.36648E-04
   8620   0.36547E-04
   8630   0.36433E-04
   8640   0.36321E-04
   8650   0.36218E-04
   8660   0.36093E-04
   8670   0.35989E-04
   8680   0.35860E-04
   8690   0.35764E-04
   8700   0.35640E-04
   8710   0.35552E-04
   8720   0.35416E-04
   8730   0.35303E-04
   8740   0.35189E-04
   8750   0.35090E-04
   8760   0.34973E-04
   8770   0.34853E-04
   8780   0.34734E-04
   8790   0.34620E-04
   8800   0.34500E-04
   8810   0.34405E-04
   8820   0.34291E-04
   8830   0.34187E-04
   8840   0.34062E-04
   8850   0.33950E-04
   8860   0.33847E-04
   8870   0.33713E-04
   8880   0.33601E-04
   8890   0.33489E-04
   8900   0.33404E-04
   8910   0.33275E-04
   8920   0.33154E-04
   8930   0.33032E-04
   8940   0.32930E-04
   8950   0.32829E-04
   8960   0.32717E-04
   8970   0.32611E-04
   8980   0.32482E-04
   8990   0.32360E-04
   9000   0.32254E-04
   9010   0.32143E-04
   9020   0.32030E-04
   9030   0.31923E-04
   9040   0.31821E-04
   9050   0.31712E-04
   9060   0.31606E-04
   9070   0.31482E-04
   9080   0.31362E-04
   9090   0.31272E-04
   9100   0.31153E-04
   9110   0.31029E-04
   9120   0.30924E-04
   9130   0.30807E-04
   9140   0.30699E-04
   9150   0.30608E-04
   9160   0.30478E-04
   9170   0.30375E-04
   9180   0.30268E-04
   9190   0.30161E-04
   9200   0.30053E-04
   9210   0.29955E-04
   9220   0.29836E-04
   9230   0.29718E-04
   9240   0.29612E-04
   9250   0.29514E-04
   9260   0.29388E-04
   9270   0.29309E-04
   9280   0.29197E-04
   9290   0.29084E-04
   9300   0.28969E-04
   9310   0.28858E-04
   9320   0.28763E-04
   9330   0.28672E-04
   9340   0.28546E-04
   9350   0.28446E-04
   9360   0.28344E-04
   9370   0.28229E-04
   9380   0.28143E-04
   9390   0.28012E-04
   9400   0.27913E-04
   9410   0.27801E-04
   9420   0.27680E-04
   9430   0.27596E-04
   9440   0.27490E-04
   9450   0.27363E-04
   9460   0.27303E-04
   9470   0.27170E-04
   9480   0.27079E-04
   9490   0.26968E-04
   9500   0.26865E-04
   9510   0.26750E-04
   9520   0.26658E-04
   9530   0.26557E-04
   9540   0.26444E-04
   9550   0.26334E-04
   9560   0.26249E-04
   9570   0.26123E-04
   9580   0.26045E-04
   9590   0.25920E-04
   9600   0.25815E-04
   9610   0.25713E-04
   9620   0.25607E-04
   9630   0.25516E-04
   9640   0.25410E-04
   9650   0.25300E-04
   9660   0.25196E-04
   9670   0.25088E-04
   9680   0.24987E-04
   9690   0.24887E-04
   9700   0.24797E-04
   9710   0.24672E-04
   9720   0.24558E-04
   9730   0.24473E-04
   9740   0.24356E-04
   9750   0.24265E-04
   9760   0.24172E-04
   9770   0.24046E-04
   9780   0.23957E-04
   9790   0.23839E-04
   9800   0.23741E-04
   9810   0.23624E-04
   9820   0.23530E-04
   9830   0.23432E-04
   9840   0.23319E-04
   9850   0.23227E-04
   9860   0.23113E-04
   9870   0.23018E-04
   9880   0.22917E-04
   9890   0.22787E-04
   9900   0.22689E-04
   9910   0.22581E-04
   9920   0.22472E-04
   9930   0.22394E-04
   9940   0.22268E-04
   9950   0.22159E-04
   9960   0.22049E-04
   9970   0.21956E-04
   9980   0.21849E-04
   9990   0.21749E-04
  10000   0.21646E-04
  10010   0.21518E-04
  10020   0.21425E-04
  10030   0.21323E-04
  10040   0.21224E-04
  10050   0.21135E-04
  10060   0.21025E-04
  10070   0.20926E-04
  10080   0.20808E-04
  10090   0.20716E-04
  10100   0.20607E-04
  10110   0.20491E-04
  10120   0.20401E-04
  10130   0.20285E-04
  10140   0.20206E-04
  10150   0.20118E-04
  10160   0.19995E-04
  10170   0.19896E-04
  10180   0.19797E-04
  10190   0.19693E-04
  10200   0.19611E-04
  10210   0.19510E-04
  10220   0.19408E-04
  10230   0.19318E-04
  10240   0.19206E-04
  10250   0.19124E-04
  10260   0.19022E-04
  10270   0.18932E-04
  10280   0.18825E-04
  10290   0.18735E-04
  10300   0.18633E-04
  10310   0.18531E-04
  10320   0.18473E-04
  10330   0.18369E-04
  10340   0.18291E-04
  10350   0.18185E-04
  10360   0.18096E-04
  10370   0.18001E-04
  10380   0.17915E-04
  10390   0.17816E-04
  10400   0.17744E-04
  10410   0.17645E-04
  10420   0.17562E-04
  10430   0.17468E-04
  10440   0.17374E-04
  10450   0.17296E-04
  10460   0.17213E-04
  10470   0.17114E-04
  10480   0.17052E-04
  10490   0.16964E-04
  10500   0.16886E-04
  10510   0.16793E-04
  10520   0.16709E-04
  10530   0.16636E-04
  10540   0.16550E-04
  10550   0.16452E-04
  10560   0.16380E-04
  10570   0.16307E-04
  10580   0.16209E-04
  10590   0.16134E-04
  10600   0.16064E-04
  10610   0.15968E-04
  10620   0.15905E-04
  10630   0.15832E-04
  10640   0.15741E-04
  10650   0.15674E-04
  10660   0.15591E-04
  10670   0.15496E-04
  10680   0.15454E-04
  10690   0.15346E-04
  10700   0.15292E-04
  10710   0.15216E-04
  10720   0.15131E-04
  10730   0.15073E-04
  10740   0.14993E-04
  10750   0.14925E-04
  10760   0.14868E-04
  10770   0.14794E-04
  10780   0.14728E-04
  10790   0.14648E-04
  10800   0.14593E-04
  10810   0.14520E-04
  10820   0.14441E-04
  10830   0.14374E-04
  10840   0.14287E-04
  10850   0.14245E-04
  10860   0.14177E-04
  10870   0.14116E-04
  10880   0.14041E-04
  10890   0.13975E-04
  10900   0.13897E-04
  10910   0.13842E-04
  10920   0.13771E-04
  10930   0.13719E-04
  10940   0.13636E-04
  10950   0.13599E-04
  10960   0.13520E-04
  10970   0.13465E-04
  10980   0.13398E-04
  10990   0.13342E-04
  11000   0.13276E-04
  11010   0.13216E-04
  11020   0.13153E-04
  11030   0.13075E-04
  11040   0.13030E-04
  11050   0.12974E-04
  11060   0.12902E-04
  11070   0.12843E-04
  11080   0.12791E-04
  11090   0.12750E-04
  11100   0.12679E-04
  11110   0.12628E-04
  11120   0.12571E-04
  11130   0.12494E-04
  11140   0.12440E-04
  11150   0.12399E-04
  11160   0.12347E-04
  11170   0.12280E-04
  11180   0.12223E-04
  11190   0.12173E-04
  11200   0.12124E-04
  11210   0.12052E-04
  11220   0.12006E-04
  11230   0.11958E-04
  11240   0.11894E-04
  11250   0.11849E-04
  11260   0.11801E-04
  11270   0.11745E-04
  11280   0.11694E-04
  11290   0.11641E-04
  11300   0.11592E-04
  11310   0.11540E-04
  11320   0.11495E-04
  11330   0.11437E-04
  11340   0.11393E-04
  11350   0.11331E-04
  11360   0.11278E-04
  11370   0.11234E-04
  11380   0.11192E-04
  11390   0.11133E-04
  11400   0.11078E-04
  11410   0.11043E-04
  11420   0.11006E-04
  11430   0.10942E-04
  11440   0.10914E-04
  11450   0.10865E-04
  11460   0.10828E-04
  11470   0.10767E-04
  11480   0.10717E-04
  11490   0.10678E-04
  11500   0.10631E-04
  11510   0.10584E-04
  11520   0.10553E-04
  11530   0.10495E-04
  11540   0.10454E-04
  11550   0.10414E-04
  11560   0.10368E-04
  11570   0.10328E-04
  11580   0.10275E-04
  11590   0.10241E-04
  11600   0.10203E-04
  11610   0.10181E-04
  11620   0.10143E-04
  11630   0.10092E-04
  11640   0.10047E-04
  11650   0.99971E-05
  11660   0.99784E-05
  11670   0.99341E-05
  11680   0.99000E-05
  11690   0.98650E-05
  11700   0.98425E-05
  11710   0.98112E-05
  11720   0.97638E-05
  11730   0.97338E-05
  11740   0.96984E-05
  11750   0.96644E-05
  11760   0.96169E-05
  11770   0.95864E-05
  11780   0.95603E-05
  11790   0.95396E-05
  11800   0.95108E-05
  11810   0.94857E-05
  11820   0.94441E-05
  11830   0.94237E-05
  11840   0.93981E-05
  11850   0.93457E-05
  11860   0.93352E-05
  11870   0.93101E-05
  11880   0.92850E-05
  11890   0.92522E-05
  11900   0.92253E-05
  11910   0.91975E-05
  11920   0.91818E-05
  11930   0.91607E-05
  11940   0.91434E-05
  11950   0.91358E-05
  11960   0.91011E-05
  11970   0.90867E-05
  11980   0.90471E-05
  11990   0.90583E-05
  12000   0.90231E-05
  12010   0.90171E-05
  12020   0.89964E-05
  12030   0.89643E-05
  12040   0.89604E-05
  12050   0.89315E-05
  12060   0.89391E-05
  12070   0.89221E-05
  12080   0.89014E-05
  12090   0.88730E-05
  12100   0.88624E-05
  12110   0.88500E-05
  12120   0.88244E-05
  12130   0.88299E-05
  12140   0.88040E-05
  12150   0.88023E-05
  12160   0.87680E-05
  12170   0.87698E-05
  12180   0.87637E-05
  12190   0.87401E-05
  12200   0.87177E-05
  12210   0.87122E-05
  12220   0.86870E-05
  12230   0.86967E-05
  12240   0.86673E-05
  12250   0.86707E-05
  12260   0.86620E-05
  12270   0.86599E-05
  12280   0.86483E-05
  12290   0.86369E-05
  12300   0.86107E-05
  12310   0.86038E-05
  12320   0.85796E-05
  12330   0.85687E-05
  12340   0.85851E-05
  12350   0.85571E-05
  12360   0.85415E-05
  12370   0.85462E-05
  12380   0.85188E-05
  12390   0.85111E-05
  12400   0.84799E-05
  12410   0.84875E-05
  12420   0.84593E-05
  12430   0.84503E-05
  12440   0.84507E-05
  12450   0.84224E-05
  12460   0.84442E-05
  12470   0.84189E-05
  12480   0.83845E-05
  12490   0.83710E-05
  12500   0.83779E-05
  12510   0.83616E-05
  12520   0.83555E-05
  12530   0.83338E-05
  12540   0.83245E-05
  12550   0.83069E-05
  12560   0.82911E-05
  12570   0.82727E-05
  12580   0.82543E-05
  12590   0.82485E-05
  12600   0.82199E-05
  12610   0.82042E-05
  12620   0.81996E-05
  12630   0.82050E-05
  12640   0.81754E-05
  12650   0.81564E-05
  12660   0.81492E-05
  12670   0.81205E-05
  12680   0.81161E-05
  12690   0.80967E-05
  12700   0.80730E-05
  12710   0.80524E-05
  12720   0.80402E-05
  12730   0.80263E-05
  12740   0.80072E-05
  12750   0.79901E-05
  12760   0.79637E-05
  12770   0.79614E-05
  12780   0.79310E-05
  12790   0.79198E-05
  12800   0.79023E-05
  12810   0.78815E-05
  12820   0.78585E-05
  12830   0.78460E-05
  12840   0.78300E-05
  12850   0.78107E-05
  12860   0.77871E-05
  12870   0.77758E-05
  12880   0.77451E-05
  12890   0.77369E-05
  12900   0.77096E-05
  12910   0.76940E-05
  12920   0.76852E-05
  12930   0.76487E-05
  12940   0.76412E-05
  12950   0.76356E-05
  12960   0.76163E-05
  12970   0.75916E-05
  12980   0.75827E-05
  12990   0.75475E-05
  13000   0.75387E-05
  13010   0.75122E-05
  13020   0.75109E-05
  13030   0.74837E-05
  13040   0.74750E-05
  13050   0.74476E-05
  13060   0.74393E-05
  13070   0.74207E-05
  13080   0.74131E-05
  13090   0.74081E-05
  13100   0.73949E-05
  13110   0.73705E-05
  13120   0.73631E-05
  13130   0.73489E-05
  13140   0.73510E-05
  13150   0.73401E-05
  13160   0.73387E-05
  13170   0.73131E-05
  13180   0.73227E-05
  13190   0.73274E-05
  13200   0.73067E-05
  13210   0.73066E-05
  13220   0.73211E-05
  13230   0.73182E-05
  13240   0.73176E-05
  13250   0.73226E-05
  13260   0.73251E-05
  13270   0.73306E-05
  13280   0.73386E-05
  13290   0.73460E-05
  13300   0.73561E-05
  13310   0.73628E-05
  13320   0.73831E-05
  13330   0.73976E-05
  13340   0.74152E-05
  13350   0.74246E-05
  13360   0.74361E-05
  13370   0.74535E-05
  13380   0.74833E-05
  13390   0.74947E-05
  13400   0.75232E-05
  13410   0.75548E-05
  13420   0.75777E-05
  13430   0.75971E-05
  13440   0.76204E-05
  13450   0.76567E-05
  13460   0.76902E-05
  13470   0.77227E-05
  13480   0.77561E-05
  13490   0.77861E-05
  13500   0.78185E-05
  13510   0.78535E-05
  13520   0.78899E-05
  13530   0.79220E-05
  13540   0.79742E-05
  13550   0.80131E-05
  13560   0.80549E-05
  13570   0.80874E-05
  13580   0.81255E-05
  13590   0.81776E-05
  13600   0.82245E-05
  13610   0.82607E-05
  13620   0.83230E-05
  13630   0.83687E-05
  13640   0.84264E-05
  13650   0.84754E-05
  13660   0.85163E-05
  13670   0.85662E-05
  13680   0.86148E-05
  13690   0.86623E-05
  13700   0.87302E-05
  13710   0.87724E-05
  13720   0.88173E-05
  13730   0.88868E-05
  13740   0.89402E-05
  13750   0.89980E-05
  13760   0.90604E-05
  13770   0.91282E-05
  13780   0.91638E-05
  13790   0.92356E-05
  13800   0.92976E-05
  13810   0.93389E-05
  13820   0.94050E-05
  13830   0.94589E-05
  13840   0.95450E-05
  13850   0.95912E-05
  13860   0.96526E-05
  13870   0.97162E-05
  13880   0.97780E-05
  13890   0.98266E-05
  13900   0.98873E-05
  13910   0.99572E-05
  13920   0.10017E-04
  13930   0.10089E-04
  13940   0.10152E-04
  13950   0.10196E-04
  13960   0.10241E-04
  13970   0.10323E-04
  13980   0.10399E-04
  13990   0.10433E-04
  14000   0.10496E-04
  14010   0.10557E-04
  14020   0.10624E-04
  14030   0.10686E-04
  14040   0.10740E-04
  14050   0.10803E-04
  14060   0.10843E-04
  14070   0.10907E-04
  14080   0.10978E-04
  14090   0.11024E-04
  14100   0.11067E-04
  14110   0.11139E-04
  14120   0.11180E-04
  14130   0.11230E-04
  14140   0.11292E-04
  14150   0.11349E-04
  14160   0.11395E-04
  14170   0.11445E-04
  14180   0.11499E-04
  14190   0.11538E-04
  14200   0.11589E-04
  14210   0.11620E-04
  14220   0.11677E-04
  14230   0.11712E-04
  14240   0.11758E-04
  14250   0.11806E-04
  14260   0.11834E-04
  14270   0.11883E-04
  14280   0.11916E-04
  14290   0.11949E-04
  14300   0.11994E-04
  14310   0.12026E-04
  14320   0.12077E-04
  14330   0.12094E-04
  14340   0.12122E-04
  14350   0.12156E-04
  14360   0.12186E-04
  14370   0.12218E-04
  14380   0.12248E-04
  14390   0.12275E-04
  14400   0.12292E-04
  14410   0.12314E-04
  14420   0.12341E-04
  14430   0.12358E-04
  14440   0.12371E-04
  14450   0.12382E-04
  14460   0.12406E-04
  14470   0.12425E-04
  14480   0.12433E-04
  14490   0.12460E-04
  14500   0.12451E-04
  14510   0.12457E-04
  14520   0.12476E-04
  14530   0.12472E-04
  14540   0.12469E-04
  14550   0.12498E-04
  14560   0.12500E-04
  14570   0.12500E-04
  14580   0.12508E-04
  14590   0.12524E-04
  14600   0.12516E-04
  14610   0.12514E-04
  14620   0.12518E-04
  14630   0.12510E-04
  14640   0.12508E-04
  14650   0.12499E-04
  14660   0.12511E-04
  14670   0.12483E-04
  14680   0.12485E-04
  14690   0.12493E-04
  14700   0.12484E-04
  14710   0.12451E-04
  14720   0.12463E-04
  14730   0.12460E-04
  14740   0.12421E-04
  14750   0.12431E-04
  14760   0.12421E-04
  14770   0.12424E-04
  14780   0.12384E-04
  14790   0.12377E-04
  14800   0.12352E-04
  14810   0.12345E-04
  14820   0.12349E-04
  14830   0.12310E-04
  14840   0.12306E-04
  14850   0.12304E-04
  14860   0.12273E-04
  14870   0.12258E-04
  14880   0.12260E-04
  14890   0.12240E-04
  14900   0.12244E-04
  14910   0.12232E-04
  14920   0.12219E-04
  14930   0.12201E-04
  14940   0.12186E-04
  14950   0.12165E-04
  14960   0.12159E-04
  14970   0.12154E-04
  14980   0.12114E-04
  14990   0.12120E-04
  15000   0.12104E-04
  15010   0.12085E-04
  15020   0.12082E-04
  15030   0.12060E-04
  15040   0.12052E-04
  15050   0.12055E-04
  15060   0.12038E-04
  15070   0.12020E-04
  15080   0.12006E-04
  15090   0.12019E-04
  15100   0.11998E-04
  15110   0.11996E-04
  15120   0.11999E-04
  15130   0.11985E-04
  15140   0.11979E-04
  15150   0.11983E-04
  15160   0.11973E-04
  15170   0.11971E-04
  15180   0.11967E-04
  15190   0.11958E-04
  15200   0.11956E-04
  15210   0.11952E-04
  15220   0.11962E-04
  15230   0.11958E-04
  15240   0.11971E-04
  15250   0.11958E-04
  15260   0.11956E-04
  15270   0.11959E-04
  15280   0.11953E-04
  15290   0.11961E-04
  15300   0.11979E-04
  15310   0.11976E-04
  15320   0.11979E-04
  15330   0.11988E-04
  15340   0.11993E-04
  15350   0.12006E-04
  15360   0.12010E-04
  15370   0.12030E-04
  15380   0.12030E-04
  15390   0.12045E-04
  15400   0.12058E-04
  15410   0.12070E-04
  15420   0.12070E-04
  15430   0.12071E-04
  15440   0.12094E-04
  15450   0.12098E-04
  15460   0.12119E-04
  15470   0.12129E-04
  15480   0.12144E-04
  15490   0.12150E-04
  15500   0.12176E-04
  15510   0.12208E-04
  15520   0.12210E-04
  15530   0.12223E-04
  15540   0.12254E-04
  15550   0.12254E-04
  15560   0.12286E-04
  15570   0.12308E-04
  15580   0.12327E-04
  15590   0.12334E-04
  15600   0.12346E-04
  15610   0.12358E-04
  15620   0.12375E-04
  15630   0.12405E-04
  15640   0.12417E-04
  15650   0.12461E-04
  15660   0.12476E-04
  15670   0.12510E-04
  15680   0.12512E-04
  15690   0.12537E-04
  15700   0.12531E-04
  15710   0.12577E-04
  15720   0.12612E-04
  15730   0.12633E-04
  15740   0.12665E-04
  15750   0.12672E-04
  15760   0.12692E-04
  15770   0.12705E-04
  15780   0.12737E-04
  15790   0.12760E-04
  15800   0.12788E-04
  15810   0.12807E-04
  15820   0.12835E-04
  15830   0.12860E-04
  15840   0.12889E-04
  15850   0.12919E-04
  15860   0.12930E-04
  15870   0.12956E-04
  15880   0.12982E-04
  15890   0.12995E-04
  15900   0.13023E-04
  15910   0.13077E-04
  15920   0.13080E-04
  15930   0.13107E-04
  15940   0.13138E-04
  15950   0.13173E-04
  15960   0.13200E-04
  15970   0.13224E-04
  15980   0.13253E-04
  15990   0.13278E-04
  16000   0.13314E-04
  16010   0.13346E-04
  16020   0.13362E-04
  16030   0.13383E-04
  16040   0.13417E-04
  16050   0.13446E-04
  16060   0.13483E-04
  16070   0.13507E-04
  16080   0.13557E-04
  16090   0.13580E-04
  16100   0.13614E-04
  16110   0.13642E-04
  16120   0.13664E-04
  16130   0.13709E-04
  16140   0.13746E-04
  16150   0.13775E-04
  16160   0.13814E-04
  16170   0.13860E-04
  16180   0.13895E-04
  16190   0.13934E-04
  16200   0.13979E-04
  16210   0.14005E-04
  16220   0.14048E-04
  16230   0.14082E-04
  16240   0.14125E-04
  16250   0.14163E-04
  16260   0.14207E-04
  16270   0.14268E-04
  16280   0.14308E-04
  16290   0.14360E-04
  16300   0.14404E-04
  16310   0.14454E-04
  16320   0.14508E-04
  16330   0.14551E-04
  16340   0.14613E-04
  16350   0.14678E-04
  16360   0.14729E-04
  16370   0.14804E-04
  16380   0.14868E-04
  16390   0.14940E-04
  16400   0.15001E-04
  16410   0.15088E-04
  16420   0.15149E-04
  16430   0.15219E-04
  16440   0.15307E-04
  16450   0.15393E-04
  16460   0.15493E-04
  16470   0.15574E-04
  16480   0.15675E-04
  16490   0.15761E-04
  16500   0.15859E-04
  16510   0.15961E-04
  16520   0.16067E-04
  16530   0.16175E-04
  16540   0.16278E-04
  16550   0.16396E-04
  16560   0.16496E-04
  16570   0.16609E-04
  16580   0.16708E-04
  16590   0.16811E-04
  16600   0.16940E-04
  16610   0.17036E-04
  16620   0.17140E-04
  16630   0.17229E-04
  16640   0.17346E-04
  16650   0.17437E-04
  16660   0.17519E-04
  16670   0.17606E-04
  16680   0.17705E-04
  16690   0.17780E-04
  16700   0.17876E-04
  16710   0.17946E-04
  16720   0.18045E-04
  16730   0.18128E-04
  16740   0.18226E-04
  16750   0.18325E-04
  16760   0.18432E-04
  16770   0.18551E-04
  16780   0.18660E-04
  16790   0.18782E-04
  16800   0.18931E-04
  16810   0.19058E-04
  16820   0.19197E-04
  16830   0.19319E-04
  16840   0.19462E-04
  16850   0.19600E-04
  16860   0.19736E-04
  16870   0.19863E-04
  16880   0.19996E-04
  16890   0.20111E-04
  16900   0.20227E-04
  16910   0.20350E-04
  16920   0.20458E-04
  16930   0.20575E-04
  16940   0.20692E-04
  16950   0.20781E-04
  16960   0.20895E-04
  16970   0.20985E-04
  16980   0.21080E-04
  16990   0.21177E-04
  17000   0.21288E-04
  17010   0.21359E-04
  17020   0.21446E-04
  17030   0.21549E-04
  17040   0.21626E-04
  17050   0.21703E-04
  17060   0.21794E-04
  17070   0.21886E-04
  17080   0.21961E-04
  17090   0.22060E-04
  17100   0.22140E-04
  17110   0.22224E-04
  17120   0.22314E-04
  17130   0.22377E-04
  17140   0.22463E-04
  17150   0.22548E-04
  17160   0.22628E-04
  17170   0.22705E-04
  17180   0.22787E-04
  17190   0.22860E-04
  17200   0.22927E-04
  17210   0.22995E-04
  17220   0.23078E-04
  17230   0.23151E-04
  17240   0.23220E-04
  17250   0.23289E-04
  17260   0.23343E-04
  17270   0.23414E-04
  17280   0.23469E-04
  17290   0.23534E-04
  17300   0.23588E-04
  17310   0.23656E-04
  17320   0.23712E-04
  17330   0.23776E-04
  17340   0.23835E-04
  17350   0.23889E-04
  17360   0.23962E-04
  17370   0.24016E-04
  17380   0.24077E-04
  17390   0.24148E-04
  17400   0.24205E-04
  17410   0.24268E-04
  17420   0.24348E-04
  17430   0.24423E-04
  17440   0.24491E-04
  17450   0.24567E-04
  17460   0.24649E-04
  17470   0.24736E-04
  17480   0.24817E-04
  17490   0.24896E-04
  17500   0.24984E-04
  17510   0.25079E-04
  17520   0.25166E-04
  17530   0.25259E-04
  17540   0.25358E-04
  17550   0.25455E-04
  17560   0.25566E-04
  17570   0.25659E-04
  17580   0.25770E-04
  17590   0.25888E-04
  17600   0.25997E-04
  17610   0.26132E-04
  17620   0.26259E-04
  17630   0.26399E-04
  17640   0.26539E-04
  17650   0.26682E-04
  17660   0.26840E-04
  17670   0.26997E-04
  17680   0.27172E-04
  17690   0.27346E-04
  17700   0.27510E-04
  17710   0.27692E-04
  17720   0.27887E-04
  17730   0.28061E-04
  17740   0.28261E-04
  17750   0.28449E-04
  17760   0.28652E-04
  17770   0.28843E-04
  17780   0.29049E-04
  17790   0.29246E-04
  17800   0.29451E-04
  17810   0.29648E-04
  17820   0.29853E-04
  17830   0.30051E-04
  17840   0.30252E-04
  17850   0.30447E-04
  17860   0.30649E-04
  17870   0.30825E-04
  17880   0.31031E-04
  17890   0.31222E-04
  17900   0.31407E-04
  17910   0.31591E-04
  17920   0.31777E-04
  17930   0.31964E-04
  17940   0.32135E-04
  17950   0.32318E-04
  17960   0.32489E-04
  17970   0.32665E-04
  17980   0.32845E-04
  17990   0.33021E-04
  18000   0.33201E-04
  18010   0.33376E-04
  18020   0.33557E-04
  18030   0.33747E-04
  18040   0.33940E-04
  18050   0.34133E-04
  18060   0.34338E-04
  18070   0.34544E-04
  18080   0.34754E-04
  18090   0.34971E-04
  18100   0.35188E-04
  18110   0.35414E-04
  18120   0.35647E-04
  18130   0.35888E-04
  18140   0.36145E-04
  18150   0.36392E-04
  18160   0.36650E-04
  18170   0.36907E-04
  18180   0.37176E-04
  18190   0.37440E-04
  18200   0.37719E-04
  18210   0.37999E-04
  18220   0.38269E-04
  18230   0.38555E-04
  18240   0.38832E-04
  18250   0.39115E-04
  18260   0.39401E-04
  18270   0.39679E-04
  18280   0.39965E-04
  18290   0.40244E-04
  18300   0.40523E-04
  18310   0.40799E-04
  18320   0.41072E-04
  18330   0.41341E-04
  18340   0.41606E-04
  18350   0.41872E-04
  18360   0.42135E-04
  18370   0.42392E-04
  18380   0.42647E-04
  18390   0.42894E-04
  18400   0.43139E-04
  18410   0.43381E-04
  18420   0.43618E-04
  18430   0.43850E-04
  18440   0.44073E-04
  18450   0.44295E-04
  18460   0.44518E-04
  18470   0.44731E-04
  18480   0.44948E-04
  18490   0.45154E-04
  18500   0.45356E-04
  18510   0.45554E-04
  18520   0.45753E-04
  18530   0.45951E-04
  18540   0.46137E-04
  18550   0.46328E-04
  18560   0.46513E-04
  18570   0.46695E-04
  18580   0.46874E-04
  18590   0.47060E-04
  18600   0.47234E-04
  18610   0.47417E-04
  18620   0.47595E-04
  18630   0.47766E-04
  18640   0.47941E-04
  18650   0.48113E-04
  18660   0.48286E-04
  18670   0.48458E-04
  18680   0.48635E-04
  18690   0.48802E-04
  18700   0.48972E-04
  18710   0.49145E-04
  18720   0.49320E-04
  18730   0.49487E-04
  18740   0.49658E-04
  18750   0.49828E-04
  18760   0.49998E-04
  18770   0.50163E-04
  18780   0.50325E-04
  18790   0.50495E-04
  18800   0.50654E-04
  18810   0.50816E-04
  18820   0.50979E-04
  18830   0.51132E-04
  18840   0.51290E-04
  18850   0.51440E-04
  18860   0.51587E-04
  18870   0.51732E-04
  18880   0.51877E-04
  18890   0.52015E-04
  18900   0.52154E-04
  18910   0.52282E-04
  18920   0.52409E-04
  18930   0.52533E-04
  18940   0.52650E-04
  18950   0.52765E-04
  18960   0.52873E-04
  18970   0.52979E-04
  18980   0.53078E-04
  18990   0.53178E-04
  19000   0.53268E-04
  19010   0.53354E-04
  19020   0.53437E-04
  19030   0.53511E-04
  19040   0.53586E-04
  19050   0.53655E-04
  19060   0.53722E-04
  19070   0.53784E-04
  19080   0.53841E-04
  19090   0.53896E-04
  19100   0.53947E-04
  19110   0.53994E-04
  19120   0.54042E-04
  19130   0.54082E-04
  19140   0.54124E-04
  19150   0.54165E-04
  19160   0.54199E-04
  19170   0.54237E-04
  19180   0.54274E-04
  19190   0.54309E-04
  19200   0.54345E-04
  19210   0.54381E-04
  19220   0.54421E-04
  19230   0.54458E-04
  19240   0.54502E-04
  19250   0.54551E-04
  19260   0.54595E-04
  19270   0.54651E-04
  19280   0.54704E-04
  19290   0.54766E-04
  19300   0.54831E-04
  19310   0.54904E-04
  19320   0.54984E-04
  19330   0.55073E-04
  19340   0.55164E-04
  19350   0.55271E-04
  19360   0.55383E-04
  19370   0.55500E-04
  19380   0.55635E-04
  19390   0.55773E-04
  19400   0.55933E-04
  19410   0.56098E-04
  19420   0.56279E-04
  19430   0.56468E-04
  19440   0.56672E-04
  19450   0.56895E-04
  19460   0.57127E-04
  19470   0.57372E-04
  19480   0.57635E-04
  19490   0.57911E-04
  19500   0.58208E-04
  19510   0.58517E-04
  19520   0.58832E-04
  19530   0.59178E-04
  19540   0.59531E-04
  19550   0.59902E-04
  19560   0.60292E-04
  19570   0.60693E-04
  19580   0.61116E-04
  19590   0.61550E-04
  19600   0.62000E-04
  19610   0.62468E-04
  19620   0.62946E-04
  19630   0.63441E-04
  19640   0.63953E-04
  19650   0.64482E-04
  19660   0.65015E-04
  19670   0.65564E-04
  19680   0.66130E-04
  19690   0.66702E-04
  19700   0.67289E-04
  19710   0.67884E-04
  19720   0.68494E-04
  19730   0.69109E-04
  19740   0.69738E-04
  19750   0.70370E-04
  19760   0.71010E-04
  19770   0.71661E-04
  19780   0.72314E-04
  19790   0.72973E-04
  19800   0.73640E-04
  19810   0.74310E-04
  19820   0.74986E-04
  19830   0.75660E-04
  19840   0.76344E-04
  19850   0.77022E-04
  19860   0.77704E-04
  19870   0.78384E-04
  19880   0.79066E-04
  19890   0.79748E-04
  19900   0.80427E-04
  19910   0.81110E-04
  19920   0.81784E-04
  19930   0.82457E-04
  19940   0.83128E-04
  19950   0.83790E-04
  19960   0.84453E-04
  19970   0.85104E-04
  19980   0.85760E-04
  19990   0.86406E-04
  20000   0.87039E-04
