     10   0.10188E-02
     20   0.89599E-03
     30   0.81740E-03
     40   0.76717E-03
     50   0.72643E-03
     60   0.69812E-03
     70   0.67724E-03
     80   0.65740E-03
     90   0.63906E-03
    100   0.62165E-03
    110   0.60904E-03
    120   0.59942E-03
    130   0.58991E-03
    140   0.57929E-03
    150   0.56824E-03
    160   0.55735E-03
    170   0.54607E-03
    180   0.53423E-03
    190   0.52306E-03
    200   0.51217E-03
    210   0.50293E-03
    220   0.49537E-03
    230   0.48971E-03
    240   0.48585E-03
    250   0.47969E-03
    260   0.47037E-03
    270   0.45766E-03
    280   0.44350E-03
    290   0.43013E-03
    300   0.41953E-03
    310   0.41195E-03
    320   0.40654E-03
    330   0.40222E-03
    340   0.39855E-03
    350   0.39534E-03
    360   0.39251E-03
    370   0.38998E-03
    380   0.38765E-03
    390   0.38550E-03
    400   0.38353E-03
    410   0.38174E-03
    420   0.38005E-03
    430   0.37845E-03
    440   0.37698E-03
    450   0.37555E-03
    460   0.37420E-03
    470   0.37285E-03
    480   0.37149E-03
    490   0.37010E-03
    500   0.36868E-03
    510   0.36718E-03
    520   0.36560E-03
    530   0.36392E-03
    540   0.36210E-03
    550   0.36018E-03
    560   0.35813E-03
    570   0.35594E-03
    580   0.35366E-03
    590   0.35126E-03
    600   0.34877E-03
    610   0.34619E-03
    620   0.34357E-03
    630   0.34091E-03
    640   0.33823E-03
    650   0.33557E-03
    660   0.33292E-03
    670   0.33032E-03
    680   0.32780E-03
    690   0.32539E-03
    700   0.32307E-03
    710   0.32090E-03
    720   0.31885E-03
    730   0.31698E-03
    740   0.31523E-03
    750   0.31364E-03
    760   0.31222E-03
    770   0.31092E-03
    780   0.30977E-03
    790   0.30874E-03
    800   0.30780E-03
    810   0.30694E-03
    820   0.30613E-03
    830   0.30540E-03
    840   0.30470E-03
    850   0.30397E-03
    860   0.30328E-03
    870   0.30254E-03
    880   0.30176E-03
    890   0.30094E-03
    900   0.30003E-03
    910   0.29910E-03
    920   0.29806E-03
    930   0.29694E-03
    940   0.29570E-03
    950   0.29439E-03
    960   0.29296E-03
    970   0.29144E-03
    980   0.28978E-03
    990   0.28804E-03
   1000   0.28616E-03
   1010   0.28418E-03
   1020   0.28212E-03
   1030   0.27990E-03
   1040   0.27759E-03
   1050   0.27518E-03
   1060   0.27268E-03
   1070   0.27011E-03
   1080   0.26747E-03
   1090   0.26477E-03
   1100   0.26205E-03
   1110   0.25929E-03
   1120   0.25652E-03
   1130   0.25381E-03
   1140   0.25106E-03
   1150   0.24836E-03
   1160   0.24576E-03
   1170   0.24327E-03
   1180   0.24085E-03
   1190   0.23855E-03
   1200   0.23643E-03
   1210   0.23445E-03
   1220   0.23259E-03
   1230   0.23093E-03
   1240   0.22944E-03
   1250   0.22813E-03
   1260   0.22702E-03
   1270   0.22609E-03
   1280   0.22530E-03
   1290   0.22471E-03
   1300   0.22429E-03
   1310   0.22397E-03
   1320   0.22380E-03
   1330   0.22374E-03
   1340   0.22381E-03
   1350   0.22396E-03
   1360   0.22417E-03
   1370   0.22443E-03
   1380   0.22471E-03
   1390   0.22501E-03
   1400   0.22528E-03
   1410   0.22557E-03
   1420   0.22583E-03
   1430   0.22602E-03
   1440   0.22615E-03
   1450   0.22621E-03
   1460   0.22619E-03
   1470   0.22608E-03
   1480   0.22585E-03
   1490   0.22552E-03
   1500   0.22506E-03
   1510   0.22449E-03
   1520   0.22380E-03
   1530   0.22299E-03
   1540   0.22204E-03
   1550   0.22100E-03
   1560   0.21977E-03
   1570   0.21845E-03
   1580   0.21700E-03
   1590   0.21547E-03
   1600   0.21381E-03
   1610   0.21207E-03
   1620   0.21020E-03
   1630   0.20829E-03
   1640   0.20626E-03
   1650   0.20416E-03
   1660   0.20202E-03
   1670   0.19983E-03
   1680   0.19761E-03
   1690   0.19534E-03
   1700   0.19302E-03
   1710   0.19073E-03
   1720   0.18841E-03
   1730   0.18607E-03
   1740   0.18377E-03
   1750   0.18151E-03
   1760   0.17926E-03
   1770   0.17705E-03
   1780   0.17488E-03
   1790   0.17275E-03
   1800   0.17070E-03
   1810   0.16874E-03
   1820   0.16680E-03
   1830   0.16493E-03
   1840   0.16316E-03
   1850   0.16148E-03
   1860   0.15983E-03
   1870   0.15833E-03
   1880   0.15687E-03
   1890   0.15553E-03
   1900   0.15426E-03
   1910   0.15308E-03
   1920   0.15199E-03
   1930   0.15097E-03
   1940   0.15006E-03
   1950   0.14919E-03
   1960   0.14846E-03
   1970   0.14778E-03
   1980   0.14720E-03
   1990   0.14668E-03
   2000   0.14627E-03
   2010   0.14587E-03
   2020   0.14558E-03
   2030   0.14530E-03
   2040   0.14506E-03
   2050   0.14487E-03
   2060   0.14471E-03
   2070   0.14464E-03
   2080   0.14456E-03
   2090   0.14454E-03
   2100   0.14455E-03
   2110   0.14461E-03
   2120   0.14473E-03
   2130   0.14486E-03
   2140   0.14502E-03
   2150   0.14525E-03
   2160   0.14550E-03
   2170   0.14578E-03
   2180   0.14609E-03
   2190   0.14645E-03
   2200   0.14680E-03
   2210   0.14723E-03
   2220   0.14764E-03
   2230   0.14811E-03
   2240   0.14860E-03
   2250   0.14912E-03
   2260   0.14962E-03
   2270   0.15018E-03
   2280   0.15075E-03
   2290   0.15135E-03
   2300   0.15194E-03
   2310   0.15253E-03
   2320   0.15312E-03
   2330   0.15368E-03
   2340   0.15426E-03
   2350   0.15488E-03
   2360   0.15545E-03
   2370   0.15607E-03
   2380   0.15667E-03
   2390   0.15726E-03
   2400   0.15784E-03
   2410   0.15845E-03
   2420   0.15894E-03
   2430   0.15943E-03
   2440   0.15985E-03
   2450   0.16031E-03
   2460   0.16073E-03
   2470   0.16112E-03
   2480   0.16155E-03
   2490   0.16192E-03
   2500   0.16229E-03
   2510   0.16261E-03
   2520   0.16289E-03
   2530   0.16311E-03
   2540   0.16323E-03
   2550   0.16334E-03
   2560   0.16340E-03
   2570   0.16346E-03
   2580   0.16349E-03
   2590   0.16355E-03
   2600   0.16354E-03
   2610   0.16355E-03
   2620   0.16348E-03
   2630   0.16341E-03
   2640   0.16328E-03
   2650   0.16306E-03
   2660   0.16285E-03
   2670   0.16258E-03
   2680   0.16230E-03
   2690   0.16199E-03
   2700   0.16163E-03
   2710   0.16129E-03
   2720   0.16094E-03
   2730   0.16055E-03
   2740   0.16012E-03
   2750   0.15969E-03
   2760   0.15920E-03
   2770   0.15873E-03
   2780   0.15822E-03
   2790   0.15769E-03
   2800   0.15713E-03
   2810   0.15657E-03
   2820   0.15598E-03
   2830   0.15538E-03
   2840   0.15476E-03
   2850   0.15416E-03
   2860   0.15354E-03
   2870   0.15288E-03
   2880   0.15223E-03
   2890   0.15160E-03
   2900   0.15091E-03
   2910   0.15021E-03
   2920   0.14956E-03
   2930   0.14890E-03
   2940   0.14823E-03
   2950   0.14754E-03
   2960   0.14686E-03
   2970   0.14621E-03
   2980   0.14556E-03
   2990   0.14487E-03
   3000   0.14420E-03
   3010   0.14354E-03
   3020   0.14289E-03
   3030   0.14222E-03
   3040   0.14159E-03
   3050   0.14093E-03
   3060   0.14029E-03
   3070   0.13968E-03
   3080   0.13906E-03
   3090   0.13844E-03
   3100   0.13782E-03
   3110   0.13724E-03
   3120   0.13664E-03
   3130   0.13606E-03
   3140   0.13551E-03
   3150   0.13496E-03
   3160   0.13440E-03
   3170   0.13388E-03
   3180   0.13334E-03
   3190   0.13282E-03
   3200   0.13229E-03
   3210   0.13180E-03
   3220   0.13132E-03
   3230   0.13084E-03
   3240   0.13036E-03
   3250   0.12996E-03
   3260   0.12949E-03
   3270   0.12905E-03
   3280   0.12862E-03
   3290   0.12821E-03
   3300   0.12782E-03
   3310   0.12741E-03
   3320   0.12703E-03
   3330   0.12666E-03
   3340   0.12625E-03
   3350   0.12593E-03
   3360   0.12556E-03
   3370   0.12522E-03
   3380   0.12488E-03
   3390   0.12457E-03
   3400   0.12424E-03
   3410   0.12394E-03
   3420   0.12361E-03
   3430   0.12335E-03
   3440   0.12304E-03
   3450   0.12278E-03
   3460   0.12251E-03
   3470   0.12223E-03
   3480   0.12198E-03
   3490   0.12172E-03
   3500   0.12150E-03
   3510   0.12123E-03
   3520   0.12101E-03
   3530   0.12079E-03
   3540   0.12055E-03
   3550   0.12034E-03
   3560   0.12014E-03
   3570   0.11993E-03
   3580   0.11974E-03
   3590   0.11955E-03
   3600   0.11936E-03
   3610   0.11917E-03
   3620   0.11901E-03
   3630   0.11883E-03
   3640   0.11863E-03
   3650   0.11847E-03
   3660   0.11831E-03
   3670   0.11816E-03
   3680   0.11801E-03
   3690   0.11788E-03
   3700   0.11774E-03
   3710   0.11760E-03
   3720   0.11748E-03
   3730   0.11733E-03
   3740   0.11720E-03
   3750   0.11710E-03
   3760   0.11697E-03
   3770   0.11686E-03
   3780   0.11674E-03
   3790   0.11666E-03
   3800   0.11655E-03
   3810   0.11643E-03
   3820   0.11636E-03
   3830   0.11627E-03
   3840   0.11617E-03
   3850   0.11610E-03
   3860   0.11601E-03
   3870   0.11594E-03
   3880   0.11586E-03
   3890   0.11580E-03
   3900   0.11574E-03
   3910   0.11567E-03
   3920   0.11561E-03
   3930   0.11556E-03
   3940   0.11551E-03
   3950   0.11548E-03
   3960   0.11543E-03
   3970   0.11538E-03
   3980   0.11535E-03
   3990   0.11531E-03
   4000   0.11529E-03
   4010   0.11526E-03
   4020   0.11524E-03
   4030   0.11523E-03
   4040   0.11522E-03
   4050   0.11522E-03
   4060   0.11521E-03
   4070   0.11520E-03
   4080   0.11522E-03
   4090   0.11521E-03
   4100   0.11521E-03
   4110   0.11520E-03
   4120   0.11520E-03
   4130   0.11522E-03
   4140   0.11526E-03
   4150   0.11526E-03
   4160   0.11528E-03
   4170   0.11531E-03
   4180   0.11533E-03
   4190   0.11538E-03
   4200   0.11539E-03
   4210   0.11544E-03
   4220   0.11547E-03
   4230   0.11553E-03
   4240   0.11558E-03
   4250   0.11563E-03
   4260   0.11566E-03
   4270   0.11573E-03
   4280   0.11577E-03
   4290   0.11582E-03
   4300   0.11589E-03
   4310   0.11597E-03
   4320   0.11605E-03
   4330   0.11610E-03
   4340   0.11617E-03
   4350   0.11625E-03
   4360   0.11631E-03
   4370   0.11638E-03
   4380   0.11647E-03
   4390   0.11653E-03
   4400   0.11661E-03
   4410   0.11670E-03
   4420   0.11677E-03
   4430   0.11687E-03
   4440   0.11694E-03
   4450   0.11703E-03
   4460   0.11712E-03
   4470   0.11721E-03
   4480   0.11731E-03
   4490   0.11738E-03
   4500   0.11746E-03
   4510   0.11758E-03
   4520   0.11766E-03
   4530   0.11776E-03
   4540   0.11785E-03
   4550   0.11796E-03
   4560   0.11804E-03
   4570   0.11815E-03
   4580   0.11822E-03
   4590   0.11832E-03
   4600   0.11843E-03
   4610   0.11854E-03
   4620   0.11863E-03
   4630   0.11872E-03
   4640   0.11882E-03
   4650   0.11892E-03
   4660   0.11902E-03
   4670   0.11913E-03
   4680   0.11921E-03
   4690   0.11931E-03
   4700   0.11940E-03
   4710   0.11950E-03
   4720   0.11959E-03
   4730   0.11970E-03
   4740   0.11979E-03
   4750   0.11988E-03
   4760   0.11998E-03
   4770   0.12009E-03
   4780   0.12018E-03
   4790   0.12027E-03
   4800   0.12036E-03
   4810   0.12045E-03
   4820   0.12055E-03
   4830   0.12063E-03
   4840   0.12071E-03
   4850   0.12079E-03
   4860   0.12089E-03
   4870   0.12095E-03
   4880   0.12104E-03
   4890   0.12112E-03
   4900   0.12121E-03
   4910   0.12127E-03
   4920   0.12135E-03
   4930   0.12144E-03
   4940   0.12150E-03
   4950   0.12157E-03
   4960   0.12162E-03
   4970   0.12171E-03
   4980   0.12177E-03
   4990   0.12183E-03
   5000   0.12189E-03
   5010   0.12195E-03
   5020   0.12199E-03
   5030   0.12205E-03
   5040   0.12211E-03
   5050   0.12215E-03
   5060   0.12219E-03
   5070   0.12224E-03
   5080   0.12227E-03
   5090   0.12230E-03
   5100   0.12233E-03
   5110   0.12238E-03
   5120   0.12239E-03
   5130   0.12240E-03
   5140   0.12243E-03
   5150   0.12244E-03
   5160   0.12244E-03
   5170   0.12246E-03
   5180   0.12248E-03
   5190   0.12246E-03
   5200   0.12245E-03
   5210   0.12245E-03
   5220   0.12244E-03
   5230   0.12243E-03
   5240   0.12242E-03
   5250   0.12239E-03
   5260   0.12236E-03
   5270   0.12233E-03
   5280   0.12232E-03
   5290   0.12229E-03
   5300   0.12224E-03
   5310   0.12220E-03
   5320   0.12215E-03
   5330   0.12212E-03
   5340   0.12205E-03
   5350   0.12197E-03
   5360   0.12193E-03
   5370   0.12187E-03
   5380   0.12181E-03
   5390   0.12173E-03
   5400   0.12166E-03
   5410   0.12159E-03
   5420   0.12150E-03
   5430   0.12142E-03
   5440   0.12133E-03
   5450   0.12123E-03
   5460   0.12112E-03
   5470   0.12104E-03
   5480   0.12094E-03
   5490   0.12082E-03
   5500   0.12072E-03
   5510   0.12059E-03
   5520   0.12048E-03
   5530   0.12037E-03
   5540   0.12023E-03
   5550   0.12011E-03
   5560   0.11998E-03
   5570   0.11982E-03
   5580   0.11970E-03
   5590   0.11957E-03
   5600   0.11940E-03
   5610   0.11927E-03
   5620   0.11911E-03
   5630   0.11895E-03
   5640   0.11881E-03
   5650   0.11866E-03
   5660   0.11847E-03
   5670   0.11831E-03
   5680   0.11813E-03
   5690   0.11796E-03
   5700   0.11779E-03
   5710   0.11760E-03
   5720   0.11741E-03
   5730   0.11723E-03
   5740   0.11703E-03
   5750   0.11686E-03
   5760   0.11664E-03
   5770   0.11645E-03
   5780   0.11626E-03
   5790   0.11605E-03
   5800   0.11584E-03
   5810   0.11561E-03
   5820   0.11541E-03
   5830   0.11523E-03
   5840   0.11499E-03
   5850   0.11477E-03
   5860   0.11455E-03
   5870   0.11433E-03
   5880   0.11412E-03
   5890   0.11388E-03
   5900   0.11366E-03
   5910   0.11343E-03
   5920   0.11320E-03
   5930   0.11294E-03
   5940   0.11273E-03
   5950   0.11248E-03
   5960   0.11224E-03
   5970   0.11198E-03
   5980   0.11174E-03
   5990   0.11148E-03
   6000   0.11125E-03
   6010   0.11096E-03
   6020   0.11071E-03
   6030   0.11046E-03
   6040   0.11021E-03
   6050   0.10994E-03
   6060   0.10966E-03
   6070   0.10942E-03
   6080   0.10913E-03
   6090   0.10886E-03
   6100   0.10858E-03
   6110   0.10832E-03
   6120   0.10802E-03
   6130   0.10776E-03
   6140   0.10750E-03
   6150   0.10720E-03
   6160   0.10691E-03
   6170   0.10663E-03
   6180   0.10634E-03
   6190   0.10606E-03
   6200   0.10578E-03
   6210   0.10548E-03
   6220   0.10522E-03
   6230   0.10493E-03
   6240   0.10465E-03
   6250   0.10435E-03
   6260   0.10405E-03
   6270   0.10375E-03
   6280   0.10344E-03
   6290   0.10316E-03
   6300   0.10284E-03
   6310   0.10256E-03
   6320   0.10225E-03
   6330   0.10195E-03
   6340   0.10163E-03
   6350   0.10133E-03
   6360   0.10104E-03
   6370   0.10073E-03
   6380   0.10042E-03
   6390   0.10013E-03
   6400   0.99821E-04
   6410   0.99498E-04
   6420   0.99187E-04
   6430   0.98867E-04
   6440   0.98548E-04
   6450   0.98226E-04
   6460   0.97920E-04
   6470   0.97611E-04
   6480   0.97277E-04
   6490   0.96944E-04
   6500   0.96630E-04
   6510   0.96323E-04
   6520   0.96010E-04
   6530   0.95670E-04
   6540   0.95365E-04
   6550   0.95029E-04
   6560   0.94727E-04
   6570   0.94396E-04
   6580   0.94062E-04
   6590   0.93733E-04
   6600   0.93418E-04
   6610   0.93081E-04
   6620   0.92765E-04
   6630   0.92437E-04
   6640   0.92092E-04
   6650   0.91780E-04
   6660   0.91454E-04
   6670   0.91122E-04
   6680   0.90802E-04
   6690   0.90483E-04
   6700   0.90166E-04
   6710   0.89834E-04
   6720   0.89516E-04
   6730   0.89161E-04
   6740   0.88844E-04
   6750   0.88529E-04
   6760   0.88169E-04
   6770   0.87865E-04
   6780   0.87528E-04
   6790   0.87173E-04
   6800   0.86868E-04
   6810   0.86537E-04
   6820   0.86222E-04
   6830   0.85895E-04
   6840   0.85559E-04
   6850   0.85206E-04
   6860   0.84889E-04
   6870   0.84575E-04
   6880   0.84249E-04
   6890   0.83894E-04
   6900   0.83574E-04
   6910   0.83256E-04
   6920   0.82940E-04
   6930   0.82610E-04
   6940   0.82286E-04
   6950   0.81968E-04
   6960   0.81645E-04
   6970   0.81319E-04
   6980   0.81005E-04
   6990   0.80678E-04
   7000   0.80363E-04
   7010   0.80049E-04
   7020   0.79727E-04
   7030   0.79439E-04
   7040   0.79104E-04
   7050   0.78804E-04
   7060   0.78486E-04
   7070   0.78169E-04
   7080   0.77856E-04
   7090   0.77538E-04
   7100   0.77227E-04
   7110   0.76930E-04
   7120   0.76637E-04
   7130   0.76310E-04
   7140   0.76025E-04
   7150   0.75717E-04
   7160   0.75429E-04
   7170   0.75126E-04
   7180   0.74834E-04
   7190   0.74516E-04
   7200   0.74222E-04
   7210   0.73922E-04
   7220   0.73647E-04
   7230   0.73344E-04
   7240   0.73046E-04
   7250   0.72751E-04
   7260   0.72480E-04
   7270   0.72167E-04
   7280   0.71896E-04
   7290   0.71610E-04
   7300   0.71345E-04
   7310   0.71053E-04
   7320   0.70789E-04
   7330   0.70493E-04
   7340   0.70199E-04
   7350   0.69968E-04
   7360   0.69686E-04
   7370   0.69415E-04
   7380   0.69157E-04
   7390   0.68872E-04
   7400   0.68618E-04
   7410   0.68379E-04
   7420   0.68077E-04
   7430   0.67831E-04
   7440   0.67550E-04
   7450   0.67320E-04
   7460   0.67053E-04
   7470   0.66784E-04
   7480   0.66536E-04
   7490   0.66306E-04
   7500   0.66047E-04
   7510   0.65795E-04
   7520   0.65535E-04
   7530   0.65281E-04
   7540   0.65065E-04
   7550   0.64826E-04
   7560   0.64587E-04
   7570   0.64355E-04
   7580   0.64138E-04
   7590   0.63902E-04
   7600   0.63682E-04
   7610   0.63442E-04
   7620   0.63209E-04
   7630   0.62964E-04
   7640   0.62748E-04
   7650   0.62547E-04
   7660   0.62335E-04
   7670   0.62114E-04
   7680   0.61888E-04
   7690   0.61691E-04
   7700   0.61471E-04
   7710   0.61275E-04
   7720   0.61055E-04
   7730   0.60849E-04
   7740   0.60624E-04
   7750   0.60427E-04
   7760   0.60243E-04
   7770   0.60028E-04
   7780   0.59852E-04
   7790   0.59639E-04
   7800   0.59438E-04
   7810   0.59255E-04
   7820   0.59025E-04
   7830   0.58872E-04
   7840   0.58679E-04
   7850   0.58507E-04
   7860   0.58305E-04
   7870   0.58130E-04
   7880   0.57930E-04
   7890   0.57749E-04
   7900   0.57577E-04
   7910   0.57381E-04
   7920   0.57224E-04
   7930   0.57033E-04
   7940   0.56868E-04
   7950   0.56706E-04
   7960   0.56551E-04
   7970   0.56383E-04
   7980   0.56238E-04
   7990   0.56054E-04
   8000   0.55886E-04
   8010   0.55755E-04
   8020   0.55583E-04
   8030   0.55416E-04
   8040   0.55274E-04
   8050   0.55089E-04
   8060   0.54945E-04
   8070   0.54783E-04
   8080   0.54619E-04
   8090   0.54486E-04
   8100   0.54328E-04
   8110   0.54182E-04
   8120   0.54027E-04
   8130   0.53895E-04
   8140   0.53756E-04
   8150   0.53616E-04
   8160   0.53448E-04
   8170   0.53340E-04
   8180   0.53187E-04
   8190   0.53070E-04
   8200   0.52907E-04
   8210   0.52799E-04
   8220   0.52669E-04
   8230   0.52516E-04
   8240   0.52396E-04
   8250   0.52270E-04
   8260   0.52126E-04
   8270   0.52007E-04
   8280   0.51902E-04
   8290   0.51757E-04
   8300   0.51628E-04
   8310   0.51500E-04
   8320   0.51401E-04
   8330   0.51278E-04
   8340   0.51152E-04
   8350   0.51016E-04
   8360   0.50901E-04
   8370   0.50783E-04
   8380   0.50673E-04
   8390   0.50565E-04
   8400   0.50444E-04
   8410   0.50346E-04
   8420   0.50213E-04
   8430   0.50127E-04
   8440   0.50040E-04
   8450   0.49903E-04
   8460   0.49793E-04
   8470   0.49693E-04
   8480   0.49593E-04
   8490   0.49489E-04
   8500   0.49386E-04
   8510   0.49301E-04
   8520   0.49181E-04
   8530   0.49085E-04
   8540   0.48979E-04
   8550   0.48904E-04
   8560   0.48805E-04
   8570   0.48712E-04
   8580   0.48626E-04
   8590   0.48543E-04
   8600   0.48440E-04
   8610   0.48347E-04
   8620   0.48282E-04
   8630   0.48162E-04
   8640   0.48097E-04
   8650   0.47991E-04
   8660   0.47907E-04
   8670   0.47803E-04
   8680   0.47708E-04
   8690   0.47642E-04
   8700   0.47527E-04
   8710   0.47432E-04
   8720   0.47353E-04
   8730   0.47259E-04
   8740   0.47161E-04
   8750   0.47082E-04
   8760   0.47020E-04
   8770   0.46932E-04
   8780   0.46844E-04
   8790   0.46765E-04
   8800   0.46664E-04
   8810   0.46598E-04
   8820   0.46506E-04
   8830   0.46407E-04
   8840   0.46370E-04
   8850   0.46286E-04
   8860   0.46206E-04
   8870   0.46138E-04
   8880   0.46078E-04
   8890   0.46000E-04
   8900   0.45907E-04
   8910   0.45863E-04
   8920   0.45757E-04
   8930   0.45663E-04
   8940   0.45607E-04
   8950   0.45540E-04
   8960   0.45493E-04
   8970   0.45407E-04
   8980   0.45331E-04
   8990   0.45265E-04
   9000   0.45228E-04
   9010   0.45148E-04
   9020   0.45048E-04
   9030   0.44995E-04
   9040   0.44903E-04
   9050   0.44847E-04
   9060   0.44785E-04
   9070   0.44724E-04
   9080   0.44653E-04
   9090   0.44553E-04
   9100   0.44502E-04
   9110   0.44437E-04
   9120   0.44397E-04
   9130   0.44302E-04
   9140   0.44249E-04
   9150   0.44175E-04
   9160   0.44111E-04
   9170   0.44039E-04
   9180   0.43989E-04
   9190   0.43907E-04
   9200   0.43857E-04
   9210   0.43790E-04
   9220   0.43740E-04
   9230   0.43652E-04
   9240   0.43600E-04
   9250   0.43539E-04
   9260   0.43473E-04
   9270   0.43421E-04
   9280   0.43352E-04
   9290   0.43293E-04
   9300   0.43222E-04
   9310   0.43172E-04
   9320   0.43105E-04
   9330   0.43025E-04
   9340   0.43010E-04
   9350   0.42894E-04
   9360   0.42854E-04
   9370   0.42814E-04
   9380   0.42738E-04
   9390   0.42688E-04
   9400   0.42620E-04
   9410   0.42591E-04
   9420   0.42528E-04
   9430   0.42480E-04
   9440   0.42407E-04
   9450   0.42356E-04
   9460   0.42305E-04
   9470   0.42245E-04
   9480   0.42170E-04
   9490   0.42122E-04
   9500   0.42070E-04
   9510   0.42015E-04
   9520   0.41958E-04
   9530   0.41885E-04
   9540   0.41834E-04
   9550   0.41772E-04
   9560   0.41737E-04
   9570   0.41663E-04
   9580   0.41576E-04
   9590   0.41522E-04
   9600   0.41461E-04
   9610   0.41414E-04
   9620   0.41354E-04
   9630   0.41308E-04
   9640   0.41242E-04
   9650   0.41176E-04
   9660   0.41135E-04
   9670   0.41087E-04
   9680   0.41034E-04
   9690   0.40966E-04
   9700   0.40920E-04
   9710   0.40860E-04
   9720   0.40811E-04
   9730   0.40749E-04
   9740   0.40698E-04
   9750   0.40633E-04
   9760   0.40588E-04
   9770   0.40531E-04
   9780   0.40479E-04
   9790   0.40427E-04
   9800   0.40376E-04
   9810   0.40325E-04
   9820   0.40265E-04
   9830   0.40212E-04
   9840   0.40161E-04
   9850   0.40120E-04
   9860   0.40066E-04
   9870   0.40006E-04
   9880   0.39944E-04
   9890   0.39891E-04
   9900   0.39857E-04
   9910   0.39801E-04
   9920   0.39732E-04
   9930   0.39681E-04
   9940   0.39647E-04
   9950   0.39556E-04
   9960   0.39496E-04
   9970   0.39433E-04
   9980   0.39362E-04
   9990   0.39334E-04
  10000   0.39253E-04
  10010   0.39224E-04
  10020   0.39145E-04
  10030   0.39093E-04
  10040   0.39053E-04
  10050   0.38979E-04
  10060   0.38945E-04
  10070   0.38904E-04
  10080   0.38833E-04
  10090   0.38799E-04
  10100   0.38729E-04
  10110   0.38676E-04
  10120   0.38672E-04
  10130   0.38581E-04
  10140   0.38550E-04
  10150   0.38475E-04
  10160   0.38418E-04
  10170   0.38367E-04
  10180   0.38315E-04
  10190   0.38249E-04
  10200   0.38201E-04
  10210   0.38153E-04
  10220   0.38073E-04
  10230   0.38045E-04
  10240   0.37981E-04
  10250   0.37917E-04
  10260   0.37836E-04
  10270   0.37791E-04
  10280   0.37743E-04
  10290   0.37681E-04
  10300   0.37643E-04
  10310   0.37597E-04
  10320   0.37524E-04
  10330   0.37475E-04
  10340   0.37412E-04
  10350   0.37362E-04
  10360   0.37309E-04
  10370   0.37238E-04
  10380   0.37195E-04
  10390   0.37137E-04
  10400   0.37091E-04
  10410   0.37037E-04
  10420   0.36954E-04
  10430   0.36918E-04
  10440   0.36852E-04
  10450   0.36796E-04
  10460   0.36755E-04
  10470   0.36696E-04
  10480   0.36652E-04
  10490   0.36581E-04
  10500   0.36552E-04
  10510   0.36440E-04
  10520   0.36402E-04
  10530   0.36345E-04
  10540   0.36293E-04
  10550   0.36248E-04
  10560   0.36183E-04
  10570   0.36121E-04
  10580   0.36089E-04
  10590   0.36000E-04
  10600   0.35962E-04
  10610   0.35907E-04
  10620   0.35841E-04
  10630   0.35808E-04
  10640   0.35743E-04
  10650   0.35695E-04
  10660   0.35636E-04
  10670   0.35569E-04
  10680   0.35499E-04
  10690   0.35455E-04
  10700   0.35408E-04
  10710   0.35348E-04
  10720   0.35283E-04
  10730   0.35222E-04
  10740   0.35157E-04
  10750   0.35109E-04
  10760   0.35055E-04
  10770   0.34973E-04
  10780   0.34941E-04
  10790   0.34843E-04
  10800   0.34802E-04
  10810   0.34734E-04
  10820   0.34693E-04
  10830   0.34653E-04
  10840   0.34563E-04
  10850   0.34485E-04
  10860   0.34451E-04
  10870   0.34394E-04
  10880   0.34363E-04
  10890   0.34277E-04
  10900   0.34225E-04
  10910   0.34150E-04
  10920   0.34111E-04
  10930   0.34066E-04
  10940   0.34007E-04
  10950   0.33930E-04
  10960   0.33913E-04
  10970   0.33841E-04
  10980   0.33780E-04
  10990   0.33716E-04
  11000   0.33679E-04
  11010   0.33625E-04
  11020   0.33558E-04
  11030   0.33501E-04
  11040   0.33449E-04
  11050   0.33390E-04
  11060   0.33317E-04
  11070   0.33255E-04
  11080   0.33214E-04
  11090   0.33158E-04
  11100   0.33072E-04
  11110   0.33033E-04
  11120   0.32985E-04
  11130   0.32925E-04
  11140   0.32863E-04
  11150   0.32821E-04
  11160   0.32738E-04
  11170   0.32716E-04
  11180   0.32636E-04
  11190   0.32588E-04
  11200   0.32559E-04
  11210   0.32485E-04
  11220   0.32419E-04
  11230   0.32379E-04
  11240   0.32315E-04
  11250   0.32250E-04
  11260   0.32197E-04
  11270   0.32148E-04
  11280   0.32086E-04
  11290   0.32033E-04
  11300   0.31967E-04
  11310   0.31935E-04
  11320   0.31886E-04
  11330   0.31813E-04
  11340   0.31775E-04
  11350   0.31717E-04
  11360   0.31665E-04
  11370   0.31608E-04
  11380   0.31546E-04
  11390   0.31496E-04
  11400   0.31468E-04
  11410   0.31383E-04
  11420   0.31351E-04
  11430   0.31296E-04
  11440   0.31201E-04
  11450   0.31173E-04
  11460   0.31123E-04
  11470   0.31033E-04
  11480   0.30974E-04
  11490   0.30934E-04
  11500   0.30894E-04
  11510   0.30854E-04
  11520   0.30783E-04
  11530   0.30752E-04
  11540   0.30686E-04
  11550   0.30613E-04
  11560   0.30584E-04
  11570   0.30540E-04
  11580   0.30477E-04
  11590   0.30419E-04
  11600   0.30371E-04
  11610   0.30321E-04
  11620   0.30263E-04
  11630   0.30219E-04
  11640   0.30166E-04
  11650   0.30099E-04
  11660   0.30063E-04
  11670   0.29999E-04
  11680   0.29937E-04
  11690   0.29883E-04
  11700   0.29827E-04
  11710   0.29784E-04
  11720   0.29741E-04
  11730   0.29670E-04
  11740   0.29657E-04
  11750   0.29604E-04
  11760   0.29547E-04
  11770   0.29497E-04
  11780   0.29448E-04
  11790   0.29418E-04
  11800   0.29356E-04
  11810   0.29302E-04
  11820   0.29253E-04
  11830   0.29219E-04
  11840   0.29156E-04
  11850   0.29120E-04
  11860   0.29067E-04
  11870   0.29001E-04
  11880   0.28959E-04
  11890   0.28911E-04
  11900   0.28856E-04
  11910   0.28801E-04
  11920   0.28747E-04
  11930   0.28696E-04
  11940   0.28640E-04
  11950   0.28588E-04
  11960   0.28549E-04
  11970   0.28512E-04
  11980   0.28439E-04
  11990   0.28383E-04
  12000   0.28362E-04
  12010   0.28310E-04
  12020   0.28274E-04
  12030   0.28219E-04
  12040   0.28160E-04
  12050   0.28121E-04
  12060   0.28089E-04
  12070   0.28046E-04
  12080   0.27991E-04
  12090   0.27927E-04
  12100   0.27877E-04
  12110   0.27841E-04
  12120   0.27804E-04
  12130   0.27727E-04
  12140   0.27699E-04
  12150   0.27648E-04
  12160   0.27593E-04
  12170   0.27543E-04
  12180   0.27484E-04
  12190   0.27434E-04
  12200   0.27361E-04
  12210   0.27325E-04
  12220   0.27284E-04
  12230   0.27244E-04
  12240   0.27193E-04
  12250   0.27157E-04
  12260   0.27100E-04
  12270   0.27065E-04
  12280   0.27041E-04
  12290   0.26999E-04
  12300   0.26941E-04
  12310   0.26885E-04
  12320   0.26838E-04
  12330   0.26791E-04
  12340   0.26760E-04
  12350   0.26704E-04
  12360   0.26645E-04
  12370   0.26587E-04
  12380   0.26555E-04
  12390   0.26528E-04
  12400   0.26459E-04
  12410   0.26405E-04
  12420   0.26365E-04
  12430   0.26310E-04
  12440   0.26251E-04
  12450   0.26219E-04
  12460   0.26156E-04
  12470   0.26117E-04
  12480   0.26078E-04
  12490   0.26024E-04
  12500   0.25970E-04
  12510   0.25929E-04
  12520   0.25876E-04
  12530   0.25843E-04
  12540   0.25801E-04
  12550   0.25747E-04
  12560   0.25698E-04
  12570   0.25651E-04
  12580   0.25599E-04
  12590   0.25556E-04
  12600   0.25513E-04
  12610   0.25468E-04
  12620   0.25387E-04
  12630   0.25359E-04
  12640   0.25309E-04
  12650   0.25256E-04
  12660   0.25191E-04
  12670   0.25164E-04
  12680   0.25115E-04
  12690   0.25077E-04
  12700   0.25013E-04
  12710   0.24976E-04
  12720   0.24939E-04
  12730   0.24883E-04
  12740   0.24819E-04
  12750   0.24761E-04
  12760   0.24707E-04
  12770   0.24648E-04
  12780   0.24616E-04
  12790   0.24556E-04
  12800   0.24513E-04
  12810   0.24457E-04
  12820   0.24408E-04
  12830   0.24377E-04
  12840   0.24331E-04
  12850   0.24267E-04
  12860   0.24213E-04
  12870   0.24162E-04
  12880   0.24094E-04
  12890   0.24065E-04
  12900   0.24001E-04
  12910   0.23954E-04
  12920   0.23901E-04
  12930   0.23854E-04
  12940   0.23789E-04
  12950   0.23757E-04
  12960   0.23701E-04
  12970   0.23636E-04
  12980   0.23631E-04
  12990   0.23557E-04
  13000   0.23501E-04
  13010   0.23441E-04
  13020   0.23410E-04
  13030   0.23343E-04
  13040   0.23304E-04
  13050   0.23236E-04
  13060   0.23218E-04
  13070   0.23151E-04
  13080   0.23109E-04
  13090   0.23048E-04
  13100   0.23011E-04
  13110   0.22961E-04
  13120   0.22902E-04
  13130   0.22857E-04
  13140   0.22815E-04
  13150   0.22762E-04
  13160   0.22698E-04
  13170   0.22651E-04
  13180   0.22587E-04
  13190   0.22540E-04
  13200   0.22481E-04
  13210   0.22419E-04
  13220   0.22380E-04
  13230   0.22338E-04
  13240   0.22280E-04
  13250   0.22216E-04
  13260   0.22160E-04
  13270   0.22103E-04
  13280   0.22024E-04
  13290   0.22010E-04
  13300   0.21935E-04
  13310   0.21890E-04
  13320   0.21833E-04
  13330   0.21772E-04
  13340   0.21715E-04
  13350   0.21672E-04
  13360   0.21613E-04
  13370   0.21564E-04
  13380   0.21495E-04
  13390   0.21457E-04
  13400   0.21388E-04
  13410   0.21332E-04
  13420   0.21272E-04
  13430   0.21228E-04
  13440   0.21160E-04
  13450   0.21126E-04
  13460   0.21054E-04
  13470   0.21041E-04
  13480   0.20949E-04
  13490   0.20886E-04
  13500   0.20823E-04
  13510   0.20758E-04
  13520   0.20720E-04
  13530   0.20679E-04
  13540   0.20618E-04
  13550   0.20553E-04
  13560   0.20506E-04
  13570   0.20454E-04
  13580   0.20396E-04
  13590   0.20342E-04
  13600   0.20270E-04
  13610   0.20213E-04
  13620   0.20156E-04
  13630   0.20103E-04
  13640   0.20026E-04
  13650   0.19977E-04
  13660   0.19920E-04
  13670   0.19849E-04
  13680   0.19792E-04
  13690   0.19740E-04
  13700   0.19679E-04
  13710   0.19635E-04
  13720   0.19564E-04
  13730   0.19492E-04
  13740   0.19478E-04
  13750   0.19406E-04
  13760   0.19347E-04
  13770   0.19292E-04
  13780   0.19251E-04
  13790   0.19171E-04
  13800   0.19095E-04
  13810   0.19060E-04
  13820   0.18999E-04
  13830   0.18917E-04
  13840   0.18859E-04
  13850   0.18807E-04
  13860   0.18729E-04
  13870   0.18701E-04
  13880   0.18647E-04
  13890   0.18569E-04
  13900   0.18511E-04
  13910   0.18457E-04
  13920   0.18426E-04
  13930   0.18351E-04
  13940   0.18314E-04
  13950   0.18242E-04
  13960   0.18149E-04
  13970   0.18117E-04
  13980   0.18042E-04
  13990   0.18000E-04
  14000   0.17960E-04
  14010   0.17879E-04
  14020   0.17829E-04
  14030   0.17785E-04
  14040   0.17713E-04
  14050   0.17672E-04
  14060   0.17587E-04
  14070   0.17550E-04
  14080   0.17487E-04
  14090   0.17439E-04
  14100   0.17372E-04
  14110   0.17312E-04
  14120   0.17227E-04
  14130   0.17195E-04
  14140   0.17146E-04
  14150   0.17060E-04
  14160   0.17019E-04
  14170   0.16962E-04
  14180   0.16860E-04
  14190   0.16856E-04
  14200   0.16773E-04
  14210   0.16695E-04
  14220   0.16680E-04
  14230   0.16619E-04
  14240   0.16570E-04
  14250   0.16523E-04
  14260   0.16482E-04
  14270   0.16411E-04
  14280   0.16381E-04
  14290   0.16322E-04
  14300   0.16258E-04
  14310   0.16191E-04
  14320   0.16124E-04
  14330   0.16082E-04
  14340   0.16010E-04
  14350   0.15971E-04
  14360   0.15920E-04
  14370   0.15850E-04
  14380   0.15789E-04
  14390   0.15732E-04
  14400   0.15692E-04
  14410   0.15622E-04
  14420   0.15592E-04
  14430   0.15526E-04
  14440   0.15487E-04
  14450   0.15466E-04
  14460   0.15376E-04
  14470   0.15319E-04
  14480   0.15274E-04
  14490   0.15237E-04
  14500   0.15195E-04
  14510   0.15128E-04
  14520   0.15117E-04
  14530   0.15042E-04
  14540   0.15003E-04
  14550   0.14964E-04
  14560   0.14906E-04
  14570   0.14864E-04
  14580   0.14809E-04
  14590   0.14760E-04
  14600   0.14740E-04
  14610   0.14685E-04
  14620   0.14636E-04
  14630   0.14608E-04
  14640   0.14555E-04
  14650   0.14526E-04
  14660   0.14469E-04
  14670   0.14424E-04
  14680   0.14395E-04
  14690   0.14342E-04
  14700   0.14295E-04
  14710   0.14233E-04
  14720   0.14215E-04
  14730   0.14171E-04
  14740   0.14113E-04
  14750   0.14073E-04
  14760   0.14038E-04
  14770   0.14011E-04
  14780   0.13971E-04
  14790   0.13957E-04
  14800   0.13933E-04
  14810   0.13894E-04
  14820   0.13865E-04
  14830   0.13824E-04
  14840   0.13775E-04
  14850   0.13744E-04
  14860   0.13707E-04
  14870   0.13654E-04
  14880   0.13643E-04
  14890   0.13611E-04
  14900   0.13588E-04
  14910   0.13548E-04
  14920   0.13531E-04
  14930   0.13504E-04
  14940   0.13467E-04
  14950   0.13439E-04
  14960   0.13426E-04
  14970   0.13391E-04
  14980   0.13365E-04
  14990   0.13347E-04
  15000   0.13310E-04
  15010   0.13306E-04
  15020   0.13266E-04
  15030   0.13246E-04
  15040   0.13218E-04
  15050   0.13227E-04
  15060   0.13196E-04
  15070   0.13173E-04
  15080   0.13174E-04
  15090   0.13137E-04
  15100   0.13126E-04
  15110   0.13125E-04
  15120   0.13081E-04
  15130   0.13109E-04
  15140   0.13087E-04
  15150   0.13090E-04
  15160   0.13043E-04
  15170   0.13054E-04
  15180   0.13057E-04
  15190   0.13029E-04
  15200   0.13031E-04
  15210   0.13018E-04
  15220   0.13041E-04
  15230   0.13015E-04
  15240   0.13018E-04
  15250   0.13003E-04
  15260   0.13008E-04
  15270   0.13014E-04
  15280   0.13029E-04
  15290   0.13022E-04
  15300   0.13041E-04
  15310   0.13014E-04
  15320   0.13026E-04
  15330   0.13017E-04
  15340   0.13019E-04
  15350   0.13044E-04
  15360   0.13045E-04
  15370   0.13051E-04
  15380   0.13058E-04
  15390   0.13076E-04
  15400   0.13062E-04
  15410   0.13070E-04
  15420   0.13062E-04
  15430   0.13103E-04
  15440   0.13141E-04
  15450   0.13154E-04
  15460   0.13151E-04
  15470   0.13174E-04
  15480   0.13167E-04
  15490   0.13195E-04
  15500   0.13219E-04
  15510   0.13245E-04
  15520   0.13242E-04
  15530   0.13271E-04
  15540   0.13295E-04
  15550   0.13315E-04
  15560   0.13342E-04
  15570   0.13351E-04
  15580   0.13404E-04
  15590   0.13426E-04
  15600   0.13446E-04
  15610   0.13486E-04
  15620   0.13510E-04
  15630   0.13528E-04
  15640   0.13562E-04
  15650   0.13578E-04
  15660   0.13631E-04
  15670   0.13649E-04
  15680   0.13657E-04
  15690   0.13703E-04
  15700   0.13762E-04
  15710   0.13763E-04
  15720   0.13806E-04
  15730   0.13829E-04
  15740   0.13870E-04
  15750   0.13937E-04
  15760   0.13966E-04
  15770   0.14011E-04
  15780   0.14049E-04
  15790   0.14089E-04
  15800   0.14114E-04
  15810   0.14160E-04
  15820   0.14201E-04
  15830   0.14220E-04
  15840   0.14258E-04
  15850   0.14278E-04
  15860   0.14333E-04
  15870   0.14362E-04
  15880   0.14406E-04
  15890   0.14460E-04
  15900   0.14509E-04
  15910   0.14540E-04
  15920   0.14592E-04
  15930   0.14634E-04
  15940   0.14698E-04
  15950   0.14722E-04
  15960   0.14790E-04
  15970   0.14827E-04
  15980   0.14886E-04
  15990   0.14944E-04
  16000   0.14970E-04
  16010   0.15022E-04
  16020   0.15092E-04
  16030   0.15135E-04
  16040   0.15176E-04
  16050   0.15242E-04
  16060   0.15283E-04
  16070   0.15330E-04
  16080   0.15398E-04
  16090   0.15453E-04
  16100   0.15510E-04
  16110   0.15544E-04
  16120   0.15595E-04
  16130   0.15655E-04
  16140   0.15709E-04
  16150   0.15768E-04
  16160   0.15831E-04
  16170   0.15887E-04
  16180   0.15915E-04
  16190   0.15991E-04
  16200   0.16036E-04
  16210   0.16092E-04
  16220   0.16156E-04
  16230   0.16196E-04
  16240   0.16274E-04
  16250   0.16312E-04
  16260   0.16331E-04
  16270   0.16420E-04
  16280   0.16464E-04
  16290   0.16530E-04
  16300   0.16569E-04
  16310   0.16660E-04
  16320   0.16725E-04
  16330   0.16767E-04
  16340   0.16813E-04
  16350   0.16859E-04
  16360   0.16935E-04
  16370   0.17010E-04
  16380   0.17076E-04
  16390   0.17128E-04
  16400   0.17180E-04
  16410   0.17223E-04
  16420   0.17280E-04
  16430   0.17341E-04
  16440   0.17413E-04
  16450   0.17472E-04
  16460   0.17516E-04
  16470   0.17599E-04
  16480   0.17636E-04
  16490   0.17688E-04
  16500   0.17763E-04
  16510   0.17821E-04
  16520   0.17880E-04
  16530   0.17943E-04
  16540   0.18003E-04
  16550   0.18047E-04
  16560   0.18108E-04
  16570   0.18160E-04
  16580   0.18233E-04
  16590   0.18297E-04
  16600   0.18343E-04
  16610   0.18406E-04
  16620   0.18470E-04
  16630   0.18536E-04
  16640   0.18589E-04
  16650   0.18645E-04
  16660   0.18721E-04
  16670   0.18785E-04
  16680   0.18820E-04
  16690   0.18884E-04
  16700   0.18938E-04
  16710   0.19005E-04
  16720   0.19053E-04
  16730   0.19117E-04
  16740   0.19146E-04
  16750   0.19207E-04
  16760   0.19257E-04
  16770   0.19314E-04
  16780   0.19377E-04
  16790   0.19444E-04
  16800   0.19490E-04
  16810   0.19534E-04
  16820   0.19601E-04
  16830   0.19656E-04
  16840   0.19705E-04
  16850   0.19771E-04
  16860   0.19822E-04
  16870   0.19881E-04
  16880   0.19940E-04
  16890   0.19997E-04
  16900   0.20051E-04
  16910   0.20125E-04
  16920   0.20164E-04
  16930   0.20238E-04
  16940   0.20285E-04
  16950   0.20330E-04
  16960   0.20388E-04
  16970   0.20457E-04
  16980   0.20499E-04
  16990   0.20541E-04
  17000   0.20602E-04
  17010   0.20660E-04
  17020   0.20685E-04
  17030   0.20758E-04
  17040   0.20818E-04
  17050   0.20856E-04
  17060   0.20919E-04
  17070   0.20988E-04
  17080   0.21014E-04
  17090   0.21089E-04
  17100   0.21131E-04
  17110   0.21174E-04
  17120   0.21237E-04
  17130   0.21295E-04
  17140   0.21326E-04
  17150   0.21387E-04
  17160   0.21428E-04
  17170   0.21470E-04
  17180   0.21528E-04
  17190   0.21569E-04
  17200   0.21630E-04
  17210   0.21685E-04
  17220   0.21744E-04
  17230   0.21763E-04
  17240   0.21823E-04
  17250   0.21850E-04
  17260   0.21877E-04
  17270   0.21974E-04
  17280   0.21984E-04
  17290   0.22051E-04
  17300   0.22077E-04
  17310   0.22123E-04
  17320   0.22178E-04
  17330   0.22208E-04
  17340   0.22244E-04
  17350   0.22297E-04
  17360   0.22352E-04
  17370   0.22378E-04
  17380   0.22430E-04
  17390   0.22454E-04
  17400   0.22503E-04
  17410   0.22540E-04
  17420   0.22595E-04
  17430   0.22612E-04
  17440   0.22660E-04
  17450   0.22700E-04
  17460   0.22697E-04
  17470   0.22772E-04
  17480   0.22820E-04
  17490   0.22832E-04
  17500   0.22874E-04
  17510   0.22897E-04
  17520   0.22930E-04
  17530   0.22980E-04
  17540   0.23032E-04
  17550   0.23040E-04
  17560   0.23066E-04
  17570   0.23088E-04
  17580   0.23143E-04
  17590   0.23177E-04
  17600   0.23206E-04
  17610   0.23253E-04
  17620   0.23282E-04
  17630   0.23318E-04
  17640   0.23360E-04
  17650   0.23387E-04
  17660   0.23433E-04
  17670   0.23482E-04
  17680   0.23503E-04
  17690   0.23542E-04
  17700   0.23587E-04
  17710   0.23640E-04
  17720   0.23679E-04
  17730   0.23667E-04
  17740   0.23705E-04
  17750   0.23713E-04
  17760   0.23753E-04
  17770   0.23801E-04
  17780   0.23801E-04
  17790   0.23839E-04
  17800   0.23862E-04
  17810   0.23881E-04
  17820   0.23916E-04
  17830   0.23950E-04
  17840   0.23981E-04
  17850   0.23993E-04
  17860   0.24023E-04
  17870   0.24052E-04
  17880   0.24062E-04
  17890   0.24084E-04
  17900   0.24105E-04
  17910   0.24119E-04
  17920   0.24129E-04
  17930   0.24131E-04
  17940   0.24175E-04
  17950   0.24186E-04
  17960   0.24206E-04
  17970   0.24232E-04
  17980   0.24244E-04
  17990   0.24257E-04
  18000   0.24283E-04
  18010   0.24302E-04
  18020   0.24308E-04
  18030   0.24334E-04
  18040   0.24357E-04
  18050   0.24372E-04
  18060   0.24419E-04
  18070   0.24439E-04
  18080   0.24435E-04
  18090   0.24439E-04
  18100   0.24477E-04
  18110   0.24484E-04
  18120   0.24472E-04
  18130   0.24492E-04
  18140   0.24505E-04
  18150   0.24545E-04
  18160   0.24564E-04
  18170   0.24566E-04
  18180   0.24603E-04
  18190   0.24627E-04
  18200   0.24634E-04
  18210   0.24646E-04
  18220   0.24656E-04
  18230   0.24676E-04
  18240   0.24649E-04
  18250   0.24675E-04
  18260   0.24694E-04
  18270   0.24704E-04
  18280   0.24703E-04
  18290   0.24725E-04
  18300   0.24717E-04
  18310   0.24724E-04
  18320   0.24730E-04
  18330   0.24746E-04
  18340   0.24741E-04
  18350   0.24734E-04
  18360   0.24738E-04
  18370   0.24723E-04
  18380   0.24717E-04
  18390   0.24728E-04
  18400   0.24738E-04
  18410   0.24751E-04
  18420   0.24748E-04
  18430   0.24747E-04
  18440   0.24751E-04
  18450   0.24741E-04
  18460   0.24742E-04
  18470   0.24743E-04
  18480   0.24768E-04
  18490   0.24773E-04
  18500   0.24762E-04
  18510   0.24775E-04
  18520   0.24763E-04
  18530   0.24791E-04
  18540   0.24779E-04
  18550   0.24794E-04
  18560   0.24783E-04
  18570   0.24770E-04
  18580   0.24775E-04
  18590   0.24786E-04
  18600   0.24776E-04
  18610   0.24767E-04
  18620   0.24743E-04
  18630   0.24733E-04
  18640   0.24732E-04
  18650   0.24718E-04
  18660   0.24732E-04
  18670   0.24717E-04
  18680   0.24725E-04
  18690   0.24705E-04
  18700   0.24708E-04
  18710   0.24684E-04
  18720   0.24693E-04
  18730   0.24692E-04
  18740   0.24668E-04
  18750   0.24665E-04
  18760   0.24651E-04
  18770   0.24621E-04
  18780   0.24622E-04
  18790   0.24602E-04
  18800   0.24616E-04
  18810   0.24617E-04
  18820   0.24591E-04
  18830   0.24576E-04
  18840   0.24588E-04
  18850   0.24575E-04
  18860   0.24550E-04
  18870   0.24529E-04
  18880   0.24515E-04
  18890   0.24484E-04
  18900   0.24471E-04
  18910   0.24457E-04
  18920   0.24446E-04
  18930   0.24428E-04
  18940   0.24416E-04
  18950   0.24394E-04
  18960   0.24382E-04
  18970   0.24347E-04
  18980   0.24356E-04
  18990   0.24359E-04
  19000   0.24348E-04
  19010   0.24331E-04
  19020   0.24314E-04
  19030   0.24281E-04
  19040   0.24260E-04
  19050   0.24226E-04
  19060   0.24232E-04
  19070   0.24206E-04
  19080   0.24163E-04
  19090   0.24133E-04
  19100   0.24120E-04
  19110   0.24102E-04
  19120   0.24072E-04
  19130   0.24036E-04
  19140   0.24034E-04
  19150   0.24017E-04
  19160   0.24001E-04
  19170   0.23959E-04
  19180   0.23961E-04
  19190   0.23952E-04
  19200   0.23935E-04
  19210   0.23882E-04
  19220   0.23873E-04
  19230   0.23840E-04
  19240   0.23811E-04
  19250   0.23771E-04
  19260   0.23750E-04
  19270   0.23735E-04
  19280   0.23701E-04
  19290   0.23661E-04
  19300   0.23675E-04
  19310   0.23638E-04
  19320   0.23618E-04
  19330   0.23579E-04
  19340   0.23560E-04
  19350   0.23541E-04
  19360   0.23527E-04
  19370   0.23470E-04
  19380   0.23447E-04
  19390   0.23395E-04
  19400   0.23394E-04
  19410   0.23351E-04
  19420   0.23317E-04
  19430   0.23280E-04
  19440   0.23256E-04
  19450   0.23240E-04
  19460   0.23227E-04
  19470   0.23210E-04
  19480   0.23153E-04
  19490   0.23141E-04
  19500   0.23111E-04
  19510   0.23073E-04
  19520   0.23045E-04
  19530   0.23025E-04
  19540   0.22997E-04
  19550   0.22957E-04
  19560   0.22932E-04
  19570   0.22900E-04
  19580   0.22868E-04
  19590   0.22833E-04
  19600   0.22809E-04
  19610   0.22756E-04
  19620   0.22703E-04
  19630   0.22700E-04
  19640   0.22674E-04
  19650   0.22629E-04
  19660   0.22601E-04
  19670   0.22558E-04
  19680   0.22516E-04
  19690   0.22485E-04
  19700   0.22435E-04
  19710   0.22440E-04
  19720   0.22397E-04
  19730   0.22362E-04
  19740   0.22315E-04
  19750   0.22278E-04
  19760   0.22271E-04
  19770   0.22225E-04
  19780   0.22180E-04
  19790   0.22166E-04
  19800   0.22105E-04
  19810   0.22053E-04
  19820   0.22019E-04
  19830   0.21944E-04
  19840   0.21935E-04
  19850   0.21892E-04
  19860   0.21848E-04
  19870   0.21818E-04
  19880   0.21781E-04
  19890   0.21750E-04
  19900   0.21743E-04
  19910   0.21719E-04
  19920   0.21672E-04
  19930   0.21642E-04
  19940   0.21587E-04
  19950   0.21559E-04
  19960   0.21523E-04
  19970   0.21475E-04
  19980   0.21441E-04
  19990   0.21404E-04
  20000   0.21372E-04
