     10   0.12426E-02
     20   0.11142E-02
     30   0.10146E-02
     40   0.93604E-03
     50   0.87281E-03
     60   0.82060E-03
     70   0.77665E-03
     80   0.73904E-03
     90   0.70624E-03
    100   0.67716E-03
    110   0.65094E-03
    120   0.62719E-03
    130   0.60532E-03
    140   0.58506E-03
    150   0.56604E-03
    160   0.54827E-03
    170   0.53147E-03
    180   0.51555E-03
    190   0.50032E-03
    200   0.48580E-03
    210   0.47182E-03
    220   0.45846E-03
    230   0.44553E-03
    240   0.43296E-03
    250   0.42091E-03
    260   0.40932E-03
    270   0.39807E-03
    280   0.38723E-03
    290   0.37678E-03
    300   0.36670E-03
    310   0.35708E-03
    320   0.34781E-03
    330   0.33881E-03
    340   0.33013E-03
    350   0.32175E-03
    360   0.31365E-03
    370   0.30583E-03
    380   0.29831E-03
    390   0.29103E-03
    400   0.28401E-03
    410   0.27737E-03
    420   0.27095E-03
    430   0.26484E-03
    440   0.25888E-03
    450   0.25317E-03
    460   0.24768E-03
    470   0.24240E-03
    480   0.23734E-03
    490   0.23247E-03
    500   0.22775E-03
    510   0.22330E-03
    520   0.21896E-03
    530   0.21485E-03
    540   0.21086E-03
    550   0.20705E-03
    560   0.20338E-03
    570   0.19983E-03
    580   0.19648E-03
    590   0.19319E-03
    600   0.19010E-03
    610   0.18716E-03
    620   0.18432E-03
    630   0.18165E-03
    640   0.17909E-03
    650   0.17670E-03
    660   0.17443E-03
    670   0.17230E-03
    680   0.17031E-03
    690   0.16846E-03
    700   0.16674E-03
    710   0.16512E-03
    720   0.16362E-03
    730   0.16221E-03
    740   0.16091E-03
    750   0.15967E-03
    760   0.15852E-03
    770   0.15741E-03
    780   0.15639E-03
    790   0.15536E-03
    800   0.15438E-03
    810   0.15341E-03
    820   0.15244E-03
    830   0.15146E-03
    840   0.15051E-03
    850   0.14949E-03
    860   0.14849E-03
    870   0.14746E-03
    880   0.14640E-03
    890   0.14532E-03
    900   0.14422E-03
    910   0.14309E-03
    920   0.14194E-03
    930   0.14080E-03
    940   0.13963E-03
    950   0.13847E-03
    960   0.13733E-03
    970   0.13619E-03
    980   0.13507E-03
    990   0.13397E-03
   1000   0.13291E-03
   1010   0.13190E-03
   1020   0.13092E-03
   1030   0.13000E-03
   1040   0.12914E-03
   1050   0.12835E-03
   1060   0.12763E-03
   1070   0.12697E-03
   1080   0.12640E-03
   1090   0.12590E-03
   1100   0.12548E-03
   1110   0.12514E-03
   1120   0.12487E-03
   1130   0.12466E-03
   1140   0.12455E-03
   1150   0.12449E-03
   1160   0.12450E-03
   1170   0.12459E-03
   1180   0.12471E-03
   1190   0.12490E-03
   1200   0.12512E-03
   1210   0.12540E-03
   1220   0.12569E-03
   1230   0.12604E-03
   1240   0.12639E-03
   1250   0.12676E-03
   1260   0.12714E-03
   1270   0.12751E-03
   1280   0.12790E-03
   1290   0.12827E-03
   1300   0.12862E-03
   1310   0.12896E-03
   1320   0.12927E-03
   1330   0.12956E-03
   1340   0.12982E-03
   1350   0.13003E-03
   1360   0.13021E-03
   1370   0.13035E-03
   1380   0.13045E-03
   1390   0.13051E-03
   1400   0.13053E-03
   1410   0.13051E-03
   1420   0.13042E-03
   1430   0.13032E-03
   1440   0.13014E-03
   1450   0.12994E-03
   1460   0.12970E-03
   1470   0.12941E-03
   1480   0.12910E-03
   1490   0.12876E-03
   1500   0.12835E-03
   1510   0.12793E-03
   1520   0.12746E-03
   1530   0.12699E-03
   1540   0.12646E-03
   1550   0.12592E-03
   1560   0.12536E-03
   1570   0.12477E-03
   1580   0.12416E-03
   1590   0.12354E-03
   1600   0.12287E-03
   1610   0.12220E-03
   1620   0.12151E-03
   1630   0.12083E-03
   1640   0.12012E-03
   1650   0.11937E-03
   1660   0.11867E-03
   1670   0.11792E-03
   1680   0.11717E-03
   1690   0.11642E-03
   1700   0.11568E-03
   1710   0.11493E-03
   1720   0.11418E-03
   1730   0.11346E-03
   1740   0.11272E-03
   1750   0.11202E-03
   1760   0.11134E-03
   1770   0.11065E-03
   1780   0.11002E-03
   1790   0.10941E-03
   1800   0.10883E-03
   1810   0.10827E-03
   1820   0.10778E-03
   1830   0.10733E-03
   1840   0.10689E-03
   1850   0.10652E-03
   1860   0.10619E-03
   1870   0.10595E-03
   1880   0.10570E-03
   1890   0.10553E-03
   1900   0.10541E-03
   1910   0.10535E-03
   1920   0.10533E-03
   1930   0.10535E-03
   1940   0.10542E-03
   1950   0.10555E-03
   1960   0.10571E-03
   1970   0.10592E-03
   1980   0.10615E-03
   1990   0.10641E-03
   2000   0.10672E-03
   2010   0.10707E-03
   2020   0.10738E-03
   2030   0.10776E-03
   2040   0.10815E-03
   2050   0.10853E-03
   2060   0.10893E-03
   2070   0.10934E-03
   2080   0.10972E-03
   2090   0.11014E-03
   2100   0.11050E-03
   2110   0.11090E-03
   2120   0.11127E-03
   2130   0.11160E-03
   2140   0.11194E-03
   2150   0.11227E-03
   2160   0.11256E-03
   2170   0.11286E-03
   2180   0.11311E-03
   2190   0.11334E-03
   2200   0.11354E-03
   2210   0.11374E-03
   2220   0.11391E-03
   2230   0.11403E-03
   2240   0.11414E-03
   2250   0.11423E-03
   2260   0.11430E-03
   2270   0.11437E-03
   2280   0.11439E-03
   2290   0.11440E-03
   2300   0.11442E-03
   2310   0.11438E-03
   2320   0.11437E-03
   2330   0.11432E-03
   2340   0.11426E-03
   2350   0.11423E-03
   2360   0.11416E-03
   2370   0.11411E-03
   2380   0.11405E-03
   2390   0.11400E-03
   2400   0.11396E-03
   2410   0.11390E-03
   2420   0.11386E-03
   2430   0.11383E-03
   2440   0.11383E-03
   2450   0.11383E-03
   2460   0.11383E-03
   2470   0.11387E-03
   2480   0.11391E-03
   2490   0.11398E-03
   2500   0.11406E-03
   2510   0.11415E-03
   2520   0.11427E-03
   2530   0.11439E-03
   2540   0.11451E-03
   2550   0.11469E-03
   2560   0.11485E-03
   2570   0.11502E-03
   2580   0.11522E-03
   2590   0.11541E-03
   2600   0.11563E-03
   2610   0.11584E-03
   2620   0.11607E-03
   2630   0.11629E-03
   2640   0.11652E-03
   2650   0.11673E-03
   2660   0.11695E-03
   2670   0.11716E-03
   2680   0.11736E-03
   2690   0.11756E-03
   2700   0.11774E-03
   2710   0.11791E-03
   2720   0.11808E-03
   2730   0.11822E-03
   2740   0.11836E-03
   2750   0.11845E-03
   2760   0.11855E-03
   2770   0.11862E-03
   2780   0.11866E-03
   2790   0.11868E-03
   2800   0.11868E-03
   2810   0.11865E-03
   2820   0.11861E-03
   2830   0.11854E-03
   2840   0.11845E-03
   2850   0.11833E-03
   2860   0.11819E-03
   2870   0.11802E-03
   2880   0.11783E-03
   2890   0.11763E-03
   2900   0.11741E-03
   2910   0.11715E-03
   2920   0.11689E-03
   2930   0.11661E-03
   2940   0.11632E-03
   2950   0.11600E-03
   2960   0.11571E-03
   2970   0.11537E-03
   2980   0.11504E-03
   2990   0.11470E-03
   3000   0.11437E-03
   3010   0.11402E-03
   3020   0.11367E-03
   3030   0.11333E-03
   3040   0.11300E-03
   3050   0.11268E-03
   3060   0.11235E-03
   3070   0.11205E-03
   3080   0.11176E-03
   3090   0.11148E-03
   3100   0.11123E-03
   3110   0.11100E-03
   3120   0.11080E-03
   3130   0.11062E-03
   3140   0.11046E-03
   3150   0.11033E-03
   3160   0.11024E-03
   3170   0.11018E-03
   3180   0.11016E-03
   3190   0.11017E-03
   3200   0.11020E-03
   3210   0.11031E-03
   3220   0.11041E-03
   3230   0.11058E-03
   3240   0.11078E-03
   3250   0.11102E-03
   3260   0.11131E-03
   3270   0.11165E-03
   3280   0.11199E-03
   3290   0.11239E-03
   3300   0.11283E-03
   3310   0.11332E-03
   3320   0.11381E-03
   3330   0.11436E-03
   3340   0.11494E-03
   3350   0.11557E-03
   3360   0.11620E-03
   3370   0.11685E-03
   3380   0.11757E-03
   3390   0.11829E-03
   3400   0.11904E-03
   3410   0.11979E-03
   3420   0.12059E-03
   3430   0.12139E-03
   3440   0.12221E-03
   3450   0.12305E-03
   3460   0.12392E-03
   3470   0.12475E-03
   3480   0.12559E-03
   3490   0.12649E-03
   3500   0.12734E-03
   3510   0.12822E-03
   3520   0.12910E-03
   3530   0.12995E-03
   3540   0.13083E-03
   3550   0.13171E-03
   3560   0.13257E-03
   3570   0.13343E-03
   3580   0.13425E-03
   3590   0.13511E-03
   3600   0.13595E-03
   3610   0.13675E-03
   3620   0.13756E-03
   3630   0.13836E-03
   3640   0.13915E-03
   3650   0.13991E-03
   3660   0.14067E-03
   3670   0.14142E-03
   3680   0.14213E-03
   3690   0.14285E-03
   3700   0.14354E-03
   3710   0.14419E-03
   3720   0.14482E-03
   3730   0.14546E-03
   3740   0.14611E-03
   3750   0.14671E-03
   3760   0.14725E-03
   3770   0.14784E-03
   3780   0.14839E-03
   3790   0.14892E-03
   3800   0.14940E-03
   3810   0.14989E-03
   3820   0.15036E-03
   3830   0.15082E-03
   3840   0.15122E-03
   3850   0.15168E-03
   3860   0.15205E-03
   3870   0.15239E-03
   3880   0.15273E-03
   3890   0.15308E-03
   3900   0.15335E-03
   3910   0.15367E-03
   3920   0.15393E-03
   3930   0.15415E-03
   3940   0.15442E-03
   3950   0.15463E-03
   3960   0.15479E-03
   3970   0.15492E-03
   3980   0.15509E-03
   3990   0.15518E-03
   4000   0.15533E-03
   4010   0.15543E-03
   4020   0.15545E-03
   4030   0.15552E-03
   4040   0.15553E-03
   4050   0.15554E-03
   4060   0.15552E-03
   4070   0.15552E-03
   4080   0.15545E-03
   4090   0.15539E-03
   4100   0.15532E-03
   4110   0.15519E-03
   4120   0.15507E-03
   4130   0.15490E-03
   4140   0.15477E-03
   4150   0.15458E-03
   4160   0.15440E-03
   4170   0.15414E-03
   4180   0.15395E-03
   4190   0.15370E-03
   4200   0.15343E-03
   4210   0.15311E-03
   4220   0.15286E-03
   4230   0.15252E-03
   4240   0.15223E-03
   4250   0.15188E-03
   4260   0.15156E-03
   4270   0.15121E-03
   4280   0.15081E-03
   4290   0.15040E-03
   4300   0.15002E-03
   4310   0.14962E-03
   4320   0.14923E-03
   4330   0.14873E-03
   4340   0.14830E-03
   4350   0.14789E-03
   4360   0.14743E-03
   4370   0.14699E-03
   4380   0.14646E-03
   4390   0.14599E-03
   4400   0.14547E-03
   4410   0.14498E-03
   4420   0.14449E-03
   4430   0.14397E-03
   4440   0.14346E-03
   4450   0.14295E-03
   4460   0.14239E-03
   4470   0.14187E-03
   4480   0.14134E-03
   4490   0.14080E-03
   4500   0.14028E-03
   4510   0.13970E-03
   4520   0.13914E-03
   4530   0.13858E-03
   4540   0.13803E-03
   4550   0.13748E-03
   4560   0.13689E-03
   4570   0.13632E-03
   4580   0.13577E-03
   4590   0.13515E-03
   4600   0.13458E-03
   4610   0.13399E-03
   4620   0.13339E-03
   4630   0.13277E-03
   4640   0.13219E-03
   4650   0.13158E-03
   4660   0.13097E-03
   4670   0.13036E-03
   4680   0.12975E-03
   4690   0.12912E-03
   4700   0.12848E-03
   4710   0.12784E-03
   4720   0.12723E-03
   4730   0.12662E-03
   4740   0.12594E-03
   4750   0.12529E-03
   4760   0.12465E-03
   4770   0.12400E-03
   4780   0.12333E-03
   4790   0.12262E-03
   4800   0.12198E-03
   4810   0.12134E-03
   4820   0.12060E-03
   4830   0.11996E-03
   4840   0.11925E-03
   4850   0.11857E-03
   4860   0.11789E-03
   4870   0.11717E-03
   4880   0.11644E-03
   4890   0.11570E-03
   4900   0.11501E-03
   4910   0.11429E-03
   4920   0.11357E-03
   4930   0.11286E-03
   4940   0.11215E-03
   4950   0.11141E-03
   4960   0.11067E-03
   4970   0.10995E-03
   4980   0.10922E-03
   4990   0.10844E-03
   5000   0.10774E-03
   5010   0.10698E-03
   5020   0.10622E-03
   5030   0.10551E-03
   5040   0.10478E-03
   5050   0.10404E-03
   5060   0.10330E-03
   5070   0.10255E-03
   5080   0.10184E-03
   5090   0.10111E-03
   5100   0.10038E-03
   5110   0.99649E-04
   5120   0.98929E-04
   5130   0.98185E-04
   5140   0.97466E-04
   5150   0.96764E-04
   5160   0.96044E-04
   5170   0.95397E-04
   5180   0.94692E-04
   5190   0.94000E-04
   5200   0.93319E-04
   5210   0.92646E-04
   5220   0.91968E-04
   5230   0.91309E-04
   5240   0.90650E-04
   5250   0.90009E-04
   5260   0.89378E-04
   5270   0.88753E-04
   5280   0.88118E-04
   5290   0.87504E-04
   5300   0.86902E-04
   5310   0.86320E-04
   5320   0.85713E-04
   5330   0.85136E-04
   5340   0.84581E-04
   5350   0.84033E-04
   5360   0.83457E-04
   5370   0.82942E-04
   5380   0.82401E-04
   5390   0.81881E-04
   5400   0.81379E-04
   5410   0.80843E-04
   5420   0.80378E-04
   5430   0.79890E-04
   5440   0.79422E-04
   5450   0.78944E-04
   5460   0.78486E-04
   5470   0.78044E-04
   5480   0.77597E-04
   5490   0.77194E-04
   5500   0.76757E-04
   5510   0.76345E-04
   5520   0.75947E-04
   5530   0.75555E-04
   5540   0.75196E-04
   5550   0.74790E-04
   5560   0.74407E-04
   5570   0.74059E-04
   5580   0.73719E-04
   5590   0.73370E-04
   5600   0.73017E-04
   5610   0.72693E-04
   5620   0.72373E-04
   5630   0.72045E-04
   5640   0.71741E-04
   5650   0.71446E-04
   5660   0.71134E-04
   5670   0.70851E-04
   5680   0.70566E-04
   5690   0.70283E-04
   5700   0.70009E-04
   5710   0.69760E-04
   5720   0.69495E-04
   5730   0.69242E-04
   5740   0.68995E-04
   5750   0.68746E-04
   5760   0.68472E-04
   5770   0.68263E-04
   5780   0.68050E-04
   5790   0.67836E-04
   5800   0.67624E-04
   5810   0.67354E-04
   5820   0.67152E-04
   5830   0.66953E-04
   5840   0.66761E-04
   5850   0.66552E-04
   5860   0.66334E-04
   5870   0.66143E-04
   5880   0.65936E-04
   5890   0.65769E-04
   5900   0.65579E-04
   5910   0.65399E-04
   5920   0.65246E-04
   5930   0.65074E-04
   5940   0.64882E-04
   5950   0.64734E-04
   5960   0.64594E-04
   5970   0.64393E-04
   5980   0.64273E-04
   5990   0.64102E-04
   6000   0.63931E-04
   6010   0.63792E-04
   6020   0.63638E-04
   6030   0.63509E-04
   6040   0.63353E-04
   6050   0.63197E-04
   6060   0.63087E-04
   6070   0.62936E-04
   6080   0.62799E-04
   6090   0.62666E-04
   6100   0.62504E-04
   6110   0.62408E-04
   6120   0.62273E-04
   6130   0.62173E-04
   6140   0.62021E-04
   6150   0.61896E-04
   6160   0.61794E-04
   6170   0.61657E-04
   6180   0.61563E-04
   6190   0.61425E-04
   6200   0.61315E-04
   6210   0.61220E-04
   6220   0.61120E-04
   6230   0.61001E-04
   6240   0.60913E-04
   6250   0.60794E-04
   6260   0.60692E-04
   6270   0.60559E-04
   6280   0.60461E-04
   6290   0.60379E-04
   6300   0.60294E-04
   6310   0.60198E-04
   6320   0.60111E-04
   6330   0.59988E-04
   6340   0.59893E-04
   6350   0.59803E-04
   6360   0.59734E-04
   6370   0.59606E-04
   6380   0.59537E-04
   6390   0.59444E-04
   6400   0.59361E-04
   6410   0.59291E-04
   6420   0.59172E-04
   6430   0.59134E-04
   6440   0.59035E-04
   6450   0.58957E-04
   6460   0.58894E-04
   6470   0.58825E-04
   6480   0.58738E-04
   6490   0.58660E-04
   6500   0.58593E-04
   6510   0.58518E-04
   6520   0.58438E-04
   6530   0.58369E-04
   6540   0.58318E-04
   6550   0.58257E-04
   6560   0.58178E-04
   6570   0.58146E-04
   6580   0.58055E-04
   6590   0.58026E-04
   6600   0.57944E-04
   6610   0.57904E-04
   6620   0.57842E-04
   6630   0.57792E-04
   6640   0.57711E-04
   6650   0.57714E-04
   6660   0.57666E-04
   6670   0.57580E-04
   6680   0.57548E-04
   6690   0.57494E-04
   6700   0.57482E-04
   6710   0.57425E-04
   6720   0.57400E-04
   6730   0.57351E-04
   6740   0.57320E-04
   6750   0.57290E-04
   6760   0.57257E-04
   6770   0.57239E-04
   6780   0.57175E-04
   6790   0.57192E-04
   6800   0.57159E-04
   6810   0.57136E-04
   6820   0.57110E-04
   6830   0.57086E-04
   6840   0.57093E-04
   6850   0.57084E-04
   6860   0.57050E-04
   6870   0.57022E-04
   6880   0.57054E-04
   6890   0.57039E-04
   6900   0.57018E-04
   6910   0.57016E-04
   6920   0.57022E-04
   6930   0.57037E-04
   6940   0.57019E-04
   6950   0.57026E-04
   6960   0.57009E-04
   6970   0.57028E-04
   6980   0.57047E-04
   6990   0.57048E-04
   7000   0.57050E-04
   7010   0.57093E-04
   7020   0.57108E-04
   7030   0.57110E-04
   7040   0.57122E-04
   7050   0.57120E-04
   7060   0.57168E-04
   7070   0.57182E-04
   7080   0.57205E-04
   7090   0.57227E-04
   7100   0.57270E-04
   7110   0.57314E-04
   7120   0.57330E-04
   7130   0.57362E-04
   7140   0.57388E-04
   7150   0.57440E-04
   7160   0.57461E-04
   7170   0.57502E-04
   7180   0.57547E-04
   7190   0.57580E-04
   7200   0.57601E-04
   7210   0.57652E-04
   7220   0.57700E-04
   7230   0.57755E-04
   7240   0.57793E-04
   7250   0.57842E-04
   7260   0.57870E-04
   7270   0.57927E-04
   7280   0.57947E-04
   7290   0.58041E-04
   7300   0.58075E-04
   7310   0.58139E-04
   7320   0.58185E-04
   7330   0.58224E-04
   7340   0.58256E-04
   7350   0.58330E-04
   7360   0.58394E-04
   7370   0.58433E-04
   7380   0.58491E-04
   7390   0.58543E-04
   7400   0.58595E-04
   7410   0.58643E-04
   7420   0.58697E-04
   7430   0.58735E-04
   7440   0.58794E-04
   7450   0.58869E-04
   7460   0.58921E-04
   7470   0.58974E-04
   7480   0.59012E-04
   7490   0.59110E-04
   7500   0.59152E-04
   7510   0.59193E-04
   7520   0.59248E-04
   7530   0.59284E-04
   7540   0.59349E-04
   7550   0.59379E-04
   7560   0.59442E-04
   7570   0.59477E-04
   7580   0.59543E-04
   7590   0.59592E-04
   7600   0.59648E-04
   7610   0.59712E-04
   7620   0.59727E-04
   7630   0.59782E-04
   7640   0.59834E-04
   7650   0.59879E-04
   7660   0.59925E-04
   7670   0.59960E-04
   7680   0.59994E-04
   7690   0.60035E-04
   7700   0.60073E-04
   7710   0.60135E-04
   7720   0.60154E-04
   7730   0.60173E-04
   7740   0.60222E-04
   7750   0.60257E-04
   7760   0.60298E-04
   7770   0.60308E-04
   7780   0.60360E-04
   7790   0.60357E-04
   7800   0.60380E-04
   7810   0.60418E-04
   7820   0.60441E-04
   7830   0.60460E-04
   7840   0.60494E-04
   7850   0.60518E-04
   7860   0.60521E-04
   7870   0.60550E-04
   7880   0.60568E-04
   7890   0.60569E-04
   7900   0.60571E-04
   7910   0.60578E-04
   7920   0.60603E-04
   7930   0.60585E-04
   7940   0.60602E-04
   7950   0.60590E-04
   7960   0.60600E-04
   7970   0.60627E-04
   7980   0.60608E-04
   7990   0.60606E-04
   8000   0.60599E-04
   8010   0.60599E-04
   8020   0.60582E-04
   8030   0.60575E-04
   8040   0.60566E-04
   8050   0.60529E-04
   8060   0.60522E-04
   8070   0.60516E-04
   8080   0.60519E-04
   8090   0.60475E-04
   8100   0.60464E-04
   8110   0.60425E-04
   8120   0.60404E-04
   8130   0.60400E-04
   8140   0.60359E-04
   8150   0.60296E-04
   8160   0.60281E-04
   8170   0.60263E-04
   8180   0.60225E-04
   8190   0.60209E-04
   8200   0.60167E-04
   8210   0.60127E-04
   8220   0.60085E-04
   8230   0.60042E-04
   8240   0.59998E-04
   8250   0.59953E-04
   8260   0.59909E-04
   8270   0.59854E-04
   8280   0.59832E-04
   8290   0.59800E-04
   8300   0.59724E-04
   8310   0.59698E-04
   8320   0.59654E-04
   8330   0.59577E-04
   8340   0.59538E-04
   8350   0.59499E-04
   8360   0.59427E-04
   8370   0.59379E-04
   8380   0.59343E-04
   8390   0.59282E-04
   8400   0.59224E-04
   8410   0.59168E-04
   8420   0.59138E-04
   8430   0.59080E-04
   8440   0.58993E-04
   8450   0.58935E-04
   8460   0.58896E-04
   8470   0.58822E-04
   8480   0.58759E-04
   8490   0.58719E-04
   8500   0.58651E-04
   8510   0.58602E-04
   8520   0.58553E-04
   8530   0.58491E-04
   8540   0.58450E-04
   8550   0.58380E-04
   8560   0.58335E-04
   8570   0.58255E-04
   8580   0.58216E-04
   8590   0.58135E-04
   8600   0.58092E-04
   8610   0.58038E-04
   8620   0.57990E-04
   8630   0.57912E-04
   8640   0.57861E-04
   8650   0.57795E-04
   8660   0.57744E-04
   8670   0.57686E-04
   8680   0.57613E-04
   8690   0.57577E-04
   8700   0.57538E-04
   8710   0.57469E-04
   8720   0.57443E-04
   8730   0.57370E-04
   8740   0.57336E-04
   8750   0.57256E-04
   8760   0.57222E-04
   8770   0.57169E-04
   8780   0.57126E-04
   8790   0.57051E-04
   8800   0.57007E-04
   8810   0.56985E-04
   8820   0.56909E-04
   8830   0.56866E-04
   8840   0.56841E-04
   8850   0.56797E-04
   8860   0.56733E-04
   8870   0.56712E-04
   8880   0.56682E-04
   8890   0.56638E-04
   8900   0.56592E-04
   8910   0.56555E-04
   8920   0.56520E-04
   8930   0.56471E-04
   8940   0.56457E-04
   8950   0.56394E-04
   8960   0.56369E-04
   8970   0.56336E-04
   8980   0.56287E-04
   8990   0.56268E-04
   9000   0.56240E-04
   9010   0.56212E-04
   9020   0.56186E-04
   9030   0.56146E-04
   9040   0.56141E-04
   9050   0.56122E-04
   9060   0.56072E-04
   9070   0.56064E-04
   9080   0.56014E-04
   9090   0.56010E-04
   9100   0.55978E-04
   9110   0.55985E-04
   9120   0.55963E-04
   9130   0.55930E-04
   9140   0.55913E-04
   9150   0.55877E-04
   9160   0.55867E-04
   9170   0.55880E-04
   9180   0.55852E-04
   9190   0.55843E-04
   9200   0.55830E-04
   9210   0.55838E-04
   9220   0.55797E-04
   9230   0.55799E-04
   9240   0.55807E-04
   9250   0.55796E-04
   9260   0.55788E-04
   9270   0.55787E-04
   9280   0.55762E-04
   9290   0.55760E-04
   9300   0.55767E-04
   9310   0.55767E-04
   9320   0.55774E-04
   9330   0.55745E-04
   9340   0.55748E-04
   9350   0.55777E-04
   9360   0.55770E-04
   9370   0.55770E-04
   9380   0.55741E-04
   9390   0.55783E-04
   9400   0.55749E-04
   9410   0.55767E-04
   9420   0.55778E-04
   9430   0.55775E-04
   9440   0.55769E-04
   9450   0.55793E-04
   9460   0.55789E-04
   9470   0.55793E-04
   9480   0.55805E-04
   9490   0.55822E-04
   9500   0.55823E-04
   9510   0.55832E-04
   9520   0.55839E-04
   9530   0.55858E-04
   9540   0.55875E-04
   9550   0.55866E-04
   9560   0.55877E-04
   9570   0.55867E-04
   9580   0.55891E-04
   9590   0.55901E-04
   9600   0.55916E-04
   9610   0.55927E-04
   9620   0.55920E-04
   9630   0.55948E-04
   9640   0.55956E-04
   9650   0.55974E-04
   9660   0.55984E-04
   9670   0.55989E-04
   9680   0.55991E-04
   9690   0.56020E-04
   9700   0.56034E-04
   9710   0.56058E-04
   9720   0.56048E-04
   9730   0.56055E-04
   9740   0.56064E-04
   9750   0.56076E-04
   9760   0.56103E-04
   9770   0.56095E-04
   9780   0.56112E-04
   9790   0.56110E-04
   9800   0.56137E-04
   9810   0.56148E-04
   9820   0.56170E-04
   9830   0.56185E-04
   9840   0.56164E-04
   9850   0.56173E-04
   9860   0.56182E-04
   9870   0.56213E-04
   9880   0.56231E-04
   9890   0.56224E-04
   9900   0.56251E-04
   9910   0.56240E-04
   9920   0.56245E-04
   9930   0.56260E-04
   9940   0.56294E-04
   9950   0.56267E-04
   9960   0.56275E-04
   9970   0.56293E-04
   9980   0.56275E-04
   9990   0.56304E-04
  10000   0.56324E-04
  10010   0.56327E-04
  10020   0.56338E-04
  10030   0.56355E-04
  10040   0.56355E-04
  10050   0.56355E-04
  10060   0.56371E-04
  10070   0.56383E-04
  10080   0.56376E-04
  10090   0.56383E-04
  10100   0.56394E-04
  10110   0.56399E-04
  10120   0.56404E-04
  10130   0.56395E-04
  10140   0.56387E-04
  10150   0.56384E-04
  10160   0.56384E-04
  10170   0.56395E-04
  10180   0.56396E-04
  10190   0.56389E-04
  10200   0.56391E-04
  10210   0.56407E-04
  10220   0.56407E-04
  10230   0.56398E-04
  10240   0.56402E-04
  10250   0.56400E-04
  10260   0.56399E-04
  10270   0.56389E-04
  10280   0.56400E-04
  10290   0.56412E-04
  10300   0.56376E-04
  10310   0.56370E-04
  10320   0.56359E-04
  10330   0.56346E-04
  10340   0.56350E-04
  10350   0.56324E-04
  10360   0.56306E-04
  10370   0.56315E-04
  10380   0.56302E-04
  10390   0.56277E-04
  10400   0.56269E-04
  10410   0.56258E-04
  10420   0.56258E-04
  10430   0.56223E-04
  10440   0.56216E-04
  10450   0.56187E-04
  10460   0.56180E-04
  10470   0.56166E-04
  10480   0.56129E-04
  10490   0.56100E-04
  10500   0.56087E-04
  10510   0.56051E-04
  10520   0.56057E-04
  10530   0.56031E-04
  10540   0.56013E-04
  10550   0.55950E-04
  10560   0.55920E-04
  10570   0.55898E-04
  10580   0.55873E-04
  10590   0.55830E-04
  10600   0.55823E-04
  10610   0.55783E-04
  10620   0.55745E-04
  10630   0.55709E-04
  10640   0.55674E-04
  10650   0.55637E-04
  10660   0.55609E-04
  10670   0.55573E-04
  10680   0.55538E-04
  10690   0.55477E-04
  10700   0.55416E-04
  10710   0.55377E-04
  10720   0.55339E-04
  10730   0.55285E-04
  10740   0.55257E-04
  10750   0.55192E-04
  10760   0.55162E-04
  10770   0.55095E-04
  10780   0.55046E-04
  10790   0.54992E-04
  10800   0.54947E-04
  10810   0.54881E-04
  10820   0.54815E-04
  10830   0.54756E-04
  10840   0.54692E-04
  10850   0.54648E-04
  10860   0.54591E-04
  10870   0.54511E-04
  10880   0.54446E-04
  10890   0.54406E-04
  10900   0.54322E-04
  10910   0.54269E-04
  10920   0.54196E-04
  10930   0.54136E-04
  10940   0.54051E-04
  10950   0.54002E-04
  10960   0.53944E-04
  10970   0.53861E-04
  10980   0.53779E-04
  10990   0.53733E-04
  11000   0.53670E-04
  11010   0.53581E-04
  11020   0.53519E-04
  11030   0.53447E-04
  11040   0.53381E-04
  11050   0.53301E-04
  11060   0.53218E-04
  11070   0.53163E-04
  11080   0.53079E-04
  11090   0.53018E-04
  11100   0.52915E-04
  11110   0.52860E-04
  11120   0.52780E-04
  11130   0.52720E-04
  11140   0.52626E-04
  11150   0.52567E-04
  11160   0.52504E-04
  11170   0.52425E-04
  11180   0.52341E-04
  11190   0.52257E-04
  11200   0.52188E-04
  11210   0.52117E-04
  11220   0.52028E-04
  11230   0.51957E-04
  11240   0.51889E-04
  11250   0.51842E-04
  11260   0.51766E-04
  11270   0.51687E-04
  11280   0.51605E-04
  11290   0.51549E-04
  11300   0.51478E-04
  11310   0.51415E-04
  11320   0.51356E-04
  11330   0.51275E-04
  11340   0.51202E-04
  11350   0.51144E-04
  11360   0.51061E-04
  11370   0.50997E-04
  11380   0.50944E-04
  11390   0.50892E-04
  11400   0.50807E-04
  11410   0.50750E-04
  11420   0.50692E-04
  11430   0.50622E-04
  11440   0.50550E-04
  11450   0.50496E-04
  11460   0.50447E-04
  11470   0.50388E-04
  11480   0.50317E-04
  11490   0.50260E-04
  11500   0.50224E-04
  11510   0.50152E-04
  11520   0.50087E-04
  11530   0.50042E-04
  11540   0.49980E-04
  11550   0.49927E-04
  11560   0.49857E-04
  11570   0.49800E-04
  11580   0.49753E-04
  11590   0.49725E-04
  11600   0.49672E-04
  11610   0.49618E-04
  11620   0.49573E-04
  11630   0.49504E-04
  11640   0.49467E-04
  11650   0.49417E-04
  11660   0.49360E-04
  11670   0.49328E-04
  11680   0.49292E-04
  11690   0.49252E-04
  11700   0.49196E-04
  11710   0.49162E-04
  11720   0.49117E-04
  11730   0.49064E-04
  11740   0.49024E-04
  11750   0.48973E-04
  11760   0.48931E-04
  11770   0.48870E-04
  11780   0.48838E-04
  11790   0.48810E-04
  11800   0.48763E-04
  11810   0.48727E-04
  11820   0.48695E-04
  11830   0.48645E-04
  11840   0.48610E-04
  11850   0.48592E-04
  11860   0.48536E-04
  11870   0.48517E-04
  11880   0.48490E-04
  11890   0.48438E-04
  11900   0.48399E-04
  11910   0.48378E-04
  11920   0.48345E-04
  11930   0.48299E-04
  11940   0.48267E-04
  11950   0.48225E-04
  11960   0.48193E-04
  11970   0.48182E-04
  11980   0.48124E-04
  11990   0.48096E-04
  12000   0.48056E-04
  12010   0.48031E-04
  12020   0.48008E-04
  12030   0.47964E-04
  12040   0.47949E-04
  12050   0.47915E-04
  12060   0.47893E-04
  12070   0.47865E-04
  12080   0.47797E-04
  12090   0.47777E-04
  12100   0.47750E-04
  12110   0.47720E-04
  12120   0.47717E-04
  12130   0.47689E-04
  12140   0.47652E-04
  12150   0.47630E-04
  12160   0.47614E-04
  12170   0.47576E-04
  12180   0.47556E-04
  12190   0.47528E-04
  12200   0.47517E-04
  12210   0.47478E-04
  12220   0.47450E-04
  12230   0.47413E-04
  12240   0.47381E-04
  12250   0.47365E-04
  12260   0.47335E-04
  12270   0.47323E-04
  12280   0.47292E-04
  12290   0.47261E-04
  12300   0.47254E-04
  12310   0.47229E-04
  12320   0.47198E-04
  12330   0.47180E-04
  12340   0.47153E-04
  12350   0.47135E-04
  12360   0.47093E-04
  12370   0.47076E-04
  12380   0.47070E-04
  12390   0.47054E-04
  12400   0.47017E-04
  12410   0.46979E-04
  12420   0.46964E-04
  12430   0.46934E-04
  12440   0.46927E-04
  12450   0.46894E-04
  12460   0.46883E-04
  12470   0.46870E-04
  12480   0.46834E-04
  12490   0.46787E-04
  12500   0.46775E-04
  12510   0.46769E-04
  12520   0.46744E-04
  12530   0.46720E-04
  12540   0.46686E-04
  12550   0.46668E-04
  12560   0.46652E-04
  12570   0.46643E-04
  12580   0.46620E-04
  12590   0.46588E-04
  12600   0.46565E-04
  12610   0.46546E-04
  12620   0.46525E-04
  12630   0.46506E-04
  12640   0.46475E-04
  12650   0.46451E-04
  12660   0.46440E-04
  12670   0.46436E-04
  12680   0.46409E-04
  12690   0.46370E-04
  12700   0.46350E-04
  12710   0.46328E-04
  12720   0.46288E-04
  12730   0.46271E-04
  12740   0.46235E-04
  12750   0.46213E-04
  12760   0.46191E-04
  12770   0.46180E-04
  12780   0.46140E-04
  12790   0.46152E-04
  12800   0.46120E-04
  12810   0.46094E-04
  12820   0.46052E-04
  12830   0.46035E-04
  12840   0.46017E-04
  12850   0.45978E-04
  12860   0.45945E-04
  12870   0.45959E-04
  12880   0.45925E-04
  12890   0.45913E-04
  12900   0.45886E-04
  12910   0.45838E-04
  12920   0.45802E-04
  12930   0.45776E-04
  12940   0.45758E-04
  12950   0.45703E-04
  12960   0.45707E-04
  12970   0.45683E-04
  12980   0.45651E-04
  12990   0.45611E-04
  13000   0.45596E-04
  13010   0.45561E-04
  13020   0.45523E-04
  13030   0.45512E-04
  13040   0.45448E-04
  13050   0.45447E-04
  13060   0.45414E-04
  13070   0.45394E-04
  13080   0.45377E-04
  13090   0.45327E-04
  13100   0.45275E-04
  13110   0.45242E-04
  13120   0.45215E-04
  13130   0.45204E-04
  13140   0.45155E-04
  13150   0.45136E-04
  13160   0.45099E-04
  13170   0.45043E-04
  13180   0.45030E-04
  13190   0.44989E-04
  13200   0.44968E-04
  13210   0.44941E-04
  13220   0.44914E-04
  13230   0.44865E-04
  13240   0.44846E-04
  13250   0.44833E-04
  13260   0.44779E-04
  13270   0.44741E-04
  13280   0.44707E-04
  13290   0.44675E-04
  13300   0.44634E-04
  13310   0.44612E-04
  13320   0.44567E-04
  13330   0.44530E-04
  13340   0.44509E-04
  13350   0.44453E-04
  13360   0.44439E-04
  13370   0.44381E-04
  13380   0.44355E-04
  13390   0.44312E-04
  13400   0.44282E-04
  13410   0.44245E-04
  13420   0.44167E-04
  13430   0.44168E-04
  13440   0.44116E-04
  13450   0.44103E-04
  13460   0.44048E-04
  13470   0.44001E-04
  13480   0.43979E-04
  13490   0.43927E-04
  13500   0.43866E-04
  13510   0.43845E-04
  13520   0.43819E-04
  13530   0.43789E-04
  13540   0.43747E-04
  13550   0.43706E-04
  13560   0.43690E-04
  13570   0.43620E-04
  13580   0.43559E-04
  13590   0.43530E-04
  13600   0.43460E-04
  13610   0.43446E-04
  13620   0.43418E-04
  13630   0.43390E-04
  13640   0.43332E-04
  13650   0.43282E-04
  13660   0.43255E-04
  13670   0.43191E-04
  13680   0.43156E-04
  13690   0.43107E-04
  13700   0.43065E-04
  13710   0.43028E-04
  13720   0.42953E-04
  13730   0.42924E-04
  13740   0.42863E-04
  13750   0.42838E-04
  13760   0.42811E-04
  13770   0.42758E-04
  13780   0.42699E-04
  13790   0.42652E-04
  13800   0.42632E-04
  13810   0.42595E-04
  13820   0.42529E-04
  13830   0.42478E-04
  13840   0.42441E-04
  13850   0.42399E-04
  13860   0.42349E-04
  13870   0.42305E-04
  13880   0.42281E-04
  13890   0.42231E-04
  13900   0.42198E-04
  13910   0.42159E-04
  13920   0.42099E-04
  13930   0.42051E-04
  13940   0.41993E-04
  13950   0.41957E-04
  13960   0.41925E-04
  13970   0.41892E-04
  13980   0.41821E-04
  13990   0.41782E-04
  14000   0.41714E-04
  14010   0.41671E-04
  14020   0.41622E-04
  14030   0.41576E-04
  14040   0.41523E-04
  14050   0.41495E-04
  14060   0.41433E-04
  14070   0.41364E-04
  14080   0.41310E-04
  14090   0.41261E-04
  14100   0.41204E-04
  14110   0.41172E-04
  14120   0.41129E-04
  14130   0.41102E-04
  14140   0.41015E-04
  14150   0.40998E-04
  14160   0.40921E-04
  14170   0.40893E-04
  14180   0.40857E-04
  14190   0.40797E-04
  14200   0.40744E-04
  14210   0.40686E-04
  14220   0.40644E-04
  14230   0.40626E-04
  14240   0.40555E-04
  14250   0.40505E-04
  14260   0.40440E-04
  14270   0.40415E-04
  14280   0.40374E-04
  14290   0.40326E-04
  14300   0.40256E-04
  14310   0.40194E-04
  14320   0.40148E-04
  14330   0.40106E-04
  14340   0.40050E-04
  14350   0.40006E-04
  14360   0.39946E-04
  14370   0.39888E-04
  14380   0.39850E-04
  14390   0.39801E-04
  14400   0.39771E-04
  14410   0.39703E-04
  14420   0.39657E-04
  14430   0.39597E-04
  14440   0.39531E-04
  14450   0.39479E-04
  14460   0.39432E-04
  14470   0.39376E-04
  14480   0.39326E-04
  14490   0.39277E-04
  14500   0.39245E-04
  14510   0.39175E-04
  14520   0.39116E-04
  14530   0.39072E-04
  14540   0.39018E-04
  14550   0.38929E-04
  14560   0.38930E-04
  14570   0.38894E-04
  14580   0.38812E-04
  14590   0.38754E-04
  14600   0.38702E-04
  14610   0.38646E-04
  14620   0.38608E-04
  14630   0.38538E-04
  14640   0.38485E-04
  14650   0.38449E-04
  14660   0.38406E-04
  14670   0.38362E-04
  14680   0.38295E-04
  14690   0.38231E-04
  14700   0.38178E-04
  14710   0.38100E-04
  14720   0.38056E-04
  14730   0.37993E-04
  14740   0.37966E-04
  14750   0.37921E-04
  14760   0.37850E-04
  14770   0.37804E-04
  14780   0.37729E-04
  14790   0.37669E-04
  14800   0.37576E-04
  14810   0.37518E-04
  14820   0.37491E-04
  14830   0.37426E-04
  14840   0.37373E-04
  14850   0.37293E-04
  14860   0.37266E-04
  14870   0.37218E-04
  14880   0.37113E-04
  14890   0.37068E-04
  14900   0.37019E-04
  14910   0.36956E-04
  14920   0.36890E-04
  14930   0.36841E-04
  14940   0.36812E-04
  14950   0.36744E-04
  14960   0.36697E-04
  14970   0.36613E-04
  14980   0.36533E-04
  14990   0.36483E-04
  15000   0.36431E-04
  15010   0.36368E-04
  15020   0.36316E-04
  15030   0.36261E-04
  15040   0.36208E-04
  15050   0.36141E-04
  15060   0.36080E-04
  15070   0.36027E-04
  15080   0.35982E-04
  15090   0.35897E-04
  15100   0.35844E-04
  15110   0.35769E-04
  15120   0.35706E-04
  15130   0.35671E-04
  15140   0.35614E-04
  15150   0.35574E-04
  15160   0.35501E-04
  15170   0.35453E-04
  15180   0.35384E-04
  15190   0.35320E-04
  15200   0.35257E-04
  15210   0.35196E-04
  15220   0.35135E-04
  15230   0.35082E-04
  15240   0.35012E-04
  15250   0.34961E-04
  15260   0.34913E-04
  15270   0.34860E-04
  15280   0.34770E-04
  15290   0.34720E-04
  15300   0.34672E-04
  15310   0.34571E-04
  15320   0.34548E-04
  15330   0.34456E-04
  15340   0.34411E-04
  15350   0.34364E-04
  15360   0.34317E-04
  15370   0.34271E-04
  15380   0.34196E-04
  15390   0.34111E-04
  15400   0.34064E-04
  15410   0.33959E-04
  15420   0.33922E-04
  15430   0.33872E-04
  15440   0.33772E-04
  15450   0.33720E-04
  15460   0.33659E-04
  15470   0.33627E-04
  15480   0.33550E-04
  15490   0.33483E-04
  15500   0.33403E-04
  15510   0.33342E-04
  15520   0.33288E-04
  15530   0.33225E-04
  15540   0.33168E-04
  15550   0.33079E-04
  15560   0.33044E-04
  15570   0.32984E-04
  15580   0.32941E-04
  15590   0.32874E-04
  15600   0.32808E-04
  15610   0.32781E-04
  15620   0.32690E-04
  15630   0.32613E-04
  15640   0.32527E-04
  15650   0.32468E-04
  15660   0.32407E-04
  15670   0.32341E-04
  15680   0.32278E-04
  15690   0.32233E-04
  15700   0.32156E-04
  15710   0.32108E-04
  15720   0.32052E-04
  15730   0.31999E-04
  15740   0.31928E-04
  15750   0.31859E-04
  15760   0.31777E-04
  15770   0.31747E-04
  15780   0.31718E-04
  15790   0.31618E-04
  15800   0.31576E-04
  15810   0.31511E-04
  15820   0.31494E-04
  15830   0.31448E-04
  15840   0.31361E-04
  15850   0.31286E-04
  15860   0.31255E-04
  15870   0.31163E-04
  15880   0.31125E-04
  15890   0.31067E-04
  15900   0.31020E-04
  15910   0.30915E-04
  15920   0.30883E-04
  15930   0.30863E-04
  15940   0.30796E-04
  15950   0.30695E-04
  15960   0.30644E-04
  15970   0.30621E-04
  15980   0.30570E-04
  15990   0.30513E-04
  16000   0.30430E-04
  16010   0.30339E-04
  16020   0.30286E-04
  16030   0.30257E-04
  16040   0.30200E-04
  16050   0.30135E-04
  16060   0.30092E-04
  16070   0.30009E-04
  16080   0.29961E-04
  16090   0.29914E-04
  16100   0.29833E-04
  16110   0.29786E-04
  16120   0.29758E-04
  16130   0.29734E-04
  16140   0.29664E-04
  16150   0.29601E-04
  16160   0.29548E-04
  16170   0.29477E-04
  16180   0.29442E-04
  16190   0.29416E-04
  16200   0.29344E-04
  16210   0.29290E-04
  16220   0.29244E-04
  16230   0.29151E-04
  16240   0.29127E-04
  16250   0.29092E-04
  16260   0.29024E-04
  16270   0.28992E-04
  16280   0.28945E-04
  16290   0.28880E-04
  16300   0.28826E-04
  16310   0.28749E-04
  16320   0.28688E-04
  16330   0.28639E-04
  16340   0.28588E-04
  16350   0.28553E-04
  16360   0.28529E-04
  16370   0.28500E-04
  16380   0.28424E-04
  16390   0.28372E-04
  16400   0.28333E-04
  16410   0.28288E-04
  16420   0.28223E-04
  16430   0.28194E-04
  16440   0.28159E-04
  16450   0.28080E-04
  16460   0.28026E-04
  16470   0.27980E-04
  16480   0.27949E-04
  16490   0.27885E-04
  16500   0.27842E-04
  16510   0.27794E-04
  16520   0.27758E-04
  16530   0.27699E-04
  16540   0.27640E-04
  16550   0.27597E-04
  16560   0.27563E-04
  16570   0.27525E-04
  16580   0.27508E-04
  16590   0.27470E-04
  16600   0.27405E-04
  16610   0.27329E-04
  16620   0.27311E-04
  16630   0.27252E-04
  16640   0.27221E-04
  16650   0.27200E-04
  16660   0.27114E-04
  16670   0.27071E-04
  16680   0.27034E-04
  16690   0.26987E-04
  16700   0.26954E-04
  16710   0.26868E-04
  16720   0.26820E-04
  16730   0.26789E-04
  16740   0.26739E-04
  16750   0.26698E-04
  16760   0.26688E-04
  16770   0.26631E-04
  16780   0.26567E-04
  16790   0.26542E-04
  16800   0.26502E-04
  16810   0.26456E-04
  16820   0.26403E-04
  16830   0.26362E-04
  16840   0.26321E-04
  16850   0.26255E-04
  16860   0.26190E-04
  16870   0.26134E-04
  16880   0.26105E-04
  16890   0.26087E-04
  16900   0.26029E-04
  16910   0.25967E-04
  16920   0.25947E-04
  16930   0.25902E-04
  16940   0.25864E-04
  16950   0.25808E-04
  16960   0.25753E-04
  16970   0.25706E-04
  16980   0.25694E-04
  16990   0.25622E-04
  17000   0.25560E-04
  17010   0.25538E-04
  17020   0.25498E-04
  17030   0.25449E-04
  17040   0.25410E-04
  17050   0.25369E-04
  17060   0.25308E-04
  17070   0.25248E-04
  17080   0.25228E-04
  17090   0.25171E-04
  17100   0.25109E-04
  17110   0.25072E-04
  17120   0.25016E-04
  17130   0.24955E-04
  17140   0.24919E-04
  17150   0.24882E-04
  17160   0.24826E-04
  17170   0.24773E-04
  17180   0.24736E-04
  17190   0.24653E-04
  17200   0.24633E-04
  17210   0.24620E-04
  17220   0.24546E-04
  17230   0.24500E-04
  17240   0.24445E-04
  17250   0.24370E-04
  17260   0.24329E-04
  17270   0.24277E-04
  17280   0.24233E-04
  17290   0.24166E-04
  17300   0.24118E-04
  17310   0.24099E-04
  17320   0.24053E-04
  17330   0.24006E-04
  17340   0.23947E-04
  17350   0.23923E-04
  17360   0.23853E-04
  17370   0.23795E-04
  17380   0.23768E-04
  17390   0.23696E-04
  17400   0.23609E-04
  17410   0.23559E-04
  17420   0.23508E-04
  17430   0.23455E-04
  17440   0.23393E-04
  17450   0.23363E-04
  17460   0.23328E-04
  17470   0.23261E-04
  17480   0.23215E-04
  17490   0.23185E-04
  17500   0.23116E-04
  17510   0.23068E-04
  17520   0.23019E-04
  17530   0.22958E-04
  17540   0.22869E-04
  17550   0.22853E-04
  17560   0.22808E-04
  17570   0.22742E-04
  17580   0.22686E-04
  17590   0.22614E-04
  17600   0.22582E-04
  17610   0.22525E-04
  17620   0.22461E-04
  17630   0.22421E-04
  17640   0.22375E-04
  17650   0.22297E-04
  17660   0.22274E-04
  17670   0.22194E-04
  17680   0.22122E-04
  17690   0.22069E-04
  17700   0.22015E-04
  17710   0.21971E-04
  17720   0.21923E-04
  17730   0.21874E-04
  17740   0.21793E-04
  17750   0.21756E-04
  17760   0.21713E-04
  17770   0.21653E-04
  17780   0.21614E-04
  17790   0.21546E-04
  17800   0.21477E-04
  17810   0.21414E-04
  17820   0.21375E-04
  17830   0.21266E-04
  17840   0.21243E-04
  17850   0.21219E-04
  17860   0.21184E-04
  17870   0.21125E-04
  17880   0.21070E-04
  17890   0.20990E-04
  17900   0.20930E-04
  17910   0.20868E-04
  17920   0.20805E-04
  17930   0.20762E-04
  17940   0.20709E-04
  17950   0.20641E-04
  17960   0.20588E-04
  17970   0.20521E-04
  17980   0.20464E-04
  17990   0.20429E-04
  18000   0.20384E-04
  18010   0.20314E-04
  18020   0.20262E-04
  18030   0.20203E-04
  18040   0.20124E-04
  18050   0.20064E-04
  18060   0.20052E-04
  18070   0.20004E-04
  18080   0.19942E-04
  18090   0.19874E-04
  18100   0.19807E-04
  18110   0.19749E-04
  18120   0.19692E-04
  18130   0.19639E-04
  18140   0.19609E-04
  18150   0.19519E-04
  18160   0.19486E-04
  18170   0.19432E-04
  18180   0.19410E-04
  18190   0.19339E-04
  18200   0.19258E-04
  18210   0.19203E-04
  18220   0.19141E-04
  18230   0.19098E-04
  18240   0.19048E-04
  18250   0.19026E-04
  18260   0.18970E-04
  18270   0.18899E-04
  18280   0.18816E-04
  18290   0.18783E-04
  18300   0.18712E-04
  18310   0.18681E-04
  18320   0.18607E-04
  18330   0.18544E-04
  18340   0.18509E-04
  18350   0.18444E-04
  18360   0.18408E-04
  18370   0.18343E-04
  18380   0.18286E-04
  18390   0.18232E-04
  18400   0.18185E-04
  18410   0.18134E-04
  18420   0.18070E-04
  18430   0.18031E-04
  18440   0.17994E-04
  18450   0.17904E-04
  18460   0.17886E-04
  18470   0.17866E-04
  18480   0.17822E-04
  18490   0.17744E-04
  18500   0.17664E-04
  18510   0.17579E-04
  18520   0.17560E-04
  18530   0.17515E-04
  18540   0.17493E-04
  18550   0.17437E-04
  18560   0.17361E-04
  18570   0.17275E-04
  18580   0.17250E-04
  18590   0.17199E-04
  18600   0.17161E-04
  18610   0.17120E-04
  18620   0.17047E-04
  18630   0.16997E-04
  18640   0.16944E-04
  18650   0.16866E-04
  18660   0.16847E-04
  18670   0.16795E-04
  18680   0.16751E-04
  18690   0.16679E-04
  18700   0.16628E-04
  18710   0.16585E-04
  18720   0.16546E-04
  18730   0.16486E-04
  18740   0.16438E-04
  18750   0.16388E-04
  18760   0.16361E-04
  18770   0.16288E-04
  18780   0.16254E-04
  18790   0.16182E-04
  18800   0.16158E-04
  18810   0.16085E-04
  18820   0.16039E-04
  18830   0.15993E-04
  18840   0.15936E-04
  18850   0.15903E-04
  18860   0.15851E-04
  18870   0.15786E-04
  18880   0.15702E-04
  18890   0.15681E-04
  18900   0.15654E-04
  18910   0.15606E-04
  18920   0.15545E-04
  18930   0.15496E-04
  18940   0.15453E-04
  18950   0.15411E-04
  18960   0.15356E-04
  18970   0.15296E-04
  18980   0.15254E-04
  18990   0.15200E-04
  19000   0.15151E-04
  19010   0.15082E-04
  19020   0.15047E-04
  19030   0.15013E-04
  19040   0.14971E-04
  19050   0.14917E-04
  19060   0.14875E-04
  19070   0.14834E-04
  19080   0.14767E-04
  19090   0.14723E-04
  19100   0.14675E-04
  19110   0.14621E-04
  19120   0.14584E-04
  19130   0.14549E-04
  19140   0.14500E-04
  19150   0.14454E-04
  19160   0.14407E-04
  19170   0.14369E-04
  19180   0.14300E-04
  19190   0.14276E-04
  19200   0.14216E-04
  19210   0.14160E-04
  19220   0.14117E-04
  19230   0.14078E-04
  19240   0.14018E-04
  19250   0.13987E-04
  19260   0.13953E-04
  19270   0.13886E-04
  19280   0.13850E-04
  19290   0.13791E-04
  19300   0.13752E-04
  19310   0.13713E-04
  19320   0.13675E-04
  19330   0.13627E-04
  19340   0.13580E-04
  19350   0.13527E-04
  19360   0.13491E-04
  19370   0.13442E-04
  19380   0.13397E-04
  19390   0.13334E-04
  19400   0.13294E-04
  19410   0.13266E-04
  19420   0.13199E-04
  19430   0.13158E-04
  19440   0.13099E-04
  19450   0.13065E-04
  19460   0.13013E-04
  19470   0.12970E-04
  19480   0.12920E-04
  19490   0.12867E-04
  19500   0.12823E-04
  19510   0.12793E-04
  19520   0.12742E-04
  19530   0.12703E-04
  19540   0.12673E-04
  19550   0.12639E-04
  19560   0.12568E-04
  19570   0.12511E-04
  19580   0.12465E-04
  19590   0.12465E-04
  19600   0.12434E-04
  19610   0.12380E-04
  19620   0.12313E-04
  19630   0.12246E-04
  19640   0.12217E-04
  19650   0.12195E-04
  19660   0.12140E-04
  19670   0.12106E-04
  19680   0.12059E-04
  19690   0.12016E-04
  19700   0.11975E-04
  19710   0.11922E-04
  19720   0.11894E-04
  19730   0.11852E-04
  19740   0.11825E-04
  19750   0.11788E-04
  19760   0.11748E-04
  19770   0.11679E-04
  19780   0.11618E-04
  19790   0.11560E-04
  19800   0.11543E-04
  19810   0.11507E-04
  19820   0.11493E-04
  19830   0.11444E-04
  19840   0.11416E-04
  19850   0.11361E-04
  19860   0.11319E-04
  19870   0.11267E-04
  19880   0.11232E-04
  19890   0.11191E-04
  19900   0.11163E-04
  19910   0.11110E-04
  19920   0.11076E-04
  19930   0.11021E-04
  19940   0.10963E-04
  19950   0.10920E-04
  19960   0.10873E-04
  19970   0.10861E-04
  19980   0.10847E-04
  19990   0.10804E-04
  20000   0.10759E-04
