     10   0.10726E-02
     20   0.91151E-03
     30   0.80479E-03
     40   0.72876E-03
     50   0.67113E-03
     60   0.62493E-03
     70   0.58607E-03
     80   0.55236E-03
     90   0.52243E-03
    100   0.49537E-03
    110   0.47083E-03
    120   0.44808E-03
    130   0.42687E-03
    140   0.40694E-03
    150   0.38815E-03
    160   0.37044E-03
    170   0.35369E-03
    180   0.33788E-03
    190   0.32292E-03
    200   0.30875E-03
    210   0.29528E-03
    220   0.28257E-03
    230   0.27056E-03
    240   0.25929E-03
    250   0.24867E-03
    260   0.23868E-03
    270   0.22931E-03
    280   0.22052E-03
    290   0.21227E-03
    300   0.20454E-03
    310   0.19724E-03
    320   0.19045E-03
    330   0.18408E-03
    340   0.17818E-03
    350   0.17275E-03
    360   0.16779E-03
    370   0.16330E-03
    380   0.15927E-03
    390   0.15571E-03
    400   0.15257E-03
    410   0.14977E-03
    420   0.14732E-03
    430   0.14514E-03
    440   0.14318E-03
    450   0.14133E-03
    460   0.13954E-03
    470   0.13778E-03
    480   0.13594E-03
    490   0.13406E-03
    500   0.13212E-03
    510   0.13008E-03
    520   0.12801E-03
    530   0.12591E-03
    540   0.12386E-03
    550   0.12186E-03
    560   0.11999E-03
    570   0.11828E-03
    580   0.11678E-03
    590   0.11551E-03
    600   0.11449E-03
    610   0.11375E-03
    620   0.11326E-03
    630   0.11303E-03
    640   0.11304E-03
    650   0.11325E-03
    660   0.11364E-03
    670   0.11419E-03
    680   0.11486E-03
    690   0.11561E-03
    700   0.11642E-03
    710   0.11725E-03
    720   0.11808E-03
    730   0.11886E-03
    740   0.11959E-03
    750   0.12024E-03
    760   0.12077E-03
    770   0.12120E-03
    780   0.12150E-03
    790   0.12165E-03
    800   0.12167E-03
    810   0.12153E-03
    820   0.12125E-03
    830   0.12083E-03
    840   0.12028E-03
    850   0.11959E-03
    860   0.11880E-03
    870   0.11788E-03
    880   0.11686E-03
    890   0.11575E-03
    900   0.11458E-03
    910   0.11333E-03
    920   0.11205E-03
    930   0.11072E-03
    940   0.10939E-03
    950   0.10807E-03
    960   0.10677E-03
    970   0.10550E-03
    980   0.10432E-03
    990   0.10322E-03
   1000   0.10221E-03
   1010   0.10135E-03
   1020   0.10063E-03
   1030   0.10006E-03
   1040   0.99632E-04
   1050   0.99371E-04
   1060   0.99303E-04
   1070   0.99352E-04
   1080   0.99570E-04
   1090   0.99905E-04
   1100   0.10039E-03
   1110   0.10094E-03
   1120   0.10159E-03
   1130   0.10229E-03
   1140   0.10303E-03
   1150   0.10379E-03
   1160   0.10455E-03
   1170   0.10530E-03
   1180   0.10602E-03
   1190   0.10670E-03
   1200   0.10733E-03
   1210   0.10788E-03
   1220   0.10836E-03
   1230   0.10878E-03
   1240   0.10913E-03
   1250   0.10941E-03
   1260   0.10963E-03
   1270   0.10978E-03
   1280   0.10987E-03
   1290   0.10992E-03
   1300   0.10994E-03
   1310   0.10991E-03
   1320   0.10988E-03
   1330   0.10985E-03
   1340   0.10983E-03
   1350   0.10980E-03
   1360   0.10981E-03
   1370   0.10986E-03
   1380   0.10993E-03
   1390   0.11007E-03
   1400   0.11023E-03
   1410   0.11046E-03
   1420   0.11072E-03
   1430   0.11103E-03
   1440   0.11137E-03
   1450   0.11175E-03
   1460   0.11214E-03
   1470   0.11253E-03
   1480   0.11295E-03
   1490   0.11333E-03
   1500   0.11370E-03
   1510   0.11404E-03
   1520   0.11434E-03
   1530   0.11459E-03
   1540   0.11479E-03
   1550   0.11491E-03
   1560   0.11496E-03
   1570   0.11495E-03
   1580   0.11485E-03
   1590   0.11469E-03
   1600   0.11446E-03
   1610   0.11415E-03
   1620   0.11379E-03
   1630   0.11337E-03
   1640   0.11289E-03
   1650   0.11239E-03
   1660   0.11185E-03
   1670   0.11129E-03
   1680   0.11073E-03
   1690   0.11017E-03
   1700   0.10964E-03
   1710   0.10913E-03
   1720   0.10867E-03
   1730   0.10826E-03
   1740   0.10793E-03
   1750   0.10768E-03
   1760   0.10753E-03
   1770   0.10746E-03
   1780   0.10752E-03
   1790   0.10769E-03
   1800   0.10797E-03
   1810   0.10838E-03
   1820   0.10891E-03
   1830   0.10956E-03
   1840   0.11032E-03
   1850   0.11121E-03
   1860   0.11220E-03
   1870   0.11329E-03
   1880   0.11446E-03
   1890   0.11573E-03
   1900   0.11706E-03
   1910   0.11844E-03
   1920   0.11990E-03
   1930   0.12136E-03
   1940   0.12288E-03
   1950   0.12440E-03
   1960   0.12592E-03
   1970   0.12746E-03
   1980   0.12897E-03
   1990   0.13047E-03
   2000   0.13193E-03
   2010   0.13338E-03
   2020   0.13477E-03
   2030   0.13611E-03
   2040   0.13742E-03
   2050   0.13868E-03
   2060   0.13987E-03
   2070   0.14101E-03
   2080   0.14209E-03
   2090   0.14310E-03
   2100   0.14406E-03
   2110   0.14495E-03
   2120   0.14575E-03
   2130   0.14655E-03
   2140   0.14724E-03
   2150   0.14787E-03
   2160   0.14845E-03
   2170   0.14895E-03
   2180   0.14941E-03
   2190   0.14981E-03
   2200   0.15015E-03
   2210   0.15042E-03
   2220   0.15064E-03
   2230   0.15081E-03
   2240   0.15091E-03
   2250   0.15097E-03
   2260   0.15098E-03
   2270   0.15096E-03
   2280   0.15086E-03
   2290   0.15072E-03
   2300   0.15050E-03
   2310   0.15029E-03
   2320   0.15003E-03
   2330   0.14969E-03
   2340   0.14933E-03
   2350   0.14892E-03
   2360   0.14848E-03
   2370   0.14799E-03
   2380   0.14746E-03
   2390   0.14690E-03
   2400   0.14630E-03
   2410   0.14568E-03
   2420   0.14499E-03
   2430   0.14431E-03
   2440   0.14358E-03
   2450   0.14284E-03
   2460   0.14206E-03
   2470   0.14124E-03
   2480   0.14044E-03
   2490   0.13956E-03
   2500   0.13867E-03
   2510   0.13778E-03
   2520   0.13687E-03
   2530   0.13593E-03
   2540   0.13496E-03
   2550   0.13399E-03
   2560   0.13300E-03
   2570   0.13200E-03
   2580   0.13097E-03
   2590   0.12991E-03
   2600   0.12886E-03
   2610   0.12779E-03
   2620   0.12669E-03
   2630   0.12560E-03
   2640   0.12450E-03
   2650   0.12334E-03
   2660   0.12220E-03
   2670   0.12105E-03
   2680   0.11987E-03
   2690   0.11869E-03
   2700   0.11750E-03
   2710   0.11629E-03
   2720   0.11510E-03
   2730   0.11388E-03
   2740   0.11264E-03
   2750   0.11144E-03
   2760   0.11018E-03
   2770   0.10896E-03
   2780   0.10773E-03
   2790   0.10650E-03
   2800   0.10528E-03
   2810   0.10407E-03
   2820   0.10285E-03
   2830   0.10166E-03
   2840   0.10047E-03
   2850   0.99296E-04
   2860   0.98143E-04
   2870   0.97011E-04
   2880   0.95888E-04
   2890   0.94795E-04
   2900   0.93739E-04
   2910   0.92672E-04
   2920   0.91627E-04
   2930   0.90629E-04
   2940   0.89623E-04
   2950   0.88667E-04
   2960   0.87746E-04
   2970   0.86815E-04
   2980   0.85927E-04
   2990   0.85065E-04
   3000   0.84217E-04
   3010   0.83414E-04
   3020   0.82598E-04
   3030   0.81822E-04
   3040   0.81072E-04
   3050   0.80330E-04
   3060   0.79614E-04
   3070   0.78927E-04
   3080   0.78253E-04
   3090   0.77579E-04
   3100   0.76944E-04
   3110   0.76331E-04
   3120   0.75720E-04
   3130   0.75135E-04
   3140   0.74548E-04
   3150   0.73980E-04
   3160   0.73431E-04
   3170   0.72889E-04
   3180   0.72363E-04
   3190   0.71851E-04
   3200   0.71354E-04
   3210   0.70882E-04
   3220   0.70407E-04
   3230   0.69943E-04
   3240   0.69487E-04
   3250   0.69053E-04
   3260   0.68623E-04
   3270   0.68197E-04
   3280   0.67787E-04
   3290   0.67385E-04
   3300   0.67006E-04
   3310   0.66627E-04
   3320   0.66255E-04
   3330   0.65895E-04
   3340   0.65539E-04
   3350   0.65209E-04
   3360   0.64865E-04
   3370   0.64552E-04
   3380   0.64250E-04
   3390   0.63937E-04
   3400   0.63654E-04
   3410   0.63370E-04
   3420   0.63095E-04
   3430   0.62815E-04
   3440   0.62556E-04
   3450   0.62314E-04
   3460   0.62067E-04
   3470   0.61826E-04
   3480   0.61599E-04
   3490   0.61384E-04
   3500   0.61180E-04
   3510   0.60969E-04
   3520   0.60751E-04
   3530   0.60569E-04
   3540   0.60384E-04
   3550   0.60195E-04
   3560   0.60030E-04
   3570   0.59864E-04
   3580   0.59685E-04
   3590   0.59527E-04
   3600   0.59362E-04
   3610   0.59223E-04
   3620   0.59078E-04
   3630   0.58928E-04
   3640   0.58800E-04
   3650   0.58675E-04
   3660   0.58543E-04
   3670   0.58426E-04
   3680   0.58326E-04
   3690   0.58224E-04
   3700   0.58101E-04
   3710   0.58003E-04
   3720   0.57920E-04
   3730   0.57814E-04
   3740   0.57734E-04
   3750   0.57664E-04
   3760   0.57590E-04
   3770   0.57500E-04
   3780   0.57461E-04
   3790   0.57396E-04
   3800   0.57351E-04
   3810   0.57299E-04
   3820   0.57254E-04
   3830   0.57206E-04
   3840   0.57176E-04
   3850   0.57153E-04
   3860   0.57123E-04
   3870   0.57112E-04
   3880   0.57095E-04
   3890   0.57100E-04
   3900   0.57095E-04
   3910   0.57106E-04
   3920   0.57089E-04
   3930   0.57120E-04
   3940   0.57130E-04
   3950   0.57166E-04
   3960   0.57194E-04
   3970   0.57225E-04
   3980   0.57254E-04
   3990   0.57316E-04
   4000   0.57363E-04
   4010   0.57403E-04
   4020   0.57472E-04
   4030   0.57517E-04
   4040   0.57601E-04
   4050   0.57653E-04
   4060   0.57726E-04
   4070   0.57802E-04
   4080   0.57891E-04
   4090   0.57964E-04
   4100   0.58051E-04
   4110   0.58134E-04
   4120   0.58220E-04
   4130   0.58311E-04
   4140   0.58407E-04
   4150   0.58512E-04
   4160   0.58591E-04
   4170   0.58694E-04
   4180   0.58789E-04
   4190   0.58882E-04
   4200   0.58985E-04
   4210   0.59087E-04
   4220   0.59179E-04
   4230   0.59270E-04
   4240   0.59364E-04
   4250   0.59475E-04
   4260   0.59563E-04
   4270   0.59651E-04
   4280   0.59754E-04
   4290   0.59831E-04
   4300   0.59915E-04
   4310   0.60001E-04
   4320   0.60105E-04
   4330   0.60170E-04
   4340   0.60254E-04
   4350   0.60312E-04
   4360   0.60391E-04
   4370   0.60454E-04
   4380   0.60519E-04
   4390   0.60564E-04
   4400   0.60639E-04
   4410   0.60673E-04
   4420   0.60725E-04
   4430   0.60766E-04
   4440   0.60811E-04
   4450   0.60834E-04
   4460   0.60856E-04
   4470   0.60882E-04
   4480   0.60900E-04
   4490   0.60909E-04
   4500   0.60910E-04
   4510   0.60920E-04
   4520   0.60917E-04
   4530   0.60909E-04
   4540   0.60895E-04
   4550   0.60875E-04
   4560   0.60833E-04
   4570   0.60814E-04
   4580   0.60784E-04
   4590   0.60749E-04
   4600   0.60711E-04
   4610   0.60642E-04
   4620   0.60595E-04
   4630   0.60526E-04
   4640   0.60469E-04
   4650   0.60406E-04
   4660   0.60328E-04
   4670   0.60258E-04
   4680   0.60165E-04
   4690   0.60077E-04
   4700   0.60012E-04
   4710   0.59910E-04
   4720   0.59809E-04
   4730   0.59714E-04
   4740   0.59615E-04
   4750   0.59516E-04
   4760   0.59412E-04
   4770   0.59289E-04
   4780   0.59201E-04
   4790   0.59087E-04
   4800   0.58984E-04
   4810   0.58869E-04
   4820   0.58755E-04
   4830   0.58641E-04
   4840   0.58543E-04
   4850   0.58418E-04
   4860   0.58302E-04
   4870   0.58207E-04
   4880   0.58086E-04
   4890   0.57968E-04
   4900   0.57857E-04
   4910   0.57762E-04
   4920   0.57654E-04
   4930   0.57554E-04
   4940   0.57444E-04
   4950   0.57349E-04
   4960   0.57245E-04
   4970   0.57164E-04
   4980   0.57046E-04
   4990   0.56964E-04
   5000   0.56873E-04
   5010   0.56792E-04
   5020   0.56702E-04
   5030   0.56620E-04
   5040   0.56543E-04
   5050   0.56464E-04
   5060   0.56402E-04
   5070   0.56333E-04
   5080   0.56244E-04
   5090   0.56203E-04
   5100   0.56126E-04
   5110   0.56075E-04
   5120   0.56025E-04
   5130   0.55965E-04
   5140   0.55925E-04
   5150   0.55882E-04
   5160   0.55836E-04
   5170   0.55795E-04
   5180   0.55766E-04
   5190   0.55735E-04
   5200   0.55698E-04
   5210   0.55673E-04
   5220   0.55656E-04
   5230   0.55614E-04
   5240   0.55604E-04
   5250   0.55594E-04
   5260   0.55580E-04
   5270   0.55556E-04
   5280   0.55561E-04
   5290   0.55545E-04
   5300   0.55535E-04
   5310   0.55534E-04
   5320   0.55540E-04
   5330   0.55537E-04
   5340   0.55534E-04
   5350   0.55537E-04
   5360   0.55528E-04
   5370   0.55542E-04
   5380   0.55556E-04
   5390   0.55558E-04
   5400   0.55568E-04
   5410   0.55578E-04
   5420   0.55588E-04
   5430   0.55587E-04
   5440   0.55591E-04
   5450   0.55609E-04
   5460   0.55624E-04
   5470   0.55631E-04
   5480   0.55649E-04
   5490   0.55663E-04
   5500   0.55676E-04
   5510   0.55671E-04
   5520   0.55675E-04
   5530   0.55699E-04
   5540   0.55710E-04
   5550   0.55715E-04
   5560   0.55731E-04
   5570   0.55727E-04
   5580   0.55730E-04
   5590   0.55734E-04
   5600   0.55744E-04
   5610   0.55748E-04
   5620   0.55747E-04
   5630   0.55754E-04
   5640   0.55750E-04
   5650   0.55761E-04
   5660   0.55764E-04
   5670   0.55755E-04
   5680   0.55755E-04
   5690   0.55759E-04
   5700   0.55754E-04
   5710   0.55747E-04
   5720   0.55749E-04
   5730   0.55738E-04
   5740   0.55723E-04
   5750   0.55714E-04
   5760   0.55719E-04
   5770   0.55700E-04
   5780   0.55686E-04
   5790   0.55679E-04
   5800   0.55652E-04
   5810   0.55630E-04
   5820   0.55624E-04
   5830   0.55595E-04
   5840   0.55578E-04
   5850   0.55564E-04
   5860   0.55530E-04
   5870   0.55493E-04
   5880   0.55486E-04
   5890   0.55453E-04
   5900   0.55409E-04
   5910   0.55371E-04
   5920   0.55337E-04
   5930   0.55309E-04
   5940   0.55275E-04
   5950   0.55235E-04
   5960   0.55188E-04
   5970   0.55140E-04
   5980   0.55093E-04
   5990   0.55037E-04
   6000   0.54983E-04
   6010   0.54922E-04
   6020   0.54874E-04
   6030   0.54820E-04
   6040   0.54743E-04
   6050   0.54679E-04
   6060   0.54609E-04
   6070   0.54536E-04
   6080   0.54466E-04
   6090   0.54387E-04
   6100   0.54308E-04
   6110   0.54220E-04
   6120   0.54121E-04
   6130   0.54046E-04
   6140   0.53954E-04
   6150   0.53856E-04
   6160   0.53768E-04
   6170   0.53665E-04
   6180   0.53550E-04
   6190   0.53458E-04
   6200   0.53348E-04
   6210   0.53238E-04
   6220   0.53122E-04
   6230   0.52993E-04
   6240   0.52887E-04
   6250   0.52763E-04
   6260   0.52641E-04
   6270   0.52523E-04
   6280   0.52402E-04
   6290   0.52277E-04
   6300   0.52155E-04
   6310   0.52018E-04
   6320   0.51900E-04
   6330   0.51766E-04
   6340   0.51641E-04
   6350   0.51498E-04
   6360   0.51377E-04
   6370   0.51251E-04
   6380   0.51126E-04
   6390   0.50999E-04
   6400   0.50870E-04
   6410   0.50738E-04
   6420   0.50619E-04
   6430   0.50488E-04
   6440   0.50375E-04
   6450   0.50244E-04
   6460   0.50128E-04
   6470   0.50015E-04
   6480   0.49902E-04
   6490   0.49774E-04
   6500   0.49669E-04
   6510   0.49565E-04
   6520   0.49463E-04
   6530   0.49348E-04
   6540   0.49253E-04
   6550   0.49135E-04
   6560   0.49044E-04
   6570   0.48947E-04
   6580   0.48862E-04
   6590   0.48764E-04
   6600   0.48669E-04
   6610   0.48581E-04
   6620   0.48511E-04
   6630   0.48429E-04
   6640   0.48327E-04
   6650   0.48252E-04
   6660   0.48177E-04
   6670   0.48102E-04
   6680   0.48022E-04
   6690   0.47947E-04
   6700   0.47896E-04
   6710   0.47811E-04
   6720   0.47749E-04
   6730   0.47683E-04
   6740   0.47616E-04
   6750   0.47555E-04
   6760   0.47491E-04
   6770   0.47426E-04
   6780   0.47364E-04
   6790   0.47303E-04
   6800   0.47246E-04
   6810   0.47187E-04
   6820   0.47129E-04
   6830   0.47081E-04
   6840   0.47031E-04
   6850   0.46973E-04
   6860   0.46910E-04
   6870   0.46865E-04
   6880   0.46824E-04
   6890   0.46778E-04
   6900   0.46721E-04
   6910   0.46662E-04
   6920   0.46617E-04
   6930   0.46583E-04
   6940   0.46528E-04
   6950   0.46472E-04
   6960   0.46435E-04
   6970   0.46390E-04
   6980   0.46345E-04
   6990   0.46303E-04
   7000   0.46261E-04
   7010   0.46228E-04
   7020   0.46178E-04
   7030   0.46145E-04
   7040   0.46101E-04
   7050   0.46063E-04
   7060   0.46021E-04
   7070   0.45984E-04
   7080   0.45938E-04
   7090   0.45913E-04
   7100   0.45874E-04
   7110   0.45836E-04
   7120   0.45790E-04
   7130   0.45755E-04
   7140   0.45705E-04
   7150   0.45669E-04
   7160   0.45635E-04
   7170   0.45603E-04
   7180   0.45560E-04
   7190   0.45536E-04
   7200   0.45486E-04
   7210   0.45447E-04
   7220   0.45405E-04
   7230   0.45374E-04
   7240   0.45332E-04
   7250   0.45287E-04
   7260   0.45259E-04
   7270   0.45216E-04
   7280   0.45181E-04
   7290   0.45126E-04
   7300   0.45090E-04
   7310   0.45057E-04
   7320   0.45003E-04
   7330   0.44969E-04
   7340   0.44929E-04
   7350   0.44899E-04
   7360   0.44839E-04
   7370   0.44797E-04
   7380   0.44746E-04
   7390   0.44703E-04
   7400   0.44656E-04
   7410   0.44618E-04
   7420   0.44565E-04
   7430   0.44519E-04
   7440   0.44468E-04
   7450   0.44426E-04
   7460   0.44377E-04
   7470   0.44335E-04
   7480   0.44277E-04
   7490   0.44225E-04
   7500   0.44171E-04
   7510   0.44123E-04
   7520   0.44067E-04
   7530   0.44019E-04
   7540   0.43970E-04
   7550   0.43897E-04
   7560   0.43850E-04
   7570   0.43794E-04
   7580   0.43736E-04
   7590   0.43672E-04
   7600   0.43634E-04
   7610   0.43570E-04
   7620   0.43500E-04
   7630   0.43445E-04
   7640   0.43391E-04
   7650   0.43330E-04
   7660   0.43275E-04
   7670   0.43192E-04
   7680   0.43149E-04
   7690   0.43079E-04
   7700   0.43016E-04
   7710   0.42951E-04
   7720   0.42886E-04
   7730   0.42829E-04
   7740   0.42766E-04
   7750   0.42697E-04
   7760   0.42623E-04
   7770   0.42560E-04
   7780   0.42487E-04
   7790   0.42418E-04
   7800   0.42345E-04
   7810   0.42299E-04
   7820   0.42215E-04
   7830   0.42153E-04
   7840   0.42077E-04
   7850   0.42004E-04
   7860   0.41943E-04
   7870   0.41873E-04
   7880   0.41793E-04
   7890   0.41725E-04
   7900   0.41647E-04
   7910   0.41590E-04
   7920   0.41495E-04
   7930   0.41433E-04
   7940   0.41357E-04
   7950   0.41287E-04
   7960   0.41204E-04
   7970   0.41125E-04
   7980   0.41049E-04
   7990   0.40975E-04
   8000   0.40901E-04
   8010   0.40824E-04
   8020   0.40744E-04
   8030   0.40674E-04
   8040   0.40596E-04
   8050   0.40532E-04
   8060   0.40451E-04
   8070   0.40368E-04
   8080   0.40304E-04
   8090   0.40219E-04
   8100   0.40133E-04
   8110   0.40048E-04
   8120   0.39959E-04
   8130   0.39882E-04
   8140   0.39816E-04
   8150   0.39721E-04
   8160   0.39655E-04
   8170   0.39574E-04
   8180   0.39493E-04
   8190   0.39405E-04
   8200   0.39330E-04
   8210   0.39233E-04
   8220   0.39166E-04
   8230   0.39063E-04
   8240   0.38991E-04
   8250   0.38908E-04
   8260   0.38831E-04
   8270   0.38736E-04
   8280   0.38660E-04
   8290   0.38563E-04
   8300   0.38486E-04
   8310   0.38398E-04
   8320   0.38313E-04
   8330   0.38220E-04
   8340   0.38141E-04
   8350   0.38057E-04
   8360   0.37959E-04
   8370   0.37886E-04
   8380   0.37806E-04
   8390   0.37715E-04
   8400   0.37621E-04
   8410   0.37541E-04
   8420   0.37445E-04
   8430   0.37349E-04
   8440   0.37268E-04
   8450   0.37199E-04
   8460   0.37107E-04
   8470   0.37013E-04
   8480   0.36932E-04
   8490   0.36820E-04
   8500   0.36729E-04
   8510   0.36662E-04
   8520   0.36557E-04
   8530   0.36458E-04
   8540   0.36390E-04
   8550   0.36295E-04
   8560   0.36210E-04
   8570   0.36117E-04
   8580   0.36020E-04
   8590   0.35932E-04
   8600   0.35831E-04
   8610   0.35743E-04
   8620   0.35654E-04
   8630   0.35539E-04
   8640   0.35454E-04
   8650   0.35355E-04
   8660   0.35272E-04
   8670   0.35177E-04
   8680   0.35067E-04
   8690   0.34990E-04
   8700   0.34888E-04
   8710   0.34796E-04
   8720   0.34682E-04
   8730   0.34584E-04
   8740   0.34502E-04
   8750   0.34398E-04
   8760   0.34309E-04
   8770   0.34214E-04
   8780   0.34115E-04
   8790   0.34025E-04
   8800   0.33914E-04
   8810   0.33804E-04
   8820   0.33714E-04
   8830   0.33631E-04
   8840   0.33504E-04
   8850   0.33414E-04
   8860   0.33330E-04
   8870   0.33231E-04
   8880   0.33117E-04
   8890   0.33023E-04
   8900   0.32929E-04
   8910   0.32839E-04
   8920   0.32720E-04
   8930   0.32615E-04
   8940   0.32512E-04
   8950   0.32428E-04
   8960   0.32321E-04
   8970   0.32217E-04
   8980   0.32123E-04
   8990   0.32010E-04
   9000   0.31913E-04
   9010   0.31826E-04
   9020   0.31719E-04
   9030   0.31613E-04
   9040   0.31516E-04
   9050   0.31407E-04
   9060   0.31323E-04
   9070   0.31218E-04
   9080   0.31118E-04
   9090   0.31017E-04
   9100   0.30926E-04
   9110   0.30819E-04
   9120   0.30720E-04
   9130   0.30628E-04
   9140   0.30509E-04
   9150   0.30425E-04
   9160   0.30328E-04
   9170   0.30223E-04
   9180   0.30121E-04
   9190   0.30033E-04
   9200   0.29955E-04
   9210   0.29846E-04
   9220   0.29746E-04
   9230   0.29660E-04
   9240   0.29544E-04
   9250   0.29471E-04
   9260   0.29377E-04
   9270   0.29262E-04
   9280   0.29189E-04
   9290   0.29089E-04
   9300   0.29004E-04
   9310   0.28905E-04
   9320   0.28810E-04
   9330   0.28729E-04
   9340   0.28656E-04
   9350   0.28557E-04
   9360   0.28464E-04
   9370   0.28375E-04
   9380   0.28280E-04
   9390   0.28185E-04
   9400   0.28122E-04
   9410   0.28028E-04
   9420   0.27952E-04
   9430   0.27855E-04
   9440   0.27767E-04
   9450   0.27689E-04
   9460   0.27604E-04
   9470   0.27523E-04
   9480   0.27432E-04
   9490   0.27351E-04
   9500   0.27279E-04
   9510   0.27194E-04
   9520   0.27118E-04
   9530   0.27022E-04
   9540   0.26967E-04
   9550   0.26867E-04
   9560   0.26796E-04
   9570   0.26716E-04
   9580   0.26628E-04
   9590   0.26572E-04
   9600   0.26494E-04
   9610   0.26399E-04
   9620   0.26342E-04
   9630   0.26253E-04
   9640   0.26189E-04
   9650   0.26118E-04
   9660   0.26032E-04
   9670   0.25972E-04
   9680   0.25889E-04
   9690   0.25810E-04
   9700   0.25729E-04
   9710   0.25657E-04
   9720   0.25588E-04
   9730   0.25537E-04
   9740   0.25433E-04
   9750   0.25369E-04
   9760   0.25293E-04
   9770   0.25214E-04
   9780   0.25132E-04
   9790   0.25054E-04
   9800   0.24974E-04
   9810   0.24914E-04
   9820   0.24841E-04
   9830   0.24765E-04
   9840   0.24698E-04
   9850   0.24625E-04
   9860   0.24550E-04
   9870   0.24472E-04
   9880   0.24385E-04
   9890   0.24320E-04
   9900   0.24235E-04
   9910   0.24153E-04
   9920   0.24086E-04
   9930   0.23992E-04
   9940   0.23931E-04
   9950   0.23860E-04
   9960   0.23764E-04
   9970   0.23676E-04
   9980   0.23592E-04
   9990   0.23520E-04
  10000   0.23436E-04
  10010   0.23359E-04
  10020   0.23284E-04
  10030   0.23196E-04
  10040   0.23123E-04
  10050   0.23032E-04
  10060   0.22963E-04
  10070   0.22868E-04
  10080   0.22796E-04
  10090   0.22688E-04
  10100   0.22611E-04
  10110   0.22529E-04
  10120   0.22450E-04
  10130   0.22348E-04
  10140   0.22281E-04
  10150   0.22184E-04
  10160   0.22087E-04
  10170   0.22013E-04
  10180   0.21925E-04
  10190   0.21813E-04
  10200   0.21745E-04
  10210   0.21647E-04
  10220   0.21559E-04
  10230   0.21478E-04
  10240   0.21366E-04
  10250   0.21302E-04
  10260   0.21196E-04
  10270   0.21107E-04
  10280   0.21003E-04
  10290   0.20916E-04
  10300   0.20824E-04
  10310   0.20743E-04
  10320   0.20636E-04
  10330   0.20534E-04
  10340   0.20456E-04
  10350   0.20360E-04
  10360   0.20266E-04
  10370   0.20181E-04
  10380   0.20097E-04
  10390   0.19995E-04
  10400   0.19907E-04
  10410   0.19815E-04
  10420   0.19711E-04
  10430   0.19621E-04
  10440   0.19547E-04
  10450   0.19449E-04
  10460   0.19344E-04
  10470   0.19250E-04
  10480   0.19174E-04
  10490   0.19076E-04
  10500   0.18985E-04
  10510   0.18910E-04
  10520   0.18800E-04
  10530   0.18721E-04
  10540   0.18617E-04
  10550   0.18540E-04
  10560   0.18443E-04
  10570   0.18368E-04
  10580   0.18262E-04
  10590   0.18189E-04
  10600   0.18092E-04
  10610   0.18003E-04
  10620   0.17918E-04
  10630   0.17818E-04
  10640   0.17725E-04
  10650   0.17659E-04
  10660   0.17564E-04
  10670   0.17471E-04
  10680   0.17377E-04
  10690   0.17294E-04
  10700   0.17204E-04
  10710   0.17108E-04
  10720   0.17031E-04
  10730   0.16942E-04
  10740   0.16857E-04
  10750   0.16769E-04
  10760   0.16689E-04
  10770   0.16608E-04
  10780   0.16512E-04
  10790   0.16436E-04
  10800   0.16349E-04
  10810   0.16261E-04
  10820   0.16182E-04
  10830   0.16076E-04
  10840   0.16016E-04
  10850   0.15929E-04
  10860   0.15822E-04
  10870   0.15760E-04
  10880   0.15673E-04
  10890   0.15590E-04
  10900   0.15504E-04
  10910   0.15407E-04
  10920   0.15333E-04
  10930   0.15251E-04
  10940   0.15183E-04
  10950   0.15073E-04
  10960   0.15009E-04
  10970   0.14924E-04
  10980   0.14838E-04
  10990   0.14773E-04
  11000   0.14674E-04
  11010   0.14603E-04
  11020   0.14518E-04
  11030   0.14450E-04
  11040   0.14370E-04
  11050   0.14275E-04
  11060   0.14195E-04
  11070   0.14127E-04
  11080   0.14034E-04
  11090   0.13965E-04
  11100   0.13867E-04
  11110   0.13813E-04
  11120   0.13734E-04
  11130   0.13647E-04
  11140   0.13567E-04
  11150   0.13495E-04
  11160   0.13409E-04
  11170   0.13340E-04
  11180   0.13268E-04
  11190   0.13176E-04
  11200   0.13099E-04
  11210   0.13019E-04
  11220   0.12952E-04
  11230   0.12878E-04
  11240   0.12797E-04
  11250   0.12721E-04
  11260   0.12641E-04
  11270   0.12563E-04
  11280   0.12491E-04
  11290   0.12424E-04
  11300   0.12334E-04
  11310   0.12277E-04
  11320   0.12188E-04
  11330   0.12137E-04
  11340   0.12054E-04
  11350   0.11965E-04
  11360   0.11907E-04
  11370   0.11810E-04
  11380   0.11752E-04
  11390   0.11672E-04
  11400   0.11606E-04
  11410   0.11531E-04
  11420   0.11468E-04
  11430   0.11390E-04
  11440   0.11314E-04
  11450   0.11258E-04
  11460   0.11173E-04
  11470   0.11106E-04
  11480   0.11037E-04
  11490   0.10971E-04
  11500   0.10894E-04
  11510   0.10832E-04
  11520   0.10770E-04
  11530   0.10684E-04
  11540   0.10623E-04
  11550   0.10560E-04
  11560   0.10479E-04
  11570   0.10407E-04
  11580   0.10362E-04
  11590   0.10286E-04
  11600   0.10227E-04
  11610   0.10144E-04
  11620   0.10078E-04
  11630   0.10023E-04
  11640   0.99362E-05
  11650   0.98910E-05
  11660   0.98166E-05
  11670   0.97504E-05
  11680   0.96850E-05
  11690   0.96250E-05
  11700   0.95603E-05
  11710   0.94891E-05
  11720   0.94303E-05
  11730   0.93666E-05
  11740   0.93082E-05
  11750   0.92446E-05
  11760   0.91770E-05
  11770   0.91101E-05
  11780   0.90568E-05
  11790   0.89947E-05
  11800   0.89295E-05
  11810   0.88744E-05
  11820   0.88102E-05
  11830   0.87452E-05
  11840   0.86757E-05
  11850   0.86310E-05
  11860   0.85689E-05
  11870   0.85082E-05
  11880   0.84471E-05
  11890   0.83955E-05
  11900   0.83321E-05
  11910   0.82679E-05
  11920   0.82147E-05
  11930   0.81715E-05
  11940   0.81078E-05
  11950   0.80405E-05
  11960   0.79877E-05
  11970   0.79281E-05
  11980   0.78720E-05
  11990   0.78241E-05
  12000   0.77643E-05
  12010   0.76981E-05
  12020   0.76523E-05
  12030   0.75953E-05
  12040   0.75460E-05
  12050   0.74993E-05
  12060   0.74353E-05
  12070   0.73822E-05
  12080   0.73311E-05
  12090   0.72663E-05
  12100   0.72190E-05
  12110   0.71683E-05
  12120   0.71189E-05
  12130   0.70598E-05
  12140   0.70147E-05
  12150   0.69642E-05
  12160   0.68979E-05
  12170   0.68622E-05
  12180   0.68118E-05
  12190   0.67617E-05
  12200   0.67109E-05
  12210   0.66603E-05
  12220   0.66055E-05
  12230   0.65742E-05
  12240   0.65185E-05
  12250   0.64604E-05
  12260   0.64234E-05
  12270   0.63871E-05
  12280   0.63114E-05
  12290   0.62699E-05
  12300   0.62281E-05
  12310   0.61876E-05
  12320   0.61412E-05
  12330   0.60886E-05
  12340   0.60412E-05
  12350   0.59901E-05
  12360   0.59512E-05
  12370   0.59152E-05
  12380   0.58710E-05
  12390   0.58247E-05
  12400   0.57857E-05
  12410   0.57463E-05
  12420   0.56835E-05
  12430   0.56605E-05
  12440   0.56211E-05
  12450   0.55631E-05
  12460   0.55193E-05
  12470   0.54930E-05
  12480   0.54532E-05
  12490   0.54195E-05
  12500   0.53591E-05
  12510   0.53349E-05
  12520   0.52881E-05
  12530   0.52462E-05
  12540   0.52190E-05
  12550   0.51779E-05
  12560   0.51405E-05
  12570   0.50982E-05
  12580   0.50683E-05
  12590   0.50239E-05
  12600   0.49922E-05
  12610   0.49659E-05
  12620   0.49283E-05
  12630   0.48880E-05
  12640   0.48597E-05
  12650   0.48252E-05
  12660   0.47869E-05
  12670   0.47674E-05
  12680   0.47223E-05
  12690   0.46829E-05
  12700   0.46559E-05
  12710   0.46266E-05
  12720   0.45882E-05
  12730   0.45514E-05
  12740   0.45197E-05
  12750   0.44981E-05
  12760   0.44681E-05
  12770   0.44436E-05
  12780   0.44087E-05
  12790   0.43739E-05
  12800   0.43477E-05
  12810   0.43219E-05
  12820   0.42789E-05
  12830   0.42573E-05
  12840   0.42405E-05
  12850   0.41970E-05
  12860   0.41779E-05
  12870   0.41530E-05
  12880   0.41283E-05
  12890   0.41009E-05
  12900   0.40764E-05
  12910   0.40540E-05
  12920   0.40219E-05
  12930   0.40004E-05
  12940   0.39764E-05
  12950   0.39469E-05
  12960   0.39180E-05
  12970   0.39104E-05
  12980   0.38836E-05
  12990   0.38540E-05
  13000   0.38274E-05
  13010   0.38009E-05
  13020   0.37791E-05
  13030   0.37628E-05
  13040   0.37278E-05
  13050   0.37193E-05
  13060   0.36870E-05
  13070   0.36611E-05
  13080   0.36455E-05
  13090   0.36338E-05
  13100   0.36045E-05
  13110   0.35770E-05
  13120   0.35525E-05
  13130   0.35470E-05
  13140   0.35253E-05
  13150   0.35020E-05
  13160   0.34883E-05
  13170   0.34637E-05
  13180   0.34487E-05
  13190   0.34190E-05
  13200   0.34052E-05
  13210   0.33888E-05
  13220   0.33713E-05
  13230   0.33573E-05
  13240   0.33304E-05
  13250   0.33040E-05
  13260   0.32949E-05
  13270   0.32670E-05
  13280   0.32508E-05
  13290   0.32438E-05
  13300   0.32184E-05
  13310   0.32093E-05
  13320   0.31913E-05
  13330   0.31733E-05
  13340   0.31502E-05
  13350   0.31374E-05
  13360   0.31246E-05
  13370   0.31053E-05
  13380   0.30935E-05
  13390   0.30745E-05
  13400   0.30577E-05
  13410   0.30531E-05
  13420   0.30333E-05
  13430   0.30134E-05
  13440   0.29984E-05
  13450   0.29783E-05
  13460   0.29672E-05
  13470   0.29440E-05
  13480   0.29333E-05
  13490   0.29206E-05
  13500   0.29098E-05
  13510   0.28971E-05
  13520   0.28866E-05
  13530   0.28690E-05
  13540   0.28552E-05
  13550   0.28518E-05
  13560   0.28396E-05
  13570   0.28209E-05
  13580   0.28108E-05
  13590   0.27904E-05
  13600   0.27784E-05
  13610   0.27654E-05
  13620   0.27471E-05
  13630   0.27363E-05
  13640   0.27304E-05
  13650   0.27147E-05
  13660   0.27079E-05
  13670   0.26819E-05
  13680   0.26800E-05
  13690   0.26710E-05
  13700   0.26496E-05
  13710   0.26361E-05
  13720   0.26285E-05
  13730   0.26282E-05
  13740   0.26129E-05
  13750   0.25951E-05
  13760   0.25833E-05
  13770   0.25670E-05
  13780   0.25585E-05
  13790   0.25412E-05
  13800   0.25189E-05
  13810   0.25261E-05
  13820   0.25121E-05
  13830   0.25006E-05
  13840   0.24957E-05
  13850   0.24922E-05
  13860   0.24701E-05
  13870   0.24576E-05
  13880   0.24475E-05
  13890   0.24406E-05
  13900   0.24259E-05
  13910   0.24047E-05
  13920   0.24015E-05
  13930   0.23955E-05
  13940   0.23831E-05
  13950   0.23685E-05
  13960   0.23593E-05
  13970   0.23557E-05
  13980   0.23412E-05
  13990   0.23291E-05
  14000   0.23244E-05
  14010   0.23118E-05
  14020   0.23074E-05
  14030   0.22980E-05
  14040   0.22918E-05
  14050   0.22861E-05
  14060   0.22765E-05
  14070   0.22687E-05
  14080   0.22548E-05
  14090   0.22318E-05
  14100   0.22153E-05
  14110   0.22153E-05
  14120   0.22172E-05
  14130   0.21947E-05
  14140   0.21936E-05
  14150   0.21886E-05
  14160   0.21731E-05
  14170   0.21680E-05
  14180   0.21568E-05
  14190   0.21621E-05
  14200   0.21405E-05
  14210   0.21434E-05
  14220   0.21338E-05
  14230   0.21220E-05
  14240   0.21117E-05
  14250   0.21044E-05
  14260   0.20918E-05
  14270   0.20890E-05
  14280   0.20826E-05
  14290   0.20688E-05
  14300   0.20575E-05
  14310   0.20537E-05
  14320   0.20381E-05
  14330   0.20455E-05
  14340   0.20236E-05
  14350   0.20242E-05
  14360   0.20107E-05
  14370   0.20063E-05
  14380   0.19989E-05
  14390   0.20028E-05
  14400   0.20055E-05
  14410   0.19999E-05
  14420   0.19867E-05
  14430   0.19620E-05
  14440   0.19553E-05
  14450   0.19349E-05
  14460   0.19451E-05
  14470   0.19397E-05
  14480   0.19310E-05
  14490   0.19286E-05
  14500   0.19207E-05
  14510   0.19116E-05
  14520   0.18965E-05
  14530   0.18882E-05
  14540   0.18832E-05
  14550   0.18825E-05
  14560   0.18716E-05
  14570   0.18747E-05
  14580   0.18634E-05
  14590   0.18703E-05
  14600   0.18553E-05
  14610   0.18517E-05
  14620   0.18356E-05
  14630   0.18413E-05
  14640   0.18300E-05
  14650   0.18272E-05
  14660   0.18281E-05
  14670   0.18194E-05
  14680   0.18041E-05
  14690   0.17908E-05
  14700   0.17753E-05
  14710   0.17797E-05
  14720   0.17723E-05
  14730   0.17784E-05
  14740   0.17728E-05
  14750   0.17627E-05
  14760   0.17547E-05
  14770   0.17407E-05
  14780   0.17451E-05
  14790   0.17384E-05
  14800   0.17324E-05
  14810   0.17209E-05
  14820   0.17127E-05
  14830   0.16984E-05
  14840   0.17040E-05
  14850   0.16853E-05
  14860   0.16777E-05
  14870   0.16749E-05
  14880   0.16672E-05
  14890   0.16707E-05
  14900   0.16713E-05
  14910   0.16632E-05
  14920   0.16563E-05
  14930   0.16450E-05
  14940   0.16370E-05
  14950   0.16328E-05
  14960   0.16305E-05
  14970   0.16227E-05
  14980   0.16198E-05
  14990   0.16154E-05
  15000   0.16070E-05
  15010   0.16050E-05
  15020   0.16037E-05
  15030   0.15812E-05
  15040   0.15779E-05
  15050   0.15808E-05
  15060   0.15723E-05
  15070   0.15668E-05
  15080   0.15603E-05
  15090   0.15614E-05
  15100   0.15520E-05
  15110   0.15511E-05
  15120   0.15405E-05
  15130   0.15350E-05
  15140   0.15468E-05
  15150   0.15375E-05
  15160   0.15263E-05
  15170   0.15134E-05
  15180   0.15148E-05
  15190   0.15031E-05
  15200   0.15127E-05
  15210   0.14987E-05
  15220   0.14930E-05
  15230   0.14924E-05
  15240   0.14867E-05
  15250   0.14825E-05
  15260   0.14646E-05
  15270   0.14739E-05
  15280   0.14773E-05
  15290   0.14688E-05
  15300   0.14618E-05
  15310   0.14632E-05
  15320   0.14620E-05
  15330   0.14554E-05
  15340   0.14519E-05
  15350   0.14332E-05
  15360   0.14323E-05
  15370   0.14399E-05
  15380   0.14245E-05
  15390   0.14158E-05
  15400   0.14153E-05
  15410   0.14138E-05
  15420   0.13888E-05
  15430   0.13798E-05
  15440   0.13787E-05
  15450   0.13780E-05
  15460   0.13694E-05
  15470   0.13831E-05
  15480   0.13729E-05
  15490   0.13751E-05
  15500   0.13607E-05
  15510   0.13624E-05
  15520   0.13562E-05
  15530   0.13588E-05
  15540   0.13574E-05
  15550   0.13496E-05
  15560   0.13289E-05
  15570   0.13466E-05
  15580   0.13435E-05
  15590   0.13383E-05
  15600   0.13344E-05
  15610   0.13256E-05
  15620   0.13211E-05
  15630   0.13011E-05
  15640   0.12960E-05
  15650   0.12830E-05
  15660   0.12970E-05
  15670   0.12977E-05
  15680   0.12867E-05
  15690   0.12877E-05
  15700   0.12891E-05
  15710   0.12566E-05
  15720   0.12750E-05
  15730   0.12746E-05
  15740   0.12816E-05
  15750   0.12816E-05
  15760   0.12679E-05
  15770   0.12623E-05
  15780   0.12510E-05
  15790   0.12483E-05
  15800   0.12469E-05
  15810   0.12429E-05
  15820   0.12185E-05
  15830   0.12259E-05
  15840   0.12413E-05
  15850   0.12222E-05
  15860   0.12195E-05
  15870   0.11955E-05
  15880   0.11971E-05
  15890   0.11829E-05
  15900   0.11849E-05
  15910   0.11708E-05
  15920   0.11754E-05
  15930   0.11752E-05
  15940   0.11576E-05
  15950   0.11686E-05
  15960   0.11562E-05
  15970   0.11528E-05
  15980   0.11506E-05
  15990   0.11427E-05
  16000   0.11394E-05
  16010   0.11276E-05
  16020   0.11239E-05
  16030   0.11330E-05
  16040   0.11308E-05
  16050   0.11141E-05
  16060   0.11092E-05
  16070   0.11113E-05
  16080   0.11026E-05
  16090   0.10919E-05
  16100   0.11015E-05
  16110   0.10949E-05
  16120   0.10765E-05
  16130   0.10808E-05
  16140   0.10688E-05
  16150   0.10735E-05
  16160   0.10601E-05
  16170   0.10686E-05
  16180   0.10463E-05
  16190   0.10595E-05
  16200   0.10337E-05
  16210   0.10379E-05
  16220   0.10327E-05
  16230   0.10167E-05
  16240   0.10037E-05
  16250   0.99600E-06
  16260   0.98780E-06
  16270   0.99971E-06
  16280   0.99006E-06
  16290   0.99857E-06
  16300   0.98085E-06
  16310   0.97495E-06
  16320   0.94965E-06
  16330   0.94116E-06
  16340   0.94271E-06
  16350   0.94876E-06
  16360   0.95686E-06
  16370   0.93852E-06
  16380   0.94057E-06
  16390   0.93017E-06
  16400   0.93430E-06
  16410   0.94011E-06
  16420   0.92939E-06
  16430   0.92713E-06
  16440   0.92453E-06
  16450   0.91205E-06
  16460   0.91104E-06
  16470   0.91216E-06
  16480   0.90819E-06
  16490   0.92352E-06
  16500   0.90398E-06
  16510   0.89647E-06
  16520   0.88412E-06
  16530   0.87512E-06
  16540   0.87711E-06
  16550   0.87227E-06
  16560   0.87095E-06
  16570   0.86249E-06
  16580   0.86522E-06
  16590   0.86223E-06
  16600   0.84542E-06
  16610   0.84938E-06
  16620   0.84085E-06
  16630   0.83393E-06
  16640   0.82190E-06
  16650   0.82782E-06
  16660   0.81371E-06
  16670   0.80952E-06
  16680   0.80143E-06
  16690   0.80213E-06
  16700   0.79557E-06
  16710   0.78860E-06
  16720   0.76820E-06
  16730   0.77335E-06
  16740   0.77507E-06
  16750   0.75867E-06
  16760   0.77098E-06
  16770   0.76805E-06
  16780   0.75706E-06
  16790   0.74387E-06
  16800   0.74612E-06
  16810   0.73464E-06
  16820   0.74421E-06
  16830   0.73318E-06
  16840   0.73845E-06
  16850   0.71048E-06
  16860   0.71186E-06
  16870   0.70794E-06
  16880   0.70608E-06
  16890   0.69431E-06
  16900   0.70328E-06
  16910   0.70499E-06
  16920   0.70913E-06
  16930   0.70480E-06
  16940   0.70885E-06
  16950   0.69454E-06
  16960   0.69604E-06
  16970   0.68940E-06
  16980   0.67528E-06
  16990   0.67437E-06
  17000   0.67032E-06
  17010   0.66875E-06
  17020   0.67201E-06
  17030   0.66029E-06
  17040   0.64864E-06
  17050   0.64560E-06
  17060   0.63756E-06
  17070   0.64286E-06
  17080   0.63727E-06
  17090   0.62155E-06
  17100   0.61600E-06
  17110   0.61378E-06
  17120   0.61135E-06
  17130   0.60208E-06
  17140   0.58694E-06
  17150   0.58601E-06
  17160   0.58254E-06
  17170   0.58897E-06
  17180   0.58382E-06
  17190   0.58444E-06
  17200   0.56605E-06
  17210   0.58024E-06
  17220   0.56104E-06
  17230   0.55514E-06
  17240   0.53694E-06
  17250   0.54769E-06
  17260   0.53436E-06
  17270   0.54969E-06
  17280   0.53126E-06
  17290   0.52772E-06
  17300   0.53998E-06
  17310   0.53165E-06
  17320   0.50758E-06
  17330   0.50993E-06
  17340   0.50488E-06
  17350   0.51413E-06
  17360   0.49563E-06
  17370   0.49610E-06
  17380   0.49225E-06
  17390   0.49240E-06
  17400   0.49566E-06
  17410   0.50455E-06
  17420   0.50220E-06
  17430   0.49431E-06
  17440   0.48858E-06
  17450   0.48211E-06
  17460   0.47989E-06
  17470   0.48522E-06
  17480   0.47103E-06
  17490   0.46806E-06
  17500   0.46649E-06
  17510   0.47795E-06
  17520   0.45761E-06
  17530   0.45966E-06
  17540   0.45358E-06
  17550   0.44609E-06
  17560   0.45155E-06
  17570   0.45502E-06
  17580   0.45015E-06
  17590   0.45556E-06
  17600   0.44233E-06
  17610   0.45444E-06
  17620   0.44698E-06
  17630   0.42919E-06
  17640   0.41765E-06
  17650   0.42596E-06
  17660   0.41789E-06
  17670   0.42374E-06
  17680   0.42083E-06
  17690   0.41420E-06
  17700   0.41894E-06
  17710   0.43211E-06
  17720   0.43007E-06
  17730   0.40967E-06
  17740   0.40956E-06
  17750   0.41194E-06
  17760   0.39868E-06
  17770   0.39300E-06
  17780   0.39158E-06
  17790   0.39412E-06
  17800   0.38604E-06
  17810   0.41059E-06
  17820   0.39214E-06
  17830   0.39109E-06
  17840   0.38475E-06
  17850   0.38662E-06
  17860   0.37929E-06
  17870   0.37224E-06
  17880   0.38420E-06
  17890   0.39374E-06
  17900   0.38135E-06
  17910   0.39352E-06
  17920   0.37838E-06
  17930   0.37123E-06
  17940   0.38748E-06
  17950   0.38035E-06
  17960   0.37393E-06
  17970   0.37579E-06
  17980   0.37216E-06
  17990   0.36614E-06
  18000   0.36299E-06
  18010   0.37790E-06
  18020   0.37059E-06
  18030   0.36681E-06
  18040   0.36405E-06
  18050   0.37815E-06
  18060   0.36788E-06
  18070   0.36923E-06
  18080   0.36917E-06
  18090   0.37205E-06
  18100   0.35827E-06
  18110   0.36865E-06
  18120   0.36908E-06
  18130   0.36101E-06
  18140   0.35038E-06
  18150   0.36467E-06
  18160   0.35361E-06
  18170   0.34922E-06
  18180   0.35184E-06
  18190   0.34410E-06
  18200   0.36599E-06
  18210   0.36402E-06
  18220   0.34821E-06
  18230   0.35755E-06
  18240   0.34583E-06
  18250   0.34561E-06
  18260   0.33322E-06
  18270   0.33301E-06
  18280   0.35316E-06
  18290   0.33913E-06
  18300   0.33162E-06
  18310   0.34226E-06
  18320   0.34378E-06
  18330   0.33693E-06
  18340   0.33873E-06
  18350   0.33411E-06
  18360   0.32812E-06
  18370   0.33619E-06
  18380   0.33132E-06
  18390   0.33304E-06
  18400   0.32202E-06
  18410   0.31806E-06
  18420   0.31066E-06
  18430   0.31071E-06
  18440   0.31701E-06
  18450   0.31189E-06
  18460   0.31696E-06
  18470   0.31033E-06
  18480   0.32797E-06
  18490   0.31285E-06
  18500   0.32191E-06
  18510   0.32391E-06
  18520   0.30470E-06
  18530   0.30581E-06
  18540   0.31061E-06
  18550   0.30212E-06
  18560   0.31125E-06
  18570   0.31524E-06
  18580   0.30523E-06
  18590   0.30216E-06
  18600   0.30540E-06
  18610   0.30990E-06
  18620   0.31253E-06
  18630   0.30559E-06
  18640   0.30123E-06
  18650   0.28993E-06
  18660   0.29825E-06
  18670   0.29560E-06
  18680   0.30358E-06
  18690   0.30310E-06
  18700   0.30075E-06
  18710   0.29849E-06
  18720   0.29957E-06
  18730   0.29886E-06
  18740   0.30593E-06
  18750   0.30028E-06
  18760   0.30666E-06
  18770   0.30260E-06
  18780   0.30118E-06
  18790   0.29635E-06
  18800   0.30507E-06
  18810   0.29376E-06
  18820   0.29310E-06
  18830   0.29244E-06
  18840   0.29537E-06
  18850   0.30720E-06
  18860   0.29704E-06
  18870   0.30181E-06
  18880   0.31015E-06
  18890   0.30324E-06
  18900   0.29751E-06
  18910   0.29987E-06
  18920   0.30254E-06
  18930   0.28474E-06
  18940   0.28371E-06
  18950   0.29128E-06
  18960   0.28728E-06
  18970   0.29584E-06
  18980   0.28296E-06
  18990   0.29435E-06
  19000   0.29930E-06
  19010   0.30699E-06
  19020   0.29241E-06
  19030   0.30504E-06
  19040   0.30462E-06
  19050   0.29570E-06
  19060   0.29591E-06
  19070   0.31440E-06
  19080   0.29875E-06
  19090   0.29748E-06
  19100   0.29500E-06
  19110   0.30160E-06
  19120   0.30722E-06
  19130   0.29901E-06
  19140   0.29501E-06
  19150   0.30360E-06
  19160   0.29131E-06
  19170   0.30069E-06
  19180   0.29586E-06
  19190   0.28959E-06
  19200   0.29398E-06
  19210   0.30072E-06
  19220   0.29057E-06
  19230   0.28226E-06
  19240   0.27332E-06
  19250   0.27817E-06
  19260   0.27538E-06
  19270   0.27315E-06
  19280   0.28330E-06
  19290   0.25589E-06
  19300   0.27579E-06
  19310   0.27590E-06
  19320   0.27643E-06
  19330   0.26734E-06
  19340   0.26761E-06
  19350   0.27503E-06
  19360   0.25937E-06
  19370   0.27087E-06
  19380   0.26565E-06
  19390   0.26993E-06
  19400   0.26590E-06
  19410   0.28265E-06
  19420   0.27645E-06
  19430   0.29141E-06
  19440   0.28279E-06
  19450   0.28745E-06
  19460   0.27353E-06
  19470   0.28743E-06
  19480   0.28293E-06
  19490   0.28429E-06
  19500   0.28678E-06
  19510   0.28783E-06
  19520   0.27716E-06
  19530   0.28222E-06
  19540   0.28304E-06
  19550   0.28007E-06
  19560   0.28175E-06
  19570   0.27513E-06
  19580   0.27139E-06
  19590   0.28105E-06
  19600   0.28513E-06
  19610   0.29762E-06
  19620   0.27935E-06
  19630   0.28534E-06
  19640   0.28687E-06
  19650   0.28078E-06
  19660   0.27555E-06
  19670   0.27855E-06
  19680   0.28451E-06
  19690   0.27264E-06
  19700   0.28327E-06
  19710   0.29407E-06
  19720   0.28262E-06
  19730   0.28188E-06
  19740   0.27900E-06
  19750   0.27438E-06
  19760   0.26996E-06
  19770   0.27994E-06
  19780   0.26900E-06
  19790   0.26515E-06
  19800   0.27249E-06
  19810   0.30001E-06
  19820   0.28631E-06
  19830   0.28085E-06
  19840   0.26905E-06
  19850   0.28025E-06
  19860   0.28122E-06
  19870   0.27533E-06
  19880   0.28401E-06
  19890   0.27344E-06
  19900   0.26264E-06
  19910   0.28000E-06
  19920   0.28791E-06
  19930   0.27147E-06
  19940   0.29447E-06
  19950   0.28462E-06
  19960   0.27675E-06
  19970   0.27444E-06
  19980   0.26791E-06
  19990   0.26643E-06
  20000   0.26746E-06
