     10   0.10474E-02
     20   0.88674E-03
     30   0.78219E-03
     40   0.70816E-03
     50   0.65225E-03
     60   0.60751E-03
     70   0.56968E-03
     80   0.53671E-03
     90   0.50741E-03
    100   0.48081E-03
    110   0.45778E-03
    120   0.43635E-03
    130   0.41632E-03
    140   0.39747E-03
    150   0.37968E-03
    160   0.36293E-03
    170   0.34707E-03
    180   0.33212E-03
    190   0.31799E-03
    200   0.30463E-03
    210   0.29231E-03
    220   0.28066E-03
    230   0.26969E-03
    240   0.25935E-03
    250   0.24965E-03
    260   0.24051E-03
    270   0.23196E-03
    280   0.22395E-03
    290   0.21643E-03
    300   0.20938E-03
    310   0.20287E-03
    320   0.19680E-03
    330   0.19114E-03
    340   0.18588E-03
    350   0.18106E-03
    360   0.17667E-03
    370   0.17272E-03
    380   0.16917E-03
    390   0.16607E-03
    400   0.16335E-03
    410   0.16103E-03
    420   0.15900E-03
    430   0.15725E-03
    440   0.15568E-03
    450   0.15425E-03
    460   0.15290E-03
    470   0.15156E-03
    480   0.15021E-03
    490   0.14879E-03
    500   0.14732E-03
    510   0.14582E-03
    520   0.14420E-03
    530   0.14255E-03
    540   0.14086E-03
    550   0.13916E-03
    560   0.13749E-03
    570   0.13589E-03
    580   0.13439E-03
    590   0.13303E-03
    600   0.13182E-03
    610   0.13081E-03
    620   0.13001E-03
    630   0.12941E-03
    640   0.12901E-03
    650   0.12882E-03
    660   0.12882E-03
    670   0.12900E-03
    680   0.12933E-03
    690   0.12980E-03
    700   0.13038E-03
    710   0.13104E-03
    720   0.13177E-03
    730   0.13254E-03
    740   0.13333E-03
    750   0.13412E-03
    760   0.13489E-03
    770   0.13562E-03
    780   0.13630E-03
    790   0.13691E-03
    800   0.13744E-03
    810   0.13788E-03
    820   0.13822E-03
    830   0.13846E-03
    840   0.13859E-03
    850   0.13861E-03
    860   0.13851E-03
    870   0.13831E-03
    880   0.13801E-03
    890   0.13758E-03
    900   0.13706E-03
    910   0.13645E-03
    920   0.13575E-03
    930   0.13496E-03
    940   0.13410E-03
    950   0.13317E-03
    960   0.13218E-03
    970   0.13114E-03
    980   0.13007E-03
    990   0.12898E-03
   1000   0.12787E-03
   1010   0.12676E-03
   1020   0.12568E-03
   1030   0.12462E-03
   1040   0.12361E-03
   1050   0.12266E-03
   1060   0.12177E-03
   1070   0.12097E-03
   1080   0.12025E-03
   1090   0.11964E-03
   1100   0.11913E-03
   1110   0.11875E-03
   1120   0.11845E-03
   1130   0.11828E-03
   1140   0.11819E-03
   1150   0.11821E-03
   1160   0.11832E-03
   1170   0.11851E-03
   1180   0.11876E-03
   1190   0.11908E-03
   1200   0.11944E-03
   1210   0.11982E-03
   1220   0.12023E-03
   1230   0.12063E-03
   1240   0.12104E-03
   1250   0.12143E-03
   1260   0.12180E-03
   1270   0.12211E-03
   1280   0.12239E-03
   1290   0.12263E-03
   1300   0.12282E-03
   1310   0.12296E-03
   1320   0.12301E-03
   1330   0.12304E-03
   1340   0.12301E-03
   1350   0.12292E-03
   1360   0.12277E-03
   1370   0.12260E-03
   1380   0.12238E-03
   1390   0.12214E-03
   1400   0.12187E-03
   1410   0.12157E-03
   1420   0.12128E-03
   1430   0.12099E-03
   1440   0.12069E-03
   1450   0.12041E-03
   1460   0.12015E-03
   1470   0.11992E-03
   1480   0.11973E-03
   1490   0.11956E-03
   1500   0.11943E-03
   1510   0.11935E-03
   1520   0.11930E-03
   1530   0.11930E-03
   1540   0.11932E-03
   1550   0.11938E-03
   1560   0.11946E-03
   1570   0.11956E-03
   1580   0.11966E-03
   1590   0.11978E-03
   1600   0.11989E-03
   1610   0.11999E-03
   1620   0.12007E-03
   1630   0.12012E-03
   1640   0.12014E-03
   1650   0.12012E-03
   1660   0.12006E-03
   1670   0.11994E-03
   1680   0.11978E-03
   1690   0.11956E-03
   1700   0.11929E-03
   1710   0.11896E-03
   1720   0.11857E-03
   1730   0.11814E-03
   1740   0.11766E-03
   1750   0.11714E-03
   1760   0.11656E-03
   1770   0.11598E-03
   1780   0.11534E-03
   1790   0.11471E-03
   1800   0.11406E-03
   1810   0.11341E-03
   1820   0.11277E-03
   1830   0.11214E-03
   1840   0.11154E-03
   1850   0.11098E-03
   1860   0.11048E-03
   1870   0.11001E-03
   1880   0.10962E-03
   1890   0.10930E-03
   1900   0.10906E-03
   1910   0.10890E-03
   1920   0.10884E-03
   1930   0.10887E-03
   1940   0.10901E-03
   1950   0.10924E-03
   1960   0.10957E-03
   1970   0.11001E-03
   1980   0.11055E-03
   1990   0.11118E-03
   2000   0.11190E-03
   2010   0.11273E-03
   2020   0.11361E-03
   2030   0.11459E-03
   2040   0.11563E-03
   2050   0.11671E-03
   2060   0.11787E-03
   2070   0.11906E-03
   2080   0.12027E-03
   2090   0.12154E-03
   2100   0.12280E-03
   2110   0.12410E-03
   2120   0.12540E-03
   2130   0.12668E-03
   2140   0.12795E-03
   2150   0.12925E-03
   2160   0.13050E-03
   2170   0.13173E-03
   2180   0.13294E-03
   2190   0.13413E-03
   2200   0.13528E-03
   2210   0.13639E-03
   2220   0.13746E-03
   2230   0.13850E-03
   2240   0.13952E-03
   2250   0.14048E-03
   2260   0.14140E-03
   2270   0.14229E-03
   2280   0.14311E-03
   2290   0.14392E-03
   2300   0.14466E-03
   2310   0.14537E-03
   2320   0.14603E-03
   2330   0.14664E-03
   2340   0.14718E-03
   2350   0.14772E-03
   2360   0.14819E-03
   2370   0.14860E-03
   2380   0.14899E-03
   2390   0.14933E-03
   2400   0.14961E-03
   2410   0.14987E-03
   2420   0.15004E-03
   2430   0.15019E-03
   2440   0.15028E-03
   2450   0.15033E-03
   2460   0.15032E-03
   2470   0.15030E-03
   2480   0.15020E-03
   2490   0.15007E-03
   2500   0.14989E-03
   2510   0.14968E-03
   2520   0.14941E-03
   2530   0.14912E-03
   2540   0.14879E-03
   2550   0.14842E-03
   2560   0.14799E-03
   2570   0.14754E-03
   2580   0.14704E-03
   2590   0.14653E-03
   2600   0.14595E-03
   2610   0.14538E-03
   2620   0.14475E-03
   2630   0.14411E-03
   2640   0.14343E-03
   2650   0.14271E-03
   2660   0.14196E-03
   2670   0.14121E-03
   2680   0.14042E-03
   2690   0.13963E-03
   2700   0.13878E-03
   2710   0.13795E-03
   2720   0.13707E-03
   2730   0.13618E-03
   2740   0.13528E-03
   2750   0.13432E-03
   2760   0.13339E-03
   2770   0.13242E-03
   2780   0.13143E-03
   2790   0.13045E-03
   2800   0.12943E-03
   2810   0.12843E-03
   2820   0.12739E-03
   2830   0.12635E-03
   2840   0.12530E-03
   2850   0.12423E-03
   2860   0.12315E-03
   2870   0.12207E-03
   2880   0.12096E-03
   2890   0.11986E-03
   2900   0.11878E-03
   2910   0.11767E-03
   2920   0.11655E-03
   2930   0.11545E-03
   2940   0.11435E-03
   2950   0.11323E-03
   2960   0.11210E-03
   2970   0.11100E-03
   2980   0.10989E-03
   2990   0.10878E-03
   3000   0.10769E-03
   3010   0.10661E-03
   3020   0.10552E-03
   3030   0.10443E-03
   3040   0.10337E-03
   3050   0.10231E-03
   3060   0.10126E-03
   3070   0.10025E-03
   3080   0.99231E-04
   3090   0.98223E-04
   3100   0.97262E-04
   3110   0.96269E-04
   3120   0.95317E-04
   3130   0.94388E-04
   3140   0.93435E-04
   3150   0.92534E-04
   3160   0.91669E-04
   3170   0.90783E-04
   3180   0.89929E-04
   3190   0.89125E-04
   3200   0.88294E-04
   3210   0.87490E-04
   3220   0.86709E-04
   3230   0.85956E-04
   3240   0.85205E-04
   3250   0.84477E-04
   3260   0.83785E-04
   3270   0.83084E-04
   3280   0.82408E-04
   3290   0.81739E-04
   3300   0.81088E-04
   3310   0.80458E-04
   3320   0.79849E-04
   3330   0.79225E-04
   3340   0.78639E-04
   3350   0.78079E-04
   3360   0.77498E-04
   3370   0.76956E-04
   3380   0.76405E-04
   3390   0.75862E-04
   3400   0.75351E-04
   3410   0.74849E-04
   3420   0.74345E-04
   3430   0.73849E-04
   3440   0.73399E-04
   3450   0.72907E-04
   3460   0.72451E-04
   3470   0.71995E-04
   3480   0.71562E-04
   3490   0.71124E-04
   3500   0.70681E-04
   3510   0.70266E-04
   3520   0.69864E-04
   3530   0.69476E-04
   3540   0.69065E-04
   3550   0.68692E-04
   3560   0.68320E-04
   3570   0.67945E-04
   3580   0.67586E-04
   3590   0.67252E-04
   3600   0.66893E-04
   3610   0.66562E-04
   3620   0.66230E-04
   3630   0.65921E-04
   3640   0.65599E-04
   3650   0.65308E-04
   3660   0.64991E-04
   3670   0.64724E-04
   3680   0.64422E-04
   3690   0.64157E-04
   3700   0.63889E-04
   3710   0.63642E-04
   3720   0.63380E-04
   3730   0.63135E-04
   3740   0.62902E-04
   3750   0.62678E-04
   3760   0.62457E-04
   3770   0.62239E-04
   3780   0.62050E-04
   3790   0.61843E-04
   3800   0.61638E-04
   3810   0.61465E-04
   3820   0.61285E-04
   3830   0.61106E-04
   3840   0.60947E-04
   3850   0.60780E-04
   3860   0.60633E-04
   3870   0.60467E-04
   3880   0.60334E-04
   3890   0.60207E-04
   3900   0.60043E-04
   3910   0.59940E-04
   3920   0.59822E-04
   3930   0.59700E-04
   3940   0.59592E-04
   3950   0.59489E-04
   3960   0.59376E-04
   3970   0.59284E-04
   3980   0.59199E-04
   3990   0.59111E-04
   4000   0.59037E-04
   4010   0.58951E-04
   4020   0.58876E-04
   4030   0.58829E-04
   4040   0.58752E-04
   4050   0.58696E-04
   4060   0.58624E-04
   4070   0.58596E-04
   4080   0.58552E-04
   4090   0.58505E-04
   4100   0.58479E-04
   4110   0.58454E-04
   4120   0.58416E-04
   4130   0.58392E-04
   4140   0.58378E-04
   4150   0.58372E-04
   4160   0.58361E-04
   4170   0.58349E-04
   4180   0.58343E-04
   4190   0.58363E-04
   4200   0.58368E-04
   4210   0.58380E-04
   4220   0.58389E-04
   4230   0.58425E-04
   4240   0.58425E-04
   4250   0.58455E-04
   4260   0.58496E-04
   4270   0.58537E-04
   4280   0.58564E-04
   4290   0.58610E-04
   4300   0.58641E-04
   4310   0.58701E-04
   4320   0.58765E-04
   4330   0.58818E-04
   4340   0.58874E-04
   4350   0.58935E-04
   4360   0.58979E-04
   4370   0.59050E-04
   4380   0.59121E-04
   4390   0.59211E-04
   4400   0.59288E-04
   4410   0.59338E-04
   4420   0.59420E-04
   4430   0.59493E-04
   4440   0.59580E-04
   4450   0.59662E-04
   4460   0.59757E-04
   4470   0.59837E-04
   4480   0.59913E-04
   4490   0.60002E-04
   4500   0.60085E-04
   4510   0.60160E-04
   4520   0.60270E-04
   4530   0.60348E-04
   4540   0.60433E-04
   4550   0.60529E-04
   4560   0.60621E-04
   4570   0.60687E-04
   4580   0.60789E-04
   4590   0.60863E-04
   4600   0.60955E-04
   4610   0.61036E-04
   4620   0.61102E-04
   4630   0.61205E-04
   4640   0.61266E-04
   4650   0.61349E-04
   4660   0.61407E-04
   4670   0.61474E-04
   4680   0.61546E-04
   4690   0.61620E-04
   4700   0.61691E-04
   4710   0.61746E-04
   4720   0.61813E-04
   4730   0.61859E-04
   4740   0.61918E-04
   4750   0.61964E-04
   4760   0.61996E-04
   4770   0.62048E-04
   4780   0.62064E-04
   4790   0.62100E-04
   4800   0.62134E-04
   4810   0.62167E-04
   4820   0.62193E-04
   4830   0.62218E-04
   4840   0.62236E-04
   4850   0.62236E-04
   4860   0.62245E-04
   4870   0.62244E-04
   4880   0.62248E-04
   4890   0.62237E-04
   4900   0.62232E-04
   4910   0.62200E-04
   4920   0.62187E-04
   4930   0.62191E-04
   4940   0.62146E-04
   4950   0.62124E-04
   4960   0.62092E-04
   4970   0.62039E-04
   4980   0.62015E-04
   4990   0.61962E-04
   5000   0.61916E-04
   5010   0.61874E-04
   5020   0.61815E-04
   5030   0.61740E-04
   5040   0.61701E-04
   5050   0.61627E-04
   5060   0.61571E-04
   5070   0.61479E-04
   5080   0.61406E-04
   5090   0.61352E-04
   5100   0.61246E-04
   5110   0.61184E-04
   5120   0.61109E-04
   5130   0.61016E-04
   5140   0.60928E-04
   5150   0.60822E-04
   5160   0.60752E-04
   5170   0.60659E-04
   5180   0.60563E-04
   5190   0.60475E-04
   5200   0.60375E-04
   5210   0.60285E-04
   5220   0.60174E-04
   5230   0.60095E-04
   5240   0.59984E-04
   5250   0.59900E-04
   5260   0.59793E-04
   5270   0.59691E-04
   5280   0.59609E-04
   5290   0.59489E-04
   5300   0.59407E-04
   5310   0.59303E-04
   5320   0.59219E-04
   5330   0.59117E-04
   5340   0.59037E-04
   5350   0.58927E-04
   5360   0.58838E-04
   5370   0.58742E-04
   5380   0.58667E-04
   5390   0.58565E-04
   5400   0.58496E-04
   5410   0.58397E-04
   5420   0.58329E-04
   5430   0.58237E-04
   5440   0.58162E-04
   5450   0.58087E-04
   5460   0.58015E-04
   5470   0.57946E-04
   5480   0.57862E-04
   5490   0.57792E-04
   5500   0.57727E-04
   5510   0.57650E-04
   5520   0.57596E-04
   5530   0.57544E-04
   5540   0.57473E-04
   5550   0.57411E-04
   5560   0.57366E-04
   5570   0.57304E-04
   5580   0.57273E-04
   5590   0.57228E-04
   5600   0.57173E-04
   5610   0.57137E-04
   5620   0.57095E-04
   5630   0.57038E-04
   5640   0.57025E-04
   5650   0.56996E-04
   5660   0.56959E-04
   5670   0.56929E-04
   5680   0.56901E-04
   5690   0.56876E-04
   5700   0.56847E-04
   5710   0.56827E-04
   5720   0.56804E-04
   5730   0.56787E-04
   5740   0.56770E-04
   5750   0.56748E-04
   5760   0.56733E-04
   5770   0.56717E-04
   5780   0.56698E-04
   5790   0.56691E-04
   5800   0.56692E-04
   5810   0.56679E-04
   5820   0.56681E-04
   5830   0.56686E-04
   5840   0.56663E-04
   5850   0.56663E-04
   5860   0.56664E-04
   5870   0.56669E-04
   5880   0.56680E-04
   5890   0.56654E-04
   5900   0.56670E-04
   5910   0.56663E-04
   5920   0.56667E-04
   5930   0.56658E-04
   5940   0.56674E-04
   5950   0.56680E-04
   5960   0.56674E-04
   5970   0.56679E-04
   5980   0.56688E-04
   5990   0.56702E-04
   6000   0.56700E-04
   6010   0.56701E-04
   6020   0.56701E-04
   6030   0.56725E-04
   6040   0.56715E-04
   6050   0.56716E-04
   6060   0.56737E-04
   6070   0.56721E-04
   6080   0.56726E-04
   6090   0.56734E-04
   6100   0.56730E-04
   6110   0.56734E-04
   6120   0.56741E-04
   6130   0.56744E-04
   6140   0.56746E-04
   6150   0.56744E-04
   6160   0.56736E-04
   6170   0.56744E-04
   6180   0.56731E-04
   6190   0.56744E-04
   6200   0.56739E-04
   6210   0.56739E-04
   6220   0.56734E-04
   6230   0.56731E-04
   6240   0.56727E-04
   6250   0.56719E-04
   6260   0.56719E-04
   6270   0.56711E-04
   6280   0.56706E-04
   6290   0.56699E-04
   6300   0.56692E-04
   6310   0.56676E-04
   6320   0.56677E-04
   6330   0.56652E-04
   6340   0.56653E-04
   6350   0.56642E-04
   6360   0.56626E-04
   6370   0.56601E-04
   6380   0.56595E-04
   6390   0.56575E-04
   6400   0.56550E-04
   6410   0.56536E-04
   6420   0.56518E-04
   6430   0.56505E-04
   6440   0.56460E-04
   6450   0.56446E-04
   6460   0.56414E-04
   6470   0.56382E-04
   6480   0.56363E-04
   6490   0.56329E-04
   6500   0.56295E-04
   6510   0.56275E-04
   6520   0.56233E-04
   6530   0.56189E-04
   6540   0.56148E-04
   6550   0.56114E-04
   6560   0.56081E-04
   6570   0.56035E-04
   6580   0.55977E-04
   6590   0.55940E-04
   6600   0.55877E-04
   6610   0.55828E-04
   6620   0.55771E-04
   6630   0.55717E-04
   6640   0.55653E-04
   6650   0.55593E-04
   6660   0.55547E-04
   6670   0.55480E-04
   6680   0.55411E-04
   6690   0.55332E-04
   6700   0.55260E-04
   6710   0.55184E-04
   6720   0.55114E-04
   6730   0.55032E-04
   6740   0.54955E-04
   6750   0.54864E-04
   6760   0.54780E-04
   6770   0.54704E-04
   6780   0.54608E-04
   6790   0.54500E-04
   6800   0.54397E-04
   6810   0.54322E-04
   6820   0.54226E-04
   6830   0.54121E-04
   6840   0.54002E-04
   6850   0.53909E-04
   6860   0.53794E-04
   6870   0.53694E-04
   6880   0.53581E-04
   6890   0.53469E-04
   6900   0.53351E-04
   6910   0.53249E-04
   6920   0.53117E-04
   6930   0.53000E-04
   6940   0.52888E-04
   6950   0.52760E-04
   6960   0.52650E-04
   6970   0.52519E-04
   6980   0.52400E-04
   6990   0.52278E-04
   7000   0.52149E-04
   7010   0.52016E-04
   7020   0.51894E-04
   7030   0.51771E-04
   7040   0.51654E-04
   7050   0.51521E-04
   7060   0.51403E-04
   7070   0.51274E-04
   7080   0.51160E-04
   7090   0.51022E-04
   7100   0.50906E-04
   7110   0.50791E-04
   7120   0.50675E-04
   7130   0.50550E-04
   7140   0.50453E-04
   7150   0.50317E-04
   7160   0.50197E-04
   7170   0.50088E-04
   7180   0.49974E-04
   7190   0.49867E-04
   7200   0.49756E-04
   7210   0.49647E-04
   7220   0.49550E-04
   7230   0.49447E-04
   7240   0.49327E-04
   7250   0.49239E-04
   7260   0.49139E-04
   7270   0.49047E-04
   7280   0.48947E-04
   7290   0.48842E-04
   7300   0.48744E-04
   7310   0.48662E-04
   7320   0.48582E-04
   7330   0.48478E-04
   7340   0.48395E-04
   7350   0.48323E-04
   7360   0.48238E-04
   7370   0.48158E-04
   7380   0.48061E-04
   7390   0.47980E-04
   7400   0.47910E-04
   7410   0.47831E-04
   7420   0.47751E-04
   7430   0.47679E-04
   7440   0.47613E-04
   7450   0.47540E-04
   7460   0.47453E-04
   7470   0.47387E-04
   7480   0.47323E-04
   7490   0.47256E-04
   7500   0.47188E-04
   7510   0.47128E-04
   7520   0.47045E-04
   7530   0.46979E-04
   7540   0.46935E-04
   7550   0.46855E-04
   7560   0.46793E-04
   7570   0.46727E-04
   7580   0.46668E-04
   7590   0.46607E-04
   7600   0.46555E-04
   7610   0.46500E-04
   7620   0.46429E-04
   7630   0.46384E-04
   7640   0.46311E-04
   7650   0.46257E-04
   7660   0.46190E-04
   7670   0.46128E-04
   7680   0.46070E-04
   7690   0.46017E-04
   7700   0.45957E-04
   7710   0.45907E-04
   7720   0.45845E-04
   7730   0.45804E-04
   7740   0.45746E-04
   7750   0.45680E-04
   7760   0.45633E-04
   7770   0.45576E-04
   7780   0.45510E-04
   7790   0.45464E-04
   7800   0.45405E-04
   7810   0.45356E-04
   7820   0.45300E-04
   7830   0.45239E-04
   7840   0.45194E-04
   7850   0.45133E-04
   7860   0.45079E-04
   7870   0.45033E-04
   7880   0.44979E-04
   7890   0.44924E-04
   7900   0.44861E-04
   7910   0.44816E-04
   7920   0.44765E-04
   7930   0.44702E-04
   7940   0.44656E-04
   7950   0.44597E-04
   7960   0.44533E-04
   7970   0.44480E-04
   7980   0.44430E-04
   7990   0.44365E-04
   8000   0.44302E-04
   8010   0.44263E-04
   8020   0.44191E-04
   8030   0.44140E-04
   8040   0.44077E-04
   8050   0.44023E-04
   8060   0.43964E-04
   8070   0.43894E-04
   8080   0.43830E-04
   8090   0.43771E-04
   8100   0.43707E-04
   8110   0.43661E-04
   8120   0.43588E-04
   8130   0.43516E-04
   8140   0.43455E-04
   8150   0.43387E-04
   8160   0.43332E-04
   8170   0.43256E-04
   8180   0.43189E-04
   8190   0.43124E-04
   8200   0.43048E-04
   8210   0.42987E-04
   8220   0.42906E-04
   8230   0.42845E-04
   8240   0.42762E-04
   8250   0.42703E-04
   8260   0.42626E-04
   8270   0.42551E-04
   8280   0.42481E-04
   8290   0.42407E-04
   8300   0.42328E-04
   8310   0.42248E-04
   8320   0.42189E-04
   8330   0.42101E-04
   8340   0.42022E-04
   8350   0.41962E-04
   8360   0.41867E-04
   8370   0.41786E-04
   8380   0.41707E-04
   8390   0.41623E-04
   8400   0.41549E-04
   8410   0.41459E-04
   8420   0.41384E-04
   8430   0.41296E-04
   8440   0.41214E-04
   8450   0.41119E-04
   8460   0.41045E-04
   8470   0.40958E-04
   8480   0.40879E-04
   8490   0.40787E-04
   8500   0.40701E-04
   8510   0.40619E-04
   8520   0.40522E-04
   8530   0.40432E-04
   8540   0.40347E-04
   8550   0.40256E-04
   8560   0.40167E-04
   8570   0.40088E-04
   8580   0.39999E-04
   8590   0.39895E-04
   8600   0.39800E-04
   8610   0.39704E-04
   8620   0.39625E-04
   8630   0.39518E-04
   8640   0.39448E-04
   8650   0.39343E-04
   8660   0.39242E-04
   8670   0.39156E-04
   8680   0.39065E-04
   8690   0.38971E-04
   8700   0.38873E-04
   8710   0.38772E-04
   8720   0.38698E-04
   8730   0.38584E-04
   8740   0.38484E-04
   8750   0.38399E-04
   8760   0.38312E-04
   8770   0.38206E-04
   8780   0.38112E-04
   8790   0.38030E-04
   8800   0.37932E-04
   8810   0.37812E-04
   8820   0.37739E-04
   8830   0.37629E-04
   8840   0.37533E-04
   8850   0.37436E-04
   8860   0.37335E-04
   8870   0.37243E-04
   8880   0.37145E-04
   8890   0.37064E-04
   8900   0.36952E-04
   8910   0.36856E-04
   8920   0.36755E-04
   8930   0.36662E-04
   8940   0.36577E-04
   8950   0.36455E-04
   8960   0.36377E-04
   8970   0.36264E-04
   8980   0.36182E-04
   8990   0.36078E-04
   9000   0.35974E-04
   9010   0.35877E-04
   9020   0.35775E-04
   9030   0.35696E-04
   9040   0.35589E-04
   9050   0.35482E-04
   9060   0.35385E-04
   9070   0.35301E-04
   9080   0.35204E-04
   9090   0.35093E-04
   9100   0.34994E-04
   9110   0.34899E-04
   9120   0.34795E-04
   9130   0.34692E-04
   9140   0.34623E-04
   9150   0.34534E-04
   9160   0.34425E-04
   9170   0.34326E-04
   9180   0.34223E-04
   9190   0.34132E-04
   9200   0.34018E-04
   9210   0.33914E-04
   9220   0.33822E-04
   9230   0.33720E-04
   9240   0.33639E-04
   9250   0.33533E-04
   9260   0.33454E-04
   9270   0.33342E-04
   9280   0.33240E-04
   9290   0.33160E-04
   9300   0.33040E-04
   9310   0.32967E-04
   9320   0.32848E-04
   9330   0.32746E-04
   9340   0.32652E-04
   9350   0.32558E-04
   9360   0.32460E-04
   9370   0.32369E-04
   9380   0.32272E-04
   9390   0.32179E-04
   9400   0.32076E-04
   9410   0.31960E-04
   9420   0.31884E-04
   9430   0.31787E-04
   9440   0.31668E-04
   9450   0.31584E-04
   9460   0.31479E-04
   9470   0.31382E-04
   9480   0.31292E-04
   9490   0.31175E-04
   9500   0.31095E-04
   9510   0.30973E-04
   9520   0.30876E-04
   9530   0.30782E-04
   9540   0.30697E-04
   9550   0.30601E-04
   9560   0.30484E-04
   9570   0.30388E-04
   9580   0.30291E-04
   9590   0.30190E-04
   9600   0.30077E-04
   9610   0.29995E-04
   9620   0.29883E-04
   9630   0.29774E-04
   9640   0.29674E-04
   9650   0.29583E-04
   9660   0.29478E-04
   9670   0.29375E-04
   9680   0.29272E-04
   9690   0.29171E-04
   9700   0.29058E-04
   9710   0.28963E-04
   9720   0.28886E-04
   9730   0.28754E-04
   9740   0.28653E-04
   9750   0.28569E-04
   9760   0.28451E-04
   9770   0.28326E-04
   9780   0.28253E-04
   9790   0.28162E-04
   9800   0.28035E-04
   9810   0.27942E-04
   9820   0.27854E-04
   9830   0.27747E-04
   9840   0.27640E-04
   9850   0.27532E-04
   9860   0.27443E-04
   9870   0.27351E-04
   9880   0.27219E-04
   9890   0.27147E-04
   9900   0.27030E-04
   9910   0.26946E-04
   9920   0.26823E-04
   9930   0.26740E-04
   9940   0.26623E-04
   9950   0.26528E-04
   9960   0.26423E-04
   9970   0.26335E-04
   9980   0.26228E-04
   9990   0.26137E-04
  10000   0.26042E-04
  10010   0.25942E-04
  10020   0.25841E-04
  10030   0.25755E-04
  10040   0.25647E-04
  10050   0.25556E-04
  10060   0.25460E-04
  10070   0.25363E-04
  10080   0.25272E-04
  10090   0.25169E-04
  10100   0.25078E-04
  10110   0.24974E-04
  10120   0.24863E-04
  10130   0.24780E-04
  10140   0.24691E-04
  10150   0.24597E-04
  10160   0.24496E-04
  10170   0.24406E-04
  10180   0.24339E-04
  10190   0.24251E-04
  10200   0.24138E-04
  10210   0.24067E-04
  10220   0.23964E-04
  10230   0.23892E-04
  10240   0.23780E-04
  10250   0.23719E-04
  10260   0.23617E-04
  10270   0.23516E-04
  10280   0.23435E-04
  10290   0.23345E-04
  10300   0.23269E-04
  10310   0.23168E-04
  10320   0.23089E-04
  10330   0.23000E-04
  10340   0.22910E-04
  10350   0.22825E-04
  10360   0.22752E-04
  10370   0.22648E-04
  10380   0.22580E-04
  10390   0.22489E-04
  10400   0.22414E-04
  10410   0.22320E-04
  10420   0.22228E-04
  10430   0.22162E-04
  10440   0.22071E-04
  10450   0.21988E-04
  10460   0.21911E-04
  10470   0.21824E-04
  10480   0.21740E-04
  10490   0.21655E-04
  10500   0.21572E-04
  10510   0.21518E-04
  10520   0.21401E-04
  10530   0.21330E-04
  10540   0.21254E-04
  10550   0.21167E-04
  10560   0.21095E-04
  10570   0.21020E-04
  10580   0.20939E-04
  10590   0.20851E-04
  10600   0.20771E-04
  10610   0.20685E-04
  10620   0.20620E-04
  10630   0.20541E-04
  10640   0.20455E-04
  10650   0.20369E-04
  10660   0.20301E-04
  10670   0.20215E-04
  10680   0.20134E-04
  10690   0.20055E-04
  10700   0.19969E-04
  10710   0.19893E-04
  10720   0.19811E-04
  10730   0.19735E-04
  10740   0.19653E-04
  10750   0.19579E-04
  10760   0.19505E-04
  10770   0.19416E-04
  10780   0.19331E-04
  10790   0.19256E-04
  10800   0.19168E-04
  10810   0.19080E-04
  10820   0.19006E-04
  10830   0.18940E-04
  10840   0.18858E-04
  10850   0.18764E-04
  10860   0.18697E-04
  10870   0.18603E-04
  10880   0.18518E-04
  10890   0.18432E-04
  10900   0.18347E-04
  10910   0.18259E-04
  10920   0.18175E-04
  10930   0.18100E-04
  10940   0.18009E-04
  10950   0.17933E-04
  10960   0.17860E-04
  10970   0.17765E-04
  10980   0.17678E-04
  10990   0.17590E-04
  11000   0.17498E-04
  11010   0.17422E-04
  11020   0.17329E-04
  11030   0.17252E-04
  11040   0.17186E-04
  11050   0.17080E-04
  11060   0.16995E-04
  11070   0.16890E-04
  11080   0.16825E-04
  11090   0.16730E-04
  11100   0.16634E-04
  11110   0.16549E-04
  11120   0.16463E-04
  11130   0.16377E-04
  11140   0.16288E-04
  11150   0.16216E-04
  11160   0.16132E-04
  11170   0.16040E-04
  11180   0.15948E-04
  11190   0.15864E-04
  11200   0.15778E-04
  11210   0.15693E-04
  11220   0.15598E-04
  11230   0.15517E-04
  11240   0.15405E-04
  11250   0.15341E-04
  11260   0.15253E-04
  11270   0.15154E-04
  11280   0.15067E-04
  11290   0.14998E-04
  11300   0.14891E-04
  11310   0.14807E-04
  11320   0.14712E-04
  11330   0.14635E-04
  11340   0.14554E-04
  11350   0.14458E-04
  11360   0.14373E-04
  11370   0.14300E-04
  11380   0.14204E-04
  11390   0.14109E-04
  11400   0.14013E-04
  11410   0.13937E-04
  11420   0.13853E-04
  11430   0.13772E-04
  11440   0.13687E-04
  11450   0.13600E-04
  11460   0.13535E-04
  11470   0.13432E-04
  11480   0.13353E-04
  11490   0.13258E-04
  11500   0.13191E-04
  11510   0.13096E-04
  11520   0.13013E-04
  11530   0.12956E-04
  11540   0.12853E-04
  11550   0.12765E-04
  11560   0.12699E-04
  11570   0.12613E-04
  11580   0.12556E-04
  11590   0.12464E-04
  11600   0.12384E-04
  11610   0.12323E-04
  11620   0.12230E-04
  11630   0.12145E-04
  11640   0.12077E-04
  11650   0.11986E-04
  11660   0.11902E-04
  11670   0.11857E-04
  11680   0.11767E-04
  11690   0.11691E-04
  11700   0.11616E-04
  11710   0.11543E-04
  11720   0.11466E-04
  11730   0.11405E-04
  11740   0.11311E-04
  11750   0.11250E-04
  11760   0.11195E-04
  11770   0.11125E-04
  11780   0.11044E-04
  11790   0.10993E-04
  11800   0.10914E-04
  11810   0.10829E-04
  11820   0.10781E-04
  11830   0.10714E-04
  11840   0.10637E-04
  11850   0.10583E-04
  11860   0.10518E-04
  11870   0.10450E-04
  11880   0.10372E-04
  11890   0.10320E-04
  11900   0.10254E-04
  11910   0.10202E-04
  11920   0.10137E-04
  11930   0.10075E-04
  11940   0.99979E-05
  11950   0.99473E-05
  11960   0.98905E-05
  11970   0.98335E-05
  11980   0.97679E-05
  11990   0.97066E-05
  12000   0.96497E-05
  12010   0.96041E-05
  12020   0.95341E-05
  12030   0.94744E-05
  12040   0.94183E-05
  12050   0.93650E-05
  12060   0.93116E-05
  12070   0.92752E-05
  12080   0.92000E-05
  12090   0.91277E-05
  12100   0.90929E-05
  12110   0.90510E-05
  12120   0.90022E-05
  12130   0.89442E-05
  12140   0.89019E-05
  12150   0.88472E-05
  12160   0.87970E-05
  12170   0.87419E-05
  12180   0.86947E-05
  12190   0.86285E-05
  12200   0.85890E-05
  12210   0.85452E-05
  12220   0.85163E-05
  12230   0.84642E-05
  12240   0.84100E-05
  12250   0.83740E-05
  12260   0.83426E-05
  12270   0.82939E-05
  12280   0.82520E-05
  12290   0.82050E-05
  12300   0.81661E-05
  12310   0.81257E-05
  12320   0.80846E-05
  12330   0.80356E-05
  12340   0.79877E-05
  12350   0.79519E-05
  12360   0.79267E-05
  12370   0.78923E-05
  12380   0.78489E-05
  12390   0.78234E-05
  12400   0.77828E-05
  12410   0.77493E-05
  12420   0.77101E-05
  12430   0.76875E-05
  12440   0.76413E-05
  12450   0.76281E-05
  12460   0.76056E-05
  12470   0.75872E-05
  12480   0.75404E-05
  12490   0.75015E-05
  12500   0.74802E-05
  12510   0.74526E-05
  12520   0.74324E-05
  12530   0.73914E-05
  12540   0.73755E-05
  12550   0.73550E-05
  12560   0.73354E-05
  12570   0.73162E-05
  12580   0.72793E-05
  12590   0.72459E-05
  12600   0.72194E-05
  12610   0.72040E-05
  12620   0.71930E-05
  12630   0.71642E-05
  12640   0.71443E-05
  12650   0.71305E-05
  12660   0.71222E-05
  12670   0.71029E-05
  12680   0.70839E-05
  12690   0.70456E-05
  12700   0.70512E-05
  12710   0.70438E-05
  12720   0.70267E-05
  12730   0.69949E-05
  12740   0.69866E-05
  12750   0.69829E-05
  12760   0.69809E-05
  12770   0.69565E-05
  12780   0.69373E-05
  12790   0.69395E-05
  12800   0.69234E-05
  12810   0.69222E-05
  12820   0.69236E-05
  12830   0.69122E-05
  12840   0.68937E-05
  12850   0.68915E-05
  12860   0.68904E-05
  12870   0.68750E-05
  12880   0.68705E-05
  12890   0.68586E-05
  12900   0.68435E-05
  12910   0.68496E-05
  12920   0.68381E-05
  12930   0.68294E-05
  12940   0.68181E-05
  12950   0.68179E-05
  12960   0.68319E-05
  12970   0.68183E-05
  12980   0.68179E-05
  12990   0.68085E-05
  13000   0.68165E-05
  13010   0.68165E-05
  13020   0.67957E-05
  13030   0.68202E-05
  13040   0.68179E-05
  13050   0.68119E-05
  13060   0.68194E-05
  13070   0.68037E-05
  13080   0.68125E-05
  13090   0.67967E-05
  13100   0.68157E-05
  13110   0.68198E-05
  13120   0.68259E-05
  13130   0.68151E-05
  13140   0.68271E-05
  13150   0.68285E-05
  13160   0.68138E-05
  13170   0.68287E-05
  13180   0.68417E-05
  13190   0.68256E-05
  13200   0.68292E-05
  13210   0.68528E-05
  13220   0.68552E-05
  13230   0.68684E-05
  13240   0.68690E-05
  13250   0.68596E-05
  13260   0.68588E-05
  13270   0.68709E-05
  13280   0.68637E-05
  13290   0.68828E-05
  13300   0.68777E-05
  13310   0.68900E-05
  13320   0.68901E-05
  13330   0.69002E-05
  13340   0.69197E-05
  13350   0.69003E-05
  13360   0.69013E-05
  13370   0.69136E-05
  13380   0.69403E-05
  13390   0.69389E-05
  13400   0.69500E-05
  13410   0.69498E-05
  13420   0.69384E-05
  13430   0.69566E-05
  13440   0.69673E-05
  13450   0.69717E-05
  13460   0.69749E-05
  13470   0.69868E-05
  13480   0.69942E-05
  13490   0.69970E-05
  13500   0.69907E-05
  13510   0.70063E-05
  13520   0.70349E-05
  13530   0.70496E-05
  13540   0.70349E-05
  13550   0.70268E-05
  13560   0.70516E-05
  13570   0.70686E-05
  13580   0.70700E-05
  13590   0.70796E-05
  13600   0.70809E-05
  13610   0.70961E-05
  13620   0.70998E-05
  13630   0.71134E-05
  13640   0.71161E-05
  13650   0.71309E-05
  13660   0.71270E-05
  13670   0.71272E-05
  13680   0.71438E-05
  13690   0.71547E-05
  13700   0.71542E-05
  13710   0.71547E-05
  13720   0.71615E-05
  13730   0.71545E-05
  13740   0.71710E-05
  13750   0.71765E-05
  13760   0.71813E-05
  13770   0.71916E-05
  13780   0.72100E-05
  13790   0.72057E-05
  13800   0.72048E-05
  13810   0.72231E-05
  13820   0.72210E-05
  13830   0.72107E-05
  13840   0.72347E-05
  13850   0.72377E-05
  13860   0.72490E-05
  13870   0.72342E-05
  13880   0.72491E-05
  13890   0.72611E-05
  13900   0.72570E-05
  13910   0.72869E-05
  13920   0.72838E-05
  13930   0.72744E-05
  13940   0.72907E-05
  13950   0.72984E-05
  13960   0.73000E-05
  13970   0.72964E-05
  13980   0.73209E-05
  13990   0.72968E-05
  14000   0.73039E-05
  14010   0.73117E-05
  14020   0.73302E-05
  14030   0.73208E-05
  14040   0.73348E-05
  14050   0.73154E-05
  14060   0.73409E-05
  14070   0.73425E-05
  14080   0.73335E-05
  14090   0.73303E-05
  14100   0.73582E-05
  14110   0.73339E-05
  14120   0.73355E-05
  14130   0.73497E-05
  14140   0.73489E-05
  14150   0.73688E-05
  14160   0.73373E-05
  14170   0.73383E-05
  14180   0.73552E-05
  14190   0.73581E-05
  14200   0.73472E-05
  14210   0.73410E-05
  14220   0.73467E-05
  14230   0.73470E-05
  14240   0.73421E-05
  14250   0.73504E-05
  14260   0.73526E-05
  14270   0.73574E-05
  14280   0.73610E-05
  14290   0.73582E-05
  14300   0.73641E-05
  14310   0.73602E-05
  14320   0.73477E-05
  14330   0.73582E-05
  14340   0.73545E-05
  14350   0.73531E-05
  14360   0.73591E-05
  14370   0.73543E-05
  14380   0.73623E-05
  14390   0.73548E-05
  14400   0.73677E-05
  14410   0.73603E-05
  14420   0.73472E-05
  14430   0.73583E-05
  14440   0.73515E-05
  14450   0.73636E-05
  14460   0.73606E-05
  14470   0.73577E-05
  14480   0.73515E-05
  14490   0.73517E-05
  14500   0.73573E-05
  14510   0.73390E-05
  14520   0.73510E-05
  14530   0.73422E-05
  14540   0.73445E-05
  14550   0.73423E-05
  14560   0.73486E-05
  14570   0.73530E-05
  14580   0.73588E-05
  14590   0.73608E-05
  14600   0.73545E-05
  14610   0.73679E-05
  14620   0.73706E-05
  14630   0.73556E-05
  14640   0.73580E-05
  14650   0.73590E-05
  14660   0.73647E-05
  14670   0.73682E-05
  14680   0.73702E-05
  14690   0.73730E-05
  14700   0.73842E-05
  14710   0.73767E-05
  14720   0.73896E-05
  14730   0.74001E-05
  14740   0.74096E-05
  14750   0.74044E-05
  14760   0.74159E-05
  14770   0.74306E-05
  14780   0.74460E-05
  14790   0.74548E-05
  14800   0.74645E-05
  14810   0.74807E-05
  14820   0.74908E-05
  14830   0.75080E-05
  14840   0.75105E-05
  14850   0.75237E-05
  14860   0.75381E-05
  14870   0.75543E-05
  14880   0.75709E-05
  14890   0.75810E-05
  14900   0.76158E-05
  14910   0.76277E-05
  14920   0.76290E-05
  14930   0.76648E-05
  14940   0.76899E-05
  14950   0.77071E-05
  14960   0.77288E-05
  14970   0.77506E-05
  14980   0.77818E-05
  14990   0.77926E-05
  15000   0.78207E-05
  15010   0.78498E-05
  15020   0.78754E-05
  15030   0.79011E-05
  15040   0.79299E-05
  15050   0.79534E-05
  15060   0.79842E-05
  15070   0.79990E-05
  15080   0.80264E-05
  15090   0.80648E-05
  15100   0.80790E-05
  15110   0.81126E-05
  15120   0.81584E-05
  15130   0.81782E-05
  15140   0.82173E-05
  15150   0.82576E-05
  15160   0.82754E-05
  15170   0.83143E-05
  15180   0.83457E-05
  15190   0.83861E-05
  15200   0.83993E-05
  15210   0.84471E-05
  15220   0.84787E-05
  15230   0.85172E-05
  15240   0.85561E-05
  15250   0.85985E-05
  15260   0.86251E-05
  15270   0.86801E-05
  15280   0.87299E-05
  15290   0.87532E-05
  15300   0.87843E-05
  15310   0.88341E-05
  15320   0.88686E-05
  15330   0.89128E-05
  15340   0.89444E-05
  15350   0.89772E-05
  15360   0.90261E-05
  15370   0.90620E-05
  15380   0.90836E-05
  15390   0.91412E-05
  15400   0.91744E-05
  15410   0.92138E-05
  15420   0.92541E-05
  15430   0.92781E-05
  15440   0.93291E-05
  15450   0.93887E-05
  15460   0.94142E-05
  15470   0.94584E-05
  15480   0.94826E-05
  15490   0.95388E-05
  15500   0.95798E-05
  15510   0.96140E-05
  15520   0.96535E-05
  15530   0.96927E-05
  15540   0.97261E-05
  15550   0.97615E-05
  15560   0.97996E-05
  15570   0.98241E-05
  15580   0.98613E-05
  15590   0.99055E-05
  15600   0.99454E-05
  15610   0.99761E-05
  15620   0.10008E-04
  15630   0.10040E-04
  15640   0.10063E-04
  15650   0.10117E-04
  15660   0.10154E-04
  15670   0.10170E-04
  15680   0.10197E-04
  15690   0.10219E-04
  15700   0.10273E-04
  15710   0.10315E-04
  15720   0.10312E-04
  15730   0.10357E-04
  15740   0.10384E-04
  15750   0.10419E-04
  15760   0.10431E-04
  15770   0.10474E-04
  15780   0.10507E-04
  15790   0.10507E-04
  15800   0.10552E-04
  15810   0.10580E-04
  15820   0.10603E-04
  15830   0.10610E-04
  15840   0.10627E-04
  15850   0.10657E-04
  15860   0.10673E-04
  15870   0.10705E-04
  15880   0.10711E-04
  15890   0.10738E-04
  15900   0.10747E-04
  15910   0.10762E-04
  15920   0.10785E-04
  15930   0.10788E-04
  15940   0.10817E-04
  15950   0.10829E-04
  15960   0.10830E-04
  15970   0.10859E-04
  15980   0.10860E-04
  15990   0.10871E-04
  16000   0.10860E-04
  16010   0.10864E-04
  16020   0.10889E-04
  16030   0.10905E-04
  16040   0.10915E-04
  16050   0.10919E-04
  16060   0.10907E-04
  16070   0.10935E-04
  16080   0.10935E-04
  16090   0.10931E-04
  16100   0.10921E-04
  16110   0.10942E-04
  16120   0.10948E-04
  16130   0.10943E-04
  16140   0.10929E-04
  16150   0.10945E-04
  16160   0.10921E-04
  16170   0.10941E-04
  16180   0.10947E-04
  16190   0.10946E-04
  16200   0.10932E-04
  16210   0.10933E-04
  16220   0.10937E-04
  16230   0.10914E-04
  16240   0.10901E-04
  16250   0.10913E-04
  16260   0.10900E-04
  16270   0.10900E-04
  16280   0.10893E-04
  16290   0.10888E-04
  16300   0.10885E-04
  16310   0.10877E-04
  16320   0.10873E-04
  16330   0.10843E-04
  16340   0.10867E-04
  16350   0.10845E-04
  16360   0.10823E-04
  16370   0.10840E-04
  16380   0.10805E-04
  16390   0.10795E-04
  16400   0.10794E-04
  16410   0.10783E-04
  16420   0.10786E-04
  16430   0.10778E-04
  16440   0.10766E-04
  16450   0.10750E-04
  16460   0.10744E-04
  16470   0.10729E-04
  16480   0.10724E-04
  16490   0.10713E-04
  16500   0.10720E-04
  16510   0.10688E-04
  16520   0.10679E-04
  16530   0.10691E-04
  16540   0.10674E-04
  16550   0.10669E-04
  16560   0.10662E-04
  16570   0.10642E-04
  16580   0.10639E-04
  16590   0.10630E-04
  16600   0.10644E-04
  16610   0.10612E-04
  16620   0.10618E-04
  16630   0.10603E-04
  16640   0.10595E-04
  16650   0.10595E-04
  16660   0.10581E-04
  16670   0.10566E-04
  16680   0.10581E-04
  16690   0.10568E-04
  16700   0.10571E-04
  16710   0.10563E-04
  16720   0.10558E-04
  16730   0.10544E-04
  16740   0.10550E-04
  16750   0.10532E-04
  16760   0.10537E-04
  16770   0.10536E-04
  16780   0.10527E-04
  16790   0.10514E-04
  16800   0.10532E-04
  16810   0.10521E-04
  16820   0.10513E-04
  16830   0.10504E-04
  16840   0.10497E-04
  16850   0.10519E-04
  16860   0.10509E-04
  16870   0.10508E-04
  16880   0.10524E-04
  16890   0.10512E-04
  16900   0.10529E-04
  16910   0.10519E-04
  16920   0.10538E-04
  16930   0.10522E-04
  16940   0.10532E-04
  16950   0.10538E-04
  16960   0.10538E-04
  16970   0.10534E-04
  16980   0.10548E-04
  16990   0.10561E-04
  17000   0.10571E-04
  17010   0.10569E-04
  17020   0.10583E-04
  17030   0.10590E-04
  17040   0.10597E-04
  17050   0.10609E-04
  17060   0.10610E-04
  17070   0.10607E-04
  17080   0.10613E-04
  17090   0.10623E-04
  17100   0.10617E-04
  17110   0.10644E-04
  17120   0.10635E-04
  17130   0.10643E-04
  17140   0.10658E-04
  17150   0.10670E-04
  17160   0.10681E-04
  17170   0.10701E-04
  17180   0.10718E-04
  17190   0.10727E-04
  17200   0.10750E-04
  17210   0.10729E-04
  17220   0.10754E-04
  17230   0.10772E-04
  17240   0.10783E-04
  17250   0.10795E-04
  17260   0.10799E-04
  17270   0.10820E-04
  17280   0.10833E-04
  17290   0.10844E-04
  17300   0.10846E-04
  17310   0.10867E-04
  17320   0.10889E-04
  17330   0.10893E-04
  17340   0.10917E-04
  17350   0.10929E-04
  17360   0.10936E-04
  17370   0.10944E-04
  17380   0.10961E-04
  17390   0.10977E-04
  17400   0.11001E-04
  17410   0.11030E-04
  17420   0.11050E-04
  17430   0.11074E-04
  17440   0.11066E-04
  17450   0.11101E-04
  17460   0.11116E-04
  17470   0.11142E-04
  17480   0.11151E-04
  17490   0.11174E-04
  17500   0.11181E-04
  17510   0.11217E-04
  17520   0.11211E-04
  17530   0.11245E-04
  17540   0.11260E-04
  17550   0.11298E-04
  17560   0.11308E-04
  17570   0.11325E-04
  17580   0.11356E-04
  17590   0.11381E-04
  17600   0.11400E-04
  17610   0.11423E-04
  17620   0.11429E-04
  17630   0.11461E-04
  17640   0.11489E-04
  17650   0.11505E-04
  17660   0.11517E-04
  17670   0.11547E-04
  17680   0.11580E-04
  17690   0.11595E-04
  17700   0.11638E-04
  17710   0.11679E-04
  17720   0.11699E-04
  17730   0.11717E-04
  17740   0.11746E-04
  17750   0.11779E-04
  17760   0.11793E-04
  17770   0.11837E-04
  17780   0.11848E-04
  17790   0.11887E-04
  17800   0.11922E-04
  17810   0.11950E-04
  17820   0.11967E-04
  17830   0.12006E-04
  17840   0.12027E-04
  17850   0.12052E-04
  17860   0.12098E-04
  17870   0.12118E-04
  17880   0.12164E-04
  17890   0.12201E-04
  17900   0.12234E-04
  17910   0.12255E-04
  17920   0.12296E-04
  17930   0.12329E-04
  17940   0.12365E-04
  17950   0.12408E-04
  17960   0.12449E-04
  17970   0.12475E-04
  17980   0.12521E-04
  17990   0.12557E-04
  18000   0.12598E-04
  18010   0.12635E-04
  18020   0.12679E-04
  18030   0.12716E-04
  18040   0.12745E-04
  18050   0.12778E-04
  18060   0.12835E-04
  18070   0.12874E-04
  18080   0.12912E-04
  18090   0.12947E-04
  18100   0.12995E-04
  18110   0.13045E-04
  18120   0.13079E-04
  18130   0.13126E-04
  18140   0.13188E-04
  18150   0.13222E-04
  18160   0.13263E-04
  18170   0.13309E-04
  18180   0.13368E-04
  18190   0.13409E-04
  18200   0.13471E-04
  18210   0.13503E-04
  18220   0.13578E-04
  18230   0.13637E-04
  18240   0.13670E-04
  18250   0.13736E-04
  18260   0.13774E-04
  18270   0.13837E-04
  18280   0.13897E-04
  18290   0.13969E-04
  18300   0.14031E-04
  18310   0.14085E-04
  18320   0.14156E-04
  18330   0.14207E-04
  18340   0.14272E-04
  18350   0.14345E-04
  18360   0.14412E-04
  18370   0.14488E-04
  18380   0.14568E-04
  18390   0.14631E-04
  18400   0.14710E-04
  18410   0.14780E-04
  18420   0.14867E-04
  18430   0.14951E-04
  18440   0.15027E-04
  18450   0.15118E-04
  18460   0.15200E-04
  18470   0.15266E-04
  18480   0.15347E-04
  18490   0.15451E-04
  18500   0.15538E-04
  18510   0.15606E-04
  18520   0.15697E-04
  18530   0.15776E-04
  18540   0.15856E-04
  18550   0.15934E-04
  18560   0.16005E-04
  18570   0.16072E-04
  18580   0.16158E-04
  18590   0.16232E-04
  18600   0.16315E-04
  18610   0.16388E-04
  18620   0.16464E-04
  18630   0.16529E-04
  18640   0.16616E-04
  18650   0.16679E-04
  18660   0.16772E-04
  18670   0.16858E-04
  18680   0.16938E-04
  18690   0.17021E-04
  18700   0.17120E-04
  18710   0.17206E-04
  18720   0.17296E-04
  18730   0.17379E-04
  18740   0.17480E-04
  18750   0.17576E-04
  18760   0.17674E-04
  18770   0.17763E-04
  18780   0.17846E-04
  18790   0.17953E-04
  18800   0.18037E-04
  18810   0.18121E-04
  18820   0.18212E-04
  18830   0.18303E-04
  18840   0.18382E-04
  18850   0.18489E-04
  18860   0.18562E-04
  18870   0.18647E-04
  18880   0.18728E-04
  18890   0.18822E-04
  18900   0.18911E-04
  18910   0.19003E-04
  18920   0.19076E-04
  18930   0.19164E-04
  18940   0.19235E-04
  18950   0.19309E-04
  18960   0.19398E-04
  18970   0.19462E-04
  18980   0.19536E-04
  18990   0.19627E-04
  19000   0.19706E-04
  19010   0.19783E-04
  19020   0.19836E-04
  19030   0.19926E-04
  19040   0.20006E-04
  19050   0.20078E-04
  19060   0.20137E-04
  19070   0.20219E-04
  19080   0.20304E-04
  19090   0.20374E-04
  19100   0.20456E-04
  19110   0.20528E-04
  19120   0.20594E-04
  19130   0.20658E-04
  19140   0.20730E-04
  19150   0.20798E-04
  19160   0.20859E-04
  19170   0.20932E-04
  19180   0.20989E-04
  19190   0.21046E-04
  19200   0.21117E-04
  19210   0.21163E-04
  19220   0.21227E-04
  19230   0.21278E-04
  19240   0.21329E-04
  19250   0.21377E-04
  19260   0.21425E-04
  19270   0.21478E-04
  19280   0.21549E-04
  19290   0.21581E-04
  19300   0.21635E-04
  19310   0.21698E-04
  19320   0.21738E-04
  19330   0.21789E-04
  19340   0.21852E-04
  19350   0.21915E-04
  19360   0.21957E-04
  19370   0.22026E-04
  19380   0.22082E-04
  19390   0.22142E-04
  19400   0.22190E-04
  19410   0.22248E-04
  19420   0.22317E-04
  19430   0.22368E-04
  19440   0.22446E-04
  19450   0.22500E-04
  19460   0.22567E-04
  19470   0.22635E-04
  19480   0.22692E-04
  19490   0.22755E-04
  19500   0.22835E-04
  19510   0.22894E-04
  19520   0.22972E-04
  19530   0.23049E-04
  19540   0.23128E-04
  19550   0.23212E-04
  19560   0.23284E-04
  19570   0.23363E-04
  19580   0.23446E-04
  19590   0.23533E-04
  19600   0.23622E-04
  19610   0.23714E-04
  19620   0.23824E-04
  19630   0.23930E-04
  19640   0.24032E-04
  19650   0.24138E-04
  19660   0.24259E-04
  19670   0.24367E-04
  19680   0.24492E-04
  19690   0.24617E-04
  19700   0.24730E-04
  19710   0.24867E-04
  19720   0.24988E-04
  19730   0.25135E-04
  19740   0.25263E-04
  19750   0.25404E-04
  19760   0.25525E-04
  19770   0.25682E-04
  19780   0.25805E-04
  19790   0.25952E-04
  19800   0.26094E-04
  19810   0.26223E-04
  19820   0.26379E-04
  19830   0.26512E-04
  19840   0.26655E-04
  19850   0.26795E-04
  19860   0.26920E-04
  19870   0.27057E-04
  19880   0.27194E-04
  19890   0.27332E-04
  19900   0.27467E-04
  19910   0.27596E-04
  19920   0.27733E-04
  19930   0.27868E-04
  19940   0.28004E-04
  19950   0.28143E-04
  19960   0.28281E-04
  19970   0.28433E-04
  19980   0.28563E-04
  19990   0.28718E-04
  20000   0.28863E-04
