     10   0.10494E-02
     20   0.88898E-03
     30   0.78408E-03
     40   0.70980E-03
     50   0.65370E-03
     60   0.60875E-03
     70   0.57084E-03
     80   0.53788E-03
     90   0.50860E-03
    100   0.48205E-03
    110   0.45851E-03
    120   0.43661E-03
    130   0.41617E-03
    140   0.39692E-03
    150   0.37876E-03
    160   0.36167E-03
    170   0.34550E-03
    180   0.33021E-03
    190   0.31575E-03
    200   0.30209E-03
    210   0.28904E-03
    220   0.27676E-03
    230   0.26517E-03
    240   0.25427E-03
    250   0.24403E-03
    260   0.23438E-03
    270   0.22531E-03
    280   0.21682E-03
    290   0.20883E-03
    300   0.20134E-03
    310   0.19428E-03
    320   0.18768E-03
    330   0.18154E-03
    340   0.17586E-03
    350   0.17064E-03
    360   0.16593E-03
    370   0.16169E-03
    380   0.15795E-03
    390   0.15466E-03
    400   0.15181E-03
    410   0.14937E-03
    420   0.14720E-03
    430   0.14526E-03
    440   0.14346E-03
    450   0.14173E-03
    460   0.14001E-03
    470   0.13827E-03
    480   0.13643E-03
    490   0.13450E-03
    500   0.13248E-03
    510   0.13041E-03
    520   0.12828E-03
    530   0.12613E-03
    540   0.12400E-03
    550   0.12194E-03
    560   0.12000E-03
    570   0.11822E-03
    580   0.11664E-03
    590   0.11529E-03
    600   0.11421E-03
    610   0.11340E-03
    620   0.11286E-03
    630   0.11258E-03
    640   0.11256E-03
    650   0.11277E-03
    660   0.11318E-03
    670   0.11376E-03
    680   0.11448E-03
    690   0.11531E-03
    700   0.11621E-03
    710   0.11715E-03
    720   0.11810E-03
    730   0.11904E-03
    740   0.11992E-03
    750   0.12074E-03
    760   0.12147E-03
    770   0.12207E-03
    780   0.12257E-03
    790   0.12291E-03
    800   0.12310E-03
    810   0.12315E-03
    820   0.12304E-03
    830   0.12277E-03
    840   0.12235E-03
    850   0.12177E-03
    860   0.12107E-03
    870   0.12022E-03
    880   0.11925E-03
    890   0.11818E-03
    900   0.11700E-03
    910   0.11575E-03
    920   0.11441E-03
    930   0.11303E-03
    940   0.11161E-03
    950   0.11019E-03
    960   0.10874E-03
    970   0.10734E-03
    980   0.10596E-03
    990   0.10465E-03
   1000   0.10342E-03
   1010   0.10231E-03
   1020   0.10131E-03
   1030   0.10044E-03
   1040   0.99730E-04
   1050   0.99173E-04
   1060   0.98794E-04
   1070   0.98561E-04
   1080   0.98507E-04
   1090   0.98600E-04
   1100   0.98868E-04
   1110   0.99244E-04
   1120   0.99765E-04
   1130   0.10038E-03
   1140   0.10108E-03
   1150   0.10187E-03
   1160   0.10268E-03
   1170   0.10354E-03
   1180   0.10440E-03
   1190   0.10528E-03
   1200   0.10613E-03
   1210   0.10694E-03
   1220   0.10772E-03
   1230   0.10845E-03
   1240   0.10912E-03
   1250   0.10972E-03
   1260   0.11026E-03
   1270   0.11073E-03
   1280   0.11113E-03
   1290   0.11148E-03
   1300   0.11176E-03
   1310   0.11200E-03
   1320   0.11218E-03
   1330   0.11235E-03
   1340   0.11247E-03
   1350   0.11257E-03
   1360   0.11268E-03
   1370   0.11278E-03
   1380   0.11290E-03
   1390   0.11303E-03
   1400   0.11319E-03
   1410   0.11338E-03
   1420   0.11363E-03
   1430   0.11389E-03
   1440   0.11420E-03
   1450   0.11453E-03
   1460   0.11491E-03
   1470   0.11530E-03
   1480   0.11573E-03
   1490   0.11616E-03
   1500   0.11660E-03
   1510   0.11701E-03
   1520   0.11742E-03
   1530   0.11782E-03
   1540   0.11814E-03
   1550   0.11845E-03
   1560   0.11870E-03
   1570   0.11889E-03
   1580   0.11901E-03
   1590   0.11906E-03
   1600   0.11903E-03
   1610   0.11892E-03
   1620   0.11875E-03
   1630   0.11849E-03
   1640   0.11816E-03
   1650   0.11776E-03
   1660   0.11729E-03
   1670   0.11677E-03
   1680   0.11619E-03
   1690   0.11557E-03
   1700   0.11490E-03
   1710   0.11422E-03
   1720   0.11351E-03
   1730   0.11281E-03
   1740   0.11211E-03
   1750   0.11144E-03
   1760   0.11080E-03
   1770   0.11020E-03
   1780   0.10964E-03
   1790   0.10916E-03
   1800   0.10876E-03
   1810   0.10845E-03
   1820   0.10822E-03
   1830   0.10810E-03
   1840   0.10809E-03
   1850   0.10820E-03
   1860   0.10840E-03
   1870   0.10874E-03
   1880   0.10918E-03
   1890   0.10974E-03
   1900   0.11039E-03
   1910   0.11119E-03
   1920   0.11206E-03
   1930   0.11302E-03
   1940   0.11408E-03
   1950   0.11520E-03
   1960   0.11639E-03
   1970   0.11764E-03
   1980   0.11892E-03
   1990   0.12026E-03
   2000   0.12163E-03
   2010   0.12302E-03
   2020   0.12443E-03
   2030   0.12583E-03
   2040   0.12723E-03
   2050   0.12861E-03
   2060   0.12998E-03
   2070   0.13134E-03
   2080   0.13266E-03
   2090   0.13395E-03
   2100   0.13520E-03
   2110   0.13641E-03
   2120   0.13759E-03
   2130   0.13871E-03
   2140   0.13979E-03
   2150   0.14083E-03
   2160   0.14180E-03
   2170   0.14273E-03
   2180   0.14360E-03
   2190   0.14440E-03
   2200   0.14517E-03
   2210   0.14587E-03
   2220   0.14652E-03
   2230   0.14710E-03
   2240   0.14766E-03
   2250   0.14813E-03
   2260   0.14857E-03
   2270   0.14893E-03
   2280   0.14926E-03
   2290   0.14954E-03
   2300   0.14973E-03
   2310   0.14989E-03
   2320   0.15001E-03
   2330   0.15007E-03
   2340   0.15006E-03
   2350   0.15003E-03
   2360   0.14994E-03
   2370   0.14979E-03
   2380   0.14962E-03
   2390   0.14938E-03
   2400   0.14909E-03
   2410   0.14877E-03
   2420   0.14839E-03
   2430   0.14797E-03
   2440   0.14752E-03
   2450   0.14702E-03
   2460   0.14650E-03
   2470   0.14591E-03
   2480   0.14530E-03
   2490   0.14464E-03
   2500   0.14396E-03
   2510   0.14322E-03
   2520   0.14247E-03
   2530   0.14168E-03
   2540   0.14086E-03
   2550   0.14001E-03
   2560   0.13913E-03
   2570   0.13822E-03
   2580   0.13729E-03
   2590   0.13633E-03
   2600   0.13535E-03
   2610   0.13433E-03
   2620   0.13330E-03
   2630   0.13226E-03
   2640   0.13120E-03
   2650   0.13010E-03
   2660   0.12900E-03
   2670   0.12789E-03
   2680   0.12674E-03
   2690   0.12561E-03
   2700   0.12444E-03
   2710   0.12327E-03
   2720   0.12208E-03
   2730   0.12088E-03
   2740   0.11966E-03
   2750   0.11847E-03
   2760   0.11726E-03
   2770   0.11602E-03
   2780   0.11479E-03
   2790   0.11358E-03
   2800   0.11234E-03
   2810   0.11112E-03
   2820   0.10991E-03
   2830   0.10870E-03
   2840   0.10747E-03
   2850   0.10629E-03
   2860   0.10510E-03
   2870   0.10393E-03
   2880   0.10277E-03
   2890   0.10161E-03
   2900   0.10049E-03
   2910   0.99362E-04
   2920   0.98282E-04
   2930   0.97204E-04
   2940   0.96138E-04
   2950   0.95092E-04
   2960   0.94080E-04
   2970   0.93087E-04
   2980   0.92136E-04
   2990   0.91178E-04
   3000   0.90259E-04
   3010   0.89359E-04
   3020   0.88494E-04
   3030   0.87603E-04
   3040   0.86775E-04
   3050   0.85956E-04
   3060   0.85181E-04
   3070   0.84397E-04
   3080   0.83642E-04
   3090   0.82918E-04
   3100   0.82199E-04
   3110   0.81486E-04
   3120   0.80808E-04
   3130   0.80146E-04
   3140   0.79491E-04
   3150   0.78850E-04
   3160   0.78243E-04
   3170   0.77623E-04
   3180   0.77038E-04
   3190   0.76457E-04
   3200   0.75893E-04
   3210   0.75319E-04
   3220   0.74774E-04
   3230   0.74220E-04
   3240   0.73688E-04
   3250   0.73179E-04
   3260   0.72667E-04
   3270   0.72165E-04
   3280   0.71666E-04
   3290   0.71195E-04
   3300   0.70706E-04
   3310   0.70254E-04
   3320   0.69793E-04
   3330   0.69350E-04
   3340   0.68923E-04
   3350   0.68471E-04
   3360   0.68066E-04
   3370   0.67654E-04
   3380   0.67250E-04
   3390   0.66840E-04
   3400   0.66468E-04
   3410   0.66099E-04
   3420   0.65739E-04
   3430   0.65382E-04
   3440   0.65038E-04
   3450   0.64707E-04
   3460   0.64379E-04
   3470   0.64069E-04
   3480   0.63767E-04
   3490   0.63476E-04
   3500   0.63197E-04
   3510   0.62935E-04
   3520   0.62685E-04
   3530   0.62436E-04
   3540   0.62195E-04
   3550   0.61977E-04
   3560   0.61767E-04
   3570   0.61565E-04
   3580   0.61373E-04
   3590   0.61197E-04
   3600   0.61028E-04
   3610   0.60871E-04
   3620   0.60718E-04
   3630   0.60594E-04
   3640   0.60471E-04
   3650   0.60344E-04
   3660   0.60249E-04
   3670   0.60129E-04
   3680   0.60026E-04
   3690   0.59963E-04
   3700   0.59899E-04
   3710   0.59820E-04
   3720   0.59786E-04
   3730   0.59731E-04
   3740   0.59685E-04
   3750   0.59649E-04
   3760   0.59613E-04
   3770   0.59604E-04
   3780   0.59584E-04
   3790   0.59572E-04
   3800   0.59563E-04
   3810   0.59579E-04
   3820   0.59556E-04
   3830   0.59575E-04
   3840   0.59581E-04
   3850   0.59618E-04
   3860   0.59632E-04
   3870   0.59652E-04
   3880   0.59696E-04
   3890   0.59714E-04
   3900   0.59751E-04
   3910   0.59802E-04
   3920   0.59851E-04
   3930   0.59873E-04
   3940   0.59916E-04
   3950   0.59971E-04
   3960   0.60030E-04
   3970   0.60085E-04
   3980   0.60141E-04
   3990   0.60186E-04
   4000   0.60248E-04
   4010   0.60316E-04
   4020   0.60367E-04
   4030   0.60427E-04
   4040   0.60514E-04
   4050   0.60582E-04
   4060   0.60632E-04
   4070   0.60713E-04
   4080   0.60776E-04
   4090   0.60848E-04
   4100   0.60915E-04
   4110   0.60987E-04
   4120   0.61063E-04
   4130   0.61144E-04
   4140   0.61215E-04
   4150   0.61296E-04
   4160   0.61371E-04
   4170   0.61434E-04
   4180   0.61532E-04
   4190   0.61603E-04
   4200   0.61672E-04
   4210   0.61763E-04
   4220   0.61841E-04
   4230   0.61922E-04
   4240   0.61998E-04
   4250   0.62083E-04
   4260   0.62152E-04
   4270   0.62234E-04
   4280   0.62324E-04
   4290   0.62384E-04
   4300   0.62465E-04
   4310   0.62538E-04
   4320   0.62604E-04
   4330   0.62690E-04
   4340   0.62761E-04
   4350   0.62827E-04
   4360   0.62895E-04
   4370   0.62955E-04
   4380   0.63027E-04
   4390   0.63091E-04
   4400   0.63143E-04
   4410   0.63204E-04
   4420   0.63265E-04
   4430   0.63325E-04
   4440   0.63360E-04
   4450   0.63411E-04
   4460   0.63456E-04
   4470   0.63492E-04
   4480   0.63547E-04
   4490   0.63573E-04
   4500   0.63605E-04
   4510   0.63633E-04
   4520   0.63670E-04
   4530   0.63673E-04
   4540   0.63695E-04
   4550   0.63693E-04
   4560   0.63713E-04
   4570   0.63709E-04
   4580   0.63711E-04
   4590   0.63708E-04
   4600   0.63702E-04
   4610   0.63669E-04
   4620   0.63655E-04
   4630   0.63635E-04
   4640   0.63608E-04
   4650   0.63591E-04
   4660   0.63541E-04
   4670   0.63484E-04
   4680   0.63465E-04
   4690   0.63408E-04
   4700   0.63349E-04
   4710   0.63296E-04
   4720   0.63229E-04
   4730   0.63156E-04
   4740   0.63073E-04
   4750   0.63010E-04
   4760   0.62941E-04
   4770   0.62855E-04
   4780   0.62779E-04
   4790   0.62694E-04
   4800   0.62608E-04
   4810   0.62513E-04
   4820   0.62417E-04
   4830   0.62316E-04
   4840   0.62211E-04
   4850   0.62117E-04
   4860   0.62019E-04
   4870   0.61914E-04
   4880   0.61808E-04
   4890   0.61700E-04
   4900   0.61590E-04
   4910   0.61473E-04
   4920   0.61376E-04
   4930   0.61263E-04
   4940   0.61151E-04
   4950   0.61045E-04
   4960   0.60943E-04
   4970   0.60833E-04
   4980   0.60714E-04
   4990   0.60611E-04
   5000   0.60514E-04
   5010   0.60406E-04
   5020   0.60303E-04
   5030   0.60192E-04
   5040   0.60093E-04
   5050   0.60002E-04
   5060   0.59907E-04
   5070   0.59803E-04
   5080   0.59718E-04
   5090   0.59627E-04
   5100   0.59541E-04
   5110   0.59449E-04
   5120   0.59380E-04
   5130   0.59281E-04
   5140   0.59213E-04
   5150   0.59132E-04
   5160   0.59062E-04
   5170   0.58991E-04
   5180   0.58916E-04
   5190   0.58850E-04
   5200   0.58774E-04
   5210   0.58738E-04
   5220   0.58668E-04
   5230   0.58614E-04
   5240   0.58569E-04
   5250   0.58519E-04
   5260   0.58462E-04
   5270   0.58423E-04
   5280   0.58380E-04
   5290   0.58339E-04
   5300   0.58302E-04
   5310   0.58265E-04
   5320   0.58233E-04
   5330   0.58193E-04
   5340   0.58163E-04
   5350   0.58147E-04
   5360   0.58124E-04
   5370   0.58102E-04
   5380   0.58083E-04
   5390   0.58055E-04
   5400   0.58024E-04
   5410   0.58022E-04
   5420   0.57993E-04
   5430   0.57991E-04
   5440   0.57972E-04
   5450   0.57972E-04
   5460   0.57944E-04
   5470   0.57944E-04
   5480   0.57934E-04
   5490   0.57930E-04
   5500   0.57915E-04
   5510   0.57898E-04
   5520   0.57886E-04
   5530   0.57892E-04
   5540   0.57876E-04
   5550   0.57880E-04
   5560   0.57873E-04
   5570   0.57876E-04
   5580   0.57868E-04
   5590   0.57865E-04
   5600   0.57855E-04
   5610   0.57847E-04
   5620   0.57833E-04
   5630   0.57836E-04
   5640   0.57824E-04
   5650   0.57821E-04
   5660   0.57807E-04
   5670   0.57799E-04
   5680   0.57804E-04
   5690   0.57783E-04
   5700   0.57774E-04
   5710   0.57779E-04
   5720   0.57763E-04
   5730   0.57764E-04
   5740   0.57752E-04
   5750   0.57734E-04
   5760   0.57729E-04
   5770   0.57705E-04
   5780   0.57679E-04
   5790   0.57686E-04
   5800   0.57654E-04
   5810   0.57640E-04
   5820   0.57631E-04
   5830   0.57606E-04
   5840   0.57582E-04
   5850   0.57568E-04
   5860   0.57561E-04
   5870   0.57523E-04
   5880   0.57503E-04
   5890   0.57473E-04
   5900   0.57450E-04
   5910   0.57423E-04
   5920   0.57401E-04
   5930   0.57388E-04
   5940   0.57340E-04
   5950   0.57312E-04
   5960   0.57265E-04
   5970   0.57248E-04
   5980   0.57200E-04
   5990   0.57181E-04
   6000   0.57151E-04
   6010   0.57102E-04
   6020   0.57070E-04
   6030   0.57025E-04
   6040   0.56992E-04
   6050   0.56923E-04
   6060   0.56906E-04
   6070   0.56860E-04
   6080   0.56812E-04
   6090   0.56771E-04
   6100   0.56711E-04
   6110   0.56664E-04
   6120   0.56613E-04
   6130   0.56559E-04
   6140   0.56511E-04
   6150   0.56442E-04
   6160   0.56388E-04
   6170   0.56338E-04
   6180   0.56287E-04
   6190   0.56225E-04
   6200   0.56165E-04
   6210   0.56100E-04
   6220   0.56029E-04
   6230   0.55981E-04
   6240   0.55904E-04
   6250   0.55843E-04
   6260   0.55769E-04
   6270   0.55683E-04
   6280   0.55621E-04
   6290   0.55544E-04
   6300   0.55469E-04
   6310   0.55378E-04
   6320   0.55304E-04
   6330   0.55220E-04
   6340   0.55129E-04
   6350   0.55048E-04
   6360   0.54960E-04
   6370   0.54860E-04
   6380   0.54775E-04
   6390   0.54676E-04
   6400   0.54604E-04
   6410   0.54486E-04
   6420   0.54402E-04
   6430   0.54288E-04
   6440   0.54179E-04
   6450   0.54066E-04
   6460   0.53966E-04
   6470   0.53843E-04
   6480   0.53732E-04
   6490   0.53612E-04
   6500   0.53486E-04
   6510   0.53372E-04
   6520   0.53244E-04
   6530   0.53129E-04
   6540   0.53003E-04
   6550   0.52875E-04
   6560   0.52731E-04
   6570   0.52584E-04
   6580   0.52453E-04
   6590   0.52315E-04
   6600   0.52162E-04
   6610   0.52022E-04
   6620   0.51876E-04
   6630   0.51735E-04
   6640   0.51585E-04
   6650   0.51440E-04
   6660   0.51273E-04
   6670   0.51135E-04
   6680   0.50961E-04
   6690   0.50799E-04
   6700   0.50640E-04
   6710   0.50484E-04
   6720   0.50319E-04
   6730   0.50170E-04
   6740   0.49994E-04
   6750   0.49837E-04
   6760   0.49667E-04
   6770   0.49491E-04
   6780   0.49335E-04
   6790   0.49173E-04
   6800   0.49010E-04
   6810   0.48842E-04
   6820   0.48678E-04
   6830   0.48510E-04
   6840   0.48355E-04
   6850   0.48185E-04
   6860   0.48033E-04
   6870   0.47858E-04
   6880   0.47708E-04
   6890   0.47555E-04
   6900   0.47398E-04
   6910   0.47223E-04
   6920   0.47062E-04
   6930   0.46912E-04
   6940   0.46775E-04
   6950   0.46599E-04
   6960   0.46471E-04
   6970   0.46310E-04
   6980   0.46149E-04
   6990   0.46014E-04
   7000   0.45875E-04
   7010   0.45741E-04
   7020   0.45603E-04
   7030   0.45453E-04
   7040   0.45300E-04
   7050   0.45176E-04
   7060   0.45021E-04
   7070   0.44900E-04
   7080   0.44774E-04
   7090   0.44646E-04
   7100   0.44513E-04
   7110   0.44392E-04
   7120   0.44256E-04
   7130   0.44129E-04
   7140   0.43996E-04
   7150   0.43875E-04
   7160   0.43753E-04
   7170   0.43616E-04
   7180   0.43510E-04
   7190   0.43391E-04
   7200   0.43272E-04
   7210   0.43162E-04
   7220   0.43025E-04
   7230   0.42922E-04
   7240   0.42806E-04
   7250   0.42689E-04
   7260   0.42584E-04
   7270   0.42459E-04
   7280   0.42348E-04
   7290   0.42230E-04
   7300   0.42135E-04
   7310   0.42007E-04
   7320   0.41905E-04
   7330   0.41800E-04
   7340   0.41681E-04
   7350   0.41580E-04
   7360   0.41470E-04
   7370   0.41357E-04
   7380   0.41256E-04
   7390   0.41141E-04
   7400   0.41029E-04
   7410   0.40936E-04
   7420   0.40828E-04
   7430   0.40720E-04
   7440   0.40612E-04
   7450   0.40503E-04
   7460   0.40403E-04
   7470   0.40291E-04
   7480   0.40187E-04
   7490   0.40082E-04
   7500   0.39970E-04
   7510   0.39876E-04
   7520   0.39758E-04
   7530   0.39649E-04
   7540   0.39562E-04
   7550   0.39449E-04
   7560   0.39344E-04
   7570   0.39259E-04
   7580   0.39149E-04
   7590   0.39033E-04
   7600   0.38926E-04
   7610   0.38815E-04
   7620   0.38729E-04
   7630   0.38605E-04
   7640   0.38500E-04
   7650   0.38405E-04
   7660   0.38291E-04
   7670   0.38199E-04
   7680   0.38088E-04
   7690   0.37997E-04
   7700   0.37875E-04
   7710   0.37769E-04
   7720   0.37657E-04
   7730   0.37551E-04
   7740   0.37445E-04
   7750   0.37332E-04
   7760   0.37225E-04
   7770   0.37108E-04
   7780   0.37019E-04
   7790   0.36889E-04
   7800   0.36778E-04
   7810   0.36656E-04
   7820   0.36564E-04
   7830   0.36455E-04
   7840   0.36343E-04
   7850   0.36225E-04
   7860   0.36128E-04
   7870   0.36001E-04
   7880   0.35893E-04
   7890   0.35784E-04
   7900   0.35667E-04
   7910   0.35544E-04
   7920   0.35420E-04
   7930   0.35318E-04
   7940   0.35191E-04
   7950   0.35085E-04
   7960   0.34977E-04
   7970   0.34855E-04
   7980   0.34727E-04
   7990   0.34628E-04
   8000   0.34506E-04
   8010   0.34379E-04
   8020   0.34274E-04
   8030   0.34153E-04
   8040   0.34030E-04
   8050   0.33922E-04
   8060   0.33792E-04
   8070   0.33669E-04
   8080   0.33553E-04
   8090   0.33419E-04
   8100   0.33311E-04
   8110   0.33193E-04
   8120   0.33079E-04
   8130   0.32954E-04
   8140   0.32831E-04
   8150   0.32721E-04
   8160   0.32596E-04
   8170   0.32473E-04
   8180   0.32350E-04
   8190   0.32239E-04
   8200   0.32130E-04
   8210   0.31995E-04
   8220   0.31877E-04
   8230   0.31751E-04
   8240   0.31645E-04
   8250   0.31515E-04
   8260   0.31394E-04
   8270   0.31285E-04
   8280   0.31148E-04
   8290   0.31043E-04
   8300   0.30938E-04
   8310   0.30804E-04
   8320   0.30673E-04
   8330   0.30556E-04
   8340   0.30447E-04
   8350   0.30326E-04
   8360   0.30218E-04
   8370   0.30094E-04
   8380   0.29982E-04
   8390   0.29854E-04
   8400   0.29734E-04
   8410   0.29611E-04
   8420   0.29501E-04
   8430   0.29394E-04
   8440   0.29278E-04
   8450   0.29173E-04
   8460   0.29033E-04
   8470   0.28939E-04
   8480   0.28804E-04
   8490   0.28698E-04
   8500   0.28579E-04
   8510   0.28468E-04
   8520   0.28345E-04
   8530   0.28230E-04
   8540   0.28135E-04
   8550   0.28030E-04
   8560   0.27921E-04
   8570   0.27772E-04
   8580   0.27677E-04
   8590   0.27552E-04
   8600   0.27440E-04
   8610   0.27324E-04
   8620   0.27227E-04
   8630   0.27110E-04
   8640   0.26994E-04
   8650   0.26883E-04
   8660   0.26783E-04
   8670   0.26670E-04
   8680   0.26561E-04
   8690   0.26445E-04
   8700   0.26330E-04
   8710   0.26231E-04
   8720   0.26124E-04
   8730   0.26015E-04
   8740   0.25906E-04
   8750   0.25804E-04
   8760   0.25701E-04
   8770   0.25586E-04
   8780   0.25485E-04
   8790   0.25364E-04
   8800   0.25253E-04
   8810   0.25143E-04
   8820   0.25060E-04
   8830   0.24937E-04
   8840   0.24822E-04
   8850   0.24715E-04
   8860   0.24621E-04
   8870   0.24514E-04
   8880   0.24427E-04
   8890   0.24300E-04
   8900   0.24210E-04
   8910   0.24120E-04
   8920   0.24005E-04
   8930   0.23917E-04
   8940   0.23786E-04
   8950   0.23697E-04
   8960   0.23577E-04
   8970   0.23476E-04
   8980   0.23383E-04
   8990   0.23276E-04
   9000   0.23188E-04
   9010   0.23076E-04
   9020   0.22963E-04
   9030   0.22867E-04
   9040   0.22751E-04
   9050   0.22666E-04
   9060   0.22540E-04
   9070   0.22451E-04
   9080   0.22350E-04
   9090   0.22248E-04
   9100   0.22144E-04
   9110   0.22033E-04
   9120   0.21938E-04
   9130   0.21834E-04
   9140   0.21737E-04
   9150   0.21627E-04
   9160   0.21520E-04
   9170   0.21411E-04
   9180   0.21315E-04
   9190   0.21216E-04
   9200   0.21109E-04
   9210   0.21005E-04
   9220   0.20907E-04
   9230   0.20810E-04
   9240   0.20695E-04
   9250   0.20600E-04
   9260   0.20494E-04
   9270   0.20406E-04
   9280   0.20293E-04
   9290   0.20196E-04
   9300   0.20084E-04
   9310   0.19999E-04
   9320   0.19898E-04
   9330   0.19783E-04
   9340   0.19674E-04
   9350   0.19582E-04
   9360   0.19479E-04
   9370   0.19390E-04
   9380   0.19276E-04
   9390   0.19178E-04
   9400   0.19098E-04
   9410   0.18984E-04
   9420   0.18885E-04
   9430   0.18783E-04
   9440   0.18685E-04
   9450   0.18593E-04
   9460   0.18491E-04
   9470   0.18392E-04
   9480   0.18273E-04
   9490   0.18186E-04
   9500   0.18079E-04
   9510   0.17985E-04
   9520   0.17892E-04
   9530   0.17792E-04
   9540   0.17695E-04
   9550   0.17594E-04
   9560   0.17495E-04
   9570   0.17411E-04
   9580   0.17313E-04
   9590   0.17223E-04
   9600   0.17114E-04
   9610   0.17025E-04
   9620   0.16919E-04
   9630   0.16847E-04
   9640   0.16744E-04
   9650   0.16655E-04
   9660   0.16562E-04
   9670   0.16470E-04
   9680   0.16388E-04
   9690   0.16285E-04
   9700   0.16189E-04
   9710   0.16085E-04
   9720   0.16001E-04
   9730   0.15906E-04
   9740   0.15831E-04
   9750   0.15739E-04
   9760   0.15641E-04
   9770   0.15557E-04
   9780   0.15484E-04
   9790   0.15374E-04
   9800   0.15291E-04
   9810   0.15200E-04
   9820   0.15118E-04
   9830   0.15022E-04
   9840   0.14929E-04
   9850   0.14840E-04
   9860   0.14781E-04
   9870   0.14687E-04
   9880   0.14608E-04
   9890   0.14506E-04
   9900   0.14432E-04
   9910   0.14344E-04
   9920   0.14269E-04
   9930   0.14178E-04
   9940   0.14081E-04
   9950   0.14009E-04
   9960   0.13916E-04
   9970   0.13832E-04
   9980   0.13754E-04
   9990   0.13685E-04
  10000   0.13583E-04
  10010   0.13516E-04
  10020   0.13438E-04
  10030   0.13348E-04
  10040   0.13270E-04
  10050   0.13188E-04
  10060   0.13118E-04
  10070   0.13028E-04
  10080   0.12943E-04
  10090   0.12864E-04
  10100   0.12779E-04
  10110   0.12730E-04
  10120   0.12635E-04
  10130   0.12572E-04
  10140   0.12493E-04
  10150   0.12406E-04
  10160   0.12340E-04
  10170   0.12258E-04
  10180   0.12189E-04
  10190   0.12091E-04
  10200   0.12029E-04
  10210   0.11961E-04
  10220   0.11869E-04
  10230   0.11797E-04
  10240   0.11724E-04
  10250   0.11662E-04
  10260   0.11569E-04
  10270   0.11525E-04
  10280   0.11445E-04
  10290   0.11363E-04
  10300   0.11287E-04
  10310   0.11218E-04
  10320   0.11155E-04
  10330   0.11088E-04
  10340   0.11003E-04
  10350   0.10941E-04
  10360   0.10857E-04
  10370   0.10795E-04
  10380   0.10733E-04
  10390   0.10653E-04
  10400   0.10582E-04
  10410   0.10521E-04
  10420   0.10443E-04
  10430   0.10367E-04
  10440   0.10300E-04
  10450   0.10249E-04
  10460   0.10177E-04
  10470   0.10101E-04
  10480   0.10022E-04
  10490   0.99607E-05
  10500   0.99015E-05
  10510   0.98282E-05
  10520   0.97505E-05
  10530   0.96899E-05
  10540   0.96126E-05
  10550   0.95553E-05
  10560   0.94956E-05
  10570   0.94161E-05
  10580   0.93496E-05
  10590   0.92801E-05
  10600   0.92274E-05
  10610   0.91481E-05
  10620   0.90785E-05
  10630   0.90084E-05
  10640   0.89448E-05
  10650   0.88773E-05
  10660   0.88189E-05
  10670   0.87424E-05
  10680   0.86735E-05
  10690   0.86178E-05
  10700   0.85453E-05
  10710   0.84776E-05
  10720   0.84156E-05
  10730   0.83496E-05
  10740   0.82779E-05
  10750   0.82118E-05
  10760   0.81538E-05
  10770   0.80881E-05
  10780   0.80193E-05
  10790   0.79543E-05
  10800   0.79070E-05
  10810   0.78355E-05
  10820   0.77765E-05
  10830   0.76850E-05
  10840   0.76440E-05
  10850   0.75651E-05
  10860   0.75050E-05
  10870   0.74447E-05
  10880   0.73969E-05
  10890   0.73273E-05
  10900   0.72438E-05
  10910   0.71944E-05
  10920   0.71267E-05
  10930   0.70567E-05
  10940   0.69989E-05
  10950   0.69484E-05
  10960   0.68994E-05
  10970   0.68389E-05
  10980   0.67810E-05
  10990   0.67040E-05
  11000   0.66517E-05
  11010   0.65924E-05
  11020   0.65323E-05
  11030   0.64771E-05
  11040   0.64346E-05
  11050   0.63821E-05
  11060   0.63031E-05
  11070   0.62481E-05
  11080   0.61943E-05
  11090   0.61523E-05
  11100   0.60953E-05
  11110   0.60359E-05
  11120   0.59893E-05
  11130   0.59292E-05
  11140   0.58775E-05
  11150   0.58414E-05
  11160   0.57751E-05
  11170   0.57313E-05
  11180   0.56771E-05
  11190   0.56278E-05
  11200   0.55837E-05
  11210   0.55313E-05
  11220   0.54808E-05
  11230   0.54224E-05
  11240   0.53838E-05
  11250   0.53187E-05
  11260   0.52759E-05
  11270   0.52316E-05
  11280   0.51760E-05
  11290   0.51354E-05
  11300   0.50872E-05
  11310   0.50399E-05
  11320   0.49984E-05
  11330   0.49499E-05
  11340   0.49089E-05
  11350   0.48603E-05
  11360   0.48230E-05
  11370   0.47798E-05
  11380   0.47266E-05
  11390   0.46884E-05
  11400   0.46393E-05
  11410   0.46055E-05
  11420   0.45769E-05
  11430   0.45197E-05
  11440   0.44857E-05
  11450   0.44208E-05
  11460   0.43888E-05
  11470   0.43553E-05
  11480   0.43018E-05
  11490   0.42680E-05
  11500   0.42340E-05
  11510   0.42090E-05
  11520   0.41624E-05
  11530   0.41152E-05
  11540   0.40688E-05
  11550   0.40354E-05
  11560   0.39860E-05
  11570   0.39648E-05
  11580   0.39264E-05
  11590   0.38754E-05
  11600   0.38472E-05
  11610   0.38297E-05
  11620   0.38030E-05
  11630   0.37615E-05
  11640   0.37150E-05
  11650   0.36878E-05
  11660   0.36400E-05
  11670   0.36159E-05
  11680   0.35716E-05
  11690   0.35403E-05
  11700   0.35192E-05
  11710   0.34831E-05
  11720   0.34533E-05
  11730   0.34217E-05
  11740   0.33930E-05
  11750   0.33619E-05
  11760   0.33320E-05
  11770   0.32798E-05
  11780   0.32515E-05
  11790   0.32139E-05
  11800   0.31971E-05
  11810   0.31703E-05
  11820   0.31411E-05
  11830   0.31099E-05
  11840   0.30938E-05
  11850   0.30702E-05
  11860   0.30330E-05
  11870   0.29984E-05
  11880   0.29795E-05
  11890   0.29582E-05
  11900   0.29260E-05
  11910   0.28936E-05
  11920   0.28700E-05
  11930   0.28552E-05
  11940   0.28282E-05
  11950   0.28045E-05
  11960   0.27811E-05
  11970   0.27611E-05
  11980   0.27381E-05
  11990   0.27176E-05
  12000   0.27045E-05
  12010   0.26737E-05
  12020   0.26634E-05
  12030   0.26359E-05
  12040   0.26315E-05
  12050   0.26001E-05
  12060   0.25882E-05
  12070   0.25712E-05
  12080   0.25516E-05
  12090   0.25236E-05
  12100   0.25156E-05
  12110   0.24952E-05
  12120   0.24831E-05
  12130   0.24764E-05
  12140   0.24519E-05
  12150   0.24280E-05
  12160   0.24323E-05
  12170   0.24186E-05
  12180   0.23862E-05
  12190   0.23669E-05
  12200   0.23533E-05
  12210   0.23331E-05
  12220   0.23213E-05
  12230   0.23133E-05
  12240   0.23035E-05
  12250   0.22876E-05
  12260   0.22743E-05
  12270   0.22681E-05
  12280   0.22661E-05
  12290   0.22591E-05
  12300   0.22398E-05
  12310   0.22337E-05
  12320   0.22170E-05
  12330   0.21991E-05
  12340   0.21792E-05
  12350   0.21698E-05
  12360   0.21669E-05
  12370   0.21660E-05
  12380   0.21581E-05
  12390   0.21443E-05
  12400   0.21196E-05
  12410   0.21076E-05
  12420   0.21009E-05
  12430   0.20966E-05
  12440   0.20911E-05
  12450   0.20873E-05
  12460   0.20696E-05
  12470   0.20638E-05
  12480   0.20663E-05
  12490   0.20689E-05
  12500   0.20488E-05
  12510   0.20268E-05
  12520   0.20233E-05
  12530   0.20188E-05
  12540   0.20105E-05
  12550   0.19968E-05
  12560   0.19926E-05
  12570   0.19811E-05
  12580   0.19778E-05
  12590   0.19533E-05
  12600   0.19472E-05
  12610   0.19403E-05
  12620   0.19390E-05
  12630   0.19388E-05
  12640   0.19378E-05
  12650   0.19379E-05
  12660   0.19404E-05
  12670   0.19292E-05
  12680   0.19298E-05
  12690   0.19318E-05
  12700   0.19195E-05
  12710   0.19208E-05
  12720   0.19000E-05
  12730   0.18792E-05
  12740   0.18873E-05
  12750   0.18784E-05
  12760   0.18798E-05
  12770   0.18718E-05
  12780   0.18534E-05
  12790   0.18578E-05
  12800   0.18487E-05
  12810   0.18468E-05
  12820   0.18284E-05
  12830   0.18259E-05
  12840   0.18267E-05
  12850   0.18242E-05
  12860   0.18240E-05
  12870   0.18208E-05
  12880   0.18221E-05
  12890   0.18157E-05
  12900   0.18083E-05
  12910   0.18132E-05
  12920   0.17964E-05
  12930   0.17791E-05
  12940   0.17832E-05
  12950   0.17939E-05
  12960   0.17761E-05
  12970   0.17638E-05
  12980   0.17596E-05
  12990   0.17616E-05
  13000   0.17684E-05
  13010   0.17638E-05
  13020   0.17666E-05
  13030   0.17510E-05
  13040   0.17524E-05
  13050   0.17363E-05
  13060   0.17375E-05
  13070   0.17342E-05
  13080   0.17293E-05
  13090   0.17108E-05
  13100   0.17131E-05
  13110   0.17162E-05
  13120   0.17133E-05
  13130   0.17084E-05
  13140   0.17016E-05
  13150   0.16809E-05
  13160   0.16700E-05
  13170   0.16693E-05
  13180   0.16654E-05
  13190   0.16606E-05
  13200   0.16615E-05
  13210   0.16435E-05
  13220   0.16367E-05
  13230   0.16280E-05
  13240   0.16242E-05
  13250   0.16140E-05
  13260   0.16175E-05
  13270   0.16140E-05
  13280   0.16177E-05
  13290   0.16035E-05
  13300   0.16018E-05
  13310   0.15870E-05
  13320   0.15812E-05
  13330   0.15931E-05
  13340   0.15960E-05
  13350   0.15988E-05
  13360   0.15937E-05
  13370   0.15922E-05
  13380   0.15846E-05
  13390   0.15828E-05
  13400   0.15660E-05
  13410   0.15662E-05
  13420   0.15614E-05
  13430   0.15647E-05
  13440   0.15636E-05
  13450   0.15621E-05
  13460   0.15524E-05
  13470   0.15514E-05
  13480   0.15470E-05
  13490   0.15380E-05
  13500   0.15327E-05
  13510   0.15337E-05
  13520   0.15365E-05
  13530   0.15350E-05
  13540   0.15351E-05
  13550   0.15380E-05
  13560   0.15256E-05
  13570   0.15247E-05
  13580   0.15284E-05
  13590   0.15319E-05
  13600   0.15383E-05
  13610   0.15261E-05
  13620   0.15250E-05
  13630   0.15336E-05
  13640   0.15152E-05
  13650   0.15204E-05
  13660   0.15204E-05
  13670   0.15176E-05
  13680   0.15142E-05
  13690   0.15144E-05
  13700   0.15087E-05
  13710   0.15177E-05
  13720   0.15027E-05
  13730   0.14988E-05
  13740   0.14872E-05
  13750   0.14936E-05
  13760   0.14965E-05
  13770   0.14868E-05
  13780   0.14909E-05
  13790   0.14940E-05
  13800   0.14960E-05
  13810   0.14806E-05
  13820   0.14720E-05
  13830   0.14831E-05
  13840   0.14778E-05
  13850   0.14746E-05
  13860   0.14689E-05
  13870   0.14833E-05
  13880   0.14790E-05
  13890   0.14703E-05
  13900   0.14653E-05
  13910   0.14496E-05
  13920   0.14407E-05
  13930   0.14512E-05
  13940   0.14581E-05
  13950   0.14513E-05
  13960   0.14452E-05
  13970   0.14343E-05
  13980   0.14379E-05
  13990   0.14334E-05
  14000   0.14287E-05
  14010   0.14432E-05
  14020   0.14220E-05
  14030   0.14192E-05
  14040   0.14176E-05
  14050   0.14205E-05
  14060   0.14076E-05
  14070   0.14182E-05
  14080   0.14039E-05
  14090   0.14054E-05
  14100   0.14137E-05
  14110   0.14117E-05
  14120   0.14133E-05
  14130   0.14054E-05
  14140   0.14202E-05
  14150   0.14201E-05
  14160   0.14121E-05
  14170   0.14102E-05
  14180   0.13928E-05
  14190   0.14052E-05
  14200   0.13960E-05
  14210   0.13909E-05
  14220   0.13879E-05
  14230   0.13828E-05
  14240   0.13837E-05
  14250   0.13723E-05
  14260   0.13872E-05
  14270   0.13860E-05
  14280   0.13767E-05
  14290   0.13781E-05
  14300   0.13823E-05
  14310   0.13902E-05
  14320   0.13847E-05
  14330   0.13755E-05
  14340   0.13692E-05
  14350   0.13625E-05
  14360   0.13557E-05
  14370   0.13744E-05
  14380   0.13560E-05
  14390   0.13628E-05
  14400   0.13722E-05
  14410   0.13713E-05
  14420   0.13642E-05
  14430   0.13515E-05
  14440   0.13470E-05
  14450   0.13444E-05
  14460   0.13332E-05
  14470   0.13469E-05
  14480   0.13397E-05
  14490   0.13314E-05
  14500   0.13300E-05
  14510   0.13230E-05
  14520   0.13371E-05
  14530   0.13163E-05
  14540   0.13270E-05
  14550   0.13325E-05
  14560   0.13354E-05
  14570   0.13293E-05
  14580   0.13261E-05
  14590   0.13349E-05
  14600   0.13324E-05
  14610   0.13351E-05
  14620   0.13230E-05
  14630   0.13272E-05
  14640   0.13197E-05
  14650   0.13078E-05
  14660   0.12984E-05
  14670   0.13097E-05
  14680   0.13016E-05
  14690   0.12895E-05
  14700   0.12788E-05
  14710   0.12904E-05
  14720   0.12578E-05
  14730   0.12754E-05
  14740   0.12751E-05
  14750   0.12600E-05
  14760   0.12642E-05
  14770   0.12612E-05
  14780   0.12681E-05
  14790   0.12698E-05
  14800   0.12680E-05
  14810   0.12593E-05
  14820   0.12511E-05
  14830   0.12417E-05
  14840   0.12403E-05
  14850   0.12603E-05
  14860   0.12133E-05
  14870   0.12084E-05
  14880   0.12092E-05
  14890   0.12158E-05
  14900   0.12078E-05
  14910   0.12042E-05
  14920   0.12165E-05
  14930   0.12160E-05
  14940   0.12128E-05
  14950   0.11986E-05
  14960   0.12035E-05
  14970   0.11923E-05
  14980   0.11912E-05
  14990   0.11875E-05
  15000   0.11966E-05
  15010   0.11848E-05
  15020   0.11841E-05
  15030   0.11753E-05
  15040   0.11774E-05
  15050   0.11694E-05
  15060   0.11778E-05
  15070   0.11818E-05
  15080   0.11742E-05
  15090   0.11676E-05
  15100   0.11656E-05
  15110   0.11640E-05
  15120   0.11557E-05
  15130   0.11627E-05
  15140   0.11638E-05
  15150   0.11644E-05
  15160   0.11509E-05
  15170   0.11496E-05
  15180   0.11546E-05
  15190   0.11425E-05
  15200   0.11318E-05
  15210   0.11317E-05
  15220   0.11299E-05
  15230   0.11197E-05
  15240   0.11236E-05
  15250   0.11186E-05
  15260   0.11130E-05
  15270   0.11205E-05
  15280   0.11272E-05
  15290   0.11155E-05
  15300   0.11097E-05
  15310   0.10984E-05
  15320   0.11012E-05
  15330   0.10998E-05
  15340   0.11023E-05
  15350   0.10898E-05
  15360   0.10806E-05
  15370   0.10759E-05
  15380   0.10753E-05
  15390   0.10748E-05
  15400   0.10673E-05
  15410   0.10767E-05
  15420   0.10782E-05
  15430   0.10590E-05
  15440   0.10533E-05
  15450   0.10535E-05
  15460   0.10606E-05
  15470   0.10446E-05
  15480   0.10456E-05
  15490   0.10472E-05
  15500   0.10417E-05
  15510   0.10387E-05
  15520   0.10325E-05
  15530   0.10271E-05
  15540   0.10251E-05
  15550   0.10162E-05
  15560   0.10166E-05
  15570   0.10142E-05
  15580   0.10130E-05
  15590   0.99525E-06
  15600   0.98413E-06
  15610   0.99211E-06
  15620   0.97900E-06
  15630   0.97414E-06
  15640   0.98722E-06
  15650   0.98382E-06
  15660   0.97658E-06
  15670   0.96677E-06
  15680   0.97924E-06
  15690   0.96067E-06
  15700   0.95716E-06
  15710   0.96066E-06
  15720   0.95100E-06
  15730   0.95692E-06
  15740   0.95789E-06
  15750   0.94743E-06
  15760   0.94476E-06
  15770   0.93983E-06
  15780   0.92770E-06
  15790   0.92185E-06
  15800   0.92212E-06
  15810   0.91418E-06
  15820   0.92991E-06
  15830   0.92087E-06
  15840   0.91913E-06
  15850   0.93014E-06
  15860   0.93886E-06
  15870   0.93228E-06
  15880   0.91445E-06
  15890   0.89781E-06
  15900   0.90204E-06
  15910   0.89475E-06
  15920   0.89208E-06
  15930   0.89994E-06
  15940   0.88285E-06
  15950   0.86832E-06
  15960   0.85734E-06
  15970   0.84574E-06
  15980   0.84793E-06
  15990   0.85894E-06
  16000   0.84729E-06
  16010   0.83379E-06
  16020   0.82491E-06
  16030   0.81445E-06
  16040   0.81953E-06
  16050   0.80382E-06
  16060   0.80572E-06
  16070   0.81591E-06
  16080   0.81115E-06
  16090   0.79751E-06
  16100   0.80280E-06
  16110   0.80171E-06
  16120   0.80550E-06
  16130   0.80029E-06
  16140   0.78113E-06
  16150   0.78663E-06
  16160   0.78408E-06
  16170   0.75656E-06
  16180   0.77111E-06
  16190   0.76766E-06
  16200   0.75778E-06
  16210   0.75499E-06
  16220   0.74328E-06
  16230   0.74833E-06
  16240   0.74179E-06
  16250   0.73437E-06
  16260   0.73727E-06
  16270   0.74203E-06
  16280   0.73744E-06
  16290   0.71754E-06
  16300   0.72881E-06
  16310   0.70750E-06
  16320   0.69985E-06
  16330   0.70926E-06
  16340   0.69299E-06
  16350   0.69152E-06
  16360   0.67570E-06
  16370   0.66986E-06
  16380   0.67021E-06
  16390   0.66943E-06
  16400   0.65867E-06
  16410   0.66294E-06
  16420   0.66206E-06
  16430   0.64652E-06
  16440   0.64577E-06
  16450   0.65347E-06
  16460   0.64932E-06
  16470   0.64249E-06
  16480   0.64170E-06
  16490   0.64225E-06
  16500   0.64284E-06
  16510   0.63864E-06
  16520   0.62228E-06
  16530   0.63509E-06
  16540   0.62865E-06
  16550   0.62639E-06
  16560   0.60815E-06
  16570   0.61613E-06
  16580   0.60004E-06
  16590   0.59460E-06
  16600   0.59146E-06
  16610   0.57724E-06
  16620   0.56768E-06
  16630   0.57068E-06
  16640   0.57397E-06
  16650   0.59096E-06
  16660   0.58337E-06
  16670   0.59266E-06
  16680   0.59082E-06
  16690   0.58499E-06
  16700   0.56894E-06
  16710   0.56732E-06
  16720   0.56240E-06
  16730   0.56274E-06
  16740   0.55309E-06
  16750   0.55793E-06
  16760   0.54358E-06
  16770   0.53165E-06
  16780   0.53651E-06
  16790   0.53774E-06
  16800   0.52925E-06
  16810   0.52465E-06
  16820   0.51741E-06
  16830   0.50379E-06
  16840   0.50136E-06
  16850   0.50569E-06
  16860   0.49482E-06
  16870   0.50074E-06
  16880   0.49884E-06
  16890   0.49122E-06
  16900   0.52188E-06
  16910   0.50243E-06
  16920   0.50969E-06
  16930   0.52034E-06
  16940   0.50430E-06
  16950   0.50936E-06
  16960   0.51712E-06
  16970   0.51378E-06
  16980   0.51544E-06
  16990   0.48901E-06
  17000   0.50196E-06
  17010   0.51362E-06
  17020   0.47511E-06
  17030   0.48296E-06
  17040   0.48602E-06
  17050   0.49013E-06
  17060   0.47779E-06
  17070   0.46947E-06
  17080   0.45437E-06
  17090   0.46349E-06
  17100   0.43614E-06
  17110   0.45510E-06
  17120   0.44887E-06
  17130   0.43270E-06
  17140   0.42975E-06
  17150   0.42832E-06
  17160   0.43023E-06
  17170   0.44296E-06
  17180   0.42554E-06
  17190   0.43730E-06
  17200   0.44035E-06
  17210   0.42845E-06
  17220   0.41717E-06
  17230   0.43943E-06
  17240   0.42250E-06
  17250   0.42880E-06
  17260   0.40523E-06
  17270   0.43402E-06
  17280   0.42127E-06
  17290   0.40700E-06
  17300   0.41290E-06
  17310   0.41443E-06
  17320   0.41046E-06
  17330   0.39285E-06
  17340   0.39793E-06
  17350   0.42455E-06
  17360   0.39505E-06
  17370   0.38168E-06
  17380   0.38663E-06
  17390   0.39635E-06
  17400   0.39840E-06
  17410   0.38438E-06
  17420   0.36612E-06
  17430   0.37475E-06
  17440   0.38252E-06
  17450   0.34809E-06
  17460   0.35812E-06
  17470   0.35733E-06
  17480   0.35566E-06
  17490   0.37855E-06
  17500   0.38095E-06
  17510   0.37349E-06
  17520   0.36302E-06
  17530   0.36358E-06
  17540   0.36011E-06
  17550   0.36286E-06
  17560   0.35170E-06
  17570   0.35903E-06
  17580   0.34878E-06
  17590   0.35201E-06
  17600   0.34553E-06
  17610   0.36463E-06
  17620   0.33803E-06
  17630   0.36439E-06
  17640   0.33932E-06
  17650   0.34966E-06
  17660   0.35557E-06
  17670   0.37120E-06
  17680   0.36147E-06
  17690   0.35003E-06
  17700   0.36232E-06
  17710   0.34824E-06
  17720   0.35526E-06
  17730   0.34282E-06
  17740   0.33503E-06
  17750   0.33166E-06
  17760   0.35019E-06
  17770   0.34706E-06
  17780   0.33741E-06
  17790   0.34719E-06
  17800   0.33198E-06
  17810   0.32984E-06
  17820   0.33886E-06
  17830   0.33867E-06
  17840   0.33672E-06
  17850   0.34643E-06
  17860   0.33420E-06
  17870   0.33981E-06
  17880   0.35312E-06
  17890   0.35940E-06
  17900   0.33239E-06
  17910   0.34312E-06
  17920   0.35676E-06
  17930   0.34884E-06
  17940   0.34556E-06
  17950   0.34526E-06
  17960   0.34416E-06
  17970   0.34357E-06
  17980   0.33793E-06
  17990   0.34927E-06
  18000   0.33327E-06
  18010   0.33411E-06
  18020   0.32831E-06
  18030   0.32487E-06
  18040   0.32816E-06
  18050   0.33117E-06
  18060   0.33899E-06
  18070   0.32932E-06
  18080   0.32404E-06
  18090   0.31457E-06
  18100   0.32551E-06
  18110   0.32329E-06
  18120   0.31465E-06
  18130   0.31274E-06
  18140   0.32570E-06
  18150   0.30989E-06
  18160   0.29276E-06
  18170   0.31741E-06
  18180   0.30435E-06
  18190   0.30395E-06
  18200   0.31101E-06
  18210   0.31334E-06
  18220   0.30589E-06
  18230   0.32836E-06
  18240   0.30911E-06
  18250   0.31764E-06
  18260   0.29951E-06
  18270   0.29483E-06
  18280   0.30210E-06
  18290   0.29632E-06
  18300   0.28754E-06
  18310   0.30435E-06
  18320   0.29587E-06
  18330   0.30122E-06
  18340   0.30818E-06
  18350   0.32177E-06
  18360   0.30808E-06
  18370   0.30936E-06
  18380   0.30004E-06
  18390   0.30597E-06
  18400   0.29035E-06
  18410   0.30636E-06
  18420   0.30476E-06
  18430   0.29165E-06
  18440   0.28685E-06
  18450   0.26258E-06
  18460   0.25905E-06
  18470   0.29673E-06
  18480   0.28273E-06
  18490   0.28200E-06
  18500   0.27229E-06
  18510   0.28579E-06
  18520   0.26873E-06
  18530   0.27117E-06
  18540   0.26566E-06
  18550   0.25670E-06
  18560   0.24530E-06
  18570   0.24719E-06
  18580   0.27154E-06
  18590   0.27273E-06
  18600   0.28746E-06
  18610   0.28786E-06
  18620   0.24637E-06
  18630   0.25299E-06
  18640   0.26834E-06
  18650   0.27358E-06
  18660   0.27365E-06
  18670   0.26397E-06
  18680   0.25986E-06
  18690   0.27333E-06
  18700   0.26986E-06
  18710   0.27291E-06
  18720   0.25144E-06
  18730   0.25504E-06
  18740   0.23946E-06
  18750   0.25696E-06
  18760   0.24494E-06
  18770   0.24080E-06
  18780   0.24443E-06
  18790   0.24698E-06
  18800   0.24260E-06
  18810   0.26456E-06
  18820   0.25833E-06
  18830   0.25104E-06
  18840   0.23898E-06
  18850   0.24751E-06
  18860   0.24705E-06
  18870   0.26269E-06
  18880   0.25719E-06
  18890   0.24065E-06
  18900   0.25587E-06
  18910   0.26054E-06
  18920   0.26248E-06
  18930   0.27332E-06
  18940   0.25392E-06
  18950   0.26507E-06
  18960   0.24492E-06
  18970   0.25408E-06
  18980   0.25818E-06
  18990   0.25168E-06
  19000   0.25330E-06
  19010   0.26607E-06
  19020   0.24107E-06
  19030   0.25779E-06
  19040   0.22823E-06
  19050   0.25930E-06
  19060   0.25568E-06
  19070   0.23314E-06
  19080   0.24341E-06
  19090   0.24443E-06
  19100   0.24641E-06
  19110   0.26235E-06
  19120   0.25709E-06
  19130   0.22122E-06
  19140   0.23049E-06
  19150   0.22497E-06
  19160   0.22507E-06
  19170   0.23333E-06
  19180   0.21960E-06
  19190   0.22760E-06
  19200   0.23275E-06
  19210   0.23513E-06
  19220   0.22838E-06
  19230   0.22731E-06
  19240   0.22385E-06
  19250   0.22845E-06
  19260   0.22911E-06
  19270   0.22630E-06
  19280   0.21932E-06
  19290   0.21240E-06
  19300   0.22605E-06
  19310   0.24311E-06
  19320   0.22202E-06
  19330   0.19489E-06
  19340   0.20263E-06
  19350   0.20017E-06
  19360   0.21049E-06
  19370   0.19946E-06
  19380   0.21296E-06
  19390   0.21506E-06
  19400   0.21565E-06
  19410   0.24440E-06
  19420   0.22090E-06
  19430   0.22414E-06
  19440   0.19871E-06
  19450   0.20417E-06
  19460   0.21433E-06
  19470   0.20486E-06
  19480   0.21944E-06
  19490   0.21462E-06
  19500   0.21171E-06
  19510   0.21322E-06
  19520   0.21036E-06
  19530   0.19029E-06
  19540   0.21193E-06
  19550   0.20393E-06
  19560   0.19817E-06
  19570   0.18829E-06
  19580   0.19436E-06
  19590   0.19652E-06
  19600   0.21734E-06
  19610   0.20996E-06
  19620   0.19978E-06
  19630   0.20042E-06
  19640   0.20057E-06
  19650   0.19011E-06
  19660   0.19781E-06
  19670   0.18810E-06
  19680   0.18868E-06
  19690   0.19582E-06
  19700   0.19008E-06
  19710   0.20264E-06
  19720   0.20280E-06
  19730   0.19322E-06
  19740   0.18613E-06
  19750   0.18225E-06
  19760   0.17567E-06
  19770   0.18178E-06
  19780   0.18487E-06
  19790   0.18911E-06
  19800   0.17543E-06
  19810   0.20731E-06
  19820   0.18700E-06
  19830   0.17886E-06
  19840   0.17367E-06
  19850   0.18184E-06
  19860   0.19114E-06
  19870   0.19886E-06
  19880   0.18748E-06
  19890   0.18270E-06
  19900   0.18951E-06
  19910   0.20813E-06
  19920   0.18145E-06
  19930   0.16807E-06
  19940   0.17839E-06
  19950   0.18801E-06
  19960   0.16731E-06
  19970   0.16733E-06
  19980   0.17644E-06
  19990   0.17114E-06
  20000   0.19070E-06
